30, 0.0
31, 0.0
32, 0.0
33, 0.0
34, 0.0
35, 0.0
36, 0.0
37, 0.0
38, 0.0
39, 0.0
40, 0.0
41, 0.0
42, 0.0
43, 0.0
44, 0.0
45, 0.0
46, 0.0
47, 0.0
48, 0.0
49, 0.0
50, 0.0
51, 0.0
52, 0.0
53, 0.0
54, 0.0
55, 0.0
56, 0.0
57, 0.0
58, 0.0
59, 0.0
60, 0.0
61, 0.0
62, 0.0
63, 0.0
64, 0.0
65, 0.0
66, 0.0
67, 0.0
68, 0.0
69, 0.0
70, 0.0
71, 0.0
72, 0.0
73, 0.0
74, 0.0
75, 0.0
76, 0.0
77, 0.0
78, 0.0
79, 0.0
80, 0.0
81, 0.0
82, 0.0
83, 0.0
84, 0.0
85, 0.0
86, 0.0
87, 0.0
88, 0.0
89, 0.0
90, 0.0
91, 0.0
92, 0.0
93, 0.0
94, 0.0
95, 0.0
96, 0.0
97, 0.0
98, 0.0
99, 0.0
100, 0.0
101, 0.0
102, 0.0
103, 0.0
104, 0.0
105, 0.0
106, 0.0
107, 0.0
108, 0.0
109, 0.0
110, 0.0
111, 0.0
112, 0.0
113, 0.0
114, 0.0
115, 0.0
116, 0.0
117, 0.0
118, 0.0
119, 0.0
120, 0.0
121, 0.0
122, 0.0
123, 0.0
124, 0.0
125, 0.0
126, 0.0
127, 0.0
128, 0.0
129, 0.0
130, 0.0
131, 0.0
132, 0.0
133, 0.0
134, 0.0
135, 0.0
136, 0.0
137, 0.0
138, 0.0
139, 0.0
140, 0.0
141, 0.0
142, 0.0
143, 0.0
144, 0.0
145, 0.0
146, 0.0
147, 0.0
148, 0.0
149, 0.0
150, 0.0
151, 0.0
152, 0.0
153, 0.0
154, 0.0
155, 0.0
156, 0.0
157, 0.0
158, 0.0
159, 0.0
160, 0.0
161, 0.0
162, 0.0
163, 0.0
164, 0.0
165, 0.0
166, 0.0
167, 0.0
168, 0.0
169, 0.0
170, 0.0
171, 0.0
172, 0.0
173, 0.0
174, 0.0
175, 0.0
176, 0.0
177, 0.0
178, 0.0
179, 0.0
180, 0.0
181, 0.0
182, 0.0
183, 0.0
184, 0.0
185, 0.0
186, 0.0
187, 0.0
188, 0.0
189, 0.0
190, 0.0
191, 0.0
192, 0.0
193, 0.0
194, 0.0
195, 0.0
196, 0.0
197, 0.0
198, 0.0
199, 0.0
200, 0.0
201, 0.0
202, 0.0
203, 0.0
204, 0.0
205, 0.0
206, 0.0
207, 0.0
208, 0.0
209, 0.0
210, 0.0
211, 0.0
212, 0.0
213, 0.0
214, 0.0
215, 0.0
216, 0.0
217, 0.0
218, 0.0
219, 0.0
220, 0.0
221, 0.0
222, 0.0
223, 0.0
224, 0.0
225, 0.0
226, 0.0
227, 0.0
228, 0.0
229, 0.0
230, 0.0
231, 0.0
232, 0.0
233, 0.0
234, 0.0
235, 0.0
236, 0.0
237, 0.0
238, 0.0
239, 0.0
240, 0.0
241, 0.0
242, 0.0
243, 0.0
244, 0.0
245, 0.0
246, 0.0
247, 0.0
248, 0.0
249, 0.0
250, 0.0
251, 0.0
252, 0.0
253, 0.0
254, 0.0
255, 0.0
256, 0.0
257, 0.0
258, 0.0
259, 0.0
260, 0.0
261, 0.0
262, 0.0
263, 0.0
264, 0.0
265, 0.0
266, 0.0
267, 0.0
268, 0.0
269, 0.0
270, 0.0
271, 0.0
272, 0.0
273, 0.0
274, 0.0
275, 0.0
276, 0.0
277, 0.0
278, 0.0
279, 0.0
280, 0.0
281, 0.0
282, 0.0
283, 0.0
284, 0.0
285, 0.0
286, 0.0
287, 0.0
288, 0.0
289, 0.0
290, 0.0
291, 0.0
292, 0.0
293, 0.0
294, 0.0
295, 0.0
296, 0.0
297, 0.0
298, 0.0
299, 0.0
300, 0.0
301, 0.0
302, 0.0
303, 0.0
304, 0.0
305, 0.0
306, 0.0
307, 0.0
308.0, 0.022797757007230413
309.0, 0.03840443307589042
310.0, 0.05741089899670115
311.0, 0.0664983759107455
312.0, 0.0005535341178155937
313.0, 0.01755234096744583
314.0, 0.021622144057463114
315.0, 0.026262155370930674
316.0, 0.02470050589141304
317.0, 0.01367463888513581
318.0, 0.016647432881586467
319.0, 0.0046189829674090875
320.0, 0.0106021382987522
321.0, 0.010439965012370779
322.0, 0.009335851411244019
323.0, 0.021701983159714583
324.0, 0.03799014942914574
325.0, 0.018460890233549868
326.0, 0.02413961588651685
327.0, 0.02299220069086864
328.0, 0.01159542929604989
329.0, 0.008165816205871593
330.0, 0.021214961780443176
331.0, 0.03007781986040657
332.0, 0.05236570530913182
333.0, 0.0394066037666185
334.0, 0.02155765880431828
335.0, 0.06285552637603467
336.0, 0.028666649824543828
337.0, 0.04562033634572634
338.0, 0.03587916427823039
339.0, 0.038416270635080546
340.0, 0.04759293075526646
341.0, 0.021216002495394317
342.0, 0.07286644015839296
343.0, 0.06868548266466208
344.0, 0.06056002853188691
345.0, 0.06280826012008126
346.0, 0.06423646031031302
347.0, 0.044388962863871395
348.0, 0.08426597223802797
349.0, 0.07609204025522254
350.0, 0.06486349200900846
351.0, 0.05555901915935647
352.0, 0.05222087028641539
353.0, 0.06486239433130116
354.0, 0.08416296226488246
355.0, 0.07396536931728262
356.0, 0.06214002429436334
357.0, 0.06240187010947457
358.0, 0.07520235091508655
359.0, 0.08841195145349069
360.0, 0.09589769056097067
361.0, 0.09841214889824874
362.0, 0.08487467414322203
363.0, 0.07720945989846932
364.0, 0.08256526494247211
365.0, 0.07903937583463991
366.0, 0.07505974892826626
367.0, 0.0853879571049851
368.0, 0.07785113234925808
369.0, 0.0738281708118086
370.0, 0.08312712526953835
371.0, 0.083754192649938
372.0, 0.0896143522186523
373.0, 0.08512734899738233
374.0, 0.081518346908478
375.0, 0.08553082011575748
376.0, 0.09538207323685963
377.0, 0.10021248546743729
378.0, 0.09333812637049217
379.0, 0.09917302402243508
380.0, 0.08945220936103668
381.0, 0.08132219284540212
382.0, 0.08735473330563877
383.0, 0.09861456227026397
384.0, 0.09196133893928875
385.0, 0.09724685658858465
386.0, 0.10039417752485531
387.0, 0.09057184936429791
388.0, 0.08003532721250625
389.0, 0.09703296289588602
390.0, 0.0980477633188318
391.0, 0.08315938572744004
392.0, 0.08973586963195143
393.0, 0.09127744302845932
394.0, 0.0801990796923487
395.0, 0.07789293447872161
396.0, 0.08322459629644213
397.0, 0.08056992861969822
398.0, 0.08694419262969795
399.0, 0.09052000474981504
400.0, 0.0871693419185266
401.0, 0.08348790709755038
402.0, 0.08335825042745865
403.0, 0.10708504326201389
404.0, 0.08681315445899494
405.0, 0.08025892621320772
406.0, 0.09214742629654601
407.0, 0.08870587842701842
408.0, 0.09183409534048273
409.0, 0.09826033283696387
410.0, 0.10671994928686365
411.0, 0.10662452788163779
412.0, 0.08840375933721618
413.0, 0.05598165651535679
414.0, 0.04634175208455325
415.0, 0.05187598887041582
416.0, 0.06863542673680839
417.0, 0.07163618903621828
418.0, 0.06776151843307315
419.0, 0.06879508600543294
420.0, 0.06085805633068331
421.0, 0.07282295990863286
422.0, 0.04495166408968467
423.0, 0.031508295241681514
424.0, 0.034922527335408175
425.0, 0.04088477731451133
426.0, 0.04341727333624077
427.0, 0.049547337725719925
428.0, 0.03557657274476536
429.0, 0.025806082067727897
430.0, 0.03231162347817434
431.0, 0.036253161038761514
432.0, 0.0019581842736679546
433.0, 0.017300202627300847
434.0, 0.012077619175260507
435.0, 0.01934227022946459
436.0, 0.022983348352840976
437.0, 0.018495116367078398
438.0, 0.015734834040869145
439.0, 0.005793842557178586
440.0, 0.0058939368325543326
441.0, 0.003745290858797033
442.0, 0.007189874636701756
443.0, 0.013296945620173294
444.0, 0.013837384152630796
445.0, 0.008800334147405614
446.0, 0.027281589349290803
447.0, 0.01401061855820137
448.0, 0.009051032397393743
449.0, 0.015561112459613722
450.0, 0.018368906597508224
451.0, 0.0049485932084533365
452.0, 0.002765081963789126
453.0, 0.003159907504392333
454.0, 0.006008022223765121
455.0, 0.005865912791874128
456.0, 0.002761104770792776
457.0, 0.0032517472469350567
458.0, 0.002537824054522059
459.0, 0.006998927085739747
460.0, 0.0074392242958128685
461.0, 0.018586805499262435
462.0, 0.02671602746246702
463.0, 0.015030968116222483
464.0, 0.03912533791970614
465.0, 0.007658459085523761
466.0, 0.03307558664264998
467.0, 0.04020170636821729
468.0, 0.030259977073278557
469.0, 0.03164355222506212
470.0, 0.040536177179052335
471.0, 0.0727231597446374
472.0, 0.059161171114266484
473.0, 0.06138514831884185
474.0, 0.07410943300983502
475.0, 0.08003764296513052
476.0, 0.07491012713450931
477.0, 0.07775217082318622
478.0, 0.06732319337335896
479.0, 0.07181499385770738
480.0, 0.09072785575560391
481.0, 0.10481691881553844
482.0, 0.10055815171878825
483.0, 0.1091131649080376
484.0, 0.12085394454616698
485.0, 0.12096051641077617
486.0, 0.12701345502740308
487.0, 0.13080307973323405
488.0, 0.13094318467358262
489.0, 0.14832034304752956
490.0, 0.15428766216918144
491.0, 0.15924179635025656
492.0, 0.14354158648820375
493.0, 0.13335807268610184
494.0, 0.13956547216211726
495.0, 0.15534105663446374
496.0, 0.1910523750331769
497.0, 0.1966165347393434
498.0, 0.19952520115037148
499.0, 0.21547374499453478
500.0, 0.2132578306005661
501.0, 0.1832078086306307
502.0, 0.18467028929742496
503.0, 0.16886715536668628
504.0, 0.17071473346220903
505.0, 0.17764325755353153
506.0, 0.17953415006735332
507.0, 0.17614294969021904
508.0, 0.1765535280257419
509.0, 0.19088531598118497
510.0, 0.17771926852039022
511.0, 0.1894022111423056
512.0, 0.19346318959896597
513.0, 0.19879301834586316
514.0, 0.2086547780548286
515.0, 0.1841491750588536
516.0, 0.19927413252868617
517.0, 0.19756987121255154
518.0, 0.2029147225100511
519.0, 0.21076519731594676
520.0, 0.21225003835746725
521.0, 0.20806101612989095
522.0, 0.22521290289524667
523.0, 0.22520356380798695
524.0, 0.22252231837559797
525.0, 0.2290063979874967
526.0, 0.2294774619818547
527.0, 0.22226095715034536
528.0, 0.23834642429055944
529.0, 0.253598855523858
530.0, 0.22432101485119738
531.0, 0.2220291642257842
532.0, 0.23923551629392142
533.0, 0.2577872071973002
534.0, 0.2623300500264362
535.0, 0.2408461982745375
536.0, 0.2794794113893819
537.0, 0.26777356800099195
538.0, 0.26756058399055505
539.0, 0.27513475483564104
540.0, 0.27548460138523123
541.0, 0.2704296202817709
542.0, 0.27377869075226685
543.0, 0.2747970921702471
544.0, 0.27295746363305784
545.0, 0.27163014732969937
546.0, 0.2714058752729921
547.0, 0.27000517608532626
548.0, 0.2645797090700966
549.0, 0.2682194271454665
550.0, 0.2652979777904704
551.0, 0.2769184261863685
552.0, 0.2854412128037171
553.0, 0.28180067145598026
554.0, 0.2736866675381704
555.0, 0.2758244028800581
556.0, 0.25488605022904776
557.0, 0.24479376068491418
558.0, 0.24130296191098288
559.0, 0.23439566811636592
560.0, 0.22699447297141595
561.0, 0.23075863569343555
562.0, 0.2193229092168741
563.0, 0.1932078654447282
564.0, 0.19819788805436786
565.0, 0.18725592696981144
566.0, 0.168057768981996
567.0, 0.16123047542079738
568.0, 0.15723945934106603
569.0, 0.1339982845737915
570.0, 0.14307494287981545
571.0, 0.1493974509784361
572.0, 0.1510088766984708
573.0, 0.13375302342521228
574.0, 0.09558356626037212
575.0, 0.07854342840529274
576.0, 0.08067156803820671
577.0, 0.05856349598230295
578.0, 0.04283740776724293
579.0, 0.03563038872173571
580.0, 0.03580585167172277
581.0, 0.04293390233350275
582.0, 0.05192703586733716
583.0, 0.06975114697345108
584.0, 0.061438617339815704
585.0, 0.03361381382066791
586.0, 0.02182255777987457
587.0, 0.029507699916732903
588.0, 0.02740985649890505
589.0, 0.019101028535679278
590.0, 0.014205526744183688
591.0, 0.008786505748281275
592.0, 0.007533991935614503
593.0, 0.0078782407755216
594.0, 0.0057405608201144195
595.0, 0.0020945524380502614
596.0, 0.012856562976963182
597.0, 0.014252078186321333
598.0, 0.008410321326944447
599.0, 0.007843904402701303
600.0, 0.014316680061716536
601.0, 0.01619969408836643
602.0, 0.0014193324622686675
603.0, 0.013632810655924473
604.0, 0.019929666042247784
605.0, 0.007755266390524176
606.0, 0.00888802836956906
607.0, 0.016716340639346825
608.0, 0.017512707490563596
609.0, 0.019677029050708686
610.0, 0.03722191556948162
611.0, 0.015499080909506545
612.0, 0.02173925348568418
613.0, 0.027221254477792
614.0, 0.035722425866619924
615.0, 0.04212592559094108
616.0, 0.011813333828897026
617.0, 0.037553668257314314
618.0, 0.02416449874323779
619.0, 0.0318923978960095
620.0, 0.04071331493246378
621.0, 0.04584821675300611
622.0, 0.054433419162904076
623.0, 0.06607759142024705
624.0, 0.040891412149043335
625.0, 0.02394039953045381
626.0, 0.040974902216660246
627.0, 0.07111816465467502
628.0, 0.07587429360168753
629.0, 0.054678838376229805
630.0, 0.06001833399289426
631.0, 0.05550514586185384
632.0, 0.07101997030392417
633.0, 0.09308375674246323
634.0, 0.10510206260379204
635.0, 0.09917170537086217
636.0, 0.08203952629672583
637.0, 0.07397400230673049
638.0, 0.09619665385574935
639.0, 0.09939620103921804
640.0, 0.09806083820075887
641.0, 0.10198585038508381
642.0, 0.10660014178977616
643.0, 0.1088969254712561
644.0, 0.1135328450346641
645.0, 0.11024920711900635
646.0, 0.12144442649212552
647.0, 0.11764516399332972
648.0, 0.12233312117766112
649.0, 0.143116378079623
650.0, 0.16433316241239312
651.0, 0.16809715146920368
652.0, 0.19249563614978643
653.0, 0.17482731774433202
654.0, 0.18283766000686885
655.0, 0.19607659042122683
656.0, 0.21163377075531165
657.0, 0.2288938533925903
658.0, 0.24834554162327568
659.0, 0.2843258137519789
660.0, 0.31299833532253524
661.0, 0.3040249539626983
662.0, 0.33072483937275177
663.0, 0.3630036625996521
664.0, 0.3847221213532903
665.0, 0.4092088084554773
666.0, 0.44030555658328824
667.0, 0.4799534318215145
668.0, 0.4831110384809993
669.0, 0.5156155941330772
670.0, 0.5277117794761618
671.0, 0.5450908467274229
672.0, 0.5888305551767117
673.0, 0.5841865259728207
674.0, 0.5758930666717209
675.0, 0.5941135509182502
676.0, 0.5803019068857492
677.0, 0.5801900130920912
678.0, 0.5720080314914053
679.0, 0.5603740106558405
680.0, 0.5884574934909526
681.0, 0.5135064353486152
682.0, 0.5041466889684427
683.0, 0.4998627116526165
684.0, 0.4697256573763631
685.0, 0.4512414457265033
686.0, 0.4381703871321069
687.0, 0.4006646919896354
688.0, 0.41093531470072464
689.0, 0.40425169077782475
690.0, 0.4285464608308614
691.0, 0.42438980375457164
692.0, 0.4440302578388237
693.0, 0.4656466373885851
694.0, 0.4614868150366406
695.0, 0.4951269265969626
696.0, 0.5049425069154858
697.0, 0.5471461294993453
698.0, 0.5583510636175987
699.0, 0.5683813691009213
700.0, 0.5912449768354365
701.0, 0.6406664507672406
702.0, 0.7205682523288568
703.0, 0.7552145158026111
704.0, 0.7753661910671346
705.0, 0.7597153587295283
706.0, 0.775807628371165
707.0, 0.8110680420628668
708.0, 0.8364268789824926
709.0, 0.8467150424223576
710.0, 0.8704343701050872
711.0, 0.900573200708968
712.0, 0.9350296104506121
713.0, 0.9423664191087877
714.0, 0.9541807497554783
715.0, 0.9608306882059734
716.0, 0.962602936329454
717.0, 0.985401517457723
718.0, 0.978585759310276
719.0, 0.9970608547459556
720.0, 0.9819514582735899
721.0, 0.9769616539048398
722.0, 0.9627794872351153
723.0, 0.9427513546186197
724.0, 0.9284516429962676
725.0, 0.8906416329074984
726.0, 0.892516916670213
727.0, 0.8555442290717246
728.0, 0.8294804728346307
729.0, 0.8004071671802415
730.0, 0.7723623126664289
731.0, 0.7468722728528543
732.0, 0.7175011171963263
733.0, 0.7055498568988869
734.0, 0.6821329792524375
735.0, 0.6516157954189713
736.0, 0.6244044266797322
737.0, 0.6077396335817201
738.0, 0.5855036357195255
739.0, 0.5640099579500946
740.0, 0.5872525777160559
741.0, 0.5538554978359358
742.0, 0.5276013093886616
743.0, 0.5356012173331347
744.0, 0.5337247169566453
745.0, 0.5099657757856245
746.0, 0.483976192621951
747.0, 0.4826543610679485
748.0, 0.5057690993727743
749.0, 0.5026081272128478
750.0, 0.5081404760556383
751.0, 0.5075300243014038
752.0, 0.5069955833341118
753.0, 0.5124805805655429
754.0, 0.5259277614132863
755.0, 0.5390522922173004
756.0, 0.5240527818736406
757.0, 0.5486573295835918
758.0, 0.5705859353633181
759.0, 0.5676563781412418
760.0, 0.577535189798597
761.0, 0.588762354230918
762.0, 0.5906209552887036
763.0, 0.6118839228437353
764.0, 0.6049106743512355
765.0, 0.6110025920519802
766.0, 0.5960216699750516
767.0, 0.6115717406494967
768.0, 0.6178917011483882
769.0, 0.6103827050782765
770.0, 0.6009658810942854
771.0, 0.5658671755020251
772.0, 0.5616405774859299
773.0, 0.54095020429043
774.0, 0.5332152061137346
775.0, 0.5126159719897534
776.0, 0.4962439182994207
777.0, 0.4915392198052884
778.0, 0.4829958831342712
779.0, 0.45885234682777604
780.0, 0.46056087204304935
781.0, 0.42309530025387854
782.0, 0.3966980304230732
783.0, 0.37762436943550887
784.0, 0.3763908007693953
785.0, 0.3626304804565382
786.0, 0.32067824901828734
787.0, 0.3307124439059518
788.0, 0.2797832933209062
789.0, 0.26326746176494253
790.0, 0.25037842370972063
791.0, 0.2525498124993116
792.0, 0.23944854402703783
793.0, 0.21196653397374593
794.0, 0.19774028392386103
795.0, 0.18496116151054906
796.0, 0.1749157959079538
797.0, 0.16168997497367055
798.0, 0.15249417746520075
799.0, 0.1391756655810372
800.0, 0.12688522665259624
801.0, 0.11661717206375012
802.0, 0.10625883383693853
803.0, 0.1023044417254567
804.0, 0.08150138917336039
805.0, 0.0629481600021445
806.0, 0.06054840409835113
807.0, 0.056536037286284285
808.0, 0.05247416159212697
809.0, 0.05426463173548699
810.0, 0.0556309163096502
811.0, 0.0404937608690519
812.0, 0.04136930314302927
813.0, 0.009713952171034605
814.0, 0.010810514329132577
815.0, 0.03053635595238214
816.0, 0.02554377797784425
817.0, 0.018810479446268808
818.0, 0.030794862575550988
819.0, 0.004464576328459359
820.0, 0.020730277188373267
821.0, 0.017677771640210053
822.0, 0.012466492805769969
823.0, 0.005400633035147204
824.0, 0.00803507266545241
825.0, 0.012541445710904887
826.0, 0.008675594393200856
827.0, 0.005137368602716623
828.0, 0.010728642349445594
829.0, 0.04421087024890881
830.0, 0.02233263920672913
831.0, 0.02976730584558745
832.0, 0.025307109823631192
833.0, 0.011973281375057546
834.0, 0.014368077527739064
835.0, 0.025915034759723413
836.0, 0.01564732313250117
837.0, 0.025394518188512568
838.0, 0.027523080575478472
839.0, 0.01725913215142987
840.0, 0.006040584506472633
841.0, 0.01278622914175261
842.0, 0.027117993685517594
843.0, 0.02282056069642676
844.0, 0.00921033917846537
845.0, 0.03681421801284265
846.0, 0.005866842606196595
847.0, 0.008515065165144532
848.0, 0.006709109941169115
849.0, 0.005194585386581113
850.0, 0.008892974949946194
851.0, 0.009434122000056782
852.0, 0.004086191287646005
853.0, 0.02441860648821491
854.0, 0.021730052011943182
855.0, 0.006745764628229855
856.0, 0.006321414008124471
857.0, 0.016700885207412693
858.0, 0.02031504557527437
859.0, 0.011884789557311934
860.0, 0.0032227140685705587
861.0, 0.0030076963051497967
862.0, 0.01501488264303202
863.0, 0.017134573223741255
864.0, 0.01843494433548356
865.0, 0.018875073419521216
866.0, 0.020028646113405775
867.0, 0.021878940384428332
868.0, 0.024072330521173548
869.0, 0.02708799431309943
870.0, 0.02662591780147961
871.0, 0.03012428156204693
872.0, 0.0208166165922404
873.0, 0.024309099470322063
874.0, 0.016067443901273962
875.0, 0.011299356084323977
876.0, 0.0243288093309129
877.0, 0.038693245423980345
878.0, 0.03434972485063677
879.0, 0.047415820972671385
880.0, 0.04927949252915812
881.0, 0.048982532739852626
882.0, 0.05165239535255797
883.0, 0.050972617979245086
884.0, 0.05119581566931439
885.0, 0.05684694162120431
886.0, 0.06378070332465606
887.0, 0.07368633055760608
888.0, 0.067526763219266
889.0, 0.0739778802155856
890.0, 0.05765372580492841
891.0, 0.07030056395844837
892.0, 0.08262105776510069
893.0, 0.08334958125596222
894.0, 0.09462335888003344
895.0, 0.11890105028630987
896.0, 0.12721084377745498
897.0, 0.0879059826568802
898.0, 0.07881635890235877
899.0, 0.08588990963810789
900.0, 0.09045886063833894
901.0, 0.10401414376776764
902.0, 0.11277152847156316
903.0, 0.10673427768670707
904.0, 0.12716203981463242
905.0, 0.11810207320739002
906.0, 0.14055505872798152
907.0, 0.14078664878948255
908.0, 0.10317373123275099
909.0, 0.1089076049502805
910.0, 0.11959391639077598
911.0, 0.11395304181110341
912.0, 0.1240113328907744
913.0, 0.1259491738367854
914.0, 0.13829777232096868
915.0, 0.13499777074170777
916.0, 0.15696654916128774
917.0, 0.14491901080520764
918.0, 0.13519713784189719
919.0, 0.1440003430327802
920.0, 0.14979369891662056
921.0, 0.1432233183462226
922.0, 0.15829950613330102
923.0, 0.135472993363059
924.0, 0.13371945648794858
925.0, 0.13574966593649077
926.0, 0.1540658148229694
927.0, 0.16404710703062841
928.0, 0.16238521114908827
929.0, 0.15844076140951135
930.0, 0.15603993618477746
931.0, 0.15485800671294658
932.0, 0.16784189801608976
933.0, 0.14890747713791258
934.0, 0.15622893464647683
935.0, 0.16192534655922827
936.0, 0.16057975624963242
937.0, 0.16920862881040238
938.0, 0.18612898256967617
939.0, 0.18580275122496914
940.0, 0.16404874507061804
941.0, 0.18872442017290245
942.0, 0.16326847369543732
943.0, 0.1764939484987185
944.0, 0.18354525854781664
945.0, 0.17039236445849645
946.0, 0.179054443588546
947.0, 0.19083686900067345
948.0, 0.17701535629021836
949.0, 0.17570740715658434
950.0, 0.16023893637493694
951.0, 0.16259981006160795
952.0, 0.15985439505459606
953.0, 0.1609172263572243
954.0, 0.16214519861305607
955.0, 0.15348910140029565
956.0, 0.1530499806001169
957.0, 0.15957371564225245
958.0, 0.1490515284453135
959.0, 0.15854085770155815
960.0, 0.16230875954950286
961.0, 0.14866205158302725
962.0, 0.14328833241023872
963.0, 0.1312605399412142
964.0, 0.12994037825914825
965.0, 0.13191572589314812
966.0, 0.12944471844169156
967.0, 0.13043810889798124
968.0, 0.13576377648910207
969.0, 0.1255429078024143
970.0, 0.1405111053663526
971.0, 0.14252103046183842
972.0, 0.12474825662918533
973.0, 0.12048693910742486
974.0, 0.1268373396433273
975.0, 0.11884373519315834
976.0, 0.10185865096396929
977.0, 0.10967697789872576
978.0, 0.12464699807423749
979.0, 0.1309877847874066
980.0, 0.1304808506215368
981.0, 0.1362322184826433
982.0, 0.14403690230459723
983.0, 0.14321134723908777
984.0, 0.14607094141998156
985.0, 0.15306603704838806
986.0, 0.14587013566529458
987.0, 0.1240676107401092
988.0, 0.12283114039656175
989.0, 0.11815280885860495
990.0, 0.11170655464996285
991.0, 0.1016719760867603
992.0, 0.12363984035044079
993.0, 0.13269592141208295
994.0, 0.12168859310643874
995.0, 0.12514134885068112
996.0, 0.14680143406257487
997.0, 0.13835697984866302
998.0, 0.14115822992866958
999.0, 0.15622181364841078
1000.0, 0.1298907133843314
1001.0, 0.11037629268599569
1002.0, 0.12043875918325224
1003.0, 0.122403993801801
1004.0, 0.11969078046859674
1005.0, 0.12703391732848185
1006.0, 0.13440669613896392
1007.0, 0.15676696589560252
1008.0, 0.12901116622598882
1009.0, 0.1411067559895203
1010.0, 0.11673534718842822
1011.0, 0.14564452797688976
1012.0, 0.14264927017651638
1013.0, 0.13740016618027445
1014.0, 0.14322841961813584
1015.0, 0.14018610835288856
1016.0, 0.14271143597766905
1017.0, 0.16870261444279952
1018.0, 0.16728478854077516
1019.0, 0.1778878129007823
1020.0, 0.18591775109563582
1021.0, 0.18103757663712197
1022.0, 0.17859360115859954
1023.0, 0.17587496119788487
1024.0, 0.17434886488168624
1025.0, 0.17494990047670622
1026.0, 0.1661517680722646
1027.0, 0.14743083058552459
1028.0, 0.16829791755469567
1029.0, 0.17630615756116327
1030.0, 0.19906000302889895
1031.0, 0.19394164538838973
1032.0, 0.19639058105244842
1033.0, 0.19321697832695486
1034.0, 0.19245484897421
1035.0, 0.19569482321479034
1036.0, 0.1859850850118391
1037.0, 0.18902985714692208
1038.0, 0.19562689132721756
1039.0, 0.16371045114891272
1040.0, 0.19077218601814996
1041.0, 0.18573393569116262
1042.0, 0.18918102461179656
1043.0, 0.18914356148355782
1044.0, 0.19445092882073747
1045.0, 0.19173849968444692
1046.0, 0.16989426634129629
1047.0, 0.18281961920594414
1048.0, 0.20717514589331923
1049.0, 0.17696091116275955
1050.0, 0.17220580723361267
1051.0, 0.20839718943270127
1052.0, 0.20066519229421137
1053.0, 0.20676322813153156
1054.0, 0.20889631385763863
1055.0, 0.20088863598938617
1056.0, 0.20658624481148588
1057.0, 0.21933709894181028
1058.0, 0.2261922936763459
1059.0, 0.2271464507716795
1060.0, 0.20341261960581056
1061.0, 0.20937198697888315
1062.0, 0.2075929835559932
1063.0, 0.20287988009784075
1064.0, 0.2092016431789904
1065.0, 0.20627139214659165
1066.0, 0.1992280970812005
1067.0, 0.20871284556566222
1068.0, 0.20957482419435272
1069.0, 0.21433244613307015
1070.0, 0.20704921955205186
1071.0, 0.1822673518745028
1072.0, 0.2304100692377161
1073.0, 0.20779636679837468
1074.0, 0.21850794703842644
1075.0, 0.21509266464976054
1076.0, 0.19917127380408295
1077.0, 0.20459334939148827
1078.0, 0.21852467867953806
1079.0, 0.26201570932086415
1080.0, 0.26867552352995494
1081.0, 0.22530155145318276
1082.0, 0.220177606870274
1083.0, 0.20166290334077158
1084.0, 0.19871746870330645
1085.0, 0.19905432595158482
1086.0, 0.20121473984923757
1087.0, 0.1981840764162588
1088.0, 0.19463234496127618
1089.0, 0.2024928585267595
1090.0, 0.19843768147758384
1091.0, 0.22434571104041903
1092.0, 0.1922098650982873
1093.0, 0.17692746896996273
1094.0, 0.18829894987849932
1095.0, 0.16031747757929393
1096.0, 0.14802588240797296
1097.0, 0.14926376108073325
1098.0, 0.14966262465199337
1099.0, 0.14385581092451005
1100.0, 0.1352237919049909
1101.0, 0.15183586315973974
1102.0, 0.11156265014329853
1103.0, 0.14590861909072114
1104.0, 0.1283653063517954
1105.0, 0.13574307817165632
1106.0, 0.10765386299051585
1107.0, 0.1059985430434573
1108.0, 0.1142523987190383
1109.0, 0.11466839265427901
1110.0, 0.12250218105922485
1111.0, 0.13035266919721678
1112.0, 0.11019106901154974
1113.0, 0.12131085878400785
1114.0, 0.14383268989057918
1115.0, 0.1252432723688323
1116.0, 0.11979319573305877
1117.0, 0.11846134042121689
1118.0, 0.1182505577892687
1119.0, 0.13277753028163652
1120.0, 0.13416350790425963
1121.0, 0.1260565593150609
1122.0, 0.1351419564898282
1123.0, 0.13825669555705947
1124.0, 0.1333469811324248
1125.0, 0.10703390842631216
1126.0, 0.11257677491062329
1127.0, 0.10594133869797288
1128.0, 0.09793799597951955
1129.0, 0.10337613471827067
1130.0, 0.09177149754412409
1131.0, 0.08673910138648849
1132.0, 0.09050977629616004
1133.0, 0.08935751474988485
1134.0, 0.08855368994004227
1135.0, 0.07874229840018909
1136.0, 0.07127437080811128
1137.0, 0.05273524188453167
1138.0, 0.04089648569035087
1139.0, 0.049537339174195796
1140.0, 0.0638072202317678
1141.0, 0.05048210766314021
1142.0, 0.04039062457502456
1143.0, 0.047599211565413524
1144.0, 0.05047591482484937
1145.0, 0.04667792930141435
1146.0, 0.049927155509867684
1147.0, 0.03180432521521072
1148.0, 0.04810385232458809
1149.0, 0.04561831396240091
1150.0, 0.04330628125335994
1151.0, 0.033885707532410034
1152.0, 0.026379460829756344
1153.0, 0.02404284148853097
1154.0, 0.018215207944806723
1155.0, 0.017747284251554408
1156.0, 0.025941483585839295
1157.0, 0.031368764775369234
1158.0, 0.02503810959435717
1159.0, 0.011982359153050874
1160.0, 0.037126357825050374
1161.0, 0.026585538412827417
1162.0, 0.06499713952767505
1163.0, 0.043921098455192986
1164.0, 0.02440734161310394
1165.0, 0.0319086922406908
1166.0, 0.030248548962560667
1167.0, 0.017568688736776212
1168.0, 0.017148137829279035
1169.0, 0.018736685352323455
1170.0, 0.008836515221764136
1171.0, 0.023200507589915292
1172.0, 0.011864411406710742
1173.0, 0.0020729398528382126
1174.0, 0.023355683246028255
1175.0, 0.027865702057514277
1176.0, 0.03317435658696214
1177.0, 0.022743070083871258
1178.0, 0.013750210064141306
1179.0, 0.023387817167110015
1180.0, 0.02040382597703926
1181.0, 0.011994116878164355
1182.0, 0.0205036706288876
1183.0, 0.0021200942208404504
1184.0, 0.0016654282473676442
1185.0, 0.008155986416184702
1186.0, 0.009268563675844705
1187.0, 0.030455999286193948
1188.0, 0.014661177118262425
1189.0, 0.022969505250797047
1190.0, 0.01142956119979053
1191.0, 0.005515081340700621
1192.0, 0.01820209102963879
1193.0, 0.01756284629191044
1194.0, 0.0060513208331593425
1195.0, 0.014959541841805615
1196.0, 0.01427832812315004
1197.0, 0.010504324601873716
1198.0, 0.0027727201815136685
1199.0, 0.002121992837630092
1200.0, 0.027434730935009394
1201.0, 0.025212538855720883
1202.0, 0.031184883767096997
1203.0, 0.01810928907250817
1204.0, 0.009021505149671892
1205.0, 0.005286993960500296
1206.0, 0.016568016655733535
1207.0, 0.025927424347092057
1208.0, 0.00463624057258796
1209.0, 0.01229539306158511
1210.0, 0.010001878055474587
1211.0, 0.0031538750983729344
1212.0, 0.0005113230892604191
1213.0, 0.0016274308072382806
1214.0, 0.003924465962267398
1215.0, 0.007107618108404972
1216.0, 0.006633764745609221
1217.0, 0.005832301258278685
1218.0, 0.0068209019141727565
1219.0, 0.010453447964403504
1220.0, 0.012072727492054843
1221.0, 0.013978927314767062
1222.0, 0.0229905373979577
1223.0, 0.00486208618557849
1224.0, 0.007679629224479277
1225.0, 0.016202846938369216
1226.0, 0.004313361134905018
1227.0, 0.013274251390326675
1228.0, 0.010127241680778679
1229.0, 0.008033310527914263
1230.0, 0.01738904821018288
1231.0, 0.016462385781623786
1232.0, 0.00951893862033129
1233.0, 0.011333385397711938
1234.0, 0.01447282907451439
1235.0, 0.011218454919124266
1236.0, 0.009864994340640525
1237.0, 0.0074337929332191945
1238.0, 0.016205549505877326
1239.0, 0.018777400384706423
1240.0, 0.007536325985891647
1241.0, 0.0049853525200157685
1242.0, 0.002114064204043022
1243.0, 0.002350571439031702
1244.0, 0.008931864324117886
1245.0, 0.009917134408553425
1246.0, 0.007723492120065919
1247.0, 0.008706870630716018
1248.0, 0.011768238727686526
1249.0, 0.015482979253462044
1250.0, 0.009928339695803994
1251.0, 0.009223223133001236
1252.0, 0.02025868722962172
1253.0, 0.02540875267730394
1254.0, 0.018075216799504273
1255.0, 0.023762777376018857
1256.0, 0.009087120222813928
1257.0, 0.006753471856841223
1258.0, 0.017710552899900076
1259.0, 0.01958597430159534
1260.0, 0.01995590410737733
1261.0, 0.025228048106086646
1262.0, 0.01800155550423058
1263.0, 0.006940689011857636
1264.0, 0.02402551782131462
1265.0, 0.023074353717969558
1266.0, 0.007587510687405676
1267.0, 0.02723389903489151
1268.0, 0.012083473008437033
1269.0, 0.008027547709437331
1270.0, 0.012997624997339863
1271.0, 0.011881727569485146
1272.0, 0.019328215181007344
1273.0, 0.022159049358746578
1274.0, 0.018594281204728634
1275.0, 0.017217942191093107
1276.0, 0.012168563579469232
1277.0, 0.007542355246719765
1278.0, 0.01787282120767597
1279.0, 0.014699785355063326
1280.0, 0.020260507924165373
1281.0, 0.027112772250087853
1282.0, 0.01664921975205938
1283.0, 0.024873640598099763
1284.0, 0.006722641328456154
1285.0, 0.0064202326970659
1286.0, 0.00822516163839573
1287.0, 0.02039841691252898
1288.0, 0.013878291720981642
1289.0, 0.006223855083696233
1290.0, 0.014307205057271094
1291.0, 0.02181399585764967
1292.0, 0.022917316740834415
1293.0, 0.023157449612942572
1294.0, 0.013817173546689853
1295.0, 0.01718766653556704
1296.0, 0.017568143563230998
1297.0, 0.03284424595653313
1298.0, 0.03564161265959268
1299.0, 0.02435032686022881
1300.0, 0.011986805350700548
1301.0, 0.022330507309545167
1302.0, 0.019114275083360065
1303.0, 0.017849233122050327
1304.0, 0.012825312356139307
1305.0, 0.00824879492599697
1306.0, 0.009933763364546721
1307.0, 0.014062764705509899
1308.0, 0.015971614016439258
1309.0, 0.010363250575059876
1310.0, 0.021991749697401936
1311.0, 0.021545289041527478
1312.0, 0.02504778529123123
1313.0, 0.028097819817114053
1314.0, 0.011033273355843441
1315.0, 0.008646531077994455
1316.0, 0.028366664911241412
1317.0, 0.023138242947215094
1318.0, 0.015115548279810084
1319.0, 0.012602383295456559
1320.0, 0.02635654096105028
1321.0, 0.038570194626768715
1322.0, 0.027176498092930844
1323.0, 0.019619895961636918
1324.0, 0.032537502572483216
1325.0, 0.02733752960110362
1326.0, 0.028009572031057306
1327.0, 0.026491879682981653
1328.0, 0.025027714866574152
1329.0, 0.011845808714396949
1330.0, 0.015159175203999519
1331.0, 0.03102713412298226
1332.0, 0.027481910522836352
1333.0, 0.03354219703629591
1334.0, 0.021731606629884465
1335.0, 0.012862051704694472
1336.0, 0.015948899892574163
1337.0, 0.021009187640563438
1338.0, 0.021998445693278905
1339.0, 0.023825416861547585
1340.0, 0.029314827937866675
1341.0, 0.034571522276839135
1342.0, 0.03247805296875782
1343.0, 0.014584725309617158
1344.0, 0.030638369774409382
1345.0, 0.014916537894023398
1346.0, 0.016823486835161945
1347.0, 0.04391403812466858
1348.0, 0.006607282094379149
1349.0, 0.01930909049239535
1350.0, 0.020774708073498658
1351.0, 0.007584501230983701
1352.0, 0.01129443281296882
1353.0, 0.01591396382633282
1354.0, 0.022725449215836843
1355.0, 0.028799435917381835
1356.0, 0.02460642875663727
1357.0, 0.01683479943256137
1358.0, 0.011224544329275402
1359.0, 0.004741577669095834
1360.0, 0.0034013883468839677
1361.0, 0.010067925189159922
1362.0, 0.016900998992881718
1363.0, 0.028056792344075255
1364.0, 0.03979399655385582
1365.0, 0.05798866118418983
1366.0, 0.0157343683854819
1367.0, 0.01096377967023422
1368.0, 0.06840240429009137
1369.0, 0.054699781490326796
1370.0, 0.060182305772031756
1371.0, 0.051893995386380704
1372.0, 0.022873306925257894
1373.0, 0.009617429467860598
1374.0, 0.01915384725432865
1375.0, 0.019202538023994756
1376.0, 0.012971383154771619
1377.0, 0.038107813837158236
1378.0, 0.03134713985271605
1379.0, 0.017585480843010093
1380.0, 0.019118532461854167
1381.0, 0.0185759599594857
1382.0, 0.03203338621681502
1383.0, 0.02842780080978872
1384.0, 0.016119558618162493
1385.0, 0.028300847211803273
1386.0, 0.018174165924768063
1387.0, 0.023044320687782806
1388.0, 0.019708245013546403
1389.0, 0.028782530754539716
1390.0, 0.022021526906503393
1391.0, 0.02373409895707813
1392.0, 0.019430452414404248
1393.0, 0.011048007256722737
1394.0, 0.02086699619404742
1395.0, 0.026854184367586464
1396.0, 0.02882386654746593
1397.0, 0.017452398743774442
1398.0, 0.02727088897036119
1399.0, 0.013705929008737967
1400.0, 0.05614118932373183
1401.0, 0.08375582680228294
1402.0, 0.039814422993614
1403.0, 0.04261069402785474
1404.0, 0.02136152237885361
1405.0, 0.03853731378009394
1406.0, 0.04702710936266779
1407.0, 0.017154463204928395
1408.0, 0.029881054195914147
1409.0, 0.043632654788289836
1410.0, 0.02405325496658044
1411.0, 0.02674753982221109
1412.0, 0.043658387815791636
1413.0, 0.04734034385436683
1414.0, 0.053529028206479895
1415.0, 0.05279146759850434
1416.0, 0.04292215109582355
1417.0, 0.04575637057396845
1418.0, 0.04263628589796032
1419.0, 0.04776251458248919
1420.0, 0.06346898623093647
1421.0, 0.03773656683493867
1422.0, 0.028655358426009803
1423.0, 0.06910947742517212
1424.0, 0.02474775758210991
1425.0, 0.02611157722171522
1426.0, 0.031925870044698046
1427.0, 0.01626632556770109
1428.0, 0.02276410747042878
1429.0, 0.03811282670958046
1430.0, 0.04451267469559171
1431.0, 0.05511249960581967
1432.0, 0.0364415893628472
1433.0, 0.029680943044217135
1434.0, 0.04741076292760715
1435.0, 0.05019615843998539
1436.0, 0.05884586914238199
1437.0, 0.07151890948793582
1438.0, 0.07091082431539972
1439.0, 0.07779313216049268
1440.0, 0.03679494345012717
1441.0, 0.029474850802792798
1442.0, 0.02724571770679908
1443.0, 0.06304819773229611
1444.0, 0.05319466994929927
1445.0, 0.04694885014656029
1446.0, 0.035160672769014356
1447.0, 0.03516375434550117
1448.0, 0.033790032606579826
1449.0, 0.04186341323239431
1450.0, 0.041269251156242366
1451.0, 0.043606585968261065
1452.0, 0.04949993687736111
1453.0, 0.047108379842536435
1454.0, 0.04605083628484994
1455.0, 0.04496932049859329
1456.0, 0.043669252081341724
1457.0, 0.03915483629790047
1458.0, 0.03173837058779777
1459.0, 0.029245112928230538
1460.0, 0.024738209388789647
1461.0, 0.02467934753994309
1462.0, 0.028206040357313278
1463.0, 0.025241090729690302
1464.0, 0.050246004003215744
1465.0, 0.051902627502742694
1466.0, 0.05758534407097887
1467.0, 0.03250076363194717
1468.0, 0.0368712087250415
1469.0, 0.04030954877641444
1470.0, 0.03534152980450512
1471.0, 0.05264361440819488
1472.0, 0.049144618914274914
1473.0, 0.053465502169459674
1474.0, 0.05164111549794283
1475.0, 0.0560802734227438
1476.0, 0.04227602304825876
1477.0, 0.022213655898090726
1478.0, 0.010708221919317664
1479.0, 0.023123180157867834
1480.0, 0.04211488614587537
1481.0, 0.04571306012601518
1482.0, 0.03534010538212861
1483.0, 0.02427883861064814
1484.0, 0.03558310864911422
1485.0, 0.04798332891528242
1486.0, 0.02169960133683925
1487.0, 0.026215327501076996
1488.0, 0.05391563392558435
1489.0, 0.02037981377136001
1490.0, 0.018806509253548202
1491.0, 0.04152100083572833
1492.0, 0.05012680005014039
1493.0, 0.030970831465752142
1494.0, 0.028631042141258327
1495.0, 0.035334118111322387
1496.0, 0.03234206788210683
1497.0, 0.019065803405434116
1498.0, 0.011149807519999104
1499.0, 0.012312960878124538
1500.0, 0.016742448085052576
1501.0, 0.027233950952566026
1502.0, 0.025660918084988323
1503.0, 0.041802740228251756
1504.0, 0.05167368631281482
1505.0, 0.03960624374218121
1506.0, 0.04256675830180256
1507.0, 0.046720054407163154
1508.0, 0.03886515871423679
1509.0, 0.02595998213596948
1510.0, 0.01581076451146954
1511.0, 0.016031747499250258
1512.0, 0.02333681465656437
1513.0, 0.03856760078272082
1514.0, 0.03492496109444466
1515.0, 0.05021666774076349
1516.0, 0.03597902347770367
1517.0, 0.024117699563863563
1518.0, 0.020573310404137474
1519.0, 0.020731258240237506
1520.0, 0.019512271905157617
1521.0, 0.03158218262059475
1522.0, 0.0237749362831676
1523.0, 0.024723489618011716
1524.0, 0.027076781314210426
1525.0, 0.052097213791393815
1526.0, 0.03033755866688314
1527.0, 0.05916742934092421
1528.0, 0.038248639695960346
1529.0, 0.010595139502831934
1530.0, 0.024314216707703527
1531.0, 0.010912838789345791
1532.0, 0.03157505927661162
1533.0, 0.04446936984625975
1534.0, 0.02143757752736909
1535.0, 0.008928639443100777
1536.0, 0.015429341439928242
1537.0, 0.021603550954347323
1538.0, 0.011942646377079055
1539.0, 0.005542471615172067
1540.0, 0.008773640966069361
1541.0, 0.005660753857088396
1542.0, 0.010084588386635184
1543.0, 0.01287298871036637
1544.0, 0.005489508874720457
1545.0, 0.01635748277103778
1546.0, 0.019747770537190894
1547.0, 0.024211522748869972
1548.0, 0.019208511269015932
1549.0, 0.02031869454000916
1550.0, 0.031369132424736594
1551.0, 0.03397496982782271
1552.0, 0.027219588723399298
1553.0, 0.029217594854844677
1554.0, 0.00974949526907368
1555.0, 0.012643457759436146
1556.0, 0.027446084414605137
1557.0, 0.019331791737255653
1558.0, 0.024713468488719418
1559.0, 0.02668284285080167
1560.0, 0.003564610751207651
1561.0, 0.01934158609297757
1562.0, 0.023137288757166974
1563.0, 0.006569437990432031
1564.0, 0.01828494553667881
1565.0, 0.009588846319245652
1566.0, 0.0014537028913728216
1567.0, 0.0038583243131359232
1568.0, 0.0020900618157876903
1569.0, 0.007523796256104234
1570.0, 0.0042310622348667665
1571, 0.0
1572, 0.0
1573, 0.0
1574, 0.0
1575, 0.0
1576, 0.0
1577, 0.0
1578, 0.0
1579, 0.0
1580, 0.0
1581, 0.0
1582, 0.0
1583, 0.0
1584, 0.0
1585, 0.0
1586, 0.0
1587, 0.0
1588, 0.0
1589, 0.0
1590, 0.0
1591, 0.0
1592, 0.0
1593, 0.0
1594, 0.0
1595, 0.0
1596, 0.0
1597, 0.0
1598, 0.0
1599, 0.0
