30, 0.0
31, 0.0
32, 0.0
33, 0.0
34, 0.0
35, 0.0
36, 0.0
37, 0.0
38, 0.0
39, 0.0
40, 0.0
41, 0.0
42, 0.0
43, 0.0
44, 0.0
45, 0.0
46, 0.0
47, 0.0
48, 0.0
49, 0.0
50, 0.0
51, 0.0
52, 0.0
53, 0.0
54, 0.0
55, 0.0
56, 0.0
57, 0.0
58, 0.0
59, 0.0
60, 0.0
61, 0.0
62, 0.0
63, 0.0
64, 0.0
65, 0.0
66, 0.0
67, 0.0
68, 0.0
69, 0.0
70, 0.0
71, 0.0
72, 0.0
73, 0.0
74, 0.0
75, 0.0
76, 0.0
77, 0.0
78, 0.0
79, 0.0
80, 0.0
81, 0.0
82, 0.0
83, 0.0
84, 0.0
85, 0.0
86, 0.0
87, 0.0
88, 0.0
89, 0.0
90, 0.0
91, 0.0
92, 0.0
93, 0.0
94, 0.0
95, 0.0
96, 0.0
97, 0.0
98, 0.0
99, 0.0
100, 0.0
101, 0.0
102, 0.0
103, 0.0
104, 0.0
105, 0.0
106, 0.0
107, 0.0
108, 0.0
109, 0.0
110, 0.0
111, 0.0
112, 0.0
113, 0.0
114, 0.0
115, 0.0
116, 0.0
117, 0.0
118, 0.0
119, 0.0
120, 0.0
121, 0.0
122, 0.0
123, 0.0
124, 0.0
125, 0.0
126, 0.0
127, 0.0
128, 0.0
129, 0.0
130, 0.0
131, 0.0
132, 0.0
133, 0.0
134, 0.0
135, 0.0
136, 0.0
137, 0.0
138, 0.0
139, 0.0
140, 0.0
141, 0.0
142, 0.0
143, 0.0
144, 0.0
145, 0.0
146, 0.0
147, 0.0
148, 0.0
149, 0.0
150, 0.0
151, 0.0
152, 0.0
153, 0.0
154, 0.0
155, 0.0
156, 0.0
157, 0.0
158, 0.0
159, 0.0
160, 0.0
161, 0.0
162.0, 0.00043753914827685415
163.0, 0.010533737299229337
164.0, 0.018066392799371653
165.0, 0.023574818439976383
166.0, 0.031136084638531302
167.0, 0.03535166568599388
168.0, 0.03356690676123923
169.0, 0.03206836121564238
170.0, 0.030440347058709467
171.0, 0.03410823800627195
172.0, 0.02792445692262786
173.0, 0.021584645228195566
174.0, 0.015167709074188605
175.0, 0.0068304441167708965
176.0, 0.0021396201244487214
177.0, 0.0013264008308617196
178.0, 0.0016342064090921656
179.0, 0.0071388517855712685
180.0, 0.003224767552156194
181.0, 0.0034807433179841747
182.0, 0.004785115791046891
183.0, 0.008125252932665828
184.0, 0.011142321562902758
185.0, 0.014772795935594768
186.0, 0.0191055821757245
187.0, 0.020123817755190475
188.0, 0.02856035413377589
189.0, 0.03203982265944481
190.0, 0.028577778580689203
191.0, 0.026006653886859635
192.0, 0.026911918044433616
193.0, 0.026901871676891533
194.0, 0.025513313024740504
195.0, 0.023112305753121825
196.0, 0.017095429895634125
197.0, 0.015993883909802394
198.0, 0.014723869606698976
199.0, 0.011854982880263083
200.0, 0.01248892312070482
201.0, 0.008933883251373854
202.0, 0.00981877963848476
203.0, 0.012275064542300927
204.0, 0.011113967935187184
205.0, 0.01418767195914155
206.0, 0.01601703714766485
207.0, 0.01716007974295759
208.0, 0.0189811796400731
209.0, 0.020774659185170376
210.0, 0.02151626125431148
211.0, 0.024579987143424024
212.0, 0.027313616470726033
213.0, 0.02771982723826639
214.0, 0.03464849583474651
215.0, 0.0449421423890158
216.0, 0.05468986423598953
217.0, 0.06173948561990367
218.0, 0.06545878645158304
219.0, 0.07149057406877968
220.0, 0.07851804072151973
221.0, 0.08250753855658277
222.0, 0.08140576521308018
223.0, 0.07683600300574651
224.0, 0.07484934349372908
225.0, 0.07356359109568714
226.0, 0.07021344548623956
227.0, 0.062448960355427206
228.0, 0.059021235105658314
229.0, 0.055711522074674336
230.0, 0.050992446280722255
231.0, 0.045635782787842964
232.0, 0.03811097459125393
233.0, 0.0311019980146361
234.0, 0.02707233658106645
235.0, 0.025424707246349154
236.0, 0.022152972750323265
237.0, 0.021098183871822898
238.0, 0.018593618951246744
239.0, 0.014800086679371193
240.0, 0.012038691104321755
241.0, 0.011354666577690338
242.0, 0.011289548361911482
243.0, 0.014402653511191655
244.0, 0.019895176298961655
245.0, 0.02261138161820313
246.0, 0.029194877593319655
247.0, 0.03315945249018288
248.0, 0.0368815258159422
249.0, 0.04531672412539508
250.0, 0.053953200089323354
251.0, 0.06510111597274794
252.0, 0.08145207915457715
253.0, 0.10043599727795485
254.0, 0.11733792680032076
255.0, 0.13440118285933159
256.0, 0.15809303832117588
257.0, 0.18683091359207413
258.0, 0.21495810348058214
259.0, 0.23666747808398955
260.0, 0.2646787387941543
261.0, 0.287038773446144
262.0, 0.29832257678827645
263.0, 0.2999830988786481
264.0, 0.2931774727303065
265.0, 0.2789435395374214
266.0, 0.2573098551660388
267.0, 0.22975429501220818
268.0, 0.20002126532492512
269.0, 0.17287423450019523
270.0, 0.14756974542348086
271.0, 0.12413002489507423
272.0, 0.10431796141119483
273.0, 0.09244093844559836
274.0, 0.07979519743504296
275.0, 0.06999184884380041
276.0, 0.06504292513310111
277.0, 0.061102552915378895
278.0, 0.057057336631772884
279.0, 0.056074280126152835
280.0, 0.05658793635758111
281.0, 0.05837466351199546
282.0, 0.06438018754813968
283.0, 0.07337476157804491
284.0, 0.08003098948155851
285.0, 0.08755310566302764
286.0, 0.09660661132995198
287.0, 0.09941968782546601
288.0, 0.10248188320338145
289.0, 0.10344347453220742
290.0, 0.10168047451308067
291.0, 0.09874926729293956
292.0, 0.09488589645555173
293.0, 0.09315510771844372
294.0, 0.09387437458473857
295.0, 0.09853840852975543
296.0, 0.11265069849875768
297.0, 0.12008633553413042
298.0, 0.12055910056299764
299.0, 0.11241458194531695
300.0, 0.0939423829670038
301.0, 0.06926406104359589
302.0, 0.04889329489185865
303.0, 0.030483817337875613
304.0, 0.014574278628597271
305.0, 0.004552124730535161
306.0, 0.0004119753781795454
307.0, 0.0026006324954028904
308.0, 0.007311353490157836
309.0, 0.011351905234909705
310.0, 0.011969844022646732
311.0, 0.013014973489994525
312.0, 0.01545623033471209
313.0, 0.015074871155305288
314.0, 0.013465857843403485
315.0, 0.01563922837047015
316.0, 0.01587894391438812
317.0, 0.012250869106496202
318.0, 0.004468798594970801
319.0, 0.0046688781267147095
320.0, 0.009399515540116003
321.0, 0.014228238156028779
322.0, 0.015616919357423223
323.0, 0.018098781272591933
324.0, 0.02596315989953531
325.0, 0.03213724218934286
326.0, 0.038056273699509355
327.0, 0.0456299149589816
328.0, 0.053408750266684346
329.0, 0.059948972946601516
330.0, 0.06999037592214966
331.0, 0.08063530974590341
332.0, 0.08683422095879172
333.0, 0.09300610628836559
334.0, 0.10333362397649945
335.0, 0.10667480955942797
336.0, 0.11041020859908596
337.0, 0.11307262321587444
338.0, 0.11423015906118074
339.0, 0.1159833680788581
340.0, 0.12025158958744551
341.0, 0.12287270635390111
342.0, 0.12382727041704791
343.0, 0.12421579570344728
344.0, 0.12497906502184002
345.0, 0.1271925687474729
346.0, 0.1318356353375604
347.0, 0.13608302846847298
348.0, 0.13841546000512908
349.0, 0.13905551299563532
350.0, 0.15021445278912546
351.0, 0.1574910311617128
352.0, 0.16299259975633001
353.0, 0.17191843150572902
354.0, 0.18525615392936853
355.0, 0.1942819044074779
356.0, 0.2047902181427451
357.0, 0.21939245920104505
358.0, 0.23174102535041785
359.0, 0.23533782929621067
360.0, 0.24686405026035357
361.0, 0.2416445777606152
362.0, 0.2296222926606445
363.0, 0.21990854918730274
364.0, 0.20349156446701008
365.0, 0.19032973758616573
366.0, 0.17739155502863543
367.0, 0.1675924849916293
368.0, 0.16117408347686793
369.0, 0.1536546059330971
370.0, 0.14846141131368246
371.0, 0.14374573705529575
372.0, 0.1384895793248551
373.0, 0.13333414415433695
374.0, 0.13098575302412788
375.0, 0.1335095147623753
376.0, 0.12958594929802925
377.0, 0.12460337481298674
378.0, 0.12316883449453504
379.0, 0.12275307301618471
380.0, 0.12226665890023077
381.0, 0.11940819587523054
382.0, 0.11374518118088423
383.0, 0.10689882723134927
384.0, 0.10237392043735427
385.0, 0.10363733792791172
386.0, 0.09982511601101832
387.0, 0.09085317704829309
388.0, 0.08278867385472288
389.0, 0.08023860044374283
390.0, 0.07728110986920572
391.0, 0.07223268412282118
392.0, 0.06561402397812782
393.0, 0.05939140631894107
394.0, 0.0560801001229972
395.0, 0.05527509297211372
396.0, 0.05386685233126239
397.0, 0.0496673681689099
398.0, 0.045319440587754035
399.0, 0.04421288554013838
400.0, 0.041129187541075314
401.0, 0.04045623019895956
402.0, 0.0394986383772996
403.0, 0.03730624917097713
404.0, 0.036052319785229554
405.0, 0.037392792809467786
406.0, 0.037544085303812064
407.0, 0.03882629185483026
408.0, 0.03877947202608948
409.0, 0.03783205143375461
410.0, 0.04484895946270832
411.0, 0.04662907689237379
412.0, 0.0524227981946813
413.0, 0.058695877590621136
414.0, 0.0618269872897393
415.0, 0.0694133569164721
416.0, 0.07631131682915183
417.0, 0.08021504961323928
418.0, 0.08393276704670599
419.0, 0.08814677328820789
420.0, 0.08767993417542796
421.0, 0.0852616130227203
422.0, 0.07926582774497885
423.0, 0.07004563089528082
424.0, 0.05912858594938092
425.0, 0.04823107241220007
426.0, 0.03907124808046175
427.0, 0.03793204365060934
428.0, 0.03318120064797006
429.0, 0.028042171065947922
430.0, 0.0330813360443289
431.0, 0.03194231185422563
432.0, 0.03323589516087957
433.0, 0.04029019617952795
434.0, 0.050594432184306995
435.0, 0.06017909239021482
436.0, 0.07012917705986085
437.0, 0.08165079861064214
438.0, 0.09614600611943308
439.0, 0.11049127215526539
440.0, 0.1239688815091114
441.0, 0.1400339801492447
442.0, 0.15591444785220693
443.0, 0.17212651803832144
444.0, 0.19538892590496823
445.0, 0.22334611519710898
446.0, 0.2529183445711423
447.0, 0.2938692171062264
448.0, 0.3553807502237237
449.0, 0.42836041383185697
450.0, 0.5097975012995809
451.0, 0.6006830961280285
452.0, 0.6972266026758132
453.0, 0.7889110936772541
454.0, 0.8657004957954482
455.0, 0.9238666775178974
456.0, 0.9648843181186768
457.0, 0.9935823098287382
458.0, 0.9998727455350699
459.0, 0.9913224719512114
460.0, 0.9619445934533534
461.0, 0.9102027938966932
462.0, 0.8429285583061156
463.0, 0.7678692234988249
464.0, 0.696310589145755
465.0, 0.6203423015044496
466.0, 0.5475097783656125
467.0, 0.4841238834584465
468.0, 0.4223849931315647
469.0, 0.3713026987070254
470.0, 0.32327632407863033
471.0, 0.2780271360565363
472.0, 0.2395479882695743
473.0, 0.21117728059757299
474.0, 0.18250014251819885
475.0, 0.15463766355697056
476.0, 0.13315817758106072
477.0, 0.11519309258430743
478.0, 0.0980397595807392
479.0, 0.08805065684030566
480.0, 0.07355943935543333
481.0, 0.06163949923070507
482.0, 0.05441132386191642
483.0, 0.04774483294845473
484.0, 0.03668984649591746
485.0, 0.030235074669155527
486.0, 0.02821453702192542
487.0, 0.022208106904901395
488.0, 0.014552166063785349
489.0, 0.010827274524957976
490.0, 0.004629690575593736
491.0, 0.004736505207797912
492.0, 0.004476250264635822
493.0, 0.0015425439180848338
494.0, 0.003648025844065224
495.0, 0.00868344188550061
496.0, 0.006461540685763528
497.0, 0.0037026561735984806
498.0, 0.006411028365130384
499.0, 0.00852709767940764
500.0, 0.0063564523388552055
501.0, 0.008416764514489123
502.0, 0.008123226074301727
503.0, 0.011115795501878712
504.0, 0.011266453391038362
505.0, 0.007861103506952263
506.0, 0.008346138954500617
507.0, 0.010816742264108802
508.0, 0.008824859412242474
509.0, 0.008693368588237
510.0, 0.007259898069723117
511.0, 0.004223482637657772
512.0, 0.004092007958378241
513.0, 0.0020830961044977316
514.0, 0.004328963472906422
515.0, 0.004824294716486442
516.0, 0.008097969327831665
517.0, 0.014485725132924272
518.0, 0.02058156974176906
519.0, 0.02810659442342528
520.0, 0.03321201591000307
521.0, 0.04205276311942244
522.0, 0.052366118714484614
523.0, 0.058543893077644925
524.0, 0.06889612817581807
525.0, 0.08651096889797685
526.0, 0.10166422026678046
527.0, 0.11976596171064234
528.0, 0.14603161669044595
529.0, 0.17859929731085594
530.0, 0.21311083469233538
531.0, 0.2581232909501475
532.0, 0.31432717187659565
533.0, 0.37603331207151675
534.0, 0.4383844796927575
535.0, 0.4948157341975984
536.0, 0.5278748903543642
537.0, 0.5401063991524564
538.0, 0.5209386269187259
539.0, 0.4767456969232392
540.0, 0.42235073066903184
541.0, 0.36712456639172036
542.0, 0.31640371591636424
543.0, 0.26959528518493703
544.0, 0.2337778134141304
545.0, 0.2065350653943284
546.0, 0.18215855519131766
547.0, 0.16287535692852967
548.0, 0.14835950589692998
549.0, 0.13983430410242348
550.0, 0.13251640016614183
551.0, 0.12445284860981985
552.0, 0.11861593530857001
553.0, 0.11879391252971852
554.0, 0.11329840146554859
555.0, 0.10926115083565606
556.0, 0.11011053646326548
557.0, 0.10993379922474432
558.0, 0.10574537757577929
559.0, 0.11045757415070372
560.0, 0.11058401713260387
561.0, 0.106547337665249
562.0, 0.10547823937919672
563.0, 0.10749033666021128
564.0, 0.10659065015323875
565.0, 0.10619791427319457
566.0, 0.10946006121563182
567.0, 0.11397394540377787
568.0, 0.11244610535540546
569.0, 0.10961334075611552
570.0, 0.11512700545317357
571.0, 0.1202904013582832
572.0, 0.12225146909197118
573.0, 0.12505493563658132
574.0, 0.12730492331902635
575.0, 0.1294508852291416
576.0, 0.13467554798997908
577.0, 0.13911789658462176
578.0, 0.13863510839247567
579.0, 0.1414462187617333
580.0, 0.1438391936414403
581.0, 0.14454106684265336
582.0, 0.14757254254642482
583.0, 0.14901935859221863
584.0, 0.1493210670191616
585.0, 0.15085541523510967
586.0, 0.15323483714789388
587.0, 0.1532681283906265
588.0, 0.15050114908871504
589.0, 0.1543522619278412
590.0, 0.15553577540100608
591.0, 0.1594861706325876
592.0, 0.16297778126787124
593.0, 0.16318320385141652
594.0, 0.1621459079164295
595.0, 0.16192494734052498
596.0, 0.16055629269390398
597.0, 0.16210678229602213
598.0, 0.16830994737402344
599.0, 0.1697973305047345
600.0, 0.16348651632774963
601.0, 0.16617059001945195
602.0, 0.16622557916052472
603.0, 0.16442341034678476
604.0, 0.16165822908430888
605.0, 0.15885731089449767
606.0, 0.15666056513633575
607.0, 0.15356842340389742
608.0, 0.14641619501098427
609.0, 0.14739153301192345
610.0, 0.14445703803117474
611.0, 0.13824703268885472
612.0, 0.13609227201635524
613.0, 0.138129160549372
614.0, 0.1350716362445596
615.0, 0.13015661558875824
616.0, 0.1259020573005011
617.0, 0.1219014468066609
618.0, 0.11782200616050473
619.0, 0.11380449908775489
620.0, 0.10788400356747052
621.0, 0.10468545873511849
622.0, 0.10077354989694114
623.0, 0.098145372556833
624.0, 0.09676436513401562
625.0, 0.0933207009474009
626.0, 0.08694848008866149
627.0, 0.08233758769720415
628.0, 0.08035835238459883
629.0, 0.07454112698414428
630.0, 0.06889679317004056
631.0, 0.06683439997620753
632.0, 0.06163195621505302
633.0, 0.05313288854012908
634.0, 0.05354522707234055
635.0, 0.050526977289559925
636.0, 0.044844110643513437
637.0, 0.043483628502819095
638.0, 0.04617592541307252
639.0, 0.04269775956912471
640.0, 0.03413622170511817
641.0, 0.029982087789741298
642.0, 0.029511538674350548
643.0, 0.02750740175331892
644.0, 0.024354803581793778
645.0, 0.023945452610455723
646.0, 0.021312115905388
647.0, 0.018041866683877156
648.0, 0.016092048281175084
649.0, 0.01283909422356805
650.0, 0.008285853713226987
651.0, 0.007241335449921376
652.0, 0.008894819486518414
653.0, 0.004746565818078715
654.0, 0.004268877694075738
655.0, 0.003916309446500706
656.0, 0.0033420714316030275
657.0, 0.005292238722645672
658.0, 0.00402795358656917
659.0, 0.0029715508715248053
660.0, 0.00027334561466679026
661.0, 0.0008333236024770981
662.0, 0.0011837225346117246
663.0, 0.0018769934905512966
664.0, 0.002044992954129442
665.0, 0.005117643548633079
666.0, 0.004826542279529211
667.0, 0.003057865343054198
668.0, 0.0048646919906755156
669.0, 0.007663635702285232
670.0, 0.00742220047622158
671.0, 0.006087067614920468
672.0, 0.004085358791989057
673.0, 0.004535417820909963
674.0, 0.005426186402083249
675.0, 0.004003974403998445
676.0, 0.0019344679565638082
677.0, 0.0015209667358309443
678.0, 0.0028622348112739477
679.0, 0.0007921299347459928
680.0, 0.0013398526179070878
681.0, 0.0007177941448298991
682.0, 0.0004870685009943088
683.0, 0.00295776022050111
684.0, 0.004296756269663643
685.0, 0.000867609704555001
686.0, 0.0024545657590319837
687.0, 0.0049209685759556395
688.0, 0.004515256486267752
689.0, 0.005343154296306264
690.0, 0.00806730108695424
691.0, 0.00792689017238354
692.0, 0.010347041537852273
693.0, 0.011035427115870172
694.0, 0.01624689628838555
695.0, 0.016546294533775378
696.0, 0.015862872116062007
697.0, 0.019074835744586623
698.0, 0.020944030144256547
699.0, 0.023657705630557458
700.0, 0.023140733872429015
701.0, 0.02579832795118949
702.0, 0.03032304818023315
703.0, 0.032163845268627145
704.0, 0.03299894048387226
705.0, 0.038330307492093
706.0, 0.04270138234100665
707.0, 0.04197676761479032
708.0, 0.04343069012322566
709.0, 0.04588869025881877
710.0, 0.04604764270482114
711.0, 0.04603773237995666
712.0, 0.04894158246009679
713.0, 0.050878829462568845
714.0, 0.05190271624449782
715.0, 0.05248133321028622
716.0, 0.05295301360002328
717.0, 0.05220384072460569
718.0, 0.05113244820017941
719.0, 0.053762702998195404
720.0, 0.05511656201864435
721.0, 0.05240045690835937
722.0, 0.0536456190141654
723.0, 0.055114023534731375
724.0, 0.05279648091663865
725.0, 0.049976545414043956
726.0, 0.050595860080733156
727.0, 0.052685568123676634
728.0, 0.050075612053814014
729.0, 0.04809249868174982
730.0, 0.04997432118029818
731.0, 0.050418912340176245
732.0, 0.04712678751958311
733.0, 0.04688171651793782
734.0, 0.045925906350280474
735.0, 0.04729240896524008
736.0, 0.047684807197013755
737.0, 0.04986666687315929
738.0, 0.048039666005683074
739.0, 0.043846099701045776
740.0, 0.04654001184876002
741.0, 0.04811717872821694
742.0, 0.04768920335218934
743.0, 0.05109925619939866
744.0, 0.052032655171371345
745.0, 0.05304581093177244
746.0, 0.05705022378690079
747.0, 0.061171900930010896
748.0, 0.06272711968533672
749.0, 0.0676310031672532
750.0, 0.06971019588754952
751.0, 0.0741890118256916
752.0, 0.07912262006128816
753.0, 0.08245458937877059
754.0, 0.08614327376953235
755.0, 0.09203307944838157
756.0, 0.09855755088522877
757.0, 0.09846021831632353
758.0, 0.1065856686238129
759.0, 0.11636713834303415
760.0, 0.12257221617925523
761.0, 0.1292636150585708
762.0, 0.1401001242344723
763.0, 0.150038432279576
764.0, 0.1571280327153575
765.0, 0.16941558121829486
766.0, 0.1800781371422326
767.0, 0.19131517076854615
768.0, 0.2025413936207651
769.0, 0.21100861820122188
770.0, 0.22052940237482094
771.0, 0.21959851581656728
772.0, 0.2248875948492138
773.0, 0.225423118033711
774.0, 0.2230804082226842
775.0, 0.21616096981705896
776.0, 0.20373860906316357
777.0, 0.19081841905922287
778.0, 0.1798358637718293
779.0, 0.16283630298273885
780.0, 0.14695843544045878
781.0, 0.13224003303832327
782.0, 0.11703651183201484
783.0, 0.10447483384506763
784.0, 0.09258144442490797
785.0, 0.07751871035079357
786.0, 0.0679422116933717
787.0, 0.05712826817851086
788.0, 0.05018135566141933
789.0, 0.04515091440145274
790.0, 0.04218003085711103
791.0, 0.039795103581042435
792.0, 0.03389015292823644
793.0, 0.025900019791645135
794.0, 0.023340975805413777
795.0, 0.023521771445924544
796.0, 0.023408640805476826
797.0, 0.023174374831154393
798.0, 0.021459181501249782
799.0, 0.02026021946425733
800.0, 0.022026182896415707
801.0, 0.0216452510512417
802.0, 0.024780351769481762
803.0, 0.026078284005196812
804.0, 0.026538911871049994
805.0, 0.027927186660225048
806.0, 0.03038835942898474
807.0, 0.033631761680495385
808.0, 0.03631767144071693
809.0, 0.03450568427755544
810.0, 0.03137658977404099
811.0, 0.029218065745009094
812.0, 0.026062742194846247
813.0, 0.018816075105619244
814.0, 0.011812431418736065
815.0, 0.00787091378006052
816.0, 0.005006101782612845
817.0, 0.002286744430882325
818.0, 0.0004884702979649652
819.0, 0.0012203665934426798
820.0, 0.00014245544556470773
821.0, 0.0017683510556011288
822.0, 0.0030444809624825173
823.0, 0.0014611459486376698
824.0, 0.0005905913201798548
825.0, 0.002209258100384763
826.0, 0.0022998197798264537
827.0, 0.001251693275511147
828.0, 0.0025061400137067298
829.0, 0.0017510560204990727
830.0, 0.00020185100244365735
831.0, 0.0004399726309684736
832.0, 0.000981489813528299
833.0, 0.000256086876150256
834.0, 0.0030963896184935504
835.0, 0.0017838199278243387
836.0, 0.0009506668667336004
837.0, 0.0014052552230088705
838.0, 0.00021613008522574395
839.0, 0.0006011989238140478
840.0, 0.0007393662177644195
841.0, 0.0024250259340141385
842.0, 0.005015433022896564
843.0, 0.0033147391596561743
844.0, 0.006132727272391331
845.0, 0.0054016232641541035
846.0, 0.004619051002766889
847.0, 0.006235631137189541
848.0, 0.007201019292552012
849.0, 0.007157374298500787
850.0, 0.00855937805490061
851.0, 0.00820152994648513
852.0, 0.011288395320193031
853.0, 0.009116995779986902
854.0, 0.008597907451993356
855.0, 0.010371398715847118
856.0, 0.011851861212952806
857.0, 0.011939099787601114
858.0, 0.010415562279756322
859.0, 0.014191015900532332
860.0, 0.01108676878457229
861.0, 0.012239264634607632
862.0, 0.01052859440802129
863.0, 0.01242821662909171
864.0, 0.013838279895189078
865.0, 0.013131927684290862
866.0, 0.013906827569660246
867.0, 0.012916072030865904
868.0, 0.012324563978032462
869.0, 0.009621261172607634
870.0, 0.010647081762010136
871.0, 0.01267653531170948
872.0, 0.013662290686835967
873.0, 0.014404890095992934
874.0, 0.013676638157178823
875.0, 0.012016898693426415
876.0, 0.014198169912527966
877.0, 0.011475880978824352
878.0, 0.009762705981278248
879.0, 0.011321829632007846
880.0, 0.011296508625351
881.0, 0.008831491716054114
882.0, 0.008140070045430745
883.0, 0.008204382848985512
884.0, 0.0064357950267002065
885.0, 0.005218105854874388
886.0, 0.004495538260927789
887.0, 0.005865809094905792
888.0, 0.00540607488813774
889.0, 0.003591172871198912
890.0, 0.004267435927115654
891.0, 0.004734739004546095
892.0, 0.005137573743624512
893.0, 0.006802749809144963
894.0, 0.0029197540870422624
895.0, 0.003079548532013812
896.0, 0.0024538910420595595
897.0, 0.0028249096104457877
898.0, 0.0030988299415163506
899.0, 0.0036265650557726356
900.0, 0.0035098262358135733
901.0, 0.001935533688176015
902.0, 0.0009051798269816088
903.0, 0.0023198582994228105
904.0, 0.0014217337623359256
905.0, 0.0011523497172841216
906.0, 0.00321546667007231
907.0, 0.002986834925297674
908.0, 0.000667015766503917
909.0, 0.0008563916781267051
910.0, 0.002940991114188422
911.0, 0.003313354242867498
912.0, 0.005480002009242252
913.0, 0.0059107060582027264
914.0, 0.002697735372436858
915.0, 0.002784098253210879
916.0, 0.0012597281658643345
917.0, 0.00144103949274933
918.0, 0.0035891272864178717
919.0, 0.0038429353297116933
920.0, 0.0017387395440767036
921.0, 0.0018436099318517023
922.0, 0.0028004213516757545
923.0, 0.0021194654132925773
924.0, 0.0007384736833800648
925.0, 0.0015761438276122688
926.0, 0.0024711813338583076
927.0, 0.00171691314569531
928.0, 0.0003445524800195624
929.0, 0.00024220495160094695
930.0, 0.00026454306181784387
931.0, 0.001024919210396859
932.0, 0.002543852176075619
933.0, 0.0008448535032745087
934.0, 0.0014239319451622157
935.0, 0.0025618245727039046
936.0, 0.0015381110631317938
937.0, 0.003043135198720514
938.0, 0.001205485351693483
939.0, 0.0011386407888753646
940.0, 0.0011630983300514569
941.0, 0.00029304912839477515
942.0, 0.0032321648687211983
943.0, 0.0019964817189549004
944.0, 0.0016624506279178098
945.0, 0.0008767175350972209
946.0, 0.0009424212572887434
947.0, 0.002154526446616261
948.0, 0.0021591712618314555
949.0, 0.001815606666534351
950.0, 5.932281593063683e-05
951.0, 0.0015140664188826604
952.0, 0.0030446357330648453
953.0, 0.0017674415803450993
954.0, 0.0012964550056869682
955.0, 0.0010098474517142328
956.0, 0.00097684434425403
957.0, 0.0024392754289334225
958.0, 0.004497198042655879
959.0, 0.005328358789896451
960.0, 0.0024385724805221828
961.0, 0.0030035968913260528
962.0, 0.0069166998035915675
963.0, 0.004526485747953774
964.0, 0.004998829735432934
965.0, 0.005535960027733033
966.0, 0.00302573409777891
967.0, 0.002476873601773374
968.0, 0.0034809505949355444
969.0, 0.002235647241288326
970.0, 0.0015655741370869175
971.0, 0.003465071080277521
972.0, 0.0012217042430808533
973.0, 0.003846309760242917
974.0, 0.0055442586050317025
975.0, 0.007824669595551994
976.0, 0.01082891851766591
977.0, 0.011643408060629962
978.0, 0.016988184311608118
979.0, 0.023741251953825
980.0, 0.030244260067824533
981.0, 0.03832837062144618
982.0, 0.04189176419651521
983.0, 0.055739349024545956
984.0, 0.06740475191712664
985.0, 0.0764754062270228
986.0, 0.08762148071539332
987.0, 0.09649944910497711
988.0, 0.11030623632332896
989.0, 0.128478314274823
990.0, 0.14607909197317542
991.0, 0.16235102265732634
992.0, 0.1740426521629121
993.0, 0.17605745348164317
994.0, 0.17130076127601193
995.0, 0.15909292822310897
996.0, 0.13926059764007087
997.0, 0.11134763373212105
998.0, 0.08618810610617283
999.0, 0.06379751665089835
1000.0, 0.04556291071567671
1001.0, 0.03629306316879408
1002.0, 0.03204666278380859
1003.0, 0.026970204152754293
1004.0, 0.0242119226417218
1005.0, 0.021523038158824854
1006.0, 0.022682809838561854
1007.0, 0.019807887612096158
1008.0, 0.01756257770393882
1009.0, 0.01496722013599772
1010.0, 0.013986478326404133
1011.0, 0.013713691569650587
1012.0, 0.014831417149641339
1013.0, 0.014733286783975421
1014.0, 0.011454489503636598
1015.0, 0.010495769470163936
1016.0, 0.009052914074547242
1017.0, 0.008690462743665658
1018.0, 0.007082770325002341
1019.0, 0.007298311002420368
1020.0, 0.00436268954362083
1021.0, 0.008687457125990998
1022.0, 0.010604586070279327
1023.0, 0.008594090112387735
1024.0, 0.006829756542503248
1025.0, 0.006264277664179802
1026.0, 0.008862326939602946
1027.0, 0.009117886433698838
1028.0, 0.007670658553481063
1029.0, 0.009192167679805545
1030.0, 0.006101084860341581
1031.0, 0.002920087067223628
1032.0, 0.0029173180329196166
1033.0, 0.005356937105123297
1034.0, 0.005887629778580864
1035.0, 0.005205775848833148
1036.0, 0.006594529860992418
1037.0, 0.008535043663750571
1038.0, 0.00795116081087968
1039.0, 0.0060581250789715135
1040.0, 0.004614257540233804
1041.0, 0.0025347826125666053
1042.0, 0.0024329122922606954
1043.0, 0.0002507653478070506
1044.0, 0.00372169873972689
1045.0, 0.004273597805497371
1046.0, 0.0020408747050370004
1047.0, 0.0011802464531795026
1048.0, 0.0005525144379455213
1049.0, 0.0017179922801493868
1050.0, 0.0013012252677954113
1051.0, 0.001027056855825401
1052.0, 8.060503517012833e-05
1053.0, 0.00044607540054060653
1054.0, 0.0014550096765540016
1055.0, 0.0005007356129325572
1056.0, 0.00015322235598820056
1057.0, 0.0015073839265565688
1058.0, 0.002475480955657432
1059.0, 0.0008095238779012164
1060.0, 0.0025320739641117905
1061.0, 0.0035100290048246108
1062.0, 0.004374575435014224
1063.0, 0.006847625307810606
1064.0, 0.009813002669756926
1065.0, 0.009749497752000612
1066.0, 0.0145472558604438
1067.0, 0.015233801006100308
1068.0, 0.016037537975796122
1069.0, 0.019716212845643497
1070.0, 0.020563830926694754
1071.0, 0.022055662380898167
1072.0, 0.02407620801824735
1073.0, 0.026582453814515745
1074.0, 0.027172914258465145
1075.0, 0.02408906170515952
1076.0, 0.022267011043329104
1077.0, 0.022721785170359936
1078.0, 0.02122016040593572
1079.0, 0.022519896906730265
1080.0, 0.018207521465874902
1081.0, 0.0199603295548118
1082.0, 0.021289364538619376
1083.0, 0.019578608303059894
1084.0, 0.0214421686129103
1085.0, 0.022603414214287305
1086.0, 0.027671455505828578
1087.0, 0.033465845713740554
1088.0, 0.036212934427720486
1089.0, 0.04053714335232368
1090.0, 0.044141234295342446
1091.0, 0.04652853187239041
1092.0, 0.05586395203294725
1093.0, 0.061717364430004945
1094.0, 0.06538076283812394
1095.0, 0.06822733600515597
1096.0, 0.0721212567794922
1097.0, 0.07592438619299413
1098.0, 0.07634316441491491
1099.0, 0.07403278203897422
1100.0, 0.07015756922188306
1101.0, 0.0635000596083655
1102.0, 0.05217467956297892
1103.0, 0.04011245115418016
1104.0, 0.03209183806542271
1105.0, 0.022696462908235057
1106.0, 0.015939865867030004
1107.0, 0.018980306056336767
1108.0, 0.02111277160416811
1109.0, 0.02683798163632802
1110.0, 0.030128417729272678
1111.0, 0.042287266231413975
1112.0, 0.0525098378974618
1113.0, 0.0626527761803392
1114.0, 0.06644115219176633
1115.0, 0.05568878865269542
1116.0, 0.03419394425485637
1117.0, 0.0126346463886466
1118.0, 0.0003460319581783154
1119.0, 0.0004904620973741623
1120.0, 0.0012480657165492468
1121.0, 0.002365656225082835
1122.0, 0.0013292746919945828
1123.0, 0.0054447880751188425
1124.0, 0.009242160640659278
1125.0, 0.010734471407077138
1126.0, 0.02231581753595037
1127.0, 0.03015999680176361
1128.0, 0.03512894352934103
1129.0, 0.03592035517900622
1130.0, 0.028668839470998585
1131.0, 0.022337780258892992
1132.0, 0.018706435112069594
1133.0, 0.016095574830766495
1134.0, 0.010291091173637489
1135.0, 0.008192362135186057
1136.0, 0.005474225545529779
1137.0, 0.0026659815827697565
1138.0, 0.000571808842531219
1139, 0.0
1140, 0.0
1141, 0.0
1142, 0.0
1143, 0.0
1144, 0.0
1145, 0.0
1146, 0.0
1147, 0.0
1148, 0.0
1149, 0.0
1150, 0.0
1151, 0.0
1152, 0.0
1153, 0.0
1154, 0.0
1155, 0.0
1156, 0.0
1157, 0.0
1158, 0.0
1159, 0.0
1160, 0.0
1161, 0.0
1162, 0.0
1163, 0.0
1164, 0.0
1165, 0.0
1166, 0.0
1167, 0.0
1168, 0.0
1169, 0.0
1170, 0.0
1171, 0.0
1172, 0.0
1173, 0.0
1174, 0.0
1175, 0.0
1176, 0.0
1177, 0.0
1178, 0.0
1179, 0.0
1180, 0.0
1181, 0.0
1182, 0.0
1183, 0.0
1184, 0.0
1185, 0.0
1186, 0.0
1187, 0.0
1188, 0.0
1189, 0.0
1190, 0.0
1191, 0.0
1192, 0.0
1193, 0.0
1194, 0.0
1195, 0.0
1196, 0.0
1197, 0.0
1198, 0.0
1199, 0.0
1200, 0.0
1201, 0.0
1202, 0.0
1203, 0.0
1204, 0.0
1205, 0.0
1206, 0.0
1207, 0.0
1208, 0.0
1209, 0.0
1210, 0.0
1211, 0.0
1212, 0.0
1213, 0.0
1214, 0.0
1215, 0.0
1216, 0.0
1217, 0.0
1218, 0.0
1219, 0.0
1220, 0.0
1221, 0.0
1222, 0.0
1223, 0.0
1224, 0.0
1225, 0.0
1226, 0.0
1227, 0.0
1228, 0.0
1229, 0.0
1230, 0.0
1231, 0.0
1232, 0.0
1233, 0.0
1234, 0.0
1235, 0.0
1236, 0.0
1237, 0.0
1238, 0.0
1239, 0.0
1240, 0.0
1241, 0.0
1242, 0.0
1243, 0.0
1244, 0.0
1245, 0.0
1246, 0.0
1247, 0.0
1248, 0.0
1249, 0.0
1250, 0.0
1251, 0.0
1252, 0.0
1253, 0.0
1254, 0.0
1255, 0.0
1256, 0.0
1257, 0.0
1258, 0.0
1259, 0.0
1260, 0.0
1261, 0.0
1262, 0.0
1263, 0.0
1264, 0.0
1265, 0.0
1266, 0.0
1267, 0.0
1268, 0.0
1269, 0.0
1270, 0.0
1271, 0.0
1272, 0.0
1273, 0.0
1274, 0.0
1275, 0.0
1276, 0.0
1277, 0.0
1278, 0.0
1279, 0.0
1280, 0.0
1281, 0.0
1282, 0.0
1283, 0.0
1284, 0.0
1285, 0.0
1286, 0.0
1287, 0.0
1288, 0.0
1289, 0.0
1290, 0.0
1291, 0.0
1292, 0.0
1293, 0.0
1294, 0.0
1295, 0.0
1296, 0.0
1297, 0.0
1298, 0.0
1299, 0.0
1300, 0.0
1301, 0.0
1302, 0.0
1303, 0.0
1304, 0.0
1305, 0.0
1306, 0.0
1307, 0.0
1308, 0.0
1309, 0.0
1310, 0.0
1311, 0.0
1312, 0.0
1313, 0.0
1314, 0.0
1315, 0.0
1316, 0.0
1317, 0.0
1318, 0.0
1319, 0.0
1320, 0.0
1321, 0.0
1322, 0.0
1323, 0.0
1324, 0.0
1325, 0.0
1326, 0.0
1327, 0.0
1328, 0.0
1329, 0.0
1330, 0.0
1331, 0.0
1332, 0.0
1333, 0.0
1334, 0.0
1335, 0.0
1336, 0.0
1337, 0.0
1338, 0.0
1339, 0.0
1340, 0.0
1341, 0.0
1342, 0.0
1343, 0.0
1344, 0.0
1345, 0.0
1346, 0.0
1347, 0.0
1348, 0.0
1349, 0.0
1350, 0.0
1351, 0.0
1352, 0.0
1353, 0.0
1354, 0.0
1355, 0.0
1356, 0.0
1357, 0.0
1358, 0.0
1359, 0.0
1360, 0.0
1361, 0.0
1362, 0.0
1363, 0.0
1364, 0.0
1365, 0.0
1366, 0.0
1367, 0.0
1368, 0.0
1369, 0.0
1370, 0.0
1371, 0.0
1372, 0.0
1373, 0.0
1374, 0.0
1375, 0.0
1376, 0.0
1377, 0.0
1378, 0.0
1379, 0.0
1380, 0.0
1381, 0.0
1382, 0.0
1383, 0.0
1384, 0.0
1385, 0.0
1386, 0.0
1387, 0.0
1388, 0.0
1389, 0.0
1390, 0.0
1391, 0.0
1392, 0.0
1393, 0.0
1394, 0.0
1395, 0.0
1396, 0.0
1397, 0.0
1398, 0.0
1399, 0.0
1400, 0.0
1401, 0.0
1402, 0.0
1403, 0.0
1404, 0.0
1405, 0.0
1406, 0.0
1407, 0.0
1408, 0.0
1409, 0.0
1410, 0.0
1411, 0.0
1412, 0.0
1413, 0.0
1414, 0.0
1415, 0.0
1416, 0.0
1417, 0.0
1418, 0.0
1419, 0.0
1420, 0.0
1421, 0.0
1422, 0.0
1423, 0.0
1424, 0.0
1425, 0.0
1426, 0.0
1427, 0.0
1428, 0.0
1429, 0.0
1430, 0.0
1431, 0.0
1432, 0.0
1433, 0.0
1434, 0.0
1435, 0.0
1436, 0.0
1437, 0.0
1438, 0.0
1439, 0.0
1440, 0.0
1441, 0.0
1442, 0.0
1443, 0.0
1444, 0.0
1445, 0.0
1446, 0.0
1447, 0.0
1448, 0.0
1449, 0.0
1450, 0.0
1451, 0.0
1452, 0.0
1453, 0.0
1454, 0.0
1455, 0.0
1456, 0.0
1457, 0.0
1458, 0.0
1459, 0.0
1460, 0.0
1461, 0.0
1462, 0.0
1463, 0.0
1464, 0.0
1465, 0.0
1466, 0.0
1467, 0.0
1468, 0.0
1469, 0.0
1470, 0.0
1471, 0.0
1472, 0.0
1473, 0.0
1474, 0.0
1475, 0.0
1476, 0.0
1477, 0.0
1478, 0.0
1479, 0.0
1480, 0.0
1481, 0.0
1482, 0.0
1483, 0.0
1484, 0.0
1485, 0.0
1486, 0.0
1487, 0.0
1488, 0.0
1489, 0.0
1490, 0.0
1491, 0.0
1492, 0.0
1493, 0.0
1494, 0.0
1495, 0.0
1496, 0.0
1497, 0.0
1498, 0.0
1499, 0.0
1500, 0.0
1501, 0.0
1502, 0.0
1503, 0.0
1504, 0.0
1505, 0.0
1506, 0.0
1507, 0.0
1508, 0.0
1509, 0.0
1510, 0.0
1511, 0.0
1512, 0.0
1513, 0.0
1514, 0.0
1515, 0.0
1516, 0.0
1517, 0.0
1518, 0.0
1519, 0.0
1520, 0.0
1521, 0.0
1522, 0.0
1523, 0.0
1524, 0.0
1525, 0.0
1526, 0.0
1527, 0.0
1528, 0.0
1529, 0.0
1530, 0.0
1531, 0.0
1532, 0.0
1533, 0.0
1534, 0.0
1535, 0.0
1536, 0.0
1537, 0.0
1538, 0.0
1539, 0.0
1540, 0.0
1541, 0.0
1542, 0.0
1543, 0.0
1544, 0.0
1545, 0.0
1546, 0.0
1547, 0.0
1548, 0.0
1549, 0.0
1550, 0.0
1551, 0.0
1552, 0.0
1553, 0.0
1554, 0.0
1555, 0.0
1556, 0.0
1557, 0.0
1558, 0.0
1559, 0.0
1560, 0.0
1561, 0.0
1562, 0.0
1563, 0.0
1564, 0.0
1565, 0.0
1566, 0.0
1567, 0.0
1568, 0.0
1569, 0.0
1570, 0.0
1571, 0.0
1572, 0.0
1573, 0.0
1574, 0.0
1575, 0.0
1576, 0.0
1577, 0.0
1578, 0.0
1579, 0.0
1580, 0.0
1581, 0.0
1582, 0.0
1583, 0.0
1584, 0.0
1585, 0.0
1586, 0.0
1587, 0.0
1588, 0.0
1589, 0.0
1590, 0.0
1591, 0.0
1592, 0.0
1593, 0.0
1594, 0.0
1595, 0.0
1596, 0.0
1597, 0.0
1598, 0.0
1599, 0.0
