30, 0.0
31, 0.0
32, 0.0
33, 0.0
34, 0.0
35, 0.0
36, 0.0
37, 0.0
38, 0.0
39, 0.0
40, 0.0
41, 0.0
42, 0.0
43, 0.0
44, 0.0
45, 0.0
46, 0.0
47, 0.0
48, 0.0
49, 0.0
50, 0.0
51, 0.0
52, 0.0
53, 0.0
54, 0.0
55, 0.0
56, 0.0
57, 0.0
58, 0.0
59, 0.0
60, 0.0
61, 0.0
62, 0.0
63, 0.0
64, 0.0
65, 0.0
66, 0.0
67, 0.0
68, 0.0
69, 0.0
70, 0.0
71, 0.0
72, 0.0
73, 0.0
74, 0.0
75, 0.0
76, 0.0
77, 0.0
78, 0.0
79, 0.0
80, 0.0
81, 0.0
82, 0.0
83, 0.0
84, 0.0
85, 0.0
86, 0.0
87, 0.0
88, 0.0
89, 0.0
90, 0.0
91, 0.0
92, 0.0
93, 0.0
94, 0.0
95, 0.0
96, 0.0
97, 0.0
98, 0.0
99, 0.0
100, 0.0
101, 0.0
102, 0.0
103, 0.0
104, 0.0
105, 0.0
106, 0.0
107, 0.0
108, 0.0
109, 0.0
110, 0.0
111, 0.0
112, 0.0
113, 0.0
114, 0.0
115, 0.0
116, 0.0
117, 0.0
118, 0.0
119, 0.0
120, 0.0
121, 0.0
122, 0.0
123, 0.0
124, 0.0
125, 0.0
126, 0.0
127, 0.0
128, 0.0
129, 0.0
130, 0.0
131, 0.0
132, 0.0
133, 0.0
134, 0.0
135, 0.0
136, 0.0
137, 0.0
138, 0.0
139, 0.0
140, 0.0
141, 0.0
142, 0.0
143, 0.0
144, 0.0
145, 0.0
146, 0.0
147, 0.0
148, 0.0
149, 0.0
150, 0.0
151, 0.0
152, 0.0
153, 0.0
154.0, 0.0005691044564652113
155.0, 0.015290938411905399
156.0, 0.04631582300357893
157.0, 0.08968504081202572
158.0, 0.1430529606749308
159.0, 0.20079724602807222
160.0, 0.26156657779919595
161.0, 0.30599151254668167
162.0, 0.3183167135240111
163.0, 0.29396836659121467
164.0, 0.2482853976925322
165.0, 0.1907241381931371
166.0, 0.13856095231459808
167.0, 0.09715517765362354
168.0, 0.0652525670991424
169.0, 0.045872273626518426
170.0, 0.03524347268084316
171.0, 0.030948406498057898
172.0, 0.03331427747011602
173.0, 0.03809520476308465
174.0, 0.03871781274501215
175.0, 0.028203581875201677
176.0, 0.0126632010825304
177.0, 0.0017441432829674872
178.0, 0.0039015664957157753
179.0, 0.004555556039595144
180.0, 0.0008292399696340791
181.0, 0.014057281846115962
182.0, 0.02844207413242962
183.0, 0.04551307635318694
184.0, 0.06633201466066355
185.0, 0.08616557872406223
186.0, 0.09679554200721895
187.0, 0.09058541700849669
188.0, 0.0688277484439225
189.0, 0.04046267667922217
190.0, 0.017418399770976173
191.0, 0.0017897016512305594
192.0, 0.006296292173082135
193.0, 0.008677649400115872
194.0, 0.007379627184844134
195.0, 0.004234032708590713
196.0, 0.0008346545193918903
197.0, 0.003363503818615397
198.0, 0.01079059741222903
199.0, 0.018126827541648773
200.0, 0.028737319099764375
201.0, 0.044201131762359715
202.0, 0.06377810252003177
203.0, 0.08502303867152247
204.0, 0.10899977251057881
205.0, 0.13131709003223854
206.0, 0.14555542969073798
207.0, 0.14434738602610453
208.0, 0.1284947545209567
209.0, 0.1064790641995145
210.0, 0.08494040585998597
211.0, 0.06876721005319944
212.0, 0.05900609128916884
213.0, 0.05474592550152423
214.0, 0.05415416793707952
215.0, 0.054710058602988686
216.0, 0.054483246566759444
217.0, 0.05784861924203477
218.0, 0.06178003654300404
219.0, 0.06247912379089819
220.0, 0.05863124896057204
221.0, 0.05668400744792465
222.0, 0.052572445672219366
223.0, 0.045293254578434416
224.0, 0.036271092026428316
225.0, 0.027448770354118388
226.0, 0.01703335164980891
227.0, 0.00857450612479049
228.0, 0.004230002370808942
229.0, 0.0007535208772105466
230.0, 0.002250390105657963
231.0, 0.0034525717969438965
232.0, 0.0029067506094922167
233.0, 0.00021309661212286517
234.0, 0.0028469753587836047
235.0, 0.007074206979807104
236.0, 0.011360759391966735
237.0, 0.015486106741372806
238.0, 0.020946500768222073
239.0, 0.02885281710079043
240.0, 0.03745421208865144
241.0, 0.0419510385738634
242.0, 0.036184975811588964
243.0, 0.026644231300217362
244.0, 0.018140180480998865
245.0, 0.011748069588839668
246.0, 0.007282563583638027
247.0, 0.004981056439849291
248.0, 0.003444330834654872
249.0, 0.0013917735095840284
250.0, 0.0011897478643272067
251.0, 0.0019673466171888834
252.0, 0.003584005493411075
253.0, 0.003412152781986119
254.0, 0.0019620276019367395
255.0, 0.0005847735087661666
256.0, 0.000961541507063838
257.0, 0.002272554715844887
258.0, 0.005066039393195975
259.0, 0.008782375584182335
260.0, 0.011136207335735348
261.0, 0.013487884286860352
262.0, 0.01618329052726674
263.0, 0.018871224426606898
264.0, 0.021405054831341776
265.0, 0.02482484319101466
266.0, 0.028393698958728206
267.0, 0.03275282203763185
268.0, 0.03830911255790828
269.0, 0.04445156031543372
270.0, 0.04888994957728217
271.0, 0.05200060678197135
272.0, 0.05535218890776832
273.0, 0.05955714873723009
274.0, 0.06330118399442508
275.0, 0.06530994906354752
276.0, 0.06507815983287747
277.0, 0.06150907076717217
278.0, 0.05429831296125378
279.0, 0.047629936874556536
280.0, 0.04208384329735707
281.0, 0.037980538519591024
282.0, 0.03548714325679021
283.0, 0.03453972958902634
284.0, 0.03554034168900036
285.0, 0.03850418498928839
286.0, 0.04259428342020607
287.0, 0.04670391074605575
288.0, 0.04980098965138138
289.0, 0.05099897452216903
290.0, 0.049778590520415555
291.0, 0.04730138792142069
292.0, 0.045346858512930875
293.0, 0.04261269989735678
294.0, 0.04125302194184953
295.0, 0.04071856071688864
296.0, 0.03990061433859194
297.0, 0.03948242198036424
298.0, 0.04333514992297623
299.0, 0.04936169479519444
300.0, 0.0563427977666547
301.0, 0.06454984720523582
302.0, 0.07396766047382537
303.0, 0.0869582981897586
304.0, 0.10508799630504506
305.0, 0.12448456421020843
306.0, 0.13646467724794412
307.0, 0.13230860205501976
308.0, 0.1073315671400381
309.0, 0.07531024499327224
310.0, 0.049847124989145626
311.0, 0.032451030237912744
312.0, 0.021474649524235435
313.0, 0.014626461939835083
314.0, 0.011205602979270545
315.0, 0.010417101965045186
316.0, 0.009298579766179363
317.0, 0.009240719239199518
318.0, 0.01021357501980006
319.0, 0.011577450293486788
320.0, 0.012730064488325837
321.0, 0.01625166424107287
322.0, 0.019553748915121738
323.0, 0.023526932773451064
324.0, 0.029990894236168505
325.0, 0.03967662475184147
326.0, 0.048401361025343245
327.0, 0.05814250628769536
328.0, 0.07044179482231008
329.0, 0.08529481257232828
330.0, 0.09949876244043224
331.0, 0.10752366092189564
332.0, 0.1057327900698852
333.0, 0.0935432013181325
334.0, 0.07455523011279316
335.0, 0.059104538652900426
336.0, 0.047032111586841625
337.0, 0.03864450045772406
338.0, 0.03343439492942924
339.0, 0.02988228702555025
340.0, 0.02832278859875348
341.0, 0.027005113944570378
342.0, 0.0261151134014017
343.0, 0.026203648520563113
344.0, 0.02628892345182963
345.0, 0.025847061442567532
346.0, 0.025338608144284062
347.0, 0.025033732877125434
348.0, 0.025429334769376737
349.0, 0.027632793676545874
350.0, 0.029940879708944712
351.0, 0.033325418364497324
352.0, 0.03789280810645861
353.0, 0.04243795412503844
354.0, 0.046045906736055006
355.0, 0.05177090176366935
356.0, 0.05801654094874667
357.0, 0.06370890180397314
358.0, 0.069499383493697
359.0, 0.07365445212276095
360.0, 0.07460727189277658
361.0, 0.07170395179495315
362.0, 0.06521687902636947
363.0, 0.05642556144804229
364.0, 0.046576025647357584
365.0, 0.039391739879712784
366.0, 0.03441142184148459
367.0, 0.030529557414713252
368.0, 0.029068764656091234
369.0, 0.028683417108655886
370.0, 0.027829763703754947
371.0, 0.025481576457405175
372.0, 0.02150439695612137
373.0, 0.0186006894423152
374.0, 0.013765341902216986
375.0, 0.008998226561360569
376.0, 0.006129655603486035
377.0, 0.004873555125882312
378.0, 0.0023704499983634828
379.0, 0.0010821527591802081
380.0, 0.00021934888600512605
381.0, 0.0008637803228299791
382.0, 0.0017125486315856236
383.0, 0.0020241677920407397
384.0, 0.002359104976639791
385.0, 0.0022905560569514353
386.0, 0.0020625536893856193
387.0, 0.002400122325511284
388.0, 0.0020733861987463115
389.0, 0.0022654979587051066
390.0, 0.0027692035356943244
391.0, 0.0027864099976341625
392.0, 0.0018912698945542596
393.0, 0.00048636359644435985
394.0, 0.0004526231667897942
395.0, 0.00032002476020839637
396.0, 0.0008205702289149038
397.0, 0.0021244292448930825
398.0, 0.003258761332519812
399.0, 0.0043755937018330245
400.0, 0.005983381360281372
401.0, 0.008276508130584745
402.0, 0.010876534630033583
403.0, 0.014558425817353652
404.0, 0.019704410599578268
405.0, 0.024325832638165068
406.0, 0.02835522337222067
407.0, 0.035377639084515175
408.0, 0.04206184498689684
409.0, 0.04880237345808655
410.0, 0.056141797187314484
411.0, 0.0631747513951039
412.0, 0.06699727369441341
413.0, 0.06917863390150755
414.0, 0.06664519117298023
415.0, 0.06124609315978204
416.0, 0.055945204323659015
417.0, 0.05074924655620762
418.0, 0.04610712484530737
419.0, 0.04180460728947398
420.0, 0.03938022260650673
421.0, 0.03915660598704713
422.0, 0.03873917091955347
423.0, 0.04033732731213206
424.0, 0.04383012249895798
425.0, 0.0486926587285719
426.0, 0.05508729196436581
427.0, 0.06458594111136431
428.0, 0.07536285566490285
429.0, 0.0901276231572782
430.0, 0.10820720380854752
431.0, 0.12942472351464035
432.0, 0.15671828494979836
433.0, 0.18807781170722473
434.0, 0.22764649615037763
435.0, 0.27299105165286003
436.0, 0.32299891883498016
437.0, 0.38453027824750113
438.0, 0.46140770785319957
439.0, 0.5505759158686581
440.0, 0.643880457599384
441.0, 0.7135469774330808
442.0, 0.7181092486089551
443.0, 0.6357899372677984
444.0, 0.5084156914947902
445.0, 0.38231070468751466
446.0, 0.2822589199417806
447.0, 0.21014851075368443
448.0, 0.15606868060963622
449.0, 0.11602874389576656
450.0, 0.0874704750053854
451.0, 0.0673475362883
452.0, 0.051745385027153264
453.0, 0.03872805373175811
454.0, 0.029624536288248147
455.0, 0.02211565149127603
456.0, 0.015757908571180066
457.0, 0.01209566048843233
458.0, 0.008967302355703224
459.0, 0.005928552729717256
460.0, 0.003730565289417261
461.0, 0.0016924846716160414
462.0, 0.0008349762612836965
463.0, 0.0010174987138988213
464.0, 0.0020003828631566458
465.0, 0.0028266308204018048
466.0, 0.002616089096003982
467.0, 0.001549051607815195
468.0, 0.0025950882720241126
469.0, 0.0011521271652974246
470.0, 0.00015869990001602307
471.0, 0.002296468254731557
472.0, 0.005787892219458592
473.0, 0.005796613604158534
474.0, 0.006774974392845374
475.0, 0.008856527682728363
476.0, 0.01190038666003111
477.0, 0.015420474796620596
478.0, 0.018130611066785162
479.0, 0.022364804620266146
480.0, 0.024563907847455924
481.0, 0.02665932345883951
482.0, 0.029950852590012896
483.0, 0.03277210338227116
484.0, 0.034766993307695074
485.0, 0.0357427452005682
486.0, 0.03652349872127617
487.0, 0.03674009478446336
488.0, 0.03615280288692007
489.0, 0.03889190027981063
490.0, 0.03948279032387127
491.0, 0.04124087581463525
492.0, 0.043521059897914945
493.0, 0.04383681647210463
494.0, 0.04490024692894159
495.0, 0.044006620834243816
496.0, 0.04376415514793872
497.0, 0.0460263869088641
498.0, 0.04950088855476958
499.0, 0.050893471038902516
500.0, 0.051662830898590494
501.0, 0.05506382820998082
502.0, 0.05895224017918354
503.0, 0.06277243553825589
504.0, 0.0690174697244656
505.0, 0.07835786580290553
506.0, 0.08430402076054459
507.0, 0.09153289521982184
508.0, 0.10092037211070962
509.0, 0.10939883168410125
510.0, 0.11907251614602414
511.0, 0.1300133192799276
512.0, 0.13971399699568696
513.0, 0.14887202698164453
514.0, 0.1593433007066233
515.0, 0.1706158761092614
516.0, 0.17835583168322686
517.0, 0.18942921125255927
518.0, 0.2025996198833559
519.0, 0.21619300424793053
520.0, 0.23166515051370223
521.0, 0.24990165041057522
522.0, 0.27347207480364727
523.0, 0.30553455271017194
524.0, 0.3466516436087597
525.0, 0.39465161612235844
526.0, 0.4476868768063335
527.0, 0.5123123128753421
528.0, 0.5907959018084974
529.0, 0.6825258182345624
530.0, 0.7842290072318103
531.0, 0.8887554170824461
532.0, 0.9686238470060123
533.0, 0.9993277515863386
534.0, 0.9612665864114954
535.0, 0.8569009646540094
536.0, 0.7133739434883707
537.0, 0.5717731761607504
538.0, 0.4515909513835501
539.0, 0.35657113731587586
540.0, 0.28323769688739914
541.0, 0.22784631639945113
542.0, 0.18660766485708055
543.0, 0.15394210688847867
544.0, 0.12601876137933415
545.0, 0.10429913608788598
546.0, 0.08855867068370332
547.0, 0.07626890206305748
548.0, 0.06472630782985359
549.0, 0.05516461365481362
550.0, 0.047916229027310915
551.0, 0.041441020003599296
552.0, 0.034925646704175785
553.0, 0.03113099402424352
554.0, 0.02698621214510649
555.0, 0.024043179096875134
556.0, 0.0210679327780764
557.0, 0.01778932870702462
558.0, 0.015913499382639505
559.0, 0.01359721159359984
560.0, 0.010311450432523479
561.0, 0.009141472008092424
562.0, 0.009017366938375754
563.0, 0.007737759065604557
564.0, 0.007374713089935858
565.0, 0.005395216001923224
566.0, 0.004413158221924538
567.0, 0.0037404654575853716
568.0, 0.0020644013214387415
569.0, 0.00029475577751759117
570.0, 0.0007679186902027931
571.0, 0.0014357561083030283
572.0, 0.0006471009380731557
573.0, 0.00032251827653812784
574.0, 0.00014963843456297301
575.0, 0.0012023699041186966
576.0, 0.0003968536149912548
577.0, 0.0006502864321162946
578.0, 0.0011061864517091058
579.0, 0.00047458964363412276
580.0, 0.0006658240896218213
581.0, 0.0006119734656107668
582.0, 0.0005143384353630492
583.0, 0.0003449069106534224
584.0, 0.0010507797002264072
585.0, 0.002335620537023858
586.0, 8.505138954540079e-05
587.0, 0.0014997549344403552
588.0, 0.00226835786860585
589.0, 0.0028631682403803638
590.0, 0.003491862444454607
591.0, 0.0036278563025507757
592.0, 0.003749730867281047
593.0, 0.00396791528623885
594.0, 0.005364722021496949
595.0, 0.007179431331701201
596.0, 0.00845503493242358
597.0, 0.00885695953125595
598.0, 0.007559132178513768
599.0, 0.007541786364114176
600.0, 0.006008796795949665
601.0, 0.003916097724682858
602.0, 0.002572219866506947
603.0, 0.0013137794864657116
604.0, 0.0005211209641100064
605.0, 0.00046481523239196184
606.0, 0.0003096513128980392
607.0, 0.001504155201889366
608.0, 0.0020253645579080544
609.0, 0.00046912899510160607
610.0, 0.0011790326339325302
611.0, 0.002166849985682262
612.0, 0.0017733189237683436
613.0, 0.0006729875036154513
614.0, 0.00046292654620121734
615.0, 0.001216186918398542
616.0, 0.0013096726870753428
617.0, 0.0007479424641533303
618.0, 0.0005173557985494341
619.0, 0.00042460762862603753
620.0, 0.0006330110211387007
621.0, 0.001835749192543327
622.0, 0.002204198808863762
623.0, 0.0017857127812596605
624.0, 0.0016904745064443988
625.0, 0.002170398422432701
626.0, 0.0021997872252006033
627.0, 0.0024240388215372214
628.0, 0.0033866860180510414
629.0, 0.003473874447943748
630.0, 0.00385884273554673
631.0, 0.005508709762072302
632.0, 0.006169541203638208
633.0, 0.0060395130035920536
634.0, 0.007295889787478893
635.0, 0.00798151252052442
636.0, 0.007919855084954049
637.0, 0.008162387676518822
638.0, 0.008161580615270024
639.0, 0.007071420533205388
640.0, 0.00768978827074861
641.0, 0.007725218103790658
642.0, 0.006600373465616325
643.0, 0.0057937721158513086
644.0, 0.005646611705847186
645.0, 0.005149279634231779
646.0, 0.004498129001469584
647.0, 0.004519307443696656
648.0, 0.005042923866791631
649.0, 0.005247865395060761
650.0, 0.00507340603958039
651.0, 0.003547347514150609
652.0, 0.0034812646455686463
653.0, 0.003766154804571104
654.0, 0.0037838440452449065
655.0, 0.004172762595047564
656.0, 0.004149012338351254
657.0, 0.003562260325806965
658.0, 0.003968133970308965
659.0, 0.004186530976611985
660.0, 0.004219428327794632
661.0, 0.00515630444405097
662.0, 0.005415438838259306
663.0, 0.004933572182934395
664.0, 0.005368528071518955
665.0, 0.005657541713717906
666.0, 0.005646024956092873
667.0, 0.006448152608531473
668.0, 0.007109232273518807
669.0, 0.006796131843454709
670.0, 0.006958280059565822
671.0, 0.007150970403820707
672.0, 0.007706008798125653
673.0, 0.009201264681292235
674.0, 0.00952156683819625
675.0, 0.009532129148466371
676.0, 0.009765650268237542
677.0, 0.01085873560784451
678.0, 0.01239416600518494
679.0, 0.013525484134403791
680.0, 0.014838020990504151
681.0, 0.014588047678951782
682.0, 0.016354898353944755
683.0, 0.018548512174256224
684.0, 0.019656732952706767
685.0, 0.02077982219675059
686.0, 0.024393059253167235
687.0, 0.02505094369504958
688.0, 0.02699939506074682
689.0, 0.030401112617809013
690.0, 0.032745857703525574
691.0, 0.03402401313541515
692.0, 0.03762390899002227
693.0, 0.04002067032292752
694.0, 0.04252529626725255
695.0, 0.045790827058715046
696.0, 0.0498569826457995
697.0, 0.053618177881300355
698.0, 0.0550448414143549
699.0, 0.05773803318966064
700.0, 0.06076707729816441
701.0, 0.06351524167893384
702.0, 0.0652738565962499
703.0, 0.06485610426851757
704.0, 0.061920559405930345
705.0, 0.06001414329937291
706.0, 0.05732921803165781
707.0, 0.05580116020690524
708.0, 0.05381722417763627
709.0, 0.0506064804486502
710.0, 0.04782567501455018
711.0, 0.045618453818836883
712.0, 0.04377860755801947
713.0, 0.042885294305384396
714.0, 0.04249875020762965
715.0, 0.04198618891951458
716.0, 0.04140408825879138
717.0, 0.04169021599222919
718.0, 0.04310865603792995
719.0, 0.04434340117622728
720.0, 0.04559120664821905
721.0, 0.04787707046325044
722.0, 0.050347489491520514
723.0, 0.05034749913906691
724.0, 0.05132632098682023
725.0, 0.050807340446821114
726.0, 0.05041005384854684
727.0, 0.04815709076129242
728.0, 0.04433943843085282
729.0, 0.041469695391087205
730.0, 0.035563582096505196
731.0, 0.03182986736451984
732.0, 0.026889048388348918
733.0, 0.022056911370169043
734.0, 0.018046320439816514
735.0, 0.014130551302356355
736.0, 0.011063968716141468
737.0, 0.00920321178489839
738.0, 0.006667908451678031
739.0, 0.005487520813427354
740.0, 0.005281437723891391
741.0, 0.004486393093924569
742.0, 0.003015026181487055
743.0, 0.0014150613409612315
744.0, 0.001393749427293961
745.0, 0.001330476820272811
746.0, 0.0006201896857457702
747.0, 0.000776019993087901
748.0, 0.002331182648604294
749.0, 0.0010671255026281684
750.0, 0.0008420985847538093
751.0, 0.00019950401132328094
752.0, 0.00032491767558867493
753.0, 0.0005071584132349976
754.0, 0.0006204665315988373
755.0, 2.89861229682045e-05
756.0, 0.0006086416278528094
757.0, 0.0008432658273391783
758.0, 0.00043061441390276455
759.0, 0.0004190914993907076
760.0, 0.0006641062665526305
761.0, 0.0004788758883549316
762.0, 0.0008618824736836859
763.0, 0.0007159345188000917
764.0, 0.0006663023772504705
765.0, 0.0010564787695942625
766.0, 0.00079435311534519
767.0, 9.076586598969107e-05
768.0, 0.00046556870926353633
769.0, 0.0003738811015620328
770.0, 0.000401256216243554
771.0, 0.0003086215808877329
772.0, 0.0005147203311610046
773.0, 5.353019650981059e-05
774.0, 0.0002813528707850981
775.0, 0.0002078149410824629
776.0, 0.0004209557978384635
777.0, 0.0005357407092072067
778.0, 0.0011620213534625546
779.0, 0.0005372592648881296
780.0, 0.000269637061274158
781.0, 0.0009351981505258058
782.0, 0.0006212559851285456
783.0, 0.0006960571144327121
784.0, 0.0006093126240684349
785.0, 0.00033897513557588053
786.0, 0.0004452908319394826
787.0, 7.181927719193337e-05
788.0, 0.0005800575548989799
789.0, 0.0009236796645511341
790.0, 0.0007172574352835354
791.0, 0.0013265710387716247
792.0, 0.0015688519856169425
793.0, 0.0010023545500208882
794.0, 0.0009780602186951922
795.0, 0.0016309491588240598
796.0, 0.0012552651715438418
797.0, 0.0016880147653325734
798.0, 0.002723204144532378
799.0, 0.0027567140574521446
800.0, 0.002643365266168746
801.0, 0.0037068749971529455
802.0, 0.0038714019510533303
803.0, 0.0032601340879241294
804.0, 0.004180954209171648
805.0, 0.0038759265943423362
806.0, 0.0033009483858866145
807.0, 0.003373855142117516
808.0, 0.003308728463259952
809.0, 0.0035965327624609806
810.0, 0.0030551652244201416
811.0, 0.003210542196168355
812.0, 0.004095475468828597
813.0, 0.0042418440930305215
814.0, 0.0038704106441677087
815.0, 0.004217700446695582
816.0, 0.0036723845099201503
817.0, 0.004307646680743164
818.0, 0.004991227492028966
819.0, 0.0048379675573007805
820.0, 0.0039019810577031475
821.0, 0.00380200370240381
822.0, 0.005400312543371354
823.0, 0.005116125531955272
824.0, 0.0038146291382633838
825.0, 0.004212547759663203
826.0, 0.004478427712139059
827.0, 0.004285530104460789
828.0, 0.0040015054892899
829.0, 0.003701928717820512
830.0, 0.005084857540684884
831.0, 0.004379912768635793
832.0, 0.0047845966003613166
833.0, 0.00425198787779445
834.0, 0.00303182177842072
835.0, 0.002807494687080828
836.0, 0.0032858303774258753
837.0, 0.003225233200771244
838.0, 0.0038141895786440822
839.0, 0.003961579832928477
840.0, 0.004222336699091971
841.0, 0.004467487358837824
842.0, 0.004235679353844082
843.0, 0.0034899164931707517
844.0, 0.0024487090891549892
845.0, 0.0027827728566748645
846.0, 0.002781408709105179
847.0, 0.0037748491211152396
848.0, 0.0038655239102914204
849.0, 0.0027711851878311805
850.0, 0.002670304911375363
851.0, 0.0030340629554750282
852.0, 0.0040055681352843524
853.0, 0.004129101202987889
854.0, 0.003123649238550796
855.0, 0.002986023092691626
856.0, 0.0032293745009243906
857.0, 0.0027781344547941227
858.0, 0.0035348972548330535
859.0, 0.0035161474057284793
860.0, 0.0036580058847541013
861.0, 0.0038295391029858883
862.0, 0.004210621154141714
863.0, 0.004302551249039667
864.0, 0.0035048051680650785
865.0, 0.002718326178394237
866.0, 0.00353771901507917
867.0, 0.00480649490063453
868.0, 0.004358159666339746
869.0, 0.004741588740046954
870.0, 0.004851545076497793
871.0, 0.003863469742070275
872.0, 0.004200554962675261
873.0, 0.004808850737379378
874.0, 0.0049821147369546
875.0, 0.004498732467027686
876.0, 0.004407408474714626
877.0, 0.003686479435148618
878.0, 0.0029406994698181364
879.0, 0.003253772009161992
880.0, 0.00342177120190475
881.0, 0.004061738772575791
882.0, 0.003751235924574007
883.0, 0.004402140171891736
884.0, 0.0034383942191744594
885.0, 0.0021765818031780106
886.0, 0.0030540142426168323
887.0, 0.004190816680151661
888.0, 0.0036972008000641043
889.0, 0.003679209430800847
890.0, 0.0037892563293972763
891.0, 0.004185247095759895
892.0, 0.004051883138441138
893.0, 0.0036705756890424842
894.0, 0.0034938351415925947
895.0, 0.0024090359517873325
896.0, 0.0032922995466000402
897.0, 0.0037762808832281065
898.0, 0.0018976834107592097
899.0, 0.0013738772292804186
900.0, 0.00240355402932062
901.0, 0.0029718824544909812
902.0, 0.002977014292400721
903.0, 0.0020844056203724692
904.0, 0.0015400543162157946
905.0, 0.0012484688258471198
906.0, 0.0015276960151984242
907.0, 0.0018338196670249346
908.0, 0.001586243215518505
909.0, 0.0010981110688021334
910.0, 0.001173626044968421
911.0, 0.0010083156547371279
912.0, 0.0014721826761285352
913.0, 0.0014660391356268077
914.0, 0.0013214869291470258
915.0, 0.001132400882549833
916.0, 0.001052724189495027
917.0, 0.001208419193159844
918.0, 0.0009779034734588863
919.0, 0.0007090930649209358
920.0, 7.416849697796374e-05
921.0, 8.097908581283152e-05
922.0, 0.0007785138407665607
923.0, 0.000864890359699085
924.0, 5.674739989831596e-05
925.0, 0.0005137057877447589
926.0, 0.0002532317995866812
927.0, 0.0010547109955217824
928.0, 0.0006098414269327315
929.0, 0.00016355714771566017
930.0, 0.0002871101785816082
931.0, 0.0001931458682210581
932.0, 0.00013694559082621483
933.0, 0.0005108563172640224
934.0, 9.445883699577394e-05
935.0, 0.00027322710532854994
936.0, 3.7927130465731295e-05
937.0, 0.00010853774335289306
938.0, 0.0007444765918615338
939.0, 0.0010891932251558057
940.0, 0.0007650303516211201
941.0, 0.0002012198013766577
942.0, 0.0001939825443524325
943.0, 0.0014776810345179937
944.0, 0.0017139494329142745
945.0, 0.0007442385385612453
946.0, 0.00032937600719148345
947.0, 0.000457164405601889
948.0, 0.0002323839619524178
949.0, 0.000715683204746991
950.0, 0.001163942761207061
951.0, 0.0009303649006730873
952.0, 0.0016474286173748737
953.0, 0.002626860775094179
954.0, 0.004470611259878196
955.0, 0.005601460909103076
956.0, 0.006184179573572819
957.0, 0.008481344183317169
958.0, 0.011315202947254462
959.0, 0.012692085903565888
960.0, 0.016536198090084105
961.0, 0.017959869751183643
962.0, 0.02076840822699947
963.0, 0.024023722006834863
964.0, 0.02530668037428429
965.0, 0.025337385177580732
966.0, 0.021963566013415495
967.0, 0.020695464618945694
968.0, 0.017152493138053736
969.0, 0.01453151841759528
970.0, 0.014480785830737567
971.0, 0.013347918487565495
972.0, 0.011488329953212913
973.0, 0.012638189408607626
974.0, 0.014614426464323605
975.0, 0.015709851575783234
976.0, 0.016673516096281253
977.0, 0.015601911394181498
978.0, 0.01461304540882925
979.0, 0.013714022242006421
980.0, 0.012474280078639233
981.0, 0.011579260715525138
982.0, 0.010700038807550681
983.0, 0.007731604388458582
984.0, 0.005699829833486307
985.0, 0.004480909604331028
986.0, 0.0034139717836506956
987.0, 0.003142836953659944
988.0, 0.0027808071184545384
989.0, 0.0017317975331680795
990.0, 0.001138787032465622
991.0, 0.0014462944364878978
992.0, 0.0033942770226494654
993.0, 0.003108222473319702
994.0, 0.003715642342948836
995.0, 0.005202337019671423
996.0, 0.006243312302946626
997.0, 0.007717993970298004
998.0, 0.01028050904503494
999.0, 0.012258810084265109
1000.0, 0.014754866854650332
1001.0, 0.017678255357442347
1002.0, 0.019663784470913808
1003.0, 0.02240643474000817
1004.0, 0.026186268446340404
1005.0, 0.03032342139082165
1006.0, 0.03298565242824968
1007.0, 0.033118619223705174
1008.0, 0.03310716705527566
1009.0, 0.03105929953702332
1010.0, 0.030107593825447265
1011.0, 0.026376925138100048
1012.0, 0.023215322787002217
1013.0, 0.020454909535865852
1014.0, 0.017838930119447594
1015.0, 0.016473815714434313
1016.0, 0.01542852852037096
1017.0, 0.013214622816540001
1018.0, 0.012909844186386913
1019.0, 0.012849862411560138
1020.0, 0.011119180019271794
1021.0, 0.012160035386276354
1022.0, 0.01317702219963759
1023.0, 0.013222381772690948
1024.0, 0.014849061059957766
1025.0, 0.0163003587423344
1026.0, 0.018667829954425307
1027.0, 0.0241336489276561
1028.0, 0.031159861397361637
1029.0, 0.039937739474268034
1030.0, 0.05006537255108592
1031.0, 0.063189972225151
1032.0, 0.07935810262092954
1033.0, 0.09728742478894432
1034.0, 0.11755031338438436
1035.0, 0.14000607576131038
1036.0, 0.1666368635549068
1037.0, 0.19661715030327157
1038.0, 0.21584632175254687
1039.0, 0.21606380439067988
1040.0, 0.19780933728972852
1041.0, 0.1676909837754588
1042.0, 0.133083481381783
1043.0, 0.09966314350475869
1044.0, 0.07342583708615784
1045.0, 0.05680883259622588
1046.0, 0.0444895041691195
1047.0, 0.0350395540142346
1048.0, 0.02697162927169457
1049.0, 0.020929437506869136
1050.0, 0.01795960560463384
1051.0, 0.016737276308509717
1052.0, 0.01501216116112681
1053.0, 0.013055818148005858
1054.0, 0.012424831870786891
1055.0, 0.014029467881912163
1056.0, 0.01328576526627606
1057.0, 0.012798019375476867
1058.0, 0.012686133641416785
1059.0, 0.012058414529559434
1060.0, 0.01085024781782795
1061.0, 0.009228392843298242
1062.0, 0.00796191972491578
1063.0, 0.00841192016855514
1064.0, 0.0080962513266562
1065.0, 0.008919331419019216
1066.0, 0.009218544252621367
1067.0, 0.009263317546445254
1068.0, 0.009631625221209174
1069.0, 0.010845511181290167
1070.0, 0.01308171056980087
1071.0, 0.01564399562069911
1072.0, 0.01836644985138269
1073.0, 0.021193879697985675
1074.0, 0.023043100200579605
1075.0, 0.02495075037680414
1076.0, 0.028133698789678366
1077.0, 0.030604092359650444
1078.0, 0.03281620559075272
1079.0, 0.035139941702597134
1080.0, 0.03668318907907933
1081.0, 0.03887174737607322
1082.0, 0.04096184522782218
1083.0, 0.0416435008664178
1084.0, 0.040998270998418684
1085.0, 0.04199863582882442
1086.0, 0.0423402211191893
1087.0, 0.04274779857047915
1088.0, 0.04263395242834482
1089.0, 0.042223305286094866
1090.0, 0.043840807502663365
1091.0, 0.04125615751172323
1092.0, 0.037644192858936526
1093.0, 0.03452258808286786
1094.0, 0.02963722529856306
1095.0, 0.025204427500814308
1096.0, 0.01943812759550829
1097.0, 0.015660685200570332
1098.0, 0.014113654173325808
1099.0, 0.011488999407353664
1100.0, 0.008971489716721138
1101.0, 0.007061739361579433
1102.0, 0.005162791952171547
1103.0, 0.0038000551976285686
1104.0, 0.003989908998101839
1105.0, 0.0023035251119295362
1106.0, 0.0023986329439232177
1107.0, 0.0028756348560780454
1108.0, 0.0012299256251030834
1109.0, 6.259928409321055e-05
1110.0, 0.0002848470665371325
1111.0, 0.0005749189457803311
1112.0, 0.0005668847961443789
1113.0, 4.613333538297345e-05
1114.0, 0.0006450283418940667
1115.0, 0.0002844421129233741
1116.0, 4.74173026310811e-05
1117.0, 0.00031599404799431766
1118.0, 0.001079756999436741
1119.0, 0.0011065605452061406
1120.0, 0.00010000731382231577
1121.0, 0.00034066876725582216
1122.0, 0.0007893309223763196
1123.0, 0.0003809186227251987
1124.0, 0.0010850603983936088
1125.0, 0.00031782149594156774
1126.0, 0.0003132196615595641
1127.0, 0.0004246139124979984
1128.0, 0.000498133642730446
1129.0, 0.000374046008000516
1130.0, 0.00014758922731767155
1131.0, 0.00028323253267280833
1132.0, 0.00035771244265438086
1133.0, 0.0010345732861666158
1134.0, 0.00024442582405435654
1135.0, 0.0010763123641270493
1136.0, 0.0008312746403999373
1137.0, 3.089849041015124e-05
1138.0, 0.0008751835819587014
1139.0, 0.001070078176228082
1140.0, 0.00028550719497511136
1141.0, 0.00038847808415785515
1142.0, 0.00015164538527638269
1143.0, 0.00024873723891547086
1144.0, 0.000833193209473212
1145.0, 0.0004602205516002824
1146.0, 0.0010514908508450637
1147.0, 0.0015479261175771108
1148.0, 0.0013455656329698711
1149.0, 0.001028457633278519
1150.0, 0.0009004604437730499
1151.0, 0.0010710386811093946
1152.0, 0.001477333054014262
1153.0, 0.0010159173353223138
1154.0, 0.0005288429177739112
1155.0, 0.001256442926164448
1156.0, 0.001342264404519157
1157.0, 0.002045288588911833
1158.0, 0.0019033256510323678
1159.0, 0.0013673378951906479
1160.0, 0.001619025290706967
1161.0, 0.0015314454977321068
1162.0, 0.0011692166821112772
1163.0, 0.0021087150056756545
1164.0, 0.0019672583936164332
1165.0, 0.0022019063211585555
1166.0, 0.002041647085664311
1167.0, 0.0028499041614320135
1168.0, 0.002632078948306445
1169.0, 0.0018673610605634602
1170.0, 0.0018186104167859595
1171.0, 0.0023063500566542954
1172.0, 0.002789061118888273
1173.0, 0.0027686532049665683
1174.0, 0.0023192957330349646
1175.0, 0.0032312808749859977
1176.0, 0.0026891455052001907
1177.0, 0.0020985919051152487
1178.0, 0.003018897837152279
1179.0, 0.004091746460240399
1180.0, 0.003439967518920287
1181.0, 0.0034960523025722315
1182.0, 0.003341479466373519
1183.0, 0.002903346300696075
1184.0, 0.0028632316647301923
1185.0, 0.0022280298090367992
1186.0, 0.0023491389556110523
1187.0, 0.0029491348118405878
1188.0, 0.003688295909547925
1189.0, 0.0027111151735564674
1190.0, 0.0029361616347924335
1191.0, 0.0029695260798306097
1192.0, 0.0029814567671310587
1193.0, 0.002296262729693365
1194.0, 0.0019670620935812073
1195.0, 0.002529047863656552
1196.0, 0.0027614484933786644
1197.0, 0.0025605645641671206
1198.0, 0.002655915220244753
1199.0, 0.0029011142476980164
1200.0, 0.002630540992803089
1201.0, 0.0013313927597235124
1202.0, 0.002432620515441894
1203.0, 0.0025003149820954076
1204.0, 0.0017652684469878766
1205.0, 0.0016111703160183889
1206.0, 0.0022202081132960297
1207.0, 0.0019147235698137078
1208.0, 0.0013257755683692518
1209.0, 0.0027964039654963593
1210.0, 0.0017588774942077258
1211.0, 0.00150672910952521
1212.0, 0.0019004082006035734
1213.0, 0.0020131609354806144
1214.0, 0.0022293115559136253
1215.0, 0.0016928633690296779
1216.0, 0.0013852064115530496
1217.0, 0.0010441850044256434
1218.0, 0.0014416482257132556
1219.0, 0.001980797826620712
1220.0, 0.0015962486489179868
1221.0, 0.0013686505547542483
1222.0, 0.0013586647523020758
1223.0, 0.001882465603203693
1224.0, 0.0019964967159184195
1225.0, 0.002521711182588234
1226.0, 0.0018292497869982468
1227.0, 0.0026382769489241495
1228.0, 0.0016105340436430092
1229.0, 0.0011437418950105565
1230.0, 0.001806778768350096
1231.0, 0.001876181791720273
1232.0, 0.0010332119083782789
1233.0, 0.000467964158420011
1234.0, 0.0010914254496614134
1235.0, 0.0009376516310921823
1236.0, 0.0012113949071261476
1237.0, 0.0009338928378425266
1238.0, 0.0007179472860101167
1239.0, 0.0012539263941593643
1240.0, 0.001545404838289636
1241.0, 0.0011628600439352941
1242.0, 0.0015722263621080253
1243.0, 0.0018190687094293805
1244.0, 0.0014120394161193984
1245.0, 0.0017056072908988706
1246.0, 0.0020002570691248053
1247.0, 0.0009297482518353656
1248.0, 0.0016789979796447917
1249.0, 0.0014469319759395289
1250.0, 0.002083673595983709
1251.0, 0.0014899779093432818
1252.0, 0.00024183307701172203
1253.0, 0.000499105006268714
1254.0, 0.0010702393421300467
1255.0, 0.0021929582030530467
1256.0, 0.002403614861638908
1257.0, 0.0019497864054101464
1258.0, 0.0016982047637737155
1259.0, 0.0015950812639452013
1260.0, 0.001858677710925611
1261.0, 0.0010385674785483112
1262.0, 0.001265598690365485
1263.0, 0.00015579192282246868
1264.0, 0.0015996916436199996
1265.0, 0.0013135291170285823
1266.0, 0.0007172083356201851
1267.0, 0.00034525054570723446
1268.0, 0.0004837333882177835
1269.0, 0.0006428107355424038
1270.0, 0.0008251335738915312
1271.0, 0.0011427041818386423
1272.0, 0.0011349559804133755
1273.0, 0.001475710623664662
1274.0, 0.0009422734357228141
1275.0, 0.00042315089415728485
1276.0, 0.0008905601034744331
1277.0, 0.0006310270239576691
1278.0, 0.0008811903849933395
1279.0, 0.00019782450184035197
1280.0, 0.0001371280390534057
1281.0, 0.0019262141980573271
1282.0, 0.0018804157052581918
1283.0, 0.0014220448792949462
1284.0, 0.0014848592328090173
1285.0, 0.0019506282657411993
1286.0, 0.002209217022594545
1287.0, 0.0015600931385443173
1288.0, 0.001068588913330998
1289.0, 0.0012845969104926117
1290.0, 0.002395952098381716
1291.0, 0.0014472788080009322
1292.0, 0.0016707358466144932
1293.0, 0.002566082727375704
1294.0, 0.0012905106968662335
1295.0, 0.0014751252736352038
1296.0, 0.0018555485986763124
1297.0, 0.0012158334879458772
1298.0, 0.0012687357657980942
1299.0, 0.001754608627560254
1300.0, 0.0019363679912064952
1301.0, 0.0012953509141986792
1302.0, 8.872641601347007e-05
1303.0, 0.000527274903960558
1304.0, 0.0011136194589382226
1305.0, 9.6066042753708e-05
1306.0, 0.0002848013148566286
1307.0, 0.0013720062210470332
1308.0, 0.0016770262919315417
1309.0, 0.0008966742886349332
1310.0, 0.00021754733244895298
1311.0, 0.0001489386190942534
1312.0, 0.00046348121218889944
1313.0, 0.0002354331191959596
1314.0, 2.014199377897597e-05
1315, 0.0
1316, 0.0
1317, 0.0
1318, 0.0
1319, 0.0
1320, 0.0
1321, 0.0
1322, 0.0
1323, 0.0
1324, 0.0
1325, 0.0
1326, 0.0
1327, 0.0
1328, 0.0
1329, 0.0
1330, 0.0
1331, 0.0
1332, 0.0
1333, 0.0
1334, 0.0
1335, 0.0
1336, 0.0
1337, 0.0
1338, 0.0
1339, 0.0
1340, 0.0
1341, 0.0
1342, 0.0
1343, 0.0
1344, 0.0
1345, 0.0
1346, 0.0
1347, 0.0
1348, 0.0
1349, 0.0
1350, 0.0
1351, 0.0
1352, 0.0
1353, 0.0
1354, 0.0
1355, 0.0
1356, 0.0
1357, 0.0
1358, 0.0
1359, 0.0
1360, 0.0
1361, 0.0
1362, 0.0
1363, 0.0
1364, 0.0
1365, 0.0
1366, 0.0
1367, 0.0
1368, 0.0
1369, 0.0
1370, 0.0
1371, 0.0
1372, 0.0
1373, 0.0
1374, 0.0
1375, 0.0
1376, 0.0
1377, 0.0
1378, 0.0
1379, 0.0
1380, 0.0
1381, 0.0
1382, 0.0
1383, 0.0
1384, 0.0
1385, 0.0
1386, 0.0
1387, 0.0
1388, 0.0
1389, 0.0
1390, 0.0
1391, 0.0
1392, 0.0
1393, 0.0
1394, 0.0
1395, 0.0
1396, 0.0
1397, 0.0
1398, 0.0
1399, 0.0
1400, 0.0
1401, 0.0
1402, 0.0
1403, 0.0
1404, 0.0
1405, 0.0
1406, 0.0
1407, 0.0
1408, 0.0
1409, 0.0
1410, 0.0
1411, 0.0
1412, 0.0
1413, 0.0
1414, 0.0
1415, 0.0
1416, 0.0
1417, 0.0
1418, 0.0
1419, 0.0
1420, 0.0
1421, 0.0
1422, 0.0
1423, 0.0
1424, 0.0
1425, 0.0
1426, 0.0
1427, 0.0
1428, 0.0
1429, 0.0
1430, 0.0
1431, 0.0
1432, 0.0
1433, 0.0
1434, 0.0
1435, 0.0
1436, 0.0
1437, 0.0
1438, 0.0
1439, 0.0
1440, 0.0
1441, 0.0
1442, 0.0
1443, 0.0
1444, 0.0
1445, 0.0
1446, 0.0
1447, 0.0
1448, 0.0
1449, 0.0
1450, 0.0
1451, 0.0
1452, 0.0
1453, 0.0
1454, 0.0
1455, 0.0
1456, 0.0
1457, 0.0
1458, 0.0
1459, 0.0
1460, 0.0
1461, 0.0
1462, 0.0
1463, 0.0
1464, 0.0
1465, 0.0
1466, 0.0
1467, 0.0
1468, 0.0
1469, 0.0
1470, 0.0
1471, 0.0
1472, 0.0
1473, 0.0
1474, 0.0
1475, 0.0
1476, 0.0
1477, 0.0
1478, 0.0
1479, 0.0
1480, 0.0
1481, 0.0
1482, 0.0
1483, 0.0
1484, 0.0
1485, 0.0
1486, 0.0
1487, 0.0
1488, 0.0
1489, 0.0
1490, 0.0
1491, 0.0
1492, 0.0
1493, 0.0
1494, 0.0
1495, 0.0
1496, 0.0
1497, 0.0
1498, 0.0
1499, 0.0
1500, 0.0
1501, 0.0
1502, 0.0
1503, 0.0
1504, 0.0
1505, 0.0
1506, 0.0
1507, 0.0
1508, 0.0
1509, 0.0
1510, 0.0
1511, 0.0
1512, 0.0
1513, 0.0
1514, 0.0
1515, 0.0
1516, 0.0
1517, 0.0
1518, 0.0
1519, 0.0
1520, 0.0
1521, 0.0
1522, 0.0
1523, 0.0
1524, 0.0
1525, 0.0
1526, 0.0
1527, 0.0
1528, 0.0
1529, 0.0
1530, 0.0
1531, 0.0
1532, 0.0
1533, 0.0
1534, 0.0
1535, 0.0
1536, 0.0
1537, 0.0
1538, 0.0
1539, 0.0
1540, 0.0
1541, 0.0
1542, 0.0
1543, 0.0
1544, 0.0
1545, 0.0
1546, 0.0
1547, 0.0
1548, 0.0
1549, 0.0
1550, 0.0
1551, 0.0
1552, 0.0
1553, 0.0
1554, 0.0
1555, 0.0
1556, 0.0
1557, 0.0
1558, 0.0
1559, 0.0
1560, 0.0
1561, 0.0
1562, 0.0
1563, 0.0
1564, 0.0
1565, 0.0
1566, 0.0
1567, 0.0
1568, 0.0
1569, 0.0
1570, 0.0
1571, 0.0
1572, 0.0
1573, 0.0
1574, 0.0
1575, 0.0
1576, 0.0
1577, 0.0
1578, 0.0
1579, 0.0
1580, 0.0
1581, 0.0
1582, 0.0
1583, 0.0
1584, 0.0
1585, 0.0
1586, 0.0
1587, 0.0
1588, 0.0
1589, 0.0
1590, 0.0
1591, 0.0
1592, 0.0
1593, 0.0
1594, 0.0
1595, 0.0
1596, 0.0
1597, 0.0
1598, 0.0
1599, 0.0
