30, 0.0
31, 0.0
32, 0.0
33, 0.0
34, 0.0
35, 0.0
36, 0.0
37, 0.0
38, 0.0
39, 0.0
40, 0.0
41, 0.0
42, 0.0
43, 0.0
44, 0.0
45, 0.0
46, 0.0
47, 0.0
48, 0.0
49, 0.0
50, 0.0
51, 0.0
52, 0.0
53, 0.0
54, 0.0
55, 0.0
56, 0.0
57, 0.0
58, 0.0
59, 0.0
60, 0.0
61, 0.0
62, 0.0
63, 0.0
64, 0.0
65, 0.0
66, 0.0
67, 0.0
68, 0.0
69, 0.0
70, 0.0
71, 0.0
72, 0.0
73, 0.0
74, 0.0
75, 0.0
76, 0.0
77, 0.0
78, 0.0
79, 0.0
80, 0.0
81, 0.0
82, 0.0
83, 0.0
84, 0.0
85, 0.0
86, 0.0
87, 0.0
88, 0.0
89, 0.0
90, 0.0
91, 0.0
92, 0.0
93, 0.0
94, 0.0
95, 0.0
96, 0.0
97, 0.0
98, 0.0
99, 0.0
100, 0.0
101, 0.0
102, 0.0
103, 0.0
104, 0.0
105, 0.0
106, 0.0
107, 0.0
108, 0.0
109, 0.0
110, 0.0
111, 0.0
112, 0.0
113, 0.0
114, 0.0
115, 0.0
116, 0.0
117, 0.0
118, 0.0
119, 0.0
120, 0.0
121, 0.0
122, 0.0
123, 0.0
124, 0.0
125, 0.0
126, 0.0
127, 0.0
128, 0.0
129, 0.0
130, 0.0
131, 0.0
132, 0.0
133, 0.0
134, 0.0
135, 0.0
136, 0.0
137, 0.0
138, 0.0
139, 0.0
140, 0.0
141, 0.0
142, 0.0
143, 0.0
144, 0.0
145, 0.0
146, 0.0
147, 0.0
148, 0.0
149, 0.0
150, 0.0
151, 0.0
152, 0.0
153, 0.0
154, 0.0
155.0, 0.013276302719512136
156.0, 0.024100320663132672
157.0, 0.024221420656794317
158.0, 0.020933812570389627
159.0, 0.010429472672978642
160.0, 0.0036390423617448714
161.0, 0.0010662084118952773
162.0, 0.0008394124389229558
163.0, 0.0033584587878973796
164.0, 0.002327210338374956
165.0, 0.0006371067179690432
166.0, 0.00022208237407545423
167.0, 0.0006326052984277931
168.0, 0.0022910238935208715
169.0, 0.0027644606556695268
170.0, 0.0007737260003399135
171.0, 0.0029756431970000517
172.0, 0.005617869919301753
173.0, 0.004733480655104437
174.0, 0.0032838716857434866
175.0, 0.006087580062143226
176.0, 0.007620120094222873
177.0, 0.006861941692192914
178.0, 0.005772347564883024
179.0, 0.007230723228229006
180.0, 0.00873702770922667
181.0, 0.009986634791000206
182.0, 0.012603023763943793
183.0, 0.017694013513988992
184.0, 0.01592598617491033
185.0, 0.013647379292713665
186.0, 0.01532246013662058
187.0, 0.019683164938492117
188.0, 0.01635039358152222
189.0, 0.011474994090686627
190.0, 0.007835780704350556
191.0, 0.006264343999530731
192.0, 0.007203876752470573
193.0, 0.005854457366959608
194.0, 0.007560475388240102
195.0, 0.01157308561520344
196.0, 0.009674160312513594
197.0, 0.009016222012021772
198.0, 0.011261810231802111
199.0, 0.015625916792311026
200.0, 0.0209456085140199
201.0, 0.027331879999084516
202.0, 0.03790189246241364
203.0, 0.05307678993731009
204.0, 0.07027403529291465
205.0, 0.08063711166009298
206.0, 0.08961533319195825
207.0, 0.09927507345553852
208.0, 0.11172668149122514
209.0, 0.12981316611830324
210.0, 0.1536348403483447
211.0, 0.1792266724954943
212.0, 0.20929332397871456
213.0, 0.24941722435387212
214.0, 0.30476276873067876
215.0, 0.34806429412630596
216.0, 0.3775189052275726
217.0, 0.409886748917221
218.0, 0.48011849788187294
219.0, 0.5612434183137478
220.0, 0.5079665301030066
221.0, 0.339558492466666
222.0, 0.1986993066296076
223.0, 0.13622770036775655
224.0, 0.11057793833112137
225.0, 0.10476933947996579
226.0, 0.10960123733135839
227.0, 0.10893130872913032
228.0, 0.10368159572013018
229.0, 0.1018468897769354
230.0, 0.10208773741881284
231.0, 0.09660044512196633
232.0, 0.09434592749871001
233.0, 0.09425515397675538
234.0, 0.09439623384705881
235.0, 0.09462643782591715
236.0, 0.09906114916592315
237.0, 0.10243637147551496
238.0, 0.1092074651108979
239.0, 0.12055676687892132
240.0, 0.13258272059298676
241.0, 0.14126487193638465
242.0, 0.1501221818977694
243.0, 0.16062918789551875
244.0, 0.172853187020747
245.0, 0.18423385559578345
246.0, 0.18040813658717175
247.0, 0.16949792120203483
248.0, 0.157281266625882
249.0, 0.1404481935253402
250.0, 0.12205797591464587
251.0, 0.10291670787168461
252.0, 0.08997263262716311
253.0, 0.08663689295335611
254.0, 0.07601889857831456
255.0, 0.07038635926040578
256.0, 0.0634113296322625
257.0, 0.05243838295179377
258.0, 0.04397282308337778
259.0, 0.035073427996714396
260.0, 0.02814352223224543
261.0, 0.02363428236891518
262.0, 0.020169443400582594
263.0, 0.015087146175311627
264.0, 0.012349206680168055
265.0, 0.013305874492615102
266.0, 0.014183307825092197
267.0, 0.008333625753619562
268.0, 0.005835147847398103
269.0, 0.005973580835782918
270.0, 0.007086069738834258
271.0, 0.007463764420683777
272.0, 0.0034846360907180678
273.0, 0.003593190971836937
274.0, 0.005216919466397899
275.0, 0.005115150324716206
276.0, 0.003007752115955188
277.0, 0.001965619999099075
278.0, 0.0015781064999340786
279.0, 0.001295315095803798
280.0, 0.0014779563349919774
281.0, 0.0034122061059358878
282.0, 0.0028676632869990685
283.0, 0.002179082870164433
284.0, 0.002121539034867894
285.0, 0.001542905389820495
286.0, 0.0013867316699749197
287.0, 0.0006066569601356687
288.0, 0.00043552578221473464
289.0, 0.0014006973286530948
290.0, 0.0017704278192662453
291.0, 0.002187662674208578
292.0, 0.0006965796193364613
293.0, 0.0017768069091626097
294.0, 0.0004671018320547804
295.0, 0.0018310097428140659
296.0, 0.0016715043549861714
297.0, 0.0034119174515269885
298.0, 0.0008810273149450797
299.0, 0.0008204801227980379
300.0, 0.0010505672396332038
301.0, 0.0014124644891699571
302.0, 0.0003260234797763338
303.0, 0.00067660444808214
304.0, 0.0004985094788658584
305.0, 0.0004475337824076705
306.0, 0.0008374733418167516
307.0, 0.000359471852807039
308.0, 0.00010809487727578958
309.0, 0.0006151732227938113
310.0, 0.001137468213321534
311.0, 0.002870569004780399
312.0, 0.004891926517081809
313.0, 0.0037350547143545146
314.0, 0.0039048127483892543
315.0, 0.003293980569646152
316.0, 0.0030741558766618268
317.0, 0.004323925098068514
318.0, 0.003153785307649951
319.0, 0.0030884097183881657
320.0, 0.0035638253269884308
321.0, 0.003422991778528658
322.0, 0.0025432685681675894
323.0, 0.004433025495169841
324.0, 0.0035145357017970203
325.0, 0.0018314430553201626
326.0, 0.001459296589552092
327.0, 0.002216092955339815
328.0, 0.0025770052515351406
329.0, 0.0024891367902920743
330.0, 0.0023532574969546507
331.0, 0.00245218730188919
332.0, 0.0024615202756667893
333.0, 0.0064435165516028795
334.0, 0.005195156720615812
335.0, 0.0015078117237648356
336.0, 0.0042954010115174406
337.0, 0.005474272000128639
338.0, 0.005103981943899139
339.0, 0.0035758279067097756
340.0, 0.0028830930143335575
341.0, 0.005407127648145866
342.0, 0.0021454627936424004
343.0, 0.00043747561444359214
344.0, 0.001331975637185897
345.0, 0.0021450992970304937
346.0, 0.0016352446954967473
347.0, 0.0036508011947679014
348.0, 0.003325585317703149
349.0, 0.0023195744172199483
350.0, 0.0031540075022432387
351.0, 0.0008936700643660271
352.0, 0.0003717605407414224
353.0, 0.0018009265704598057
354.0, 0.0018399695165663462
355.0, 0.002431495467310372
356.0, 0.0013143458125836175
357.0, 0.0016806110880369966
358.0, 0.0013598902268084304
359.0, 0.00014886326036560476
360.0, 0.00023320184788464421
361.0, 0.0008972399729084035
362.0, 0.0010971722615243738
363.0, 0.00019242784846211974
364.0, 0.0018563185454209764
365.0, 0.0011100578067092244
366.0, 0.0015108352278308966
367.0, 0.002016922320188754
368.0, 0.0011881254274160064
369.0, 0.0006921270249433418
370.0, 0.0038093866630210796
371.0, 0.0021122128614606476
372.0, 0.0010966611003029537
373.0, 0.0021962604310621302
374.0, 0.0029849464610523383
375.0, 0.0029658668581810416
376.0, 0.003923026175343428
377.0, 0.004354827900011971
378.0, 0.003919614344740674
379.0, 0.003294310187851461
380.0, 0.0022435438789949074
381.0, 0.0020171629651531946
382.0, 0.0028452823881938644
383.0, 0.0035397588102426703
384.0, 0.00333468190938169
385.0, 0.005549215803790839
386.0, 0.003949850130588081
387.0, 0.004566345243962364
388.0, 0.007129830606562666
389.0, 0.004115701135994011
390.0, 0.002310010944353948
391.0, 0.001888136526308324
392.0, 0.001801812041115991
393.0, 0.0015604108444354327
394.0, 0.0014097104118972826
395.0, 0.0007883127392974323
396.0, 0.00016879841953720658
397.0, 0.0004548511545256275
398.0, 0.00021004893797259665
399.0, 0.000838457383976883
400.0, 0.0005345998483974422
401.0, 0.0011295024450890926
402.0, 0.0008217453534006232
403.0, 0.00010738889467191905
404.0, 0.0022187275112380937
405.0, 0.0017345140542258722
406.0, 0.0004943474273558737
407.0, 0.0014641808435136786
408.0, 0.003351667719140835
409.0, 0.002163347988449981
410.0, 0.00048277710702561243
411.0, 0.0003915620198403651
412.0, 0.00044205346501505633
413.0, 0.0003534515854217485
414.0, 0.0003169425839940872
415.0, 0.0009831628400889488
416.0, 0.0025287535180735852
417.0, 0.005100379331788043
418.0, 0.008024853508161062
419.0, 0.005197463122745804
420.0, 0.00413875026967729
421.0, 0.006039220152045846
422.0, 0.010064435954527698
423.0, 0.013386500343312275
424.0, 0.011047867206687215
425.0, 0.01335926837329198
426.0, 0.015530585131938886
427.0, 0.01762051910228302
428.0, 0.020339100968497136
429.0, 0.01704489738868791
430.0, 0.01638808040977944
431.0, 0.01934387650711374
432.0, 0.02272428564509216
433.0, 0.024115030646500772
434.0, 0.02544239540816065
435.0, 0.02349150118415124
436.0, 0.022457106354667616
437.0, 0.02331910088213924
438.0, 0.023115367348468894
439.0, 0.0191770677647433
440.0, 0.017489861450472717
441.0, 0.011729340011979245
442.0, 0.004841016148999815
443.0, 0.0015528180711585548
444.0, 0.00036732304242874386
445.0, 0.002623189570350245
446.0, 0.00365566982970831
447.0, 0.0022555135210006708
448.0, 0.00011878301286593005
449.0, 0.000401181784533803
450.0, 0.0053052973982855925
451.0, 0.006634023302991399
452.0, 0.007517287429509574
453.0, 0.012202643835643482
454.0, 0.018019840382260132
455.0, 0.027579406455952332
456.0, 0.03548588597845986
457.0, 0.04759890771763195
458.0, 0.0647541707508458
459.0, 0.07784913911933096
460.0, 0.09790047651686835
461.0, 0.11623412490222722
462.0, 0.13573678661261848
463.0, 0.1611179155122829
464.0, 0.19157268027061664
465.0, 0.21987460221807809
466.0, 0.24922312812922925
467.0, 0.2799908419248934
468.0, 0.3113491353765775
469.0, 0.34424147185404713
470.0, 0.38548220219374735
471.0, 0.42584987456497175
472.0, 0.4670102044501959
473.0, 0.4956229087809877
474.0, 0.4944887676742117
475.0, 0.4801718186505098
476.0, 0.47175799882243313
477.0, 0.4791159732929043
478.0, 0.5058829683242511
479.0, 0.5506848271568513
480.0, 0.6070044182795062
481.0, 0.6637259638910031
482.0, 0.7273905742549805
483.0, 0.7912797727746015
484.0, 0.8495084834750446
485.0, 0.91171350285551
486.0, 0.9593451017343378
487.0, 0.9897777752126501
488.0, 0.9997337569321807
489.0, 0.9824898217591975
490.0, 0.9277971698622818
491.0, 0.8477107872874223
492.0, 0.7541768206882575
493.0, 0.6628210083900353
494.0, 0.5812228441193282
495.0, 0.5069888484621741
496.0, 0.4441011694832347
497.0, 0.39242714540244295
498.0, 0.34844754221929986
499.0, 0.3105991807019279
500.0, 0.27805372187251975
501.0, 0.24729517374510832
502.0, 0.22935013959602016
503.0, 0.20909211084840654
504.0, 0.18789883790623563
505.0, 0.17272643504898552
506.0, 0.15863641249004246
507.0, 0.1510094913976921
508.0, 0.14194539784901394
509.0, 0.13530861442089573
510.0, 0.13196476172379493
511.0, 0.12484018905933762
512.0, 0.11863397842405032
513.0, 0.1169133190220433
514.0, 0.11200597007691476
515.0, 0.10491920705652848
516.0, 0.1021126746991034
517.0, 0.09853286497266377
518.0, 0.09360991673714718
519.0, 0.09074140224879285
520.0, 0.0899601676723093
521.0, 0.08808578037430156
522.0, 0.08199771183897468
523.0, 0.0782069825917066
524.0, 0.07299375246818267
525.0, 0.07054389060086506
526.0, 0.07013425286179455
527.0, 0.06293446819830648
528.0, 0.06276659152391022
529.0, 0.05516609243575787
530.0, 0.051115417458101754
531.0, 0.05071906419185244
532.0, 0.044675597122291855
533.0, 0.04115079106982272
534.0, 0.03574312903571682
535.0, 0.03337768518767247
536.0, 0.030860151984099412
537.0, 0.025618723517206607
538.0, 0.02341187006859408
539.0, 0.02007804662842386
540.0, 0.016642827810758182
541.0, 0.015658244857234827
542.0, 0.01615881698705633
543.0, 0.014238924639632965
544.0, 0.012313201630971393
545.0, 0.011502055141433447
546.0, 0.011649581141466669
547.0, 0.011800061555377326
548.0, 0.010858036311914029
549.0, 0.008381888359695446
550.0, 0.009164871304363073
551.0, 0.010066892592408103
552.0, 0.009284644093345314
553.0, 0.006938088823785197
554.0, 0.004618449274493283
555.0, 0.004744617267489001
556.0, 0.003920065910996635
557.0, 0.003184876943402397
558.0, 0.0021826153311108433
559.0, 0.0008475109643910032
560.0, 0.0029221522861914186
561.0, 0.002146765115326657
562.0, 0.0018962632966296256
563.0, 0.0012228481976925497
564.0, 0.0018188887500712083
565.0, 7.801777639134008e-05
566.0, 0.0014856994202831898
567.0, 0.001514137664097973
568.0, 0.0002071667997066528
569.0, 0.0007898594143867595
570.0, 0.001366121835287569
571.0, 0.0014377594584808883
572.0, 0.0020962728643394934
573.0, 0.0016047621364809464
574.0, 0.001446575997917793
575.0, 0.001496256677861535
576.0, 0.00025150997954309244
577.0, 0.00027535783238049705
578.0, 0.0010228899627497112
579.0, 0.0024106058860338523
580.0, 0.0018263179632106974
581.0, 0.00019626453136154166
582.0, 0.002631512974369126
583.0, 0.0007789733623168845
584.0, 0.001119876453060666
585.0, 0.000566400385358481
586.0, 0.0009265572402913378
587.0, 0.00012527647251008852
588.0, 1.4187216984285653e-05
589.0, 0.0006013223785608971
590.0, 0.0008174605110962043
591.0, 0.0019935267921089134
592.0, 0.002005594221531167
593.0, 0.002319183342662763
594.0, 0.0023687009382224815
595.0, 0.00120944876137522
596.0, 0.001958912176530071
597.0, 0.0037742431347005897
598.0, 0.004110617388174578
599.0, 0.004159950259369368
600.0, 0.0029425914833941863
601.0, 0.0029046413425070517
602.0, 0.0032426496422124857
603.0, 0.0028071954692052378
604.0, 0.0019102525396864935
605.0, 0.0022154001808538893
606.0, 0.0010114526013522114
607.0, 0.00405039418071562
608.0, 0.0058167653678618154
609.0, 0.003550300045664277
610.0, 0.004616733726992126
611.0, 0.01219416722416282
612.0, 0.011353200952026934
613.0, 0.010370890101077014
614.0, 0.011746604957258388
615.0, 0.012486363396423233
616.0, 0.013237321572557581
617.0, 0.01355354129889054
618.0, 0.015378125826265613
619.0, 0.01746506441826923
620.0, 0.0166049803062697
621.0, 0.013467717908670207
622.0, 0.015444200757212208
623.0, 0.020159657398418643
624.0, 0.02175139824434247
625.0, 0.020785822032101817
626.0, 0.020385120515273317
627.0, 0.0212835388226885
628.0, 0.019021032705290892
629.0, 0.018344312128090727
630.0, 0.018713715897608972
631.0, 0.019876868104751623
632.0, 0.021103260622930727
633.0, 0.020574070302138918
634.0, 0.01786969900544669
635.0, 0.01533978222970199
636.0, 0.015905234985160194
637.0, 0.01721281020759434
638.0, 0.017818606056798095
639.0, 0.02008854577584383
640.0, 0.019591967410172866
641.0, 0.018494088815907136
642.0, 0.017019814416445858
643.0, 0.017786769841413315
644.0, 0.020229606853674146
645.0, 0.019081792546342964
646.0, 0.01714280750043842
647.0, 0.018046295078603527
648.0, 0.018921876518555144
649.0, 0.020170284809123338
650.0, 0.021938574394334043
651.0, 0.01985013653082646
652.0, 0.01896121948769917
653.0, 0.02221195820114209
654.0, 0.02331656029888466
655.0, 0.02274036794076841
656.0, 0.02335458111515585
657.0, 0.020959649165042817
658.0, 0.018716570751354966
659.0, 0.01698690521119615
660.0, 0.016953917408140937
661.0, 0.017058487225567017
662.0, 0.015068268468722754
663.0, 0.012442144552648299
664.0, 0.011143556597210042
665.0, 0.010922014778049119
666.0, 0.009754396053466174
667.0, 0.00857069821869387
668.0, 0.008216658518668896
669.0, 0.005652829961125217
670.0, 0.00738049385566995
671.0, 0.007177620319463598
672.0, 0.00700823142796695
673.0, 0.00605073393861332
674.0, 0.0029796181370937915
675.0, 0.003454276071121485
676.0, 0.004059983150989087
677.0, 0.006563116077608183
678.0, 0.005432523286454614
679.0, 0.002016647647085647
680.0, 0.0019623910402875497
681.0, 0.004576222631037906
682.0, 0.003282082135998423
683.0, 0.0018621128286520673
684.0, 0.002034530016168777
685.0, 0.0019209946077930135
686.0, 0.0005617487759242721
687.0, 1.0316817490432662e-05
688.0, 0.0013280817142877646
689.0, 0.0013757148803273792
690.0, 0.0017197740656850335
691.0, 0.0015939718091040752
692.0, 0.000250828325267222
693.0, 0.00025126156557780867
694.0, 0.0008309561181397446
695.0, 0.0011499862738134073
696.0, 0.00048273858953732827
697.0, 0.000599247249182548
698.0, 0.0012481783466495742
699.0, 0.0017436739448896943
700.0, 0.00043708040747796213
701.0, 0.000470102287117918
702.0, 0.0004972890278233672
703.0, 0.00033097438080145514
704.0, 0.001747692614691165
705.0, 0.0030943629131373607
706.0, 0.0003618468661292712
707.0, 0.0016855867202828128
708.0, 0.003218699762472744
709.0, 0.002874562982648843
710.0, 0.0030777254749300965
711.0, 0.004867431226677221
712.0, 0.00426561628274942
713.0, 0.005876931745393132
714.0, 0.00794103327522384
715.0, 0.006168714714569819
716.0, 0.004567704533249448
717.0, 0.00763219693702851
718.0, 0.008414471731087435
719.0, 0.008172859391513375
720.0, 0.00996529564327466
721.0, 0.009496484428090259
722.0, 0.00900372078703286
723.0, 0.01030967439660683
724.0, 0.009171062327214435
725.0, 0.009843855989022276
726.0, 0.011905678898362271
727.0, 0.012962929225775029
728.0, 0.01290624456970622
729.0, 0.01453003975736466
730.0, 0.018091196133759188
731.0, 0.014052417205461808
732.0, 0.013712022419682076
733.0, 0.014705646692116487
734.0, 0.014802936847558195
735.0, 0.01473488435904418
736.0, 0.015708407441828578
737.0, 0.016889263978022092
738.0, 0.019067395289694287
739.0, 0.01806832774035062
740.0, 0.018893466070538985
741.0, 0.01969844583606664
742.0, 0.01795329871936896
743.0, 0.016814332448694028
744.0, 0.017633512834031823
745.0, 0.01849328769996332
746.0, 0.018662985572822095
747.0, 0.01799192401795774
748.0, 0.018352057734001198
749.0, 0.020688191210430234
750.0, 0.01982813207623355
751.0, 0.020253000519929815
752.0, 0.01870904945914799
753.0, 0.01831040831305462
754.0, 0.01852675740327607
755.0, 0.017238849641508375
756.0, 0.015840800030122806
757.0, 0.01522755261361797
758.0, 0.01455827904875712
759.0, 0.014995991159368284
760.0, 0.014458164571418297
761.0, 0.01337642389299966
762.0, 0.013711550588821075
763.0, 0.011769684452227468
764.0, 0.007828337720797473
765.0, 0.008358610174724914
766.0, 0.008964533820085007
767.0, 0.007585080113206587
768.0, 0.00658495242901921
769.0, 0.0077119247286481655
770.0, 0.0034080430724029243
771.0, 0.002341590759095158
772.0, 0.00431120898832528
773.0, 0.0036669500799803223
774.0, 0.0019407590945450296
775.0, 0.0036767269931603694
776.0, 0.004859168900946614
777.0, 0.00101654510253398
778.0, 0.0028578618921902455
779.0, 0.003456031787038354
780.0, 0.001491034858835629
781.0, 0.000613174369948507
782.0, 0.0020183123580049924
783.0, 0.004557867764509931
784.0, 0.004398497686562131
785.0, 0.0017450425994435107
786.0, 0.0018178503666655484
787.0, 0.0022760529957793606
788.0, 0.00017169697965331622
789.0, 2.4233837728122338e-05
790.0, 0.00023611422552475045
791.0, 0.0003343228256314346
792.0, 0.001947651019837676
793.0, 0.0026704762641221874
794.0, 0.0010167400267353304
795.0, 0.0001407978768363037
796.0, 0.0001355330398478444
797.0, 0.001405015157324594
798.0, 0.0017560426543442329
799.0, 0.0005257049629671374
800.0, 0.0004509709308874618
801.0, 0.00025598633630594667
802.0, 0.0016219260911064974
803.0, 0.0028816350959404565
804.0, 0.0011394730797915577
805.0, 0.0007766465883656319
806.0, 0.0011674032467652693
807.0, 0.00040571488110738296
808.0, 0.0028323900897353396
809.0, 0.0017185545376405974
810.0, 0.000913945574868448
811.0, 0.002170234584411731
812.0, 0.002382429770086986
813.0, 0.0029972085725353975
814.0, 0.0028605937025842024
815.0, 0.0018522913806708566
816.0, 0.002572256159832671
817.0, 0.0018118630975406378
818.0, 0.0019008037511938204
819.0, 0.002966080579582607
820.0, 0.00214718108980632
821.0, 0.002008276077906252
822.0, 0.003404285117337595
823.0, 0.001997504087619827
824.0, 0.0013393390246688726
825.0, 0.002572198143925328
826.0, 0.0018732158233799685
827.0, 0.002048043920685327
828.0, 0.0023329606779372556
829.0, 0.0019485416564254392
830.0, 0.003149532120006867
831.0, 0.0004824599520629665
832.0, 0.0016459947188292847
833.0, 0.0019747787498456387
834.0, 0.002988880966033361
835.0, 0.0028947213271700504
836.0, 0.0009029549112979562
837.0, 0.002328811413533539
838.0, 0.002460737301735266
839.0, 0.002013432433267588
840.0, 0.0023683821282826
841.0, 0.003260683970049556
842.0, 0.003391552567241701
843.0, 0.003304021804556014
844.0, 0.004419175691835047
845.0, 0.004155574258868918
846.0, 0.002676869881178166
847.0, 0.005073855090941846
848.0, 0.004309300995381899
849.0, 0.0024812599732083338
850.0, 0.0030228435216729716
851.0, 0.003212681257668525
852.0, 0.003576863282140026
853.0, 0.004029961889682794
854.0, 0.00343418371916508
855.0, 0.0024950257882711884
856.0, 0.002583432743573427
857.0, 0.003980100704320495
858.0, 0.0053112925631533334
859.0, 0.005532020954339123
860.0, 0.004210734721677163
861.0, 0.004994006656485821
862.0, 0.006188814669977805
863.0, 0.0059383884940074246
864.0, 0.004510812369401582
865.0, 0.003322777554569183
866.0, 0.003397546389951285
867.0, 0.004928992932311222
868.0, 0.005331540711536733
869.0, 0.005941011704110337
870.0, 0.004386648577031752
871.0, 0.003472370638866781
872.0, 0.005600081226431595
873.0, 0.005989180495262203
874.0, 0.0035034827509427646
875.0, 0.005259370897871529
876.0, 0.004130096154678077
877.0, 0.003737744617770049
878.0, 0.00474742285851031
879.0, 0.004805312735694368
880.0, 0.002993996015034474
881.0, 0.0015967538269487742
882.0, 0.003611145206871412
883.0, 0.0035162085130032404
884.0, 0.00498689544028513
885.0, 0.005601104896445239
886.0, 0.003325957904565525
887.0, 0.0006954987481890223
888.0, 0.00010901270501248853
889.0, 0.0003627798131157291
890.0, 0.002067204193481995
891.0, 0.0004801729584702368
892.0, 0.00046486705534739815
893.0, 0.0009180369007348742
894.0, 0.001006523892263325
895.0, 0.00014154209706644744
896.0, 0.0008811407848946733
897.0, 0.0009323673670501232
898.0, 0.00029361039910490877
899.0, 0.00024718720620701474
900.0, 0.0007590015578885445
901.0, 0.0017980929387661382
902.0, 9.326481194239431e-05
903.0, 0.003276048823673102
904.0, 0.001512024173632229
905.0, 0.004661156419279396
906.0, 0.0033879845391959385
907.0, 0.0005914785522447772
908.0, 0.001303016117611387
909.0, 0.0008427094045233363
910.0, 0.0017018805306214684
911.0, 0.0011047794363336447
912.0, 0.0015967598903197466
913.0, 0.0010717999595649323
914.0, 0.000820565595666859
915.0, 0.0007456685632348641
916.0, 0.0019529647596109063
917.0, 0.0014561458743290808
918.0, 0.0032733586966355865
919.0, 0.001212625760856966
920.0, 0.0049605444602678515
921.0, 0.001998105836610029
922.0, 0.0002329271925313937
923.0, 0.0016901982879461623
924.0, 0.002540517098354844
925.0, 0.0013784305272342297
926.0, 0.0037146580074366763
927.0, 0.002568632596791043
928.0, 0.002557150052855135
929.0, 0.0009246430217200246
930.0, 0.004001269298044769
931.0, 0.004001272855213182
932.0, 0.0014727646076253612
933.0, 0.0036105729617785308
934.0, 0.0017552571201919864
935.0, 0.0029201509558683444
936.0, 0.0037239030340940216
937.0, 0.003999849908451286
938.0, 0.0037069910107290507
939.0, 0.003346191512509176
940.0, 0.0040478127819839355
941.0, 0.005616962460122455
942.0, 0.006195205634283225
943.0, 0.008865069742539844
944.0, 0.01007274939708771
945.0, 0.007198854080678838
946.0, 0.007644214496004872
947.0, 0.01106644241344676
948.0, 0.01247447717191887
949.0, 0.012757032180010602
950.0, 0.01704516354698604
951.0, 0.015785921356295918
952.0, 0.017667199561097125
953.0, 0.021962230664083253
954.0, 0.024805241507676056
955.0, 0.02705947284411602
956.0, 0.0284471771394562
957.0, 0.029205178905775172
958.0, 0.034938166264500435
959.0, 0.03616172797255104
960.0, 0.04214473046042752
961.0, 0.04468651538778674
962.0, 0.047003719984834935
963.0, 0.050936133616395575
964.0, 0.05460327809625434
965.0, 0.056695131033475996
966.0, 0.05787049603158076
967.0, 0.061929971586683806
968.0, 0.06779476585035568
969.0, 0.07098507620111752
970.0, 0.07223093965949391
971.0, 0.07266368804590843
972.0, 0.07046101884771533
973.0, 0.06666538108214329
974.0, 0.06692108088877922
975.0, 0.06842190088874256
976.0, 0.06438438091757939
977.0, 0.06275445667316021
978.0, 0.05966932867053282
979.0, 0.0570808918262305
980.0, 0.0535870251404581
981.0, 0.04885624958199886
982.0, 0.04670829098090859
983.0, 0.04299409900826501
984.0, 0.04022236386702534
985.0, 0.03960876004783585
986.0, 0.035712654448734865
987.0, 0.031941484863590906
988.0, 0.03042452321366332
989.0, 0.029276678747257014
990.0, 0.027322702359955146
991.0, 0.026442136523075078
992.0, 0.025150096301493553
993.0, 0.024805006806115543
994.0, 0.026074703750604167
995.0, 0.026839635619870416
996.0, 0.026636399833076738
997.0, 0.027153767058666702
998.0, 0.028417649771878446
999.0, 0.0293899527314923
1000.0, 0.0329651140228269
1001.0, 0.03236032776941045
1002.0, 0.0322448624253169
1003.0, 0.03415028441246104
1004.0, 0.035089531229918446
1005.0, 0.03354476505999978
1006.0, 0.030948334098034016
1007.0, 0.028388134997505424
1008.0, 0.024558844917339125
1009.0, 0.01894527689341589
1010.0, 0.01698279634291304
1011.0, 0.015257792817828901
1012.0, 0.012456808440067316
1013.0, 0.010920335069798797
1014.0, 0.008148119361626625
1015.0, 0.005921526567663299
1016.0, 0.009022683336630108
1017.0, 0.009655092821060147
1018.0, 0.007087529188135392
1019.0, 0.006171366869254731
1020.0, 0.003589720338762371
1021.0, 0.005409236453153777
1022.0, 0.006676233545225321
1023.0, 0.0051855585525545965
1024.0, 0.00503998083067412
1025.0, 0.006388223364515054
1026.0, 0.0033507376647725234
1027.0, 0.004402270503287388
1028.0, 0.004172179637351532
1029.0, 0.004478503807629203
1030.0, 0.0014133535942849886
1031.0, 0.0013011601163218601
1032.0, 0.0014029207734977975
1033.0, 0.00024153952514343745
1034.0, 0.0006594864838234272
1035.0, 0.0015217069346118361
1036.0, 0.000820900513065295
1037.0, 0.0019069052651982425
1038.0, 0.001460690275837465
1039.0, 0.0020676528670587435
1040.0, 0.0013078004684326093
1041.0, 0.0013311702944839218
1042.0, 0.0030983853581706463
1043.0, 0.0014849359524552626
1044.0, 0.00022617976439099315
1045.0, 0.0024354647112343943
1046.0, 0.003944029861071207
1047.0, 0.0029207422198846743
1048.0, 0.00255699562299656
1049.0, 0.002423917904483698
1050.0, 0.003308276309390535
1051.0, 0.0038091240445825227
1052.0, 0.001695757441380861
1053.0, 0.0023240813351501047
1054.0, 0.0004719634285034283
1055.0, 0.0003319142599727505
1056.0, 0.0013149285551276987
1057.0, 0.0017080942130753439
1058.0, 0.001963567537434249
1059.0, 0.0010053250295681798
1060.0, 0.0023270198751910364
1061.0, 0.0015228148067725376
1062.0, 5.660675548345016e-05
1063.0, 0.0034955223600588777
1064.0, 0.002395485599392985
1065.0, 0.0007492297768376458
1066.0, 0.00047819715017362145
1067.0, 0.0003510430353015598
1068.0, 0.00028188119274168827
1069.0, 0.0009900558595170592
1070.0, 0.0018753042060777564
1071.0, 0.002229866127011849
1072.0, 0.001567503314488684
1073.0, 0.0028741650953544124
1074.0, 0.0030678895700956103
1075.0, 0.0016027702530891047
1076.0, 0.0005144039410483749
1077.0, 0.003140191929270504
1078.0, 0.004311713221865278
1079.0, 0.0025247562166701397
1080.0, 0.0022924954140889843
1081.0, 0.002591630313805874
1082.0, 0.004880933865972081
1083.0, 0.0030648246654158026
1084.0, 0.005067738633980932
1085.0, 0.00393626875193638
1086.0, 0.0038016436053153594
1087.0, 0.002494564862372727
1088.0, 0.0019757210630715408
1089.0, 0.0023564801056621043
1090.0, 0.0009977014590740038
1091.0, 0.0005085300558479579
1092.0, 0.0018857304135982739
1093.0, 0.002617260899682476
1094.0, 0.0007468284042441418
1095.0, 0.0016789073730881757
1096.0, 0.000965578377636328
1097.0, 0.000252828391340016
1098.0, 0.00032559418084315817
1099.0, 0.0005673520841941132
1100.0, 0.001816759014354137
1101.0, 0.001083814401084613
1102.0, 0.002575600611699874
1103.0, 0.0008788458244921866
1104.0, 0.0001055315906008882
1105.0, 0.0005456245656296437
1106.0, 0.0014169405050954195
1107.0, 0.001376005449968631
1108.0, 0.002632239738788264
1109.0, 0.0022795042252591927
1110.0, 0.0006162809204149148
1111.0, 0.0023162020676188084
1112.0, 0.0029026940044915494
1113.0, 0.0016277076447387532
1114.0, 0.002047158878722155
1115.0, 0.004059715947979872
1116.0, 0.0038520606841646768
1117.0, 0.003031084068178598
1118.0, 0.0023976744843635747
1119.0, 0.002009030325297286
1120.0, 0.002980012779533472
1121.0, 0.0031862541198060166
1122.0, 0.00174898191727275
1123.0, 0.0014560500317596977
1124.0, 0.0038772593589287904
1125.0, 0.00416999096991097
1126.0, 0.0024387373535995197
1127.0, 0.0011677231215806226
1128.0, 0.0014225392373071635
1129.0, 0.0012543683842334966
1130.0, 0.00031712213747935606
1131.0, 0.001604768632140035
1132.0, 0.0024320200164816247
1133.0, 0.00134801326109438
1134.0, 0.0015728330795503499
1135.0, 0.0027263173632379673
1136.0, 0.0010047127168959678
1137.0, 0.00015128133641606738
1138.0, 0.000668273458132601
1139.0, 0.0020574416523571368
1140.0, 0.002200813110092054
1141.0, 0.0003892889063759214
1142.0, 0.0016820406192217733
1143.0, 0.005052528570961291
1144.0, 0.002525977615542428
1145.0, 0.003324056986305678
1146.0, 0.002072527105406329
1147.0, 0.0005286538107183749
1148.0, 0.0016285150978418064
1149.0, 0.001483615403916929
1150.0, 0.0003872106273001284
1151.0, 0.000891391640272299
1152.0, 0.0029257196662952783
1153.0, 0.0009027919106372229
1154.0, 0.0018304417596929643
1155.0, 0.00040884299395184333
1156.0, 0.0018843209808588975
1157.0, 0.002007783179905228
1158.0, 0.001458749187096861
1159.0, 0.001326704363672351
1160.0, 0.0013550702971587168
1161.0, 0.0029700815238720285
1162.0, 0.004590352255118957
1163.0, 0.002462291403503347
1164.0, 0.0022368704367932888
1165.0, 0.0007289200894951169
1166.0, 0.002001194095383012
1167.0, 0.002619718672522356
1168.0, 0.0030966391501088403
1169.0, 0.0015182222843227312
1170.0, 0.0011207906606475334
1171.0, 0.0011336444286798725
1172.0, 0.0001301635683012421
1173, 0.0
1174, 0.0
1175, 0.0
1176, 0.0
1177, 0.0
1178, 0.0
1179, 0.0
1180, 0.0
1181, 0.0
1182, 0.0
1183, 0.0
1184, 0.0
1185, 0.0
1186, 0.0
1187, 0.0
1188, 0.0
1189, 0.0
1190, 0.0
1191, 0.0
1192, 0.0
1193, 0.0
1194, 0.0
1195, 0.0
1196, 0.0
1197, 0.0
1198, 0.0
1199, 0.0
1200, 0.0
1201, 0.0
1202, 0.0
1203, 0.0
1204, 0.0
1205, 0.0
1206, 0.0
1207, 0.0
1208, 0.0
1209, 0.0
1210, 0.0
1211, 0.0
1212, 0.0
1213, 0.0
1214, 0.0
1215, 0.0
1216, 0.0
1217, 0.0
1218, 0.0
1219, 0.0
1220, 0.0
1221, 0.0
1222, 0.0
1223, 0.0
1224, 0.0
1225, 0.0
1226, 0.0
1227, 0.0
1228, 0.0
1229, 0.0
1230, 0.0
1231, 0.0
1232, 0.0
1233, 0.0
1234, 0.0
1235, 0.0
1236, 0.0
1237, 0.0
1238, 0.0
1239, 0.0
1240, 0.0
1241, 0.0
1242, 0.0
1243, 0.0
1244, 0.0
1245, 0.0
1246, 0.0
1247, 0.0
1248, 0.0
1249, 0.0
1250, 0.0
1251, 0.0
1252, 0.0
1253, 0.0
1254, 0.0
1255, 0.0
1256, 0.0
1257, 0.0
1258, 0.0
1259, 0.0
1260, 0.0
1261, 0.0
1262, 0.0
1263, 0.0
1264, 0.0
1265, 0.0
1266, 0.0
1267, 0.0
1268, 0.0
1269, 0.0
1270, 0.0
1271, 0.0
1272, 0.0
1273, 0.0
1274, 0.0
1275, 0.0
1276, 0.0
1277, 0.0
1278, 0.0
1279, 0.0
1280, 0.0
1281, 0.0
1282, 0.0
1283, 0.0
1284, 0.0
1285, 0.0
1286, 0.0
1287, 0.0
1288, 0.0
1289, 0.0
1290, 0.0
1291, 0.0
1292, 0.0
1293, 0.0
1294, 0.0
1295, 0.0
1296, 0.0
1297, 0.0
1298, 0.0
1299, 0.0
1300, 0.0
1301, 0.0
1302, 0.0
1303, 0.0
1304, 0.0
1305, 0.0
1306, 0.0
1307, 0.0
1308, 0.0
1309, 0.0
1310, 0.0
1311, 0.0
1312, 0.0
1313, 0.0
1314, 0.0
1315, 0.0
1316, 0.0
1317, 0.0
1318, 0.0
1319, 0.0
1320, 0.0
1321, 0.0
1322, 0.0
1323, 0.0
1324, 0.0
1325, 0.0
1326, 0.0
1327, 0.0
1328, 0.0
1329, 0.0
1330, 0.0
1331, 0.0
1332, 0.0
1333, 0.0
1334, 0.0
1335, 0.0
1336, 0.0
1337, 0.0
1338, 0.0
1339, 0.0
1340, 0.0
1341, 0.0
1342, 0.0
1343, 0.0
1344, 0.0
1345, 0.0
1346, 0.0
1347, 0.0
1348, 0.0
1349, 0.0
1350, 0.0
1351, 0.0
1352, 0.0
1353, 0.0
1354, 0.0
1355, 0.0
1356, 0.0
1357, 0.0
1358, 0.0
1359, 0.0
1360, 0.0
1361, 0.0
1362, 0.0
1363, 0.0
1364, 0.0
1365, 0.0
1366, 0.0
1367, 0.0
1368, 0.0
1369, 0.0
1370, 0.0
1371, 0.0
1372, 0.0
1373, 0.0
1374, 0.0
1375, 0.0
1376, 0.0
1377, 0.0
1378, 0.0
1379, 0.0
1380, 0.0
1381, 0.0
1382, 0.0
1383, 0.0
1384, 0.0
1385, 0.0
1386, 0.0
1387, 0.0
1388, 0.0
1389, 0.0
1390, 0.0
1391, 0.0
1392, 0.0
1393, 0.0
1394, 0.0
1395, 0.0
1396, 0.0
1397, 0.0
1398, 0.0
1399, 0.0
1400, 0.0
1401, 0.0
1402, 0.0
1403, 0.0
1404, 0.0
1405, 0.0
1406, 0.0
1407, 0.0
1408, 0.0
1409, 0.0
1410, 0.0
1411, 0.0
1412, 0.0
1413, 0.0
1414, 0.0
1415, 0.0
1416, 0.0
1417, 0.0
1418, 0.0
1419, 0.0
1420, 0.0
1421, 0.0
1422, 0.0
1423, 0.0
1424, 0.0
1425, 0.0
1426, 0.0
1427, 0.0
1428, 0.0
1429, 0.0
1430, 0.0
1431, 0.0
1432, 0.0
1433, 0.0
1434, 0.0
1435, 0.0
1436, 0.0
1437, 0.0
1438, 0.0
1439, 0.0
1440, 0.0
1441, 0.0
1442, 0.0
1443, 0.0
1444, 0.0
1445, 0.0
1446, 0.0
1447, 0.0
1448, 0.0
1449, 0.0
1450, 0.0
1451, 0.0
1452, 0.0
1453, 0.0
1454, 0.0
1455, 0.0
1456, 0.0
1457, 0.0
1458, 0.0
1459, 0.0
1460, 0.0
1461, 0.0
1462, 0.0
1463, 0.0
1464, 0.0
1465, 0.0
1466, 0.0
1467, 0.0
1468, 0.0
1469, 0.0
1470, 0.0
1471, 0.0
1472, 0.0
1473, 0.0
1474, 0.0
1475, 0.0
1476, 0.0
1477, 0.0
1478, 0.0
1479, 0.0
1480, 0.0
1481, 0.0
1482, 0.0
1483, 0.0
1484, 0.0
1485, 0.0
1486, 0.0
1487, 0.0
1488, 0.0
1489, 0.0
1490, 0.0
1491, 0.0
1492, 0.0
1493, 0.0
1494, 0.0
1495, 0.0
1496, 0.0
1497, 0.0
1498, 0.0
1499, 0.0
1500, 0.0
1501, 0.0
1502, 0.0
1503, 0.0
1504, 0.0
1505, 0.0
1506, 0.0
1507, 0.0
1508, 0.0
1509, 0.0
1510, 0.0
1511, 0.0
1512, 0.0
1513, 0.0
1514, 0.0
1515, 0.0
1516, 0.0
1517, 0.0
1518, 0.0
1519, 0.0
1520, 0.0
1521, 0.0
1522, 0.0
1523, 0.0
1524, 0.0
1525, 0.0
1526, 0.0
1527, 0.0
1528, 0.0
1529, 0.0
1530, 0.0
1531, 0.0
1532, 0.0
1533, 0.0
1534, 0.0
1535, 0.0
1536, 0.0
1537, 0.0
1538, 0.0
1539, 0.0
1540, 0.0
1541, 0.0
1542, 0.0
1543, 0.0
1544, 0.0
1545, 0.0
1546, 0.0
1547, 0.0
1548, 0.0
1549, 0.0
1550, 0.0
1551, 0.0
1552, 0.0
1553, 0.0
1554, 0.0
1555, 0.0
1556, 0.0
1557, 0.0
1558, 0.0
1559, 0.0
1560, 0.0
1561, 0.0
1562, 0.0
1563, 0.0
1564, 0.0
1565, 0.0
1566, 0.0
1567, 0.0
1568, 0.0
1569, 0.0
1570, 0.0
1571, 0.0
1572, 0.0
1573, 0.0
1574, 0.0
1575, 0.0
1576, 0.0
1577, 0.0
1578, 0.0
1579, 0.0
1580, 0.0
1581, 0.0
1582, 0.0
1583, 0.0
1584, 0.0
1585, 0.0
1586, 0.0
1587, 0.0
1588, 0.0
1589, 0.0
1590, 0.0
1591, 0.0
1592, 0.0
1593, 0.0
1594, 0.0
1595, 0.0
1596, 0.0
1597, 0.0
1598, 0.0
1599, 0.0
