30, 0.0
31, 0.0
32, 0.0
33, 0.0
34, 0.0
35, 0.0
36, 0.0
37, 0.0
38, 0.0
39, 0.0
40, 0.0
41, 0.0
42, 0.0
43, 0.0
44, 0.0
45, 0.0
46, 0.0
47, 0.0
48, 0.0
49, 0.0
50, 0.0
51, 0.0
52, 0.0
53, 0.0
54, 0.0
55, 0.0
56, 0.0
57, 0.0
58, 0.0
59, 0.0
60, 0.0
61, 0.0
62, 0.0
63, 0.0
64, 0.0
65, 0.0
66, 0.0
67, 0.0
68, 0.0
69, 0.0
70, 0.0
71, 0.0
72, 0.0
73, 0.0
74, 0.0
75, 0.0
76, 0.0
77, 0.0
78, 0.0
79, 0.0
80, 0.0
81, 0.0
82, 0.0
83, 0.0
84, 0.0
85, 0.0
86, 0.0
87, 0.0
88, 0.0
89, 0.0
90, 0.0
91, 0.0
92.0, 0.0017023260274638256
93.0, 0.002683795341744356
94.0, 0.0007256903693493438
95.0, 0.001253575721574319
96.0, 0.005992947370110369
97.0, 0.012845637015870407
98.0, 0.0113479509838587
99.0, 0.015918888628901846
100.0, 0.022361032890319803
101.0, 0.028509268918266207
102.0, 0.0294653047758266
103.0, 0.03141596170552766
104.0, 0.03608173510233442
105.0, 0.04906505915615496
106.0, 0.0577311489050662
107.0, 0.06627102706466281
108.0, 0.0764246976296373
109.0, 0.0934900881433551
110.0, 0.11712687453464593
111.0, 0.14478287479819682
112.0, 0.17198783604596116
113.0, 0.19252497696472842
114.0, 0.19691554750331866
115.0, 0.18350210929855412
116.0, 0.1878836243614766
117.0, 0.19516846368873456
118.0, 0.20056839486173272
119.0, 0.19689239704335318
120.0, 0.19379873882128304
121.0, 0.19264360737359448
122.0, 0.19353996912398572
123.0, 0.1955784097636597
124.0, 0.2016464528114495
125.0, 0.20689668894124721
126.0, 0.20709604470468837
127.0, 0.20729714021826373
128.0, 0.20887641096040138
129.0, 0.21119295120376225
130.0, 0.21141276173176102
131.0, 0.2090846319685046
132.0, 0.20692291764171464
133.0, 0.20622908201947138
134.0, 0.203508041988277
135.0, 0.2014596735674357
136.0, 0.19864599979397168
137.0, 0.19165368959697002
138.0, 0.18854628532073095
139.0, 0.18282363530970097
140.0, 0.1726177790970709
141.0, 0.15712715250251053
142.0, 0.14845471984129985
143.0, 0.1387072162386584
144.0, 0.11841470324810237
145.0, 0.115292998838754
146.0, 0.10938993901136482
147.0, 0.10028738895001335
148.0, 0.09767165735166317
149.0, 0.09692068297879168
150.0, 0.09632613805358334
151.0, 0.09492234861661182
152.0, 0.08550048260093947
153.0, 0.08489954879777124
154.0, 0.08623053729509395
155.0, 0.07222003441363005
156.0, 0.07120765380865854
157.0, 0.07007883916352577
158.0, 0.06523016927637584
159.0, 0.056829844103133305
160.0, 0.04714463568186997
161.0, 0.0394388245686447
162.0, 0.03792177134453695
163.0, 0.03925939831947078
164.0, 0.03454499468442634
165.0, 0.025325230565495183
166.0, 0.022522132739743773
167.0, 0.017790265128559586
168.0, 0.015110096365187085
169.0, 0.01667957044083987
170.0, 0.013224921054039829
171.0, 0.01249298506860953
172.0, 0.01117433154570366
173.0, 0.0026740116039842858
174.0, 0.0033387115383511088
175.0, 0.005517413985096227
176.0, 0.007261089960456289
177.0, 0.00493737177459559
178.0, 0.0022734102596671164
179.0, 0.0020120450014583617
180.0, 0.006765368027936894
181.0, 0.00791148643733763
182.0, 0.008167515119140628
183.0, 0.007466244064282279
184.0, 0.00503544383065164
185.0, 0.00790164415991114
186.0, 0.008919668396779233
187.0, 0.006232885443766581
188.0, 0.006506640070329324
189.0, 0.010645065509592962
190.0, 0.012596300200720136
191.0, 0.005308248060369854
192.0, 0.02338174258291807
193.0, 0.03433863317930437
194.0, 0.037498213733836515
195.0, 0.03994325312450856
196.0, 0.04368508798245409
197.0, 0.05083383025759182
198.0, 0.061888636602752053
199.0, 0.06171858403086515
200.0, 0.06491740342671688
201.0, 0.06846717052145482
202.0, 0.06850913090118868
203.0, 0.06916378241615519
204.0, 0.07423067911511423
205.0, 0.08191887579825326
206.0, 0.08281855443213595
207.0, 0.08698388132231387
208.0, 0.09205000326455537
209.0, 0.09709929956659076
210.0, 0.10288406648175513
211.0, 0.11073222348552722
212.0, 0.12002863665473107
213.0, 0.13023867574983422
214.0, 0.15584607021408262
215.0, 0.17711346158089022
216.0, 0.19526107352428856
217.0, 0.22570577741034875
218.0, 0.24875747883618438
219.0, 0.27512048475060463
220.0, 0.30887762007110875
221.0, 0.3279463887430306
222.0, 0.3491094007060308
223.0, 0.36520751814365787
224.0, 0.36595572868432474
225.0, 0.37536592453155504
226.0, 0.3657862948383222
227.0, 0.3392208183121967
228.0, 0.3121293597625066
229.0, 0.2976380110488064
230.0, 0.284761798566636
231.0, 0.2689934839466072
232.0, 0.24063777209712864
233.0, 0.22131915647549666
234.0, 0.2111264308417341
235.0, 0.21188244567778444
236.0, 0.21382565072399504
237.0, 0.21262315726127012
238.0, 0.20907055362306792
239.0, 0.2060264152826174
240.0, 0.2066425294520543
241.0, 0.21034015704699616
242.0, 0.21584105305116988
243.0, 0.21089757619917962
244.0, 0.208070744847116
245.0, 0.2062328430223604
246.0, 0.20466279923574424
247.0, 0.19361838797353198
248.0, 0.1815628050493838
249.0, 0.1694587981362241
250.0, 0.15880693230407203
251.0, 0.14595358649623338
252.0, 0.13149415199397887
253.0, 0.11509325808289415
254.0, 0.0942806130621185
255.0, 0.0826693084285125
256.0, 0.07492528857855342
257.0, 0.06869267166664515
258.0, 0.06122269372976326
259.0, 0.05417495265419809
260.0, 0.04642733666521958
261.0, 0.036455361985933944
262.0, 0.028257996122452677
263.0, 0.025172689016288278
264.0, 0.02602434365940626
265.0, 0.026882731849531032
266.0, 0.025650443150912635
267.0, 0.02747858025649983
268.0, 0.03331888776974745
269.0, 0.03801128573104491
270.0, 0.029306559986943554
271.0, 0.02199821465635106
272.0, 0.0260665691900089
273.0, 0.028237773568330585
274.0, 0.025988297269829777
275.0, 0.022850775587480193
276.0, 0.024383953894249764
277.0, 0.01846448306306012
278.0, 0.020268985053618134
279.0, 0.026265423058657596
280.0, 0.016983861447225364
281.0, 0.01747509484595694
282.0, 0.01717883106634794
283.0, 0.013813625218786105
284.0, 0.019811369899250274
285.0, 0.013937793180055745
286.0, 0.009467130659254424
287.0, 0.016107168876317697
288.0, 0.02085371775825762
289.0, 0.020781484662230953
290.0, 0.017696177752171
291.0, 0.01414502270919435
292.0, 0.0050419934075379876
293.0, 0.0035475412280953004
294.0, 0.009128929629646699
295.0, 0.01523556420883558
296.0, 0.01874260044273289
297.0, 0.019924049815162822
298.0, 0.01957175206825165
299.0, 0.024420650554427326
300.0, 0.022720800098286923
301.0, 0.019840829476111113
302.0, 0.018958822250555892
303.0, 0.017446948012506815
304.0, 0.014272431619496338
305.0, 0.010767342582852509
306.0, 0.00861897707914389
307.0, 0.007786964922986225
308.0, 0.011621700531423836
309.0, 0.017928378051537557
310.0, 0.02071522012884353
311.0, 0.026766535095686612
312.0, 0.028972709643609196
313.0, 0.02724988206523363
314.0, 0.02939637848011009
315.0, 0.03352574845867753
316.0, 0.036629106001896915
317.0, 0.037724073602844424
318.0, 0.04242813088902896
319.0, 0.04762326123347969
320.0, 0.0521078604629488
321.0, 0.054830262649844315
322.0, 0.06517772605278721
323.0, 0.0724268622707964
324.0, 0.07863866302747291
325.0, 0.08718208677023126
326.0, 0.10449688689511287
327.0, 0.1151526611374059
328.0, 0.11972843146478686
329.0, 0.12379433502580028
330.0, 0.1359657116183508
331.0, 0.14088602542529094
332.0, 0.13831711557407578
333.0, 0.14686319012558813
334.0, 0.14745800762171804
335.0, 0.14521891307550924
336.0, 0.14228041410340633
337.0, 0.1399384922340874
338.0, 0.13441175461802338
339.0, 0.12963099739912637
340.0, 0.12856517886957078
341.0, 0.12357069360250636
342.0, 0.12442647143342889
343.0, 0.12300696617587197
344.0, 0.10829753759466595
345.0, 0.11759902505923778
346.0, 0.11763186756515552
347.0, 0.1122054549271067
348.0, 0.11434782261603262
349.0, 0.11986791616594214
350.0, 0.12283526899275811
351.0, 0.1233825061283838
352.0, 0.12552530216070465
353.0, 0.1287196400200692
354.0, 0.13334272563597818
355.0, 0.14006087317469823
356.0, 0.1524772446812512
357.0, 0.15413366760317443
358.0, 0.1613408076582967
359.0, 0.1808911224885435
360.0, 0.19133727336564957
361.0, 0.19678832623594206
362.0, 0.20312208337074533
363.0, 0.21488011765639303
364.0, 0.23688021187951214
365.0, 0.2538447629414283
366.0, 0.27007907954561333
367.0, 0.29081022830741526
368.0, 0.30235789305439964
369.0, 0.3219605976909584
370.0, 0.34541230755908975
371.0, 0.36357297266607547
372.0, 0.3968171458205642
373.0, 0.42958316030592436
374.0, 0.4619377653273792
375.0, 0.49942257490875097
376.0, 0.5286630973207395
377.0, 0.5581206931912753
378.0, 0.5870662354176409
379.0, 0.6046158099452227
380.0, 0.5898996428903281
381.0, 0.5642675015194942
382.0, 0.5342443003404339
383.0, 0.49959852353640466
384.0, 0.45956004402621575
385.0, 0.4167839906842012
386.0, 0.37350924766468824
387.0, 0.3440213023556032
388.0, 0.31360402970625845
389.0, 0.2835504195640797
390.0, 0.25486360178252043
391.0, 0.23180479589527178
392.0, 0.21929263942118205
393.0, 0.2091336973095355
394.0, 0.1938159675168863
395.0, 0.19379371185860966
396.0, 0.18815967594291882
397.0, 0.1833034325569682
398.0, 0.1879861445999377
399.0, 0.18468827687955722
400.0, 0.1848900211886788
401.0, 0.18914720432877064
402.0, 0.19770995671164804
403.0, 0.20626693664020854
404.0, 0.21334911581777571
405.0, 0.21865047248217115
406.0, 0.22164632791492386
407.0, 0.22591614950378763
408.0, 0.22562366279742427
409.0, 0.22201892111463167
410.0, 0.22153816303095414
411.0, 0.21666114998127162
412.0, 0.20936951399367312
413.0, 0.19995419817806176
414.0, 0.18783656427862186
415.0, 0.1789036343508491
416.0, 0.16633872944155398
417.0, 0.14939690119616936
418.0, 0.1346825545969692
419.0, 0.1194551613315494
420.0, 0.10447468079947003
421.0, 0.09047892948732805
422.0, 0.08074314115533238
423.0, 0.068181150315395
424.0, 0.05778311407265282
425.0, 0.05190939900944417
426.0, 0.05077985465646374
427.0, 0.044839551250848764
428.0, 0.03827617652182171
429.0, 0.033419106377564574
430.0, 0.030991618124417652
431.0, 0.028096735198900828
432.0, 0.028476850831858146
433.0, 0.03412623911596297
434.0, 0.03169732540594779
435.0, 0.0374436459881704
436.0, 0.0429339895428426
437.0, 0.04178468218459446
438.0, 0.04000188919686358
439.0, 0.04529342493953953
440.0, 0.05410571099069745
441.0, 0.0633020350638064
442.0, 0.06216372862702285
443.0, 0.06318470487149819
444.0, 0.06634982374858182
445.0, 0.0716991242515284
446.0, 0.06807846815477857
447.0, 0.07828424411937267
448.0, 0.08518876225966707
449.0, 0.0684607666397767
450.0, 0.08153864654653215
451.0, 0.07835210916785397
452.0, 0.07025269404370754
453.0, 0.0730439619039606
454.0, 0.0743770457072943
455.0, 0.06850267169875872
456.0, 0.0639899432779651
457.0, 0.07311821560795029
458.0, 0.06705277069843948
459.0, 0.06316799513098774
460.0, 0.06058020251645933
461.0, 0.05676134284674853
462.0, 0.05570420768022908
463.0, 0.05639922691801076
464.0, 0.05583290124605182
465.0, 0.04930092885016891
466.0, 0.051763867847737975
467.0, 0.05405708563570192
468.0, 0.05649125852010847
469.0, 0.06057943193208443
470.0, 0.05947660407359405
471.0, 0.059808769578853165
472.0, 0.06036344395576465
473.0, 0.058330972104539136
474.0, 0.05849647998588158
475.0, 0.060793448300458866
476.0, 0.06281561044603085
477.0, 0.06051417470309999
478.0, 0.0648314783571054
479.0, 0.062148911854449936
480.0, 0.05803797893563099
481.0, 0.06344813839807616
482.0, 0.06762821272079564
483.0, 0.05923004069578807
484.0, 0.053401272556693705
485.0, 0.07637626431437454
486.0, 0.06629135478504398
487.0, 0.05964721906967673
488.0, 0.05909213327961543
489.0, 0.06512788431991666
490.0, 0.056334812928346474
491.0, 0.055918717731086816
492.0, 0.061103542160497994
493.0, 0.06585194724303114
494.0, 0.053774658961020926
495.0, 0.05268415543482324
496.0, 0.05950551931817221
497.0, 0.0681725718405602
498.0, 0.06615263471346369
499.0, 0.06411149701570884
500.0, 0.06389096883961762
501.0, 0.06732140240693883
502.0, 0.07520656523566613
503.0, 0.08322842787795287
504.0, 0.09022532802259266
505.0, 0.09497761244753838
506.0, 0.09651585005457691
507.0, 0.10229231311205857
508.0, 0.11201280820403109
509.0, 0.12522105907146056
510.0, 0.12340476570055327
511.0, 0.1233478144002426
512.0, 0.1257274436664874
513.0, 0.13098055124068245
514.0, 0.12916634999705168
515.0, 0.13231942139717076
516.0, 0.13627818880569392
517.0, 0.13766393549436176
518.0, 0.13715686659058549
519.0, 0.1361857082737642
520.0, 0.13828901935309018
521.0, 0.1443320418450016
522.0, 0.12812345774743455
523.0, 0.11433898164695462
524.0, 0.11148349411432486
525.0, 0.12198197753899166
526.0, 0.11561912742642456
527.0, 0.11417041395951673
528.0, 0.11603376347094338
529.0, 0.12146111153092008
530.0, 0.1381390449108728
531.0, 0.1374179086851826
532.0, 0.13828403342392281
533.0, 0.14613121097391768
534.0, 0.1476952750625789
535.0, 0.1639727825976958
536.0, 0.17558001928918493
537.0, 0.18062241853907268
538.0, 0.19854332144820067
539.0, 0.20284067178506648
540.0, 0.2050304842042481
541.0, 0.20709358349312515
542.0, 0.2059690808955043
543.0, 0.2127999113332031
544.0, 0.21696961684098937
545.0, 0.21685255913570256
546.0, 0.21332899188814258
547.0, 0.2169588033803959
548.0, 0.21179678504677837
549.0, 0.20110592868238852
550.0, 0.19533349394510893
551.0, 0.19383091308587963
552.0, 0.19385042211489528
553.0, 0.19520768927218082
554.0, 0.19797190332975018
555.0, 0.19375834908059222
556.0, 0.1829419621875383
557.0, 0.17859283630835626
558.0, 0.19506265870506784
559.0, 0.16493675579029202
560.0, 0.16127663101586937
561.0, 0.16471804018152034
562.0, 0.15867771551338164
563.0, 0.14696499167401572
564.0, 0.13762123891192438
565.0, 0.1321074446980947
566.0, 0.13026026713364036
567.0, 0.12116778285572112
568.0, 0.11609742114688981
569.0, 0.11080427201553548
570.0, 0.10426388067971909
571.0, 0.10174785000310523
572.0, 0.08912672405221381
573.0, 0.07731942602113216
574.0, 0.07101184225140046
575.0, 0.07507903212428112
576.0, 0.06452676300756366
577.0, 0.060993052167514994
578.0, 0.06197994231930054
579.0, 0.04956467447208899
580.0, 0.05556150489515925
581.0, 0.04972045165751344
582.0, 0.03999015655774883
583.0, 0.046688734278524296
584.0, 0.04210883204341476
585.0, 0.0411166279244174
586.0, 0.03919187978620864
587.0, 0.03006837451946924
588.0, 0.03214810880344916
589.0, 0.035584796782997516
590.0, 0.03598221088278846
591.0, 0.03017748946144958
592.0, 0.02499172960370822
593.0, 0.027123850655841823
594.0, 0.030999986879450492
595.0, 0.03301447321265764
596.0, 0.02914492789954336
597.0, 0.027370817100339784
598.0, 0.02772544197205363
599.0, 0.029906707117509635
600.0, 0.03263794026854637
601.0, 0.02748632986058602
602.0, 0.02203089888737441
603.0, 0.017489365244324966
604.0, 0.01294407055037362
605.0, 0.01803559755671887
606.0, 0.019718001453074493
607.0, 0.017344518088644487
608.0, 0.012133005141909478
609.0, 0.008205308191841686
610.0, 0.00605591227077427
611.0, 0.004347610595115465
612.0, 0.0018432006368009335
613.0, 0.0012536361405198044
614.0, 0.002228522229856098
615.0, 0.002309757983638002
616.0, 0.0005787757197860428
617.0, 0.0018277461810967052
618.0, 0.003290838617728068
619.0, 0.008014780142262805
620.0, 0.014760827162077465
621.0, 0.014020743122353903
622.0, 0.015534119617054658
623.0, 0.01236625569323453
624.0, 0.00650309404242974
625.0, 0.005710682470444601
626.0, 0.003937569717769849
627.0, 0.004607733313405612
628.0, 0.0049540253887501735
629.0, 0.000926087878225831
630.0, 0.006018350330007409
631.0, 0.004816127446939852
632.0, 0.002439446957178756
633.0, 0.002872543176911684
634.0, 0.002096240891011955
635.0, 0.0008126478780904199
636.0, 0.0006493056573803543
637.0, 0.0020600621846506195
638.0, 0.003474524964175555
639.0, 0.004897558223862787
640.0, 0.004526272530769159
641.0, 0.004878465893876535
642.0, 0.013704613835491949
643.0, 0.006129792210252347
644.0, 0.00531443369233054
645.0, 0.009642466018823504
646.0, 0.013019606041070775
647.0, 0.017690225619890115
648.0, 0.020095184043839972
649.0, 0.016954344854979223
650.0, 0.007628533481808993
651.0, 0.015642402184529034
652.0, 0.009989879976643674
653.0, 0.005550485971156282
654.0, 0.0076999686334206265
655.0, 0.010432043362417955
656.0, 0.014287285668312184
657.0, 0.014559129696834221
658.0, 0.012161986118675047
659.0, 0.01158469445760036
660.0, 0.007678392584015975
661.0, 0.007779627866507441
662.0, 0.009207415647169714
663.0, 0.008141582676912902
664.0, 0.013507714262452558
665.0, 0.01909556640990755
666.0, 0.02282901337943605
667.0, 0.02502873099585398
668.0, 0.03819950327665367
669.0, 0.031249421322491915
670.0, 0.02644620957078484
671.0, 0.028087490106636866
672.0, 0.0265971681383584
673.0, 0.03480036162122215
674.0, 0.035533279843576286
675.0, 0.03107365841605546
676.0, 0.028698711818837305
677.0, 0.023461371251161822
678.0, 0.02280982813753047
679.0, 0.019494515388893973
680.0, 0.010299596473872404
681.0, 0.024312354045262097
682.0, 0.021739667759565182
683.0, 0.020494557028832527
684.0, 0.023248313244794032
685.0, 0.013261099857016179
686.0, 0.0055618250329363276
687.0, 0.005476751984299354
688.0, 0.008273601224392886
689.0, 0.004289406945202537
690.0, 0.004131953115641451
691.0, 0.009927696776553334
692.0, 0.012775763416144727
693.0, 0.006648130029539073
694.0, 0.010870145870593949
695.0, 0.007401628243004967
696.0, 0.011346389318791984
697.0, 0.022510738822182155
698.0, 0.017113191373420215
699.0, 0.010570570358204674
700.0, 0.01385824256690977
701.0, 0.022993832653137692
702.0, 0.028311173836795128
703.0, 0.03884380216948823
704.0, 0.04579639252854058
705.0, 0.046166658663661986
706.0, 0.039898038553056084
707.0, 0.045832523589171247
708.0, 0.06022724441948656
709.0, 0.07060983033725504
710.0, 0.07751259119402178
711.0, 0.09679525890384631
712.0, 0.09507520520758336
713.0, 0.10905838838433139
714.0, 0.13259242215059788
715.0, 0.1504285605773458
716.0, 0.1563131157024806
717.0, 0.1836600736753653
718.0, 0.20826357541884907
719.0, 0.2221772412638107
720.0, 0.27494804348761437
721.0, 0.3139217768329545
722.0, 0.3663129390955065
723.0, 0.43114891111643694
724.0, 0.4893147441696447
725.0, 0.5487383763873027
726.0, 0.6411608228730941
727.0, 0.7396684259490632
728.0, 0.8152541621224163
729.0, 0.8794917159381118
730.0, 0.948839746505128
731.0, 0.9802119440436935
732.0, 0.9731773418422737
733.0, 0.9971475457365772
734.0, 0.9300281382962496
735.0, 0.8525772291038451
736.0, 0.781261559952591
737.0, 0.721273199364935
738.0, 0.6452082822526422
739.0, 0.5786564826940168
740.0, 0.5196444806806272
741.0, 0.4656500538794633
742.0, 0.4110497008335282
743.0, 0.36875546365742246
744.0, 0.3336642563749439
745.0, 0.3035826049961565
746.0, 0.2765040979410826
747.0, 0.257150954618205
748.0, 0.23187537256327154
749.0, 0.209985708268582
750.0, 0.1994794096457576
751.0, 0.19391612883120452
752.0, 0.18950613996387816
753.0, 0.1806084831628581
754.0, 0.16881984084993584
755.0, 0.16394319920743497
756.0, 0.16520666049098715
757.0, 0.15507529829222189
758.0, 0.14401335380012295
759.0, 0.14400468250209184
760.0, 0.13499511802781158
761.0, 0.13528593070803
762.0, 0.13492147203127408
763.0, 0.12825800876516644
764.0, 0.11117099827252645
765.0, 0.11103081719160164
766.0, 0.10090430881018478
767.0, 0.08416072849573013
768.0, 0.07050436860025537
769.0, 0.0809665740783191
770.0, 0.06876234212179821
771.0, 0.055851638226551946
772.0, 0.05234382210228321
773.0, 0.05325583760269381
774.0, 0.03524222662426867
775.0, 0.03227917980904039
776.0, 0.035557693048962016
777.0, 0.02577092548143947
778.0, 0.016521851058642324
779.0, 0.012065210230335684
780.0, 0.008771098386989522
781.0, 0.006431502869216688
782.0, 0.012825571738630316
783.0, 0.014805738380632235
784.0, 0.01434536407175005
785.0, 0.010662738813822093
786.0, 0.002611611551949949
787.0, 0.0021129688897086447
788.0, 0.004557731633935235
789.0, 0.005673216079930215
790.0, 0.0043943161633719224
791.0, 0.006014229148092293
792.0, 0.010021560146714658
793.0, 0.009943783661386416
794.0, 0.0068477364264831865
795.0, 0.004012234365493818
796.0, 0.010882971794046308
797.0, 0.008368440259780993
798.0, 0.007217802686633281
799.0, 0.01154592975870171
800.0, 0.01588756756206152
801.0, 0.020842498501840456
802.0, 0.026293904660531997
803.0, 0.028487299374999286
804.0, 0.023469474011153672
805.0, 0.020346138505575057
806.0, 0.012098035895869465
807.0, 0.009336737487569758
808.0, 0.012201207970519143
809.0, 0.006354022540357664
810.0, 0.0060952177513066705
811.0, 0.005477020474645204
812.0, 0.003899148803575468
813.0, 0.0019808266827460604
814.0, 0.006601641727219096
815.0, 0.00483408447387562
816.0, 0.002550348441365802
817.0, 0.0032738511867846055
818.0, 0.01027000482619786
819.0, 0.016510848517531672
820.0, 0.010267169048967476
821.0, 0.004375307625740734
822.0, 0.008735487786872722
823.0, 0.011888936520503128
824.0, 0.008317187352690622
825.0, 0.0070603759552297736
826.0, 0.007294505214369687
827.0, 0.0032162547755505526
828.0, 0.004722728731644811
829.0, 0.004583265997054624
830.0, 0.0031795052431579
831.0, 0.001422395868460084
832.0, 0.00183361756313806
833.0, 0.001727788950072701
834.0, 0.005051237508461149
835.0, 0.009829213818882862
836.0, 0.012179686054539764
837.0, 0.0032016011799266353
838.0, 0.001984652640576609
839.0, 0.007932312585145198
840.0, 0.014922319580842372
841.0, 0.006775480943843212
842.0, 0.0025085230792046918
843.0, 0.010079939578355263
844.0, 0.017032135871306014
845.0, 0.012447704649791832
846.0, 0.0030267661655162224
847.0, 0.009470245534978331
848.0, 0.010473486516907321
849.0, 0.005659043323741772
850.0, 0.0044685088619536234
851.0, 0.009339514576179852
852.0, 0.005338098031616324
853.0, 0.007986561962282791
854.0, 0.01784428005358276
855.0, 0.00296093091228314
856.0, 0.007668218906659421
857.0, 0.018424318412722136
858.0, 0.022211184129863185
859.0, 0.009978235194194624
860.0, 0.013504187284347616
861.0, 0.012115012046731622
862.0, 0.0148937076671573
863.0, 0.021468426967845962
864.0, 0.024986405491286914
865.0, 0.014468168620016191
866.0, 0.01861081050021769
867.0, 0.028651022362928175
868.0, 0.03599753821934703
869.0, 0.03132524526432688
870.0, 0.035137437913490145
871.0, 0.03244994717518616
872.0, 0.033026196027950996
873.0, 0.04681031051177142
874.0, 0.034626929028758226
875.0, 0.04537597897236646
876.0, 0.051405498237336665
877.0, 0.046515966926428017
878.0, 0.03704901857404844
879.0, 0.05180279607211116
880.0, 0.0415613479762999
881.0, 0.033869039090126396
882.0, 0.04145142135920128
883.0, 0.04564108908565351
884.0, 0.04058351821651047
885.0, 0.034085441038919154
886.0, 0.03202154607112422
887.0, 0.036763623543392195
888.0, 0.02658190036986764
889.0, 0.025396306032779165
890.0, 0.02389198886183149
891.0, 0.022095805176474664
892.0, 0.024043302000902725
893.0, 0.012484379581604043
894.0, 0.010088986699050083
895.0, 0.010077861865845857
896.0, 0.009179053369076184
897.0, 0.008121699173281562
898.0, 0.011331132063050862
899.0, 0.011606709570229854
900.0, 0.01250314268758498
901.0, 0.01584309885181564
902.0, 0.013847601291393242
903.0, 0.011256427680943272
904.0, 0.006678431019905849
905.0, 0.004521832521359858
906.0, 0.009050290954287967
907.0, 0.0029340121780826304
908.0, 0.014872466095846222
909.0, 0.022988071812666676
910.0, 0.01917648251738803
911.0, 0.0027622873109671656
912.0, 0.017860831494604948
913.0, 0.011373583022367077
914.0, 0.011423852399595449
915.0, 0.022958427395549146
916.0, 0.014759495541823913
917.0, 0.004706416478540991
918.0, 0.01557785967654315
919.0, 0.022947007354252123
920.0, 0.012917383530237865
921.0, 0.02118970526410375
922.0, 0.025847219251927907
923.0, 0.027476440565630072
924.0, 0.02774099611817429
925.0, 0.028452543001835095
926.0, 0.029163408623010523
927.0, 0.02085973469165451
928.0, 0.031533907186430184
929.0, 0.04623147867188023
930.0, 0.030797007769009236
931.0, 0.052062804572776344
932.0, 0.052325410151616764
933.0, 0.05367106800769322
934.0, 0.059112112435016566
935.0, 0.05358285112136233
936.0, 0.059470616671048325
937.0, 0.06661082255039344
938.0, 0.07102099966954206
939.0, 0.071789278940277
940.0, 0.07322330785430237
941.0, 0.0775134129287983
942.0, 0.07954693340575349
943.0, 0.0819189355255106
944.0, 0.0858487837243288
945.0, 0.08511963340226551
946.0, 0.08619902664053136
947.0, 0.0875091339882809
948.0, 0.09130497575794755
949.0, 0.09787634708435743
950.0, 0.08954592514704637
951.0, 0.09798985621270674
952.0, 0.09809212287588118
953.0, 0.09595239195518476
954.0, 0.10560738740111883
955.0, 0.09389451321840697
956.0, 0.09098711121054304
957.0, 0.0925101358326267
958.0, 0.09533142556694456
959.0, 0.09668156996445791
960.0, 0.10007671917767477
961.0, 0.10608392844672737
962.0, 0.09651919110242699
963.0, 0.08275044712624716
964.0, 0.10510885595799116
965.0, 0.0909483567289526
966.0, 0.09417210623576636
967.0, 0.10386714711794272
968.0, 0.10570720922084413
969.0, 0.07936600550966591
970.0, 0.10526068063379262
971.0, 0.11103250178129874
972.0, 0.10691448118416724
973.0, 0.10511406843614846
974.0, 0.11488628093465994
975.0, 0.10328548051833325
976.0, 0.11306131331984384
977.0, 0.12042462792232692
978.0, 0.11040672374051495
979.0, 0.10890727528351118
980.0, 0.11430843651334736
981.0, 0.12070140129171464
982.0, 0.11782110776567693
983.0, 0.10620553226274929
984.0, 0.13088721209863308
985.0, 0.12011333421421196
986.0, 0.11820484335771038
987.0, 0.12071674972839032
988.0, 0.11656758036464301
989.0, 0.10803708905493746
990.0, 0.1193468924912151
991.0, 0.11521345482548684
992.0, 0.10585246018940099
993.0, 0.10893249340772819
994.0, 0.11574992120655583
995.0, 0.10908457011068239
996.0, 0.11444742166324962
997.0, 0.1151986047887456
998.0, 0.09139435218489292
999.0, 0.10239326135852084
1000.0, 0.11198800637939965
1001.0, 0.11418712173022369
1002.0, 0.115648764572492
1003.0, 0.12438347203555146
1004.0, 0.11459920937265893
1005.0, 0.10825662881943841
1006.0, 0.11059634262211725
1007.0, 0.11303473843561469
1008.0, 0.10460962641994198
1009.0, 0.11429892424035304
1010.0, 0.11808811157957534
1011.0, 0.11598480667742872
1012.0, 0.11830197037086501
1013.0, 0.13555842108198038
1014.0, 0.12303768486447836
1015.0, 0.13425667775226421
1016.0, 0.13850748937630292
1017.0, 0.13839282221509175
1018.0, 0.14938545647514198
1019.0, 0.15910980297366323
1020.0, 0.1572634280887901
1021.0, 0.1568770919287758
1022.0, 0.1657801295542291
1023.0, 0.1863716301684834
1024.0, 0.18419819803537704
1025.0, 0.19113290759021906
1026.0, 0.20016703986875203
1027.0, 0.2054655671420738
1028.0, 0.20311952748957768
1029.0, 0.20586879227893126
1030.0, 0.2046313177116965
1031.0, 0.20892846143253735
1032.0, 0.2216028815585369
1033.0, 0.23778345066075257
1034.0, 0.20719647108796563
1035.0, 0.21702507116944125
1036.0, 0.21623989404430305
1037.0, 0.21338270235103066
1038.0, 0.23054953208700776
1039.0, 0.22425177815307848
1040.0, 0.22913294915494611
1041.0, 0.23813094420479095
1042.0, 0.24583108591233113
1043.0, 0.24856523899400831
1044.0, 0.25135110963075413
1045.0, 0.25939692540814174
1046.0, 0.2684268084921425
1047.0, 0.2756917757736246
1048.0, 0.2811274029106898
1049.0, 0.2964281757475282
1050.0, 0.29828047163171595
1051.0, 0.31664961323404733
1052.0, 0.33272685248483647
1053.0, 0.3325976036511987
1054.0, 0.36211821689866747
1055.0, 0.39746059692014896
1056.0, 0.40847596588115037
1057.0, 0.4170174374020206
1058.0, 0.44373921875385836
1059.0, 0.48201237315632534
1060.0, 0.49793396232507414
1061.0, 0.5297083184820115
1062.0, 0.5643701095627865
1063.0, 0.590947729504765
1064.0, 0.6149437148789054
1065.0, 0.6696195140533951
1066.0, 0.6758475228245571
1067.0, 0.6862441036709674
1068.0, 0.7177905019995886
1069.0, 0.7176690053296421
1070.0, 0.718920899886357
1071.0, 0.7104830094968646
1072.0, 0.6834325604186637
1073.0, 0.6447461798024362
1074.0, 0.6181276729838149
1075.0, 0.597711258683954
1076.0, 0.5360407418042119
1077.0, 0.49296565122476793
1078.0, 0.4689889721984162
1079.0, 0.4218488867785536
1080.0, 0.3713702084346387
1081.0, 0.3562116917475048
1082.0, 0.3214743669468438
1083.0, 0.2810778880375582
1084.0, 0.2736590660137268
1085.0, 0.24691084338153457
1086.0, 0.22603921090272047
1087.0, 0.21851246102306826
1088.0, 0.20664159499834064
1089.0, 0.17545697632832158
1090.0, 0.16279114830252173
1091.0, 0.1500400198709076
1092.0, 0.1422927948879153
1093.0, 0.13814172304215205
1094.0, 0.13263164396524374
1095.0, 0.11424257102745214
1096.0, 0.0900258651213752
1097.0, 0.10119758751420453
1098.0, 0.10456574293921152
1099.0, 0.08415067782125525
1100.0, 0.08195057024544126
1101.0, 0.09066073957572522
1102.0, 0.0705756174826376
1103.0, 0.06950402040001104
1104.0, 0.08849235113023976
1105.0, 0.08246333454488032
1106.0, 0.06761549964644309
1107.0, 0.07496155095882166
1108.0, 0.07059819949047279
1109.0, 0.059566025542327525
1110.0, 0.06408682641548147
1111.0, 0.06603135885209073
1112.0, 0.06382106101779385
1113.0, 0.06431770532746368
1114.0, 0.06330873988999453
1115.0, 0.0548390929234877
1116.0, 0.03852832787098556
1117.0, 0.05273608992459114
1118.0, 0.05134793531929519
1119.0, 0.04981066406091222
1120.0, 0.057132688404089305
1121.0, 0.05205187430557935
1122.0, 0.05918855200449798
1123.0, 0.07862181502679078
1124.0, 0.08037254438063364
1125.0, 0.060923728803753
1126.0, 0.045547315926655
1127.0, 0.06227712104684917
1128.0, 0.037591083580011724
1129.0, 0.03471166836994477
1130.0, 0.04554549974641224
1131.0, 0.032371740220089346
1132.0, 0.016008544259884336
1133.0, 0.034947242044662825
1134.0, 0.03770124413342969
1135.0, 0.029907392393118994
1136.0, 0.031245057556482467
1137.0, 0.06137146788004834
1138.0, 0.030282248671270336
1139.0, 0.035465206490977445
1140.0, 0.04096609848405866
1141.0, 0.02789215291070232
1142.0, 0.016702763372092585
1143.0, 0.045497694259705124
1144.0, 0.025525864624382503
1145.0, 0.023379899197153005
1146.0, 0.039681423759363565
1147.0, 0.03639526479542237
1148.0, 0.014311657142871139
1149.0, 0.036221228514938086
1150.0, 0.03841312200947386
1151.0, 0.022974716924759272
1152.0, 0.012389356432968405
1153.0, 0.03553241988972463
1154.0, 0.015786699973530993
1155.0, 0.014852263366913882
1156.0, 0.019124697840708353
1157.0, 0.016847086845392947
1158.0, 0.008227080950666672
1159.0, 0.010221967717491433
1160.0, 0.014434849146340559
1161.0, 0.014845612388539785
1162.0, 0.01763387927224748
1163.0, 0.028731346665505305
1164.0, 0.008404941669437496
1165.0, 0.013996785105252296
1166.0, 0.012587273729936607
1167.0, 0.012532223612670012
1168.0, 0.019549234258505264
1169.0, 0.01400627177254099
1170.0, 0.014999297174377545
1171.0, 0.021096891102000543
1172.0, 0.025007682735360963
1173.0, 0.019421977402361658
1174.0, 0.00045156682814591017
1175.0, 0.0001773694217436896
1176.0, 0.010501467589373693
1177.0, 0.011430992264011107
1178.0, 0.008524518880099585
1179.0, 0.010171038605188953
1180.0, 0.0028244423032293678
1181.0, 0.0013643993364568837
1182.0, 0.011792817705951697
1183.0, 0.015002814066601486
1184.0, 0.0076945778498937805
1185.0, 0.00872219340870537
1186.0, 0.009844729849464395
1187.0, 0.005846126309816164
1188.0, 0.011617626254589905
1189.0, 0.019774437721303363
1190.0, 0.017323709286906262
1191.0, 0.014218003604929934
1192.0, 0.023235076979996456
1193.0, 0.012203972520193992
1194.0, 0.004258185726263702
1195.0, 0.008767513692853914
1196.0, 0.0030222211864575988
1197.0, 0.005530370452360265
1198.0, 0.009153420463778294
1199.0, 0.010317451331218523
1200.0, 0.008269409954864743
1201.0, 0.007067058417743181
1202.0, 0.02754705911616942
1203.0, 0.013802616150834312
1204.0, 0.004434595897207958
1205.0, 0.013399585460009376
1206.0, 0.027679465592570313
1207.0, 0.002102826495879886
1208.0, 0.01737036669559399
1209.0, 0.011388299579950831
1210.0, 0.005899882498646393
1211.0, 0.012050509213472154
1212.0, 0.026457079420107985
1213.0, 0.0073050732489031
1214.0, 0.014384185420407336
1215.0, 0.02551309890899147
1216.0, 0.024705729209901082
1217.0, 0.014215169454109323
1218.0, 0.018413535585693166
1219.0, 0.005917103310914066
1220.0, 0.013991175848107551
1221.0, 0.02337791988207294
1222.0, 0.026216150320303853
1223.0, 0.023512765342106293
1224.0, 0.02808491213444518
1225.0, 0.024082135331300877
1226.0, 0.021106766059076507
1227.0, 0.03260018511869109
1228.0, 0.04549804936228145
1229.0, 0.024002343990811803
1230.0, 0.021458165208387794
1231.0, 0.0444233248308001
1232.0, 0.04141665025835012
1233.0, 0.0276936549115197
1234.0, 0.02775980222193571
1235.0, 0.030140028994060455
1236.0, 0.009892899011391721
1237.0, 0.027510310322520742
1238.0, 0.027495912924914295
1239.0, 0.01163991029091428
1240.0, 0.022867692937738444
1241.0, 0.04361110305520406
1242.0, 0.02526865371138079
1243.0, 0.02512148907179912
1244.0, 0.032910517830412975
1245.0, 0.030479858945137918
1246.0, 0.011540114952972146
1247.0, 0.03274348854288163
1248.0, 0.02772841177467358
1249.0, 0.030234514894013402
1250.0, 0.03998577407313475
1251.0, 0.03987888496599079
1252.0, 0.012501539023067531
1253.0, 0.030000363802423616
1254.0, 0.0344868640276059
1255.0, 0.03464700689359821
1256.0, 0.04097996159045663
1257.0, 0.05465242573630959
1258.0, 0.030806847603663385
1259.0, 0.01811939816899847
1260.0, 0.03930076455912983
1261.0, 0.04914225438767675
1262.0, 0.026924223055369744
1263.0, 0.020715960137934475
1264.0, 0.05554755691000199
1265.0, 0.03544297719177202
1266.0, 0.033797823304446944
1267.0, 0.04481067388774554
1268.0, 0.03739503226973785
1269.0, 0.022830194092055497
1270.0, 0.05503722944507462
1271.0, 0.0439136689641983
1272.0, 0.03478017604657642
1273.0, 0.047066677540640006
1274.0, 0.06275349504227053
1275.0, 0.017289615290408334
1276.0, 0.04334171160941051
1277.0, 0.04161748496974507
1278.0, 0.023175329491385257
1279.0, 0.019581214992948993
1280.0, 0.05390391996986157
1281.0, 0.02742547389410077
1282.0, 0.028036344155286764
1283.0, 0.04291729591302128
1284.0, 0.04090084284081363
1285.0, 0.0187908156248555
1286.0, 0.04127804565654185
1287.0, 0.041550738698113286
1288.0, 0.01982285778720524
1289.0, 0.01658111225417398
1290.0, 0.029398943678737192
1291.0, 0.034767597692382836
1292.0, 0.019026012427057946
1293.0, 0.032624708032908664
1294.0, 0.02096606219757305
1295.0, 0.018915387644675784
1296.0, 0.03663401923817919
1297.0, 0.052843405043337295
1298.0, 0.00982836245779694
1299.0, 0.019040389148896508
1300.0, 0.01905400562190845
1301.0, 0.011331563191185645
1302.0, 0.012688203656085778
1303.0, 0.0372143136661825
1304.0, 0.018690526893465627
1305.0, 0.004560309946876499
1306.0, 0.029146863923315523
1307.0, 0.03522225654142137
1308.0, 0.004586483497981638
1309.0, 0.0020393860229299607
1310.0, 0.03607396857183566
1311.0, 0.022415453670831125
1312.0, 0.028910399585936334
1313.0, 0.0396453810662499
1314.0, 0.02834641044711097
1315.0, 0.00255957130253533
1316.0, 0.03429175303812204
1317.0, 0.02539714475073118
1318.0, 0.0215549995186028
1319.0, 0.03113776937006809
1320.0, 0.038793993515492696
1321.0, 0.015144124083008647
1322.0, 0.037038095582390664
1323.0, 0.036212791381744325
1324.0, 0.023966939323386532
1325.0, 0.020520311027833638
1326.0, 0.033132312839237954
1327.0, 0.023072143181827577
1328.0, 0.016416133384800545
1329.0, 0.028113382095804346
1330.0, 0.02793636378614702
1331.0, 0.02264965603967317
1332.0, 0.030396292686449472
1333.0, 0.025201907607189405
1334.0, 0.005725046163974743
1335.0, 0.03142759203925017
1336.0, 0.03269593252852043
1337.0, 0.013338114588902014
1338.0, 0.022160852791325566
1339.0, 0.05898548152462822
1340.0, 0.015094190846875122
1341.0, 0.02036258096561501
1342.0, 0.03395006501483517
1343.0, 0.026984207827946038
1344.0, 0.0053946528613643685
1345.0, 0.03217815335477402
1346.0, 0.031700021132786936
1347.0, 0.01638164869082774
1348.0, 0.021987938037161852
1349.0, 0.041552354337737366
1350.0, 0.04060708191753325
1351.0, 0.018609028727044723
1352.0, 0.03592310904101263
1353.0, 0.02702046220721518
1354.0, 0.03512971634973164
1355.0, 0.0525467983278055
1356.0, 0.03835767606451952
1357.0, 0.01725252206268091
1358.0, 0.033376471079089184
1359.0, 0.03572859242841398
1360.0, 0.029916261402234023
1361.0, 0.029561248537185503
1362.0, 0.04005102130845074
1363.0, 0.027261930149515647
1364.0, 0.03388265620832668
1365.0, 0.03757998320177332
1366.0, 0.026141415927812904
1367.0, 0.022324424627463157
1368.0, 0.046437702111122116
1369.0, 0.022264520486277972
1370.0, 0.006501729773356783
1371.0, 0.03395388753085955
1372.0, 0.03689889727857442
1373.0, 0.017922943009293014
1374.0, 0.01841329493869446
1375.0, 0.0378273289519792
1376.0, 0.013342547748867846
1377.0, 0.02670489861068827
1378.0, 0.02911719428147145
1379.0, 0.01662344792436203
1380.0, 0.012645995918495367
1381.0, 0.031632055326097856
1382.0, 0.022899607735664535
1383.0, 0.00714403324802426
1384.0, 1.5370409161931773e-05
1385, 0.0
1386, 0.0
1387, 0.0
1388, 0.0
1389, 0.0
1390, 0.0
1391, 0.0
1392, 0.0
1393, 0.0
1394, 0.0
1395, 0.0
1396, 0.0
1397, 0.0
1398, 0.0
1399, 0.0
1400, 0.0
1401, 0.0
1402, 0.0
1403, 0.0
1404, 0.0
1405, 0.0
1406, 0.0
1407, 0.0
1408, 0.0
1409, 0.0
1410, 0.0
1411, 0.0
1412, 0.0
1413, 0.0
1414, 0.0
1415, 0.0
1416, 0.0
1417, 0.0
1418, 0.0
1419, 0.0
1420, 0.0
1421, 0.0
1422, 0.0
1423, 0.0
1424, 0.0
1425, 0.0
1426, 0.0
1427, 0.0
1428, 0.0
1429, 0.0
1430, 0.0
1431, 0.0
1432, 0.0
1433, 0.0
1434, 0.0
1435, 0.0
1436, 0.0
1437, 0.0
1438, 0.0
1439, 0.0
1440, 0.0
1441, 0.0
1442, 0.0
1443, 0.0
1444, 0.0
1445, 0.0
1446, 0.0
1447, 0.0
1448, 0.0
1449, 0.0
1450, 0.0
1451, 0.0
1452, 0.0
1453, 0.0
1454, 0.0
1455, 0.0
1456, 0.0
1457, 0.0
1458, 0.0
1459, 0.0
1460, 0.0
1461, 0.0
1462, 0.0
1463, 0.0
1464, 0.0
1465, 0.0
1466, 0.0
1467, 0.0
1468, 0.0
1469, 0.0
1470, 0.0
1471, 0.0
1472, 0.0
1473, 0.0
1474, 0.0
1475, 0.0
1476, 0.0
1477, 0.0
1478, 0.0
1479, 0.0
1480, 0.0
1481, 0.0
1482, 0.0
1483, 0.0
1484, 0.0
1485, 0.0
1486, 0.0
1487, 0.0
1488, 0.0
1489, 0.0
1490, 0.0
1491, 0.0
1492, 0.0
1493, 0.0
1494, 0.0
1495, 0.0
1496, 0.0
1497, 0.0
1498, 0.0
1499, 0.0
1500, 0.0
1501, 0.0
1502, 0.0
1503, 0.0
1504, 0.0
1505, 0.0
1506, 0.0
1507, 0.0
1508, 0.0
1509, 0.0
1510, 0.0
1511, 0.0
1512, 0.0
1513, 0.0
1514, 0.0
1515, 0.0
1516, 0.0
1517, 0.0
1518, 0.0
1519, 0.0
1520, 0.0
1521, 0.0
1522, 0.0
1523, 0.0
1524, 0.0
1525, 0.0
1526, 0.0
1527, 0.0
1528, 0.0
1529, 0.0
1530, 0.0
1531, 0.0
1532, 0.0
1533, 0.0
1534, 0.0
1535, 0.0
1536, 0.0
1537, 0.0
1538, 0.0
1539, 0.0
1540, 0.0
1541, 0.0
1542, 0.0
1543, 0.0
1544, 0.0
1545, 0.0
1546, 0.0
1547, 0.0
1548, 0.0
1549, 0.0
1550, 0.0
1551, 0.0
1552, 0.0
1553, 0.0
1554, 0.0
1555, 0.0
1556, 0.0
1557, 0.0
1558, 0.0
1559, 0.0
1560, 0.0
1561, 0.0
1562, 0.0
1563, 0.0
1564, 0.0
1565, 0.0
1566, 0.0
1567, 0.0
1568, 0.0
1569, 0.0
1570, 0.0
1571, 0.0
1572, 0.0
1573, 0.0
1574, 0.0
1575, 0.0
1576, 0.0
1577, 0.0
1578, 0.0
1579, 0.0
1580, 0.0
1581, 0.0
1582, 0.0
1583, 0.0
1584, 0.0
1585, 0.0
1586, 0.0
1587, 0.0
1588, 0.0
1589, 0.0
1590, 0.0
1591, 0.0
1592, 0.0
1593, 0.0
1594, 0.0
1595, 0.0
1596, 0.0
1597, 0.0
1598, 0.0
1599, 0.0
