30, 0.0
31, 0.0
32, 0.0
33, 0.0
34, 0.0
35, 0.0
36, 0.0
37, 0.0
38, 0.0
39, 0.0
40, 0.0
41, 0.0
42, 0.0
43.0, 0.0002305214763148369
44.0, 0.00038274505004950315
45.0, 0.0003838546259048276
46.0, 0.00038377992872411806
47.0, 0.0004811254514947294
48.0, 0.00042423668908119714
49.0, 0.0004516545185028828
50.0, 0.0006286179986867723
51.0, 0.0008793145109425355
52.0, 0.0008368857171194449
53.0, 0.000963913552665769
54.0, 0.001040345552238838
55.0, 0.0010650893705689067
56.0, 0.0011612590592671279
57.0, 0.0015246915571784203
58.0, 0.0017480233831899854
59.0, 0.0019464052725084988
60.0, 0.0020231314579198948
61.0, 0.001841615791480099
62.0, 0.0015279260918496843
63.0, 0.0011771302316944312
64.0, 0.000910080090123868
65.0, 0.0007669783635057947
66.0, 0.0006978154698564395
67.0, 0.0003541368487472311
68.0, 0.00018620408055039256
69.0, 0.0002003587430869504
70.0, 0.0002840701622319163
71.0, 0.0003017707408009498
72.0, 0.0001187026137566941
73.0, 0.00022313458266995042
74.0, 0.0006143705250940122
75.0, 0.0007761877533670565
76.0, 0.0005320544444847838
77.0, 0.0004804220231309979
78.0, 0.00018887068800028055
79.0, 0.00016886800766619726
80.0, 0.0005671604376242431
81.0, 0.0012296706034457456
82.0, 0.001659628171919785
83.0, 0.003136242723405831
84.0, 0.0052078551106312255
85.0, 0.0069678471084002715
86.0, 0.0087340659847701
87.0, 0.011710799195744057
88.0, 0.014127761236827336
89.0, 0.017501618348229706
90.0, 0.020651138839839697
91.0, 0.024059634251872315
92.0, 0.028875326424852035
93.0, 0.03476075361572972
94.0, 0.04153797272268621
95.0, 0.049901031432905016
96.0, 0.060031502015531674
97.0, 0.07116672607749062
98.0, 0.07936382756385685
99.0, 0.08574727383156047
100.0, 0.09102253018115561
101.0, 0.0949085375531278
102.0, 0.09710004736449099
103.0, 0.09740216401468221
104.0, 0.09719486830666639
105.0, 0.09483449648385352
106.0, 0.09105620773111915
107.0, 0.08761618066388757
108.0, 0.08726201347134369
109.0, 0.08413328735367995
110.0, 0.08042228467184752
111.0, 0.0769671119768566
112.0, 0.07414022516255614
113.0, 0.07191960729683759
114.0, 0.07028010629924289
115.0, 0.06946087888870653
116.0, 0.06879690333832153
117.0, 0.06772341393693151
118.0, 0.06600642346858006
119.0, 0.06500661882893993
120.0, 0.06327868194204538
121.0, 0.062092171183705684
122.0, 0.0611908723419662
123.0, 0.0601018029173365
124.0, 0.05862598163473162
125.0, 0.05856483303347149
126.0, 0.05809586601350417
127.0, 0.05757938319473841
128.0, 0.057592421157357465
129.0, 0.05871844122648786
130.0, 0.05735588922710461
131.0, 0.058424531931796406
132.0, 0.058002373421661556
133.0, 0.057322907432823714
134.0, 0.06022472376769736
135.0, 0.059916583155786324
136.0, 0.059670625751439284
137.0, 0.06072625514157647
138.0, 0.06232392063314498
139.0, 0.06349100297538703
140.0, 0.0651226190344192
141.0, 0.06470819561275752
142.0, 0.06491543290641856
143.0, 0.06532464605634929
144.0, 0.06555190155493062
145.0, 0.06601205536571829
146.0, 0.06563155817322298
147.0, 0.06559873752688021
148.0, 0.06571942751103654
149.0, 0.06550225384528414
150.0, 0.06445389323904017
151.0, 0.06477251597046657
152.0, 0.06335085361892182
153.0, 0.06131352564864479
154.0, 0.05980502730862085
155.0, 0.05960595441418133
156.0, 0.06000303487481745
157.0, 0.059114198072569776
158.0, 0.060091247950990696
159.0, 0.06089286029886165
160.0, 0.060531411027994045
161.0, 0.06115390791528871
162.0, 0.059358370735161876
163.0, 0.06081390072292101
164.0, 0.06129873374533125
165.0, 0.06034820546473699
166.0, 0.0605194429603852
167.0, 0.06348405674961077
168.0, 0.06380325838547313
169.0, 0.06390877152155368
170.0, 0.064300153349122
171.0, 0.06454447406767509
172.0, 0.06308828814720635
173.0, 0.06352672126141856
174.0, 0.0625812796703044
175.0, 0.06189712058554212
176.0, 0.06179334601375531
177.0, 0.06033211314301844
178.0, 0.05976635128139386
179.0, 0.05869570433755543
180.0, 0.057962364351792646
181.0, 0.057073086672353286
182.0, 0.05534657242173572
183.0, 0.0551539685329081
184.0, 0.05457084350559597
185.0, 0.0550529414212792
186.0, 0.05514220793175671
187.0, 0.05403414399615387
188.0, 0.0532794753698352
189.0, 0.05421338797715655
190.0, 0.05273965967656409
191.0, 0.05154432006917853
192.0, 0.05144128265084265
193.0, 0.05145537936463275
194.0, 0.049376528945034116
195.0, 0.04859931870349508
196.0, 0.047088711628388145
197.0, 0.04509729097840827
198.0, 0.04327395174238413
199.0, 0.041611175087623714
200.0, 0.040559736750078096
201.0, 0.03842139363966243
202.0, 0.037205330769363554
203.0, 0.037244075993560194
204.0, 0.037038575396281664
205.0, 0.03488070246041161
206.0, 0.033255041353317874
207.0, 0.03271567508596197
208.0, 0.03225494728487864
209.0, 0.03088901661647112
210.0, 0.029296661754001852
211.0, 0.02795882509462378
212.0, 0.026618619849629894
213.0, 0.026130311988146856
214.0, 0.02607998197835988
215.0, 0.024894151443199987
216.0, 0.024011384357004256
217.0, 0.02291132692977152
218.0, 0.02224883670192048
219.0, 0.021684364845483185
220.0, 0.020642930070180157
221.0, 0.018895579410202076
222.0, 0.019732653402062872
223.0, 0.018515054795363743
224.0, 0.017471757115319404
225.0, 0.017110822167087144
226.0, 0.01597438921259681
227.0, 0.01679081661310796
228.0, 0.015558692033326193
229.0, 0.01497109976365426
230.0, 0.01433945995516445
231.0, 0.013071483584909874
232.0, 0.013698278671895506
233.0, 0.013947006606614963
234.0, 0.013285211594624384
235.0, 0.012895141778452858
236.0, 0.012708088186076149
237.0, 0.011695013874497617
238.0, 0.010568722600723557
239.0, 0.010401736410796029
240.0, 0.010613837362759442
241.0, 0.010125496007236091
242.0, 0.009185949331217648
243.0, 0.010912901794940385
244.0, 0.010321823678039377
245.0, 0.009714711984918087
246.0, 0.008788058903081028
247.0, 0.008304901704983988
248.0, 0.009064595672679197
249.0, 0.008218362022758913
250.0, 0.007460944964361466
251.0, 0.007722213948596159
252.0, 0.007689235563344452
253.0, 0.0066921912435305595
254.0, 0.005592388906833095
255.0, 0.00708124717255598
256.0, 0.006585768810582399
257.0, 0.006339255591297898
258.0, 0.006207980014204097
259.0, 0.005567603810587693
260.0, 0.00559594045340508
261.0, 0.0053444678782942606
262.0, 0.004535632268329174
263.0, 0.004010493261383153
264.0, 0.003888372466539957
265.0, 0.0036030546952236465
266.0, 0.0032375878775578
267.0, 0.0033663381698927613
268.0, 0.003492914477410256
269.0, 0.0033181374007640327
270.0, 0.0029574773002452076
271.0, 0.003138738054438862
272.0, 0.0026276465599239423
273.0, 0.0023325618433418242
274.0, 0.002481631559076962
275.0, 0.002701827499320859
276.0, 0.0025081743536602523
277.0, 0.0021239641667737535
278.0, 0.002227323058364925
279.0, 0.002060064761153946
280.0, 0.0023548160692875683
281.0, 0.002719335364252118
282.0, 0.001959866805373156
283.0, 0.0023253916469461577
284.0, 0.0030144741602206268
285.0, 0.0030729218783616978
286.0, 0.0031835578289741446
287.0, 0.0037294476822708226
288.0, 0.003959190090615779
289.0, 0.004951218152601528
290.0, 0.00522455919859614
291.0, 0.006173232235939103
292.0, 0.007149794548031914
293.0, 0.007383306372635965
294.0, 0.0085522032331467
295.0, 0.011054423895080432
296.0, 0.013194143230781177
297.0, 0.015412485052097306
298.0, 0.01732032192198006
299.0, 0.01854048651718169
300.0, 0.023004144598573598
301.0, 0.02588102609989884
302.0, 0.028079123071871454
303.0, 0.02965943834263755
304.0, 0.030677068156267712
305.0, 0.03126476549534258
306.0, 0.030770053618005007
307.0, 0.030845801137566478
308.0, 0.03066013316981061
309.0, 0.03029848867018483
310.0, 0.030023422020763517
311.0, 0.029909389376056084
312.0, 0.03034081741889415
313.0, 0.029036869065497222
314.0, 0.02823955089810273
315.0, 0.027173218364443384
316.0, 0.024854961020163047
317.0, 0.02374021446321393
318.0, 0.022288106283050776
319.0, 0.020596975656233484
320.0, 0.02008098167349657
321.0, 0.02008510494923385
322.0, 0.019183713002532656
323.0, 0.018921617423254003
324.0, 0.019304439586019795
325.0, 0.019223021507855632
326.0, 0.01911394835784835
327.0, 0.01979513581482607
328.0, 0.021737742335735857
329.0, 0.022026943153687334
330.0, 0.02304201906546538
331.0, 0.024257035182328027
332.0, 0.025440166441793963
333.0, 0.02668252087773959
334.0, 0.028359278549259254
335.0, 0.03033776279165078
336.0, 0.0315600460786743
337.0, 0.03227080053357606
338.0, 0.032836064841315495
339.0, 0.033471240893427325
340.0, 0.03403207604257337
341.0, 0.03310317952693514
342.0, 0.031633399563104694
343.0, 0.030673772296515255
344.0, 0.029745953554251418
345.0, 0.02836622919558065
346.0, 0.027130746885611755
347.0, 0.026121997519714446
348.0, 0.024043849564351762
349.0, 0.022652503535334222
350.0, 0.021326242994098975
351.0, 0.01947602450271476
352.0, 0.019156442456704673
353.0, 0.018106104199069543
354.0, 0.01703002533853894
355.0, 0.016078560825367058
356.0, 0.015344777200119404
357.0, 0.01495744533668468
358.0, 0.015243374168669391
359.0, 0.015450633814607546
360.0, 0.016071687724205128
361.0, 0.01709393347027904
362.0, 0.018361799438391998
363.0, 0.019834790995862987
364.0, 0.022076373709159998
365.0, 0.024387743199206457
366.0, 0.027142159464056924
367.0, 0.03027574179423308
368.0, 0.033643126907309646
369.0, 0.03701136038762878
370.0, 0.03993345186645776
371.0, 0.039479975524916104
372.0, 0.03815981425615389
373.0, 0.03639642166256939
374.0, 0.03383261354971825
375.0, 0.030083064906647385
376.0, 0.026325040987549307
377.0, 0.022966407077711682
378.0, 0.020538429996224274
379.0, 0.01847768638516983
380.0, 0.016446335569182506
381.0, 0.014481570991985276
382.0, 0.01309550903306016
383.0, 0.011898507273481273
384.0, 0.010649249846334427
385.0, 0.01036611651723729
386.0, 0.010799183974272287
387.0, 0.010865810048726086
388.0, 0.010032861370107206
389.0, 0.010375459796307015
390.0, 0.00885386360523983
391.0, 0.008520689491802865
392.0, 0.00880573940690853
393.0, 0.007684740685486182
394.0, 0.007912471319810198
395.0, 0.007959699136445354
396.0, 0.008517934721998126
397.0, 0.008161702985393196
398.0, 0.00810435859528838
399.0, 0.00960069996497774
400.0, 0.008623498688143121
401.0, 0.009970899141847723
402.0, 0.010883074836410492
403.0, 0.011086006307428849
404.0, 0.01141986323304594
405.0, 0.012521265622157114
406.0, 0.012973841255983783
407.0, 0.013816339684819457
408.0, 0.0147057157518865
409.0, 0.01551673172644619
410.0, 0.016287542643759
411.0, 0.017215829478081694
412.0, 0.01864831468993465
413.0, 0.021048969317831505
414.0, 0.02205844642468997
415.0, 0.022622765952726324
416.0, 0.023989883158686214
417.0, 0.0267650467043754
418.0, 0.030138192871339436
419.0, 0.03207286970720778
420.0, 0.03319666344142986
421.0, 0.03491689981155537
422.0, 0.0359902931032309
423.0, 0.035989022582095874
424.0, 0.036746721599339095
425.0, 0.035863533809588656
426.0, 0.03279644898796639
427.0, 0.02944210591420998
428.0, 0.02648013773428864
429.0, 0.023918164381395175
430.0, 0.0212512256170459
431.0, 0.017505602444087647
432.0, 0.015434809001550408
433.0, 0.014001948069219687
434.0, 0.012104041539309074
435.0, 0.010132170957036717
436.0, 0.009329315005918855
437.0, 0.008250833561930841
438.0, 0.007794413662251894
439.0, 0.0068467790914007315
440.0, 0.005697533676975031
441.0, 0.005237242272064682
442.0, 0.005709499567185079
443.0, 0.004463728688270203
444.0, 0.004197363982010053
445.0, 0.003508093808380295
446.0, 0.0027680908096685687
447.0, 0.0024492698334367203
448.0, 0.0024824509354204843
449.0, 0.0017509542218932803
450.0, 0.0014930629554751865
451.0, 0.0018259533148711734
452.0, 0.0014563685047837165
453.0, 0.0010010908997355617
454.0, 0.0012242933357389072
455.0, 0.0019179726699597088
456.0, 0.001025806909286783
457.0, 0.0004455771305178806
458.0, 0.0006404199603142754
459.0, 0.0008779513224930412
460.0, 0.0008089554407167897
461.0, 0.0006696798670794449
462.0, 0.0002841462167229499
463.0, 0.0004018956895174779
464.0, 0.0006146667985967517
465.0, 0.00043952790252833754
466.0, 0.00026767395195358205
467.0, 0.0006297147290065389
468.0, 0.0008029858184565318
469.0, 0.00022284406295396649
470.0, 0.0003054499117320237
471.0, 0.00020764362403368684
472.0, 0.0002679310367532004
473.0, 0.0007345362196686999
474.0, 0.0008576166241666973
475.0, 0.0003553181574267395
476.0, 0.00012886194625092915
477.0, 6.642394935461792e-05
478.0, 0.0003889059269659272
479.0, 0.000741222353889133
480.0, 0.0003992937869845776
481.0, 0.00012293612771687872
482.0, 0.0009192664648071746
483.0, 0.0005334528797003896
484.0, 0.00010901090384966382
485.0, 6.448454190294433e-05
486.0, 0.00018082829921019236
487.0, 0.00043971084682394186
488.0, 0.0006247686125092625
489.0, 0.000642635551332632
490.0, 0.0005756753032086585
491.0, 0.00036156157267782117
492.0, 8.483048964853918e-05
493.0, 5.858707916303134e-05
494.0, 0.0002183503601203175
495.0, 0.0004248299528175389
496.0, 0.0006049393444152429
497.0, 0.0005960158782441565
498.0, 0.0006305128973506768
499.0, 0.0008781579446121021
500.0, 0.00021888440434041095
501.0, 0.0002863115653741636
502.0, 0.0001323612976458357
503.0, 0.00037728574132322334
504.0, 0.0005723815773188035
505.0, 0.0003988696512884264
506.0, 0.0005467473926780537
507.0, 0.0009652948904252475
508.0, 0.0006576105988992299
509.0, 0.0002358210264484993
510.0, 0.00017073984722381093
511.0, 0.00031122872373740864
512.0, 0.0001722113687015509
513.0, 3.625716299671785e-05
514.0, 0.0001656384906259565
515.0, 0.0004873726056725199
516.0, 0.0006422760863719579
517.0, 0.0004283112691804445
518.0, 0.00012731575224300353
519.0, 0.00047786405391889717
520.0, 0.00013962141591652145
521.0, 0.00042629996860975457
522.0, 0.0005839437909846914
523.0, 0.0003449669863349813
524.0, 0.00014416976431821802
525.0, 0.0005357719065213104
526.0, 0.0007565645333082653
527.0, 0.000308200454789944
528.0, 0.0001810194535928327
529.0, 0.0001224193776897875
530.0, 7.414276695097351e-05
531.0, 0.00022195175835889826
532.0, 0.0007673818428377229
533.0, 0.0003246793650802832
534.0, 0.0003216701043337483
535.0, 0.00020419728935456888
536.0, 0.000574917616819205
537.0, 0.0008699208436112263
538.0, 0.0003509082830635396
539.0, 0.0003369936554044109
540.0, 0.0006455236758975491
541.0, 0.00027520361834322115
542.0, 0.00036889450278120657
543.0, 0.0004519738107868661
544.0, 0.0004103493024059079
545.0, 0.000811561050248999
546.0, 0.00036330659053957057
547.0, 0.00021481890742056314
548.0, 0.0005554357204298703
549.0, 0.0007699281876246697
550.0, 0.000786592133904028
551.0, 0.0007393803682730825
552.0, 0.0005692879769112933
553.0, 0.0009297563321951064
554.0, 0.0005637379784512006
555.0, 0.0005747269994718429
556.0, 0.0004252945494020426
557.0, 0.00042956607524574034
558.0, 0.001042786074814383
559.0, 0.0005957461072180403
560.0, 0.00021959793832867347
561.0, 0.0004314979015332208
562.0, 0.00032561483559370323
563.0, 0.0004826381753663852
564.0, 0.0009783425274153157
565.0, 0.0009663670028480414
566.0, 0.0005522529609608061
567.0, 0.0009979292740765534
568.0, 0.00047752463464606834
569.0, 0.0005833251721025022
570.0, 0.0006708426032084531
571.0, 0.0002731095525140965
572.0, 0.0006411230903263596
573.0, 5.913657128333102e-05
574.0, 0.0012120910714154378
575.0, 0.0009410953212923238
576.0, 0.0008265795049517421
577.0, 0.0008421331009546906
578.0, 0.0005649451808426941
579.0, 0.0014313496515372935
580.0, 0.0007288379084755684
581.0, 0.0005450442379256528
582.0, 0.0002533042593705418
583.0, 0.0009107281084717276
584.0, 0.0014000857770587205
585.0, 0.00040872609023670655
586.0, 0.0012844994630787704
587.0, 0.0010433329600251474
588.0, 0.0006276967377490672
589.0, 0.0013941147352685165
590.0, 0.001805642903676108
591.0, 0.0012797188796392041
592.0, 0.000869083901478647
593.0, 0.0010645793534212356
594.0, 0.0012599828226799708
595.0, 0.001497448608073689
596.0, 0.0017773791322566873
597.0, 0.001594229328124172
598.0, 0.0014104917082126927
599.0, 0.0022662901993014584
600.0, 0.0022588849497265115
601.0, 0.001371419551896304
602.0, 0.0015485970310278577
603.0, 0.0015449716509316612
604.0, 0.0019247050639081154
605.0, 0.0025577680312352667
606.0, 0.0020185444170591656
607.0, 0.001899963459151554
608.0, 0.0026209072681842947
609.0, 0.002041922088874649
610.0, 0.0017343440609854403
611.0, 0.002031232883370579
612.0, 0.0022145241481496608
613.0, 0.001572988220218942
614.0, 0.0019010148191146656
615.0, 0.002026140284914342
616.0, 0.0022804171297615057
617.0, 0.0023540014725475012
618.0, 0.002389381797353879
619.0, 0.002510997433291884
620.0, 0.002481204831067228
621.0, 0.0021425819446167023
622.0, 0.0022290062074186543
623.0, 0.0011841368779619272
624.0, 0.0010732448646735215
625.0, 0.0013764197387375685
626.0, 0.001125607582988558
627.0, 0.000884319490482122
628.0, 0.00178408207226024
629.0, 0.0010589707771011835
630.0, 0.0011689749283210092
631.0, 0.000732418970158492
632.0, 0.0005739386189031402
633.0, 0.001359486773752496
634.0, 0.0019394688007486481
635.0, 0.0013927794605202964
636.0, 0.0007360135290441169
637.0, 0.00025371372854607056
638.0, 0.0004214475012300731
639.0, 0.0006971899296522719
640.0, 0.0007045480940221564
641.0, 0.0007007287088375119
642.0, 0.00019480237632006674
643.0, 0.0008391781893229849
644.0, 0.0007804244281612084
645.0, 0.00040191098501070593
646.0, 0.0003263612950967726
647.0, 0.0005415676673373847
648.0, 0.000491939195254668
649.0, 0.000469212482626399
650.0, 8.325402666143115e-05
651.0, 0.0005112910435388587
652.0, 0.0005063918414187763
653.0, 0.00046658586493054764
654.0, 0.0006083454100620388
655.0, 0.0005629758456606273
656.0, 0.0004190777119043304
657.0, 0.00014557759618961556
658.0, 0.0004115712369245084
659.0, 0.00038439397472375697
660.0, 0.00035500431596316234
661.0, 0.0003532700074186185
662.0, 0.00036035907202354905
663.0, 0.001124050297956118
664.0, 0.0008773247796910864
665.0, 0.0006075056605531509
666.0, 0.00034310344718278796
667.0, 0.0004630344196829776
668.0, 0.0004917085334476629
669.0, 0.00023867277511174014
670.0, 0.000722682067288016
671.0, 0.0001304726099418193
672.0, 5.087852224961976e-05
673.0, 0.0007212598345029573
674.0, 0.0008400909743348734
675.0, 0.000511236686307147
676.0, 0.00026426972694736583
677.0, 0.0001264161330555961
678.0, 0.0003017509558176201
679.0, 0.0003698260274269743
680.0, 0.00012222687254162691
681.0, 0.0004168883466356229
682.0, 0.000438073238921184
683.0, 6.151348945248034e-05
684.0, 0.00016006741330290938
685.0, 0.0005713058282792308
686.0, 0.0002139591427619431
687.0, 0.0012182564814005904
688.0, 0.0010353387138061923
689.0, 0.0008654083279979926
690.0, 0.0008262631783533135
691.0, 0.00031010504213611727
692.0, 9.633507498726154e-05
693.0, 0.0011123446969230348
694.0, 0.0006002450086982573
695.0, 0.00044718169158659604
696.0, 0.0013399448360221725
697.0, 0.0022083511438635
698.0, 0.00222702236470317
699.0, 0.001874411137104835
700.0, 0.0011978936493273228
701.0, 0.001669321462889663
702.0, 0.002174104015838083
703.0, 0.0021415652239163145
704.0, 0.0022526731207174484
705.0, 0.0025673378482591646
706.0, 0.002657416267089649
707.0, 0.0029382852724227147
708.0, 0.0027556475285783356
709.0, 0.0028525346284092594
710.0, 0.0028841035661666316
711.0, 0.003251711025053907
712.0, 0.0035943848604177596
713.0, 0.0036242675254803463
714.0, 0.003667376839507322
715.0, 0.0031586123761374214
716.0, 0.0036316115928703672
717.0, 0.003939505681194104
718.0, 0.003937190251648783
719.0, 0.004017125769507822
720.0, 0.004379655616346569
721.0, 0.0049301185806131746
722.0, 0.00563495751287003
723.0, 0.006391236990631169
724.0, 0.007415160055977697
725.0, 0.006319302676024243
726.0, 0.005881042129344782
727.0, 0.006388297548176585
728.0, 0.006916091032947969
729.0, 0.0073339286137155
730.0, 0.007908130937291724
731.0, 0.008713419517882556
732.0, 0.009238719064112132
733.0, 0.009796420636670874
734.0, 0.010294517587232863
735.0, 0.010784772818814448
736.0, 0.011250985651701906
737.0, 0.011334747635897115
738.0, 0.01175239982125596
739.0, 0.012715407862059406
740.0, 0.012397431743844755
741.0, 0.012753272623859299
742.0, 0.014227619186179223
743.0, 0.015496505854632019
744.0, 0.015663470279498475
745.0, 0.017396937014836432
746.0, 0.019155522510700018
747.0, 0.019405771326640196
748.0, 0.02125167825698395
749.0, 0.023315823388785805
750.0, 0.025340868820603452
751.0, 0.027857487855988097
752.0, 0.030993918687727287
753.0, 0.034613643705713
754.0, 0.03880506373738408
755.0, 0.04422781635282774
756.0, 0.050171805901023214
757.0, 0.057313514177634174
758.0, 0.06628887091127898
759.0, 0.07650945957427022
760.0, 0.0867982040879709
761.0, 0.10093208987909183
762.0, 0.1127675089822681
763.0, 0.1259926264918867
764.0, 0.13481476853992874
765.0, 0.14000579048983391
766.0, 0.14231551818799185
767.0, 0.14185506954641547
768.0, 0.14000614654915766
769.0, 0.13007589542002185
770.0, 0.12100186897709249
771.0, 0.11309136777720356
772.0, 0.10605619630461918
773.0, 0.09991615560953633
774.0, 0.0948807739403015
775.0, 0.09108522015486742
776.0, 0.08871873436677795
777.0, 0.09125184794581344
778.0, 0.091792661725864
779.0, 0.09649704064740681
780.0, 0.10334233536000662
781.0, 0.10995620194438388
782.0, 0.11644006576929587
783.0, 0.12491195680675583
784.0, 0.1363042726034463
785.0, 0.1461862356729941
786.0, 0.15425035553931637
787.0, 0.16239769264851955
788.0, 0.16745665948443408
789.0, 0.17057498251921283
790.0, 0.1745532650856339
791.0, 0.17982217653398083
792.0, 0.1833008580545085
793.0, 0.19210977367967255
794.0, 0.2037064681947218
795.0, 0.2227930391622455
796.0, 0.24758848744880507
797.0, 0.28272828681328266
798.0, 0.32730581759198796
799.0, 0.37927496801725535
800.0, 0.45136638989663097
801.0, 0.5305393411759919
802.0, 0.6402000351741517
803.0, 0.7588401013858682
804.0, 0.8703411282743583
805.0, 0.9565751937313272
806.0, 0.9990332185531533
807.0, 0.9895106721542835
808.0, 0.9420253136821024
809.0, 0.8773391146397
810.0, 0.8187596433581652
811.0, 0.776105735631997
812.0, 0.7422566724480475
813.0, 0.7094501724822115
814.0, 0.6762070825146466
815.0, 0.6397549549283801
816.0, 0.5876833299218555
817.0, 0.520692412129711
818.0, 0.44704437419298404
819.0, 0.3771043918572875
820.0, 0.31289227429723276
821.0, 0.25874149055860735
822.0, 0.21678799613511587
823.0, 0.18516262362631766
824.0, 0.15970061212784317
825.0, 0.13917299443132372
826.0, 0.1207003202387555
827.0, 0.10689309580300893
828.0, 0.09621328784717875
829.0, 0.08723139657024329
830.0, 0.07891064514619936
831.0, 0.07171815521860127
832.0, 0.0671704570597059
833.0, 0.06479489247508893
834.0, 0.05999969978256777
835.0, 0.057340345874803605
836.0, 0.05370011779102235
837.0, 0.049096693507974555
838.0, 0.04626446608632468
839.0, 0.04511767866396272
840.0, 0.04278890473503264
841.0, 0.03942078985841424
842.0, 0.039331045322910874
843.0, 0.038172364610353726
844.0, 0.035875655493528724
845.0, 0.03487548544173135
846.0, 0.033883569253913635
847.0, 0.03248662046805559
848.0, 0.03099804156623223
849.0, 0.029098539386320697
850.0, 0.0292932171556153
851.0, 0.026915583937834962
852.0, 0.024584979350852226
853.0, 0.024150327339323038
854.0, 0.023328830835086068
855.0, 0.022354613439298426
856.0, 0.022144590271237875
857.0, 0.021801168627246226
858.0, 0.019539095315636038
859.0, 0.018946058228181618
860.0, 0.01885725338436245
861.0, 0.018435219369673992
862.0, 0.018015776359007907
863.0, 0.01725622641938621
864.0, 0.016150865863424894
865.0, 0.015460418324868835
866.0, 0.01575402547724743
867.0, 0.015063593570943992
868.0, 0.01553838527598876
869.0, 0.013475717971044904
870.0, 0.014371840218518634
871.0, 0.013240308003615576
872.0, 0.012016762224728044
873.0, 0.012465900936897008
874.0, 0.012379758068488787
875.0, 0.011393398988942573
876.0, 0.012510265739220695
877.0, 0.012020005127226297
878.0, 0.011774434808474035
879.0, 0.011830854880078442
880.0, 0.011412744371862472
881.0, 0.011656894130641303
882.0, 0.01222013988603215
883.0, 0.011112726627887523
884.0, 0.011552394251623164
885.0, 0.01064010911523441
886.0, 0.0090779019222333
887.0, 0.009173279195897605
888.0, 0.009388949388203886
889.0, 0.008806581771260468
890.0, 0.008118406272035373
891.0, 0.007669720559833115
892.0, 0.006826598992428834
893.0, 0.008464429841351125
894.0, 0.008088316495531309
895.0, 0.00690329638189418
896.0, 0.005920675978728858
897.0, 0.0060894585353171195
898.0, 0.006328188744684297
899.0, 0.005866026992587731
900.0, 0.005294872947057402
901.0, 0.0054768979259584
902.0, 0.005896616520420287
903.0, 0.005868767460572269
904.0, 0.0050295422581753515
905.0, 0.004274858538412126
906.0, 0.003953495520152028
907.0, 0.003778256398262928
908.0, 0.0035434278437674865
909.0, 0.003476288097221028
910.0, 0.0038666756430707962
911.0, 0.0042638820729102135
912.0, 0.004154046260285391
913.0, 0.004710713962253224
914.0, 0.0038884198590261585
915.0, 0.004006096050337632
916.0, 0.004196043015894681
917.0, 0.004372685626441432
918.0, 0.0051248396987309715
919.0, 0.004507062202389442
920.0, 0.004861678562275084
921.0, 0.005545367830595721
922.0, 0.004674621470169874
923.0, 0.003952277242806046
924.0, 0.0038007480832382046
925.0, 0.0035634475297878446
926.0, 0.0029386368781712108
927.0, 0.00225001239283154
928.0, 0.0017439305663850115
929.0, 0.0017275862376415142
930.0, 0.0019981663300440776
931.0, 0.0018078181760773045
932.0, 0.0017567726067525024
933.0, 0.0015539269844766712
934.0, 0.001103166993274037
935.0, 0.0006698903927908565
936.0, 0.000573669656236234
937.0, 0.0006999569820991189
938.0, 0.00030105716654048385
939.0, 0.00046840634898191974
940.0, 0.0005243592014802057
941.0, 0.0004087223399342787
942.0, 0.0002666025555037516
943.0, 0.00037616252479620853
944.0, 0.0004717736051970514
945.0, 0.0005693224560131469
946.0, 0.0010379580524691723
947.0, 0.000819007995084363
948.0, 8.095441518111437e-05
949.0, 0.0005558854944791887
950.0, 0.00036684337488757134
951.0, 0.0002314042340019145
952.0, 0.00021365812028796623
953.0, 0.00020889151698276167
954.0, 0.0003134741923600388
955.0, 0.0005050620899176489
956.0, 0.00042411087688619734
957.0, 0.0012866062420595205
958.0, 0.0007230342116182967
959.0, 0.0011213019466924132
960.0, 0.0005455528132962577
961.0, 0.00022717623754001725
962.0, 0.00013695422404161954
963.0, 9.555692687725933e-05
964.0, 0.0001894859005276333
965.0, 0.00021740332870756496
966.0, 0.00023304722615906652
967.0, 0.00022967208797064755
968.0, 9.473748911450577e-05
969.0, 0.0003642240754975807
970.0, 0.0006264010722196518
971.0, 0.0008160919428702642
972.0, 0.0009424745221547233
973.0, 0.0010518059039219723
974.0, 0.000945162799239471
975.0, 0.00024107914872929795
976.0, 0.0007262424043255575
977.0, 0.00021539050673978206
978.0, 0.00016398307977902424
979.0, 0.0005944706944412202
980.0, 0.0006505946672339998
981.0, 0.0005398287147975033
982.0, 0.0006934033125525339
983.0, 0.0010184262590259752
984.0, 0.0011602958389696288
985.0, 0.0012575072949209433
986.0, 0.0009624016224181109
987.0, 0.000704573584675324
988.0, 0.0007805441124427499
989.0, 0.0002842895476544189
990.0, 0.00011502886356114306
991.0, 0.00043840084479429114
992.0, 0.000597577293012617
993.0, 0.0002827540965856523
994.0, 0.00014959216519985725
995.0, 0.0007626417475447319
996.0, 0.001712632402625489
997.0, 0.001312775636775601
998.0, 0.0005109463619665567
999.0, 0.0006394245172768072
1000.0, 0.0010314941687009028
1001.0, 0.0013175166664302173
1002.0, 0.0009474046294997475
1003.0, 0.00018487590790961737
1004.0, 0.0006495132393041582
1005.0, 0.0004525414432381311
1006.0, 0.0001276542122565748
1007.0, 6.0641209175718404e-05
1008.0, 6.635869067665658e-05
1009.0, 0.0005541118867585706
1010.0, 0.000363842887814324
1011.0, 0.00011044925113062331
1012.0, 0.0003567798325025907
1013.0, 0.0004333559850188097
1014.0, 0.00010923440677788882
1015.0, 0.0005294561849377315
1016.0, 0.00031251354470410267
1017.0, 9.552015384410825e-05
1018.0, 0.00033701703521543663
1019.0, 0.00036494738636996625
1020.0, 0.0008608536108764671
1021.0, 0.0010338245371565404
1022.0, 0.0007036586262056637
1023.0, 0.0007209068201219848
1024.0, 0.0009596919470996772
1025.0, 0.0005808268815728423
1026.0, 0.00022670554241562785
1027.0, 0.00013689355854843682
1028.0, 0.0005873484784133817
1029.0, 0.000592325882234917
1030.0, 0.0006246197184956319
1031.0, 0.0005309006826922018
1032.0, 0.000326355798155075
1033.0, 0.0001937329073254282
1034.0, 0.00017035712453426798
1035.0, 0.000881984891483636
1036.0, 0.000988834339455402
1037.0, 0.0008501689838867678
1038.0, 0.001052388342129163
1039.0, 0.0005880183133370478
1040.0, 0.0002456624409697563
1041.0, 0.0003710036475250478
1042.0, 0.0003492382627703207
1043.0, 0.0002740014993657823
1044.0, 0.0007265102733714785
1045.0, 0.0007455570113311419
1046.0, 0.0008751591099643545
1047.0, 0.0010077588293985198
1048.0, 0.0006279049389171741
1049.0, 0.00019848385905909649
1050.0, 0.0005074154216976707
1051.0, 0.00036922535613254987
1052.0, 0.00022899676340188408
1053.0, 0.0002489101306016244
1054.0, 4.2152644159185044e-05
1055.0, 0.0002471711365098552
1056.0, 0.0009089396698310699
1057.0, 0.0011768426300895866
1058.0, 0.00032796825491348267
1059.0, 0.00022579479504370164
1060.0, 0.0010640507194634298
1061.0, 0.0007583839246559426
1062.0, 0.0006655211682695036
1063.0, 0.0007603010393059458
1064.0, 0.0006238451691166233
1065.0, 0.0006550702602860982
1066.0, 0.0002074922533092913
1067.0, 0.0001569937657907885
1068.0, 0.0002300603461200941
1069.0, 0.0005723749888191406
1070.0, 0.0010131795762561375
1071.0, 0.0005530631165186925
1072.0, 0.00014537936360032295
1073.0, 0.0006205906033693858
1074.0, 0.001257133579053248
1075.0, 0.001578311114410612
1076.0, 0.001791222036412021
1077.0, 0.0008330625581574472
1078.0, 0.00015679482012789802
1079.0, 0.0008334678252935265
1080.0, 0.0006762899400125318
1081.0, 0.00033544330764420833
1082.0, 0.0006684737659191268
1083.0, 0.0004198460720785534
1084.0, 0.0010628912107299652
1085.0, 0.0016834700063134793
1086.0, 0.0012584931405644666
1087.0, 0.001420374007568505
1088.0, 0.0014781387737450066
1089.0, 0.0012819078334599947
1090.0, 0.000804828437714629
1091.0, 0.0010097079056917595
1092.0, 0.0006126025844495403
1093.0, 0.0008910161809946173
1094.0, 0.0007624533755277344
1095.0, 0.00036075058664854687
1096.0, 0.0004867627380787492
1097.0, 0.000796086446720093
1098.0, 0.0006202807529699433
1099.0, 0.000749046280156833
1100.0, 0.00014680852451318452
1101.0, 0.0004872068314422309
1102.0, 0.0005793734669640153
1103.0, 0.0011319366594357636
1104.0, 0.001347883934410968
1105.0, 0.0020431605532421258
1106.0, 0.0016620973441051287
1107.0, 0.0010197476092314122
1108.0, 0.0012924663558270101
1109.0, 0.001618576433960738
1110.0, 0.0014835746138964507
1111.0, 0.0013262169728097545
1112.0, 0.0014250885366942038
1113.0, 0.0006962463753299336
1114.0, 0.00041729597220380084
1115.0, 0.0003471589446232637
1116.0, 0.001034778292881226
1117.0, 0.0013082955472706848
1118.0, 0.0016804089080998937
1119.0, 0.002401474133026819
1120.0, 0.0023594169258942315
1121.0, 0.0014073401344064061
1122.0, 0.0013833002208843538
1123.0, 0.0017688289974349197
1124.0, 0.0020034697480297526
1125.0, 0.001337280228007809
1126.0, 0.0002981075831001905
1127.0, 0.0009079130530083686
1128.0, 0.0014794026830247764
1129.0, 0.000987854605870568
1130.0, 0.0007805055936398214
1131.0, 0.0011258580377196716
1132.0, 0.0011477374619079576
1133.0, 0.0014303239663833148
1134.0, 0.0011852092215988619
1135.0, 0.0006930339126694951
1136.0, 0.0009266419769867782
1137.0, 0.001367373758319218
1138.0, 0.0014255054820713196
1139.0, 0.0019096321205798767
1140.0, 0.001166132624420348
1141.0, 0.0015525195531105147
1142.0, 0.0023295515602941475
1143.0, 0.0017414514873154618
1144.0, 0.0013988771608801267
1145.0, 0.0021419755350707407
1146.0, 0.0010799689069355678
1147.0, 0.0015780426800937127
1148.0, 0.001561892989247363
1149.0, 0.0028099608472274594
1150.0, 0.0013055239057942944
1151.0, 0.0007043386171807876
1152.0, 0.0013837666133226082
1153.0, 0.0019046745559757024
1154.0, 0.0017716193805977767
1155.0, 0.001623184594785923
1156.0, 0.0016679113655424602
1157.0, 0.0014407398042593804
1158.0, 0.0015427654690351137
1159.0, 0.0015386160877182175
1160.0, 0.0018058232095626069
1161.0, 0.0016623890406685157
1162.0, 0.0018694465120072477
1163.0, 0.0013819491686453771
1164.0, 0.0021893432288037093
1165.0, 0.0018948490956523713
1166.0, 0.00165473061649675
1167.0, 0.0019074895956433444
1168.0, 0.001231847810223831
1169.0, 0.0012311884543734462
1170.0, 0.002277404954578517
1171.0, 0.001719500298441477
1172.0, 0.0010045484896291216
1173.0, 0.001943287869346371
1174.0, 0.0015158996887932742
1175.0, 0.0010739883396503902
1176.0, 0.0014726847688210495
1177.0, 0.001947284487746408
1178.0, 0.0019376162168625096
1179.0, 0.0019569642807545492
1180.0, 0.0017267368457432317
1181.0, 0.0011630164741882666
1182.0, 0.001874165379334462
1183.0, 0.001496198243077466
1184.0, 0.002120212999713748
1185.0, 0.0011988559105386531
1186.0, 0.001793386078511963
1187.0, 0.0012597375302473182
1188.0, 0.0010900433602963955
1189.0, 0.0016915466054759944
1190.0, 0.0022539991220567788
1191.0, 0.0026248673942492503
1192.0, 0.002197919467244139
1193.0, 0.001148805052201626
1194.0, 0.0011053491805982538
1195.0, 0.0017055458409765928
1196.0, 0.001324787753502496
1197.0, 0.002778439632359804
1198.0, 0.0015637580285633684
1199.0, 0.0014230685157633224
1200.0, 0.0015694251172289405
1201.0, 0.001789719387955035
1202.0, 0.0011411706337312675
1203.0, 0.0011025760275027738
1204.0, 0.0014785917599592258
1205.0, 0.0016309510676034416
1206.0, 0.001970648636162099
1207.0, 0.002303946373175155
1208.0, 0.0018096161095159061
1209.0, 0.001987719651110927
1210.0, 0.0009674827922647987
1211.0, 0.0012535630146457695
1212.0, 0.001318859867139606
1213.0, 0.0004934903276452427
1214.0, 0.0009886380443487708
1215.0, 0.0016733270507888341
1216.0, 0.0023487942155550733
1217.0, 0.00230223595316869
1218.0, 0.0021237313824033674
1219.0, 0.0024159154987129774
1220.0, 0.0024402130521791595
1221.0, 0.0020928341559646986
1222.0, 0.0020229234599082216
1223.0, 0.00159436468841779
1224.0, 0.003155863985269768
1225.0, 0.0016785305961328945
1226.0, 0.0017207440478183482
1227.0, 0.0027233906017262704
1228.0, 0.0026725368508864517
1229.0, 0.0021044985895242907
1230.0, 0.002290393744384526
1231.0, 0.002490071596817136
1232.0, 0.0018097957296614713
1233.0, 0.0015113662220917641
1234.0, 0.0021147055439790213
1235.0, 0.0014083098276179995
1236.0, 0.0009210520135184976
1237.0, 0.0008565511167980634
1238.0, 0.0012274521842833188
1239.0, 0.001403863242648103
1240.0, 0.0018351691777815536
1241.0, 0.0018682982357299677
1242.0, 0.0020114246045597
1243.0, 0.0019253339291134233
1244.0, 0.0021398051803890703
1245.0, 0.0024755947480884573
1246.0, 0.002463544188156586
1247.0, 0.0021385929457033597
1248.0, 0.0017836147279229764
1249.0, 0.0016257559159665918
1250.0, 0.0014797580122832303
1251.0, 0.0009872456302233439
1252.0, 0.002471896652035261
1253.0, 0.002169235220758728
1254.0, 0.0016050913229999932
1255.0, 0.0008223552137912604
1256.0, 0.0011876577674649895
1257.0, 0.0011959556049633596
1258.0, 0.0008142201257610144
1259.0, 0.0015029487595518208
1260.0, 0.0017429236668397416
1261.0, 0.001148355891763043
1262.0, 0.0018469593526700527
1263.0, 0.003000631493120061
1264.0, 0.002742725603556873
1265.0, 0.00191740275388464
1266.0, 0.0015953447020049332
1267.0, 0.0014610675001840566
1268.0, 0.0012992239174937834
1269.0, 0.001340016736246822
1270.0, 0.0010277647534630645
1271.0, 0.0014721118326203775
1272.0, 0.0010807562517482108
1273.0, 0.0006359063113081933
1274.0, 0.0012538008240342926
1275.0, 0.0015179662982555747
1276.0, 0.0009555598871996407
1277.0, 0.001136804615679143
1278.0, 0.001948501084780865
1279.0, 0.0023451244102990283
1280.0, 0.000801964213931256
1281.0, 0.002127506098629703
1282.0, 0.0010051427753298545
1283.0, 0.0014524013367028397
1284.0, 0.0016314916406865022
1285.0, 0.0014013403227999906
1286.0, 0.0021569173064285205
1287.0, 0.0009149805753828836
1288.0, 0.0011062073455616586
1289.0, 0.0013321689230056714
1290.0, 0.001056311653940525
1291.0, 0.001181194372604204
1292.0, 0.0009822314538665948
1293.0, 0.0009870048504196397
1294.0, 0.0011762680311965584
1295.0, 0.0006784971465238188
1296.0, 0.0012920451977325624
1297.0, 0.0010532335828106222
1298.0, 0.0017668604250658416
1299.0, 0.001629118054039409
1300.0, 0.0006969656709053932
1301.0, 0.0016640405072934406
1302.0, 0.001775910352748
1303.0, 0.0015293253083387762
1304.0, 0.0008591718904288291
1305.0, 0.0010635574705655409
1306.0, 0.0011430985365698256
1307.0, 0.00029005582128772934
1308.0, 0.0003597412839905821
1309.0, 0.0011091433259484875
1310.0, 0.0014766833765957582
1311.0, 0.0013188427323504838
1312.0, 0.0002774705057828557
1313.0, 0.0009235671839805203
1314.0, 0.0006196192101884693
1315.0, 0.0009035340289595611
1316.0, 0.0016709808303569575
1317.0, 0.001077773368286204
1318.0, 0.0016996833959388442
1319.0, 0.0010394630159537492
1320.0, 0.0005442994855998295
1321.0, 0.0013737957567010824
1322.0, 0.0015770585379236619
1323.0, 0.0006631377200158444
1324.0, 0.00034091060900426503
1325.0, 0.0007284699640540939
1326.0, 0.0008956031597095695
1327.0, 0.0005306131720567997
1328.0, 0.0001885448194379041
1329.0, 0.001223425516462256
1330.0, 0.0001522263449645155
1331.0, 0.00047441650268886896
1332.0, 0.0007971502498859149
1333.0, 0.0012151494736848565
1334.0, 0.0013896559893170903
1335.0, 0.000812700208169242
1336.0, 0.0010013097119091542
1337.0, 0.0013126600217556435
1338.0, 0.0008814041853067515
1339.0, 0.000477636671006272
1340.0, 0.0004598517491446027
1341.0, 0.0004591136631675663
1342.0, 0.0005932106902104427
1343.0, 0.0007326191249676717
1344.0, 0.0012752199857424607
1345.0, 0.0003144068137045247
1346.0, 0.001076485892034248
1347.0, 0.00208120423455096
1348.0, 0.0005982657418609409
1349.0, 0.0002885196638959122
1350.0, 0.0004929819790731436
1351.0, 0.00045519432016223924
1352.0, 0.001296345784028858
1353.0, 0.0009956025169842832
1354.0, 0.0010976609917864337
1355.0, 0.0013117509785051937
1356.0, 0.0008662668779537286
1357.0, 0.0006836068205998137
1358.0, 0.0012049443461384284
1359.0, 0.001137713436574877
1360.0, 0.00017512841089023526
1361.0, 0.0003987601485131098
1362.0, 0.00103263071187617
1363.0, 0.000542196362834922
1364.0, 0.00023907757895253113
1365.0, 0.0011073757534677813
1366.0, 0.0012624074748673396
1367.0, 0.00044969425139972395
1368.0, 0.00012536499204627086
1369.0, 0.0002053422811441664
1370.0, 0.0012315456754013042
1371.0, 0.0010247180322291672
1372.0, 0.0013802196973539483
1373.0, 0.0014250636579100236
1374.0, 0.0009560462591490008
1375.0, 0.0006888562062324941
1376.0, 0.0004816745622109313
1377.0, 0.00038725755403097806
1378.0, 0.00042460891061894124
1379.0, 0.00027513794375016597
1380.0, 0.000545549194911661
1381.0, 0.0006526916389645637
1382.0, 0.00045638117313764924
1383.0, 0.0012418914128628944
1384.0, 0.001593308677915625
1385.0, 0.0018314496672714596
1386.0, 0.001348849033670331
1387.0, 0.0014182945724356836
1388.0, 0.0008833033278267868
1389.0, 0.0008842425059065016
1390.0, 0.0006631058824455008
1391.0, 0.0002007870991495433
1392.0, 0.0003172266347412898
1393.0, 0.0006802381257685735
1394.0, 0.0006189500244018405
1395.0, 0.0006007856453993551
1396.0, 0.0010774136862113062
1397.0, 0.0014051044155313002
1398.0, 0.001168080835358131
1399.0, 0.000948606620453852
1400.0, 0.0013871389517927637
1401.0, 0.0015928923351592762
1402.0, 0.00047200962423750404
1403.0, 0.001804491959817593
1404.0, 0.0003183232608562494
1405.0, 0.0011886757466191417
1406.0, 0.0015573410913550976
1407.0, 0.000550219118795777
1408.0, 0.0008879055844438064
1409.0, 0.0006468786788167436
1410.0, 0.0010278716492333135
1411.0, 0.0012723346678330813
1412.0, 0.0012086465809615608
1413.0, 0.0008394664660575566
1414.0, 0.0007640359221202453
1415.0, 0.0008077252533840311
1416.0, 0.0012922347865044796
1417.0, 0.0016149245714660097
1418.0, 0.0004827588537142974
1419.0, 0.0009603999086179186
1420.0, 0.0011311325754998528
1421.0, 0.000508511561704806
1422.0, 0.001323938356348591
1423.0, 0.0006377687209395072
1424.0, 0.0013235908956374407
1425.0, 0.0015035505749302987
1426.0, 0.0008103086091842586
1427.0, 0.0012494181096644546
1428.0, 0.0025395004990381295
1429.0, 0.0016477542154107777
1430.0, 0.0013312928414982643
1431.0, 0.0012843189552705426
1432.0, 0.0004462374887726875
1433.0, 0.0006118468233352031
1434.0, 0.0010535290067291432
1435.0, 0.0016668846931045236
1436.0, 0.001345913309552569
1437.0, 0.0009835349880152734
1438.0, 0.0012262849556578211
1439.0, 0.0007311293196037601
1440.0, 0.0015259290997931376
1441.0, 0.0021363797681482584
1442.0, 0.0007903596742499922
1443.0, 0.0002773189386250322
1444.0, 0.0010626074504146725
1445.0, 0.00047285678885141975
1446.0, 0.0007463517454930101
1447.0, 0.0001465667065573236
1448.0, 0.0007334478876925186
1449.0, 0.0010451974967706325
1450.0, 0.0011863671965715492
1451.0, 0.001558817659634547
1452.0, 0.0015399504281081455
1453.0, 0.0018677905547643877
1454.0, 0.0014635528183609614
1455.0, 0.0010281583929746502
1456.0, 0.000775608200192468
1457.0, 0.0008477266544002254
1458.0, 0.0011807798887775896
1459.0, 0.0007748820997275043
1460.0, 0.0006259480875563777
1461.0, 0.0007566714979178793
1462.0, 0.0007119003095972496
1463.0, 0.0016104103960493728
1464.0, 0.0011061220558631788
1465.0, 0.0002443947364048375
1466.0, 0.0008387738865802844
1467.0, 0.0009896799517934351
1468.0, 0.0013667494561622835
1469.0, 0.0014716863497304395
1470.0, 0.0012960300293016883
1471.0, 0.0016143813352034221
1472.0, 0.0010710682375764562
1473.0, 0.0008659905526458065
1474.0, 0.0013982551746771048
1475.0, 0.0002870223989025544
1476.0, 0.0007299781275072715
1477.0, 0.0012356306386812478
1478.0, 0.0017441259186610142
1479.0, 0.0017052479992124719
1480.0, 0.0018107138403332574
1481.0, 0.001780075954565516
1482.0, 0.0012855157802258634
1483.0, 0.0010741641875789676
1484.0, 0.0006592277257048762
1485.0, 0.0003480695080981531
1486.0, 0.0006755428877766568
1487.0, 0.0007521167695568464
1488.0, 0.0009456798507890976
1489.0, 0.001359879335480243
1490.0, 0.0008872925832061615
1491.0, 0.0009275151785958563
1492.0, 0.0006901611387278536
1493.0, 0.000824559447937987
1494.0, 0.00053351384249399
1495.0, 0.000606289396736064
1496.0, 0.0011111244013850185
1497.0, 0.00014365509934027062
1498.0, 0.0013740648821939099
1499.0, 0.0011787281673053141
1500.0, 0.0009822664354295857
1501.0, 0.001939280216379998
1502.0, 0.0008310221447895544
1503.0, 0.0003547935338539865
1504.0, 0.0011889300097987945
1505.0, 0.0014845569904907777
1506.0, 0.0006837659546095631
1507.0, 0.00149073831311947
1508.0, 0.0010142620618795834
1509.0, 0.00157225770284943
1510.0, 0.0016891871228719051
1511.0, 0.0016731458231523733
1512.0, 0.0019144379973829687
1513.0, 0.0017129375047236378
1514.0, 0.0011086893569651397
1515.0, 0.00044365025458886125
1516.0, 0.00039201068514971917
1517.0, 0.00028116959751506917
1518.0, 7.1737188026785e-05
1519.0, 0.0003739594743837849
1520.0, 0.0012635862771199803
1521.0, 0.0017729261992591285
1522.0, 0.0002100438456030168
1523.0, 0.0011034762044334573
1524.0, 0.0012118187715382542
1525.0, 0.0002217444131946926
1526.0, 0.0021130369998147566
1527.0, 0.0012732506536210103
1528.0, 0.0016901072228618476
1529.0, 0.0020477797986193694
1530.0, 0.0015850388033129097
1531.0, 0.0015127896154087791
1532.0, 0.0015014128887837755
1533.0, 0.0009245611108966556
1534.0, 0.001421700719571722
1535.0, 0.0016424357747104005
1536.0, 0.0009484673223413084
1537.0, 0.0012518121893036205
1538.0, 0.000958142752823963
1539.0, 0.0008874837232085781
1540.0, 0.0005004569088989138
1541.0, 0.00013243187802643326
1542.0, 0.00014781596718812886
1543.0, 0.0006859514310627792
1544.0, 0.0011843443402712842
1545.0, 0.0009796739087104443
1546.0, 0.0007548034362701888
1547.0, 0.000719748607099783
1548.0, 0.000773777907066714
1549.0, 0.001356218442367688
1550.0, 0.0014798534297517589
1551.0, 0.0008090854494860753
1552.0, 0.0004851558935024102
1553.0, 0.0005888221083686833
1554.0, 0.0003908650573493905
1555.0, 0.0013285167488743133
1556.0, 0.001182776664025927
1557.0, 0.0018653402918492163
1558.0, 0.0006322997064588607
1559.0, 0.00042691462337334467
1560.0, 0.001160405628879754
1561.0, 0.0002434254905252298
1562.0, 4.689166207978689e-07
1563.0, 6.017686150380344e-09
1564, 0.0
1565, 0.0
1566, 0.0
1567, 0.0
1568, 0.0
1569, 0.0
1570, 0.0
1571, 0.0
1572, 0.0
1573, 0.0
1574, 0.0
1575, 0.0
1576, 0.0
1577, 0.0
1578, 0.0
1579, 0.0
1580, 0.0
1581, 0.0
1582, 0.0
1583, 0.0
1584, 0.0
1585, 0.0
1586, 0.0
1587, 0.0
1588, 0.0
1589, 0.0
1590, 0.0
1591, 0.0
1592, 0.0
1593, 0.0
1594, 0.0
1595, 0.0
1596, 0.0
1597, 0.0
1598, 0.0
1599, 0.0
