30, 0.0
31, 0.0
32, 0.0
33, 0.0
34, 0.0
35, 0.0
36, 0.0
37, 0.0
38, 0.0
39, 0.0
40, 0.0
41, 0.0
42, 0.0
43, 0.0
44, 0.0
45, 0.0
46, 0.0
47, 0.0
48, 0.0
49, 0.0
50, 0.0
51, 0.0
52, 0.0
53, 0.0
54, 0.0
55, 0.0
56, 0.0
57, 0.0
58, 0.0
59, 0.0
60, 0.0
61, 0.0
62, 0.0
63, 0.0
64, 0.0
65, 0.0
66, 0.0
67, 0.0
68, 0.0
69, 0.0
70, 0.0
71, 0.0
72, 0.0
73, 0.0
74, 0.0
75, 0.0
76, 0.0
77, 0.0
78, 0.0
79, 0.0
80, 0.0
81, 0.0
82, 0.0
83, 0.0
84, 0.0
85, 0.0
86, 0.0
87, 0.0
88, 0.0
89, 0.0
90, 0.0
91, 0.0
92, 0.0
93, 0.0
94, 0.0
95, 0.0
96, 0.0
97, 0.0
98, 0.0
99, 0.0
100, 0.0
101, 0.0
102, 0.0
103, 0.0
104, 0.0
105, 0.0
106, 0.0
107, 0.0
108, 0.0
109, 0.0
110, 0.0
111, 0.0
112, 0.0
113, 0.0
114, 0.0
115, 0.0
116, 0.0
117, 0.0
118, 0.0
119, 0.0
120, 0.0
121, 0.0
122, 0.0
123, 0.0
124, 0.0
125, 0.0
126, 0.0
127, 0.0
128, 0.0
129, 0.0
130, 0.0
131, 0.0
132, 0.0
133, 0.0
134, 0.0
135, 0.0
136, 0.0
137, 0.0
138, 0.0
139, 0.0
140, 0.0
141, 0.0
142, 0.0
143, 0.0
144, 0.0
145, 0.0
146, 0.0
147, 0.0
148, 0.0
149, 0.0
150, 0.0
151, 0.0
152, 0.0
153, 0.0
154, 0.0
155, 0.0
156, 0.0
157, 0.0
158, 0.0
159.0, 0.004576453777903346
160.0, 0.008609460493040674
161.0, 0.011681888716297259
162.0, 0.01457852742446249
163.0, 0.015418568921884803
164.0, 0.013586995180657441
165.0, 0.008357392823029249
166.0, 0.0033874563382114502
167.0, 0.0011929606561388447
168.0, 0.0009577039564747547
169.0, 0.0012424220765413381
170.0, 0.002699570725030123
171.0, 0.004100594396250901
172.0, 0.0055185860901372655
173.0, 0.011163452698721207
174.0, 0.018834705573939514
175.0, 0.0275187434329841
176.0, 0.03646464530798607
177.0, 0.05004103752080477
178.0, 0.06316244591271859
179.0, 0.07655679056341959
180.0, 0.09443801657266614
181.0, 0.10887724903097763
182.0, 0.12273750974086511
183.0, 0.13691674013078411
184.0, 0.14503801233565186
185.0, 0.14964230912975496
186.0, 0.14976028115790577
187.0, 0.14285567546414593
188.0, 0.13760571641711095
189.0, 0.12934760756407146
190.0, 0.11807887362653237
191.0, 0.10732792006159425
192.0, 0.09576328422735057
193.0, 0.08669510860096603
194.0, 0.08225465008089078
195.0, 0.0736738293948043
196.0, 0.06939017136117917
197.0, 0.06712084454303646
198.0, 0.06273081616041228
199.0, 0.05972000804487889
200.0, 0.05857267123217087
201.0, 0.05905320397757735
202.0, 0.05852036152310921
203.0, 0.05761334667455022
204.0, 0.057208598064126114
205.0, 0.05797937674181103
206.0, 0.05846219492165933
207.0, 0.05923549901393895
208.0, 0.05998286853429316
209.0, 0.059948664866867306
210.0, 0.06049161372118211
211.0, 0.0613960141232426
212.0, 0.06233657207741352
213.0, 0.06089987124867187
214.0, 0.060468579884070325
215.0, 0.05946869562290571
216.0, 0.05665868923619393
217.0, 0.05380979312177188
218.0, 0.050441243709099345
219.0, 0.04684364634963211
220.0, 0.04366993892380662
221.0, 0.04087911960961466
222.0, 0.0367838906358369
223.0, 0.03167903425875535
224.0, 0.031200556467046562
225.0, 0.027041706820081304
226.0, 0.02319550277801605
227.0, 0.02244185667790602
228.0, 0.019937875907750997
229.0, 0.017452801850565837
230.0, 0.015191039762212895
231.0, 0.013545396414266444
232.0, 0.012596194239862742
233.0, 0.01246510702148661
234.0, 0.012671248432106326
235.0, 0.009943687876612603
236.0, 0.009357533684512642
237.0, 0.008867060671615265
238.0, 0.007338389115557696
239.0, 0.008577152020536981
240.0, 0.008379500596719922
241.0, 0.007295350507775109
242.0, 0.006059949727755859
243.0, 0.006496153527658928
244.0, 0.005696930494695854
245.0, 0.004280519137904216
246.0, 0.006826416129694741
247.0, 0.006393610902808519
248.0, 0.005565839538145547
249.0, 0.00539020876972025
250.0, 0.005697319387541199
251.0, 0.005607465944817717
252.0, 0.005393692246463061
253.0, 0.0053405644239328766
254.0, 0.004557514225216776
255.0, 0.0032340382294372342
256.0, 0.0019248055320608545
257.0, 0.002204144266602386
258.0, 0.0019751871712263554
259.0, 0.002262721651264486
260.0, 0.002997860289541884
261.0, 0.0010452257417599333
262.0, 0.0014462888672835009
263.0, 0.0018201566156571718
264.0, 0.0005593752352290809
265.0, 0.00016352589716905831
266.0, 0.0009346319119919347
267.0, 0.001648709749576167
268.0, 0.00019713624773340637
269.0, 0.00048600533891159016
270.0, 0.0005880836123757407
271.0, 0.0006699129810990394
272.0, 0.002533641591944075
273.0, 0.0029000547920876637
274.0, 0.0035640624442376144
275.0, 0.00516609556909255
276.0, 0.007082433846257068
277.0, 0.008156291158799815
278.0, 0.00937816229910863
279.0, 0.011626623853751607
280.0, 0.01610417649772931
281.0, 0.01862329980701726
282.0, 0.020483421441770327
283.0, 0.0244757050093475
284.0, 0.028396194980891225
285.0, 0.030398360682980016
286.0, 0.03064721659948181
287.0, 0.0312720898578078
288.0, 0.03355532030056303
289.0, 0.03600574382686683
290.0, 0.03800546613917361
291.0, 0.03908656013135206
292.0, 0.03990038111766492
293.0, 0.040560717871865236
294.0, 0.04114778605477299
295.0, 0.040926656104061654
296.0, 0.039150150206972746
297.0, 0.03672985599784912
298.0, 0.03534401286048191
299.0, 0.03521013030078017
300.0, 0.03430087302528602
301.0, 0.03283066201791292
302.0, 0.03284818341759497
303.0, 0.032995219336028815
304.0, 0.033192226820821506
305.0, 0.03340088144141288
306.0, 0.03348390955807466
307.0, 0.03446890719580177
308.0, 0.036441424121664255
309.0, 0.03954411150263888
310.0, 0.042635382284347594
311.0, 0.04637849468948883
312.0, 0.05034157463566812
313.0, 0.053935204258289675
314.0, 0.05561008151398791
315.0, 0.0596241850682897
316.0, 0.0642073875753677
317.0, 0.0635048848406399
318.0, 0.06393479735911146
319.0, 0.0638000940562634
320.0, 0.06236747281267835
321.0, 0.057660578563925285
322.0, 0.056112801452696384
323.0, 0.05317001812271168
324.0, 0.0472390552582644
325.0, 0.046387431820263836
326.0, 0.043280729577635395
327.0, 0.040802133937909844
328.0, 0.04137785841091717
329.0, 0.03860580061866523
330.0, 0.03824121730332674
331.0, 0.039777142098856404
332.0, 0.04251802861684132
333.0, 0.04524588924139604
334.0, 0.04884901209223503
335.0, 0.0530754050036166
336.0, 0.05705913853610048
337.0, 0.06396264820146709
338.0, 0.07221497846524773
339.0, 0.08101614462923298
340.0, 0.08792819841742
341.0, 0.10036376581068272
342.0, 0.11217821439768572
343.0, 0.12164386051697237
344.0, 0.1369439969093204
345.0, 0.14673587041886116
346.0, 0.1548660008888781
347.0, 0.16370783369060432
348.0, 0.16561120562728612
349.0, 0.16554235553595453
350.0, 0.16301629595477804
351.0, 0.15723693698447527
352.0, 0.14962116507503623
353.0, 0.14076209512724913
354.0, 0.13148310211123346
355.0, 0.12325541676163754
356.0, 0.1148400860905761
357.0, 0.10915438421077875
358.0, 0.10535114053615804
359.0, 0.0997131000936539
360.0, 0.09927136508848917
361.0, 0.10206777434593978
362.0, 0.10732503463718343
363.0, 0.11322421305753425
364.0, 0.11654446618769626
365.0, 0.12020236052101102
366.0, 0.12480789968938595
367.0, 0.12502003294331468
368.0, 0.12378967033282497
369.0, 0.1210592052030647
370.0, 0.11653151445388041
371.0, 0.10534984065725567
372.0, 0.09452526741546839
373.0, 0.0839103207987809
374.0, 0.0733828833071833
375.0, 0.0678711799061903
376.0, 0.06178750931002767
377.0, 0.05584681881265251
378.0, 0.0512008840928712
379.0, 0.04747123038549874
380.0, 0.044848443462798475
381.0, 0.04284129279488145
382.0, 0.04047396986000994
383.0, 0.04018525105305174
384.0, 0.04032223831082186
385.0, 0.040499481005907674
386.0, 0.040246168531820545
387.0, 0.04208177783185561
388.0, 0.043718761213283004
389.0, 0.045201388673767266
390.0, 0.04892601832800871
391.0, 0.05242075652396762
392.0, 0.05470124027437391
393.0, 0.056492140571509496
394.0, 0.06494939302567054
395.0, 0.06755466933387569
396.0, 0.07022400852927936
397.0, 0.07523902705588467
398.0, 0.07858107046220149
399.0, 0.0827705289369929
400.0, 0.08555646244018984
401.0, 0.08565687267850405
402.0, 0.08676450485008687
403.0, 0.08506414623452802
404.0, 0.08191574748016268
405.0, 0.07836294526555584
406.0, 0.07555690846367892
407.0, 0.0722382791588118
408.0, 0.06905213427190471
409.0, 0.06670503463774792
410.0, 0.06218711564360849
411.0, 0.05891048863455026
412.0, 0.05619662998801427
413.0, 0.05299902602987508
414.0, 0.05032522287530832
415.0, 0.047953479747199
416.0, 0.045381511783832165
417.0, 0.041723018633088346
418.0, 0.03864681337227014
419.0, 0.03704029273225147
420.0, 0.036698841182697305
421.0, 0.037065661429185756
422.0, 0.037079793849565494
423.0, 0.03593433474471864
424.0, 0.03398480925304862
425.0, 0.03248132021795991
426.0, 0.029784064737990876
427.0, 0.02772147194031712
428.0, 0.02564624019509614
429.0, 0.02022726111817004
430.0, 0.017361057262404878
431.0, 0.01468405570257248
432.0, 0.011801864565148734
433.0, 0.009318258953043643
434.0, 0.008915654998775755
435.0, 0.007585800207416465
436.0, 0.005148065897927102
437.0, 0.004890005780121117
438.0, 0.004652911159361683
439.0, 0.003318968108806062
440.0, 0.0010642288879549775
441.0, 0.0012168020818941502
442.0, 0.0007980485235403817
443.0, 0.0007439718131300734
444.0, 0.0012221554865014352
445.0, 0.0008592627774619182
446.0, 0.0015732405540348185
447.0, 0.0014777184493651925
448.0, 9.005333658676242e-05
449.0, 0.00028513587847663475
450.0, 0.0009236858019494096
451.0, 0.0013392351058873013
452.0, 0.001267160022691017
453.0, 0.0012757531834444952
454.0, 0.0018996773376834797
455.0, 0.0019573266675890766
456.0, 0.0011816667648326695
457.0, 0.0036784621754980523
458.0, 0.0027115253555155
459.0, 0.0020370365190732513
460.0, 0.003363421017125729
461.0, 0.0015934152173185897
462.0, 0.0014718787289746914
463.0, 0.0019863006074335977
464.0, 0.002483667294131621
465.0, 0.0019108034110209117
466.0, 0.001560503684859689
467.0, 0.0011247312054538802
468.0, 0.00047741761647639565
469.0, 0.000610188009236717
470.0, 0.0006188191691392816
471.0, 0.0005530100681852309
472.0, 0.0004983010964099941
473.0, 0.0013289047029330378
474.0, 0.000927008114876313
475.0, 0.0002903130031243467
476.0, 5.4145762563732284e-05
477.0, 0.0003102641786872361
478.0, 0.00046518614588174134
479.0, 0.00048228531128138266
480.0, 0.00041852532201381285
481.0, 0.001552073454823196
482.0, 0.0022201222495876827
483.0, 0.0029756868573719945
484.0, 0.004149326096773573
485.0, 0.005523487308489391
486.0, 0.007703231509814463
487.0, 0.008969972513779234
488.0, 0.008652708250905028
489.0, 0.011625130107054321
490.0, 0.014500716487810147
491.0, 0.01593404241870545
492.0, 0.015364615624215192
493.0, 0.015495663550513414
494.0, 0.014818582178815796
495.0, 0.014116354413066719
496.0, 0.013727956208151672
497.0, 0.012902075677741636
498.0, 0.013630278055233083
499.0, 0.01484408445552566
500.0, 0.016080375275283724
501.0, 0.01776664912642271
502.0, 0.01439283979211341
503.0, 0.011267796491192875
504.0, 0.010599745549205538
505.0, 0.011284262083368118
506.0, 0.011729917996083307
507.0, 0.011892119171091163
508.0, 0.011891361983989148
509.0, 0.01259348681023531
510.0, 0.013266046230605292
511.0, 0.01405560386515086
512.0, 0.015045361181611192
513.0, 0.016395830227983153
514.0, 0.017373851654008017
515.0, 0.018890445885361703
516.0, 0.020900553728146847
517.0, 0.022052491920618957
518.0, 0.024368860882425288
519.0, 0.028993405786545676
520.0, 0.03431174648053551
521.0, 0.03363340409265998
522.0, 0.03939153419406125
523.0, 0.04514290466901121
524.0, 0.04966606279082766
525.0, 0.05319724137567833
526.0, 0.058348252539822454
527.0, 0.061727861060186635
528.0, 0.06345673705049
529.0, 0.06503361423650311
530.0, 0.06320599331717806
531.0, 0.06146911343078559
532.0, 0.05890568672849148
533.0, 0.05296665863279616
534.0, 0.04895273901604179
535.0, 0.04347819816088205
536.0, 0.03796866819511379
537.0, 0.034987981636235274
538.0, 0.030727924440402902
539.0, 0.027732772706431947
540.0, 0.02492732967379309
541.0, 0.02089520019062084
542.0, 0.020079796300989838
543.0, 0.018447549386733215
544.0, 0.016916513455749987
545.0, 0.016382120748824898
546.0, 0.016421399298090753
547.0, 0.015908883936073027
548.0, 0.015724848184831178
549.0, 0.016357389302992995
550.0, 0.015370450317521909
551.0, 0.01672958750997343
552.0, 0.017981123432899693
553.0, 0.01791453253091725
554.0, 0.01792636147399352
555.0, 0.022335846830285166
556.0, 0.02557394677100567
557.0, 0.025534025829151437
558.0, 0.02333685481077944
559.0, 0.024819729943940737
560.0, 0.025459616643680714
561.0, 0.024298339659567025
562.0, 0.02277449552373095
563.0, 0.02179252120349516
564.0, 0.02035192726147967
565.0, 0.018409052864610035
566.0, 0.016379811900920877
567.0, 0.016134302449633264
568.0, 0.015409631831815223
569.0, 0.013931201084376071
570.0, 0.011722942432995109
571.0, 0.008895636843115637
572.0, 0.007954583378525098
573.0, 0.007931687395098848
574.0, 0.007361308601600933
575.0, 0.0073314216914182545
576.0, 0.005661556661026636
577.0, 0.00441669792921
578.0, 0.005356119844442886
579.0, 0.0046285573297867415
580.0, 0.0035219372471875236
581.0, 0.0032416199766268335
582.0, 0.004211529163180525
583.0, 0.0032624491252923053
584.0, 0.002718991759826833
585.0, 0.002005249388160434
586.0, 0.0011938811742810865
587.0, 0.0019086128787050016
588.0, 0.0034155359950510784
589.0, 0.0035343200346729955
590.0, 0.002566320215428453
591.0, 0.003319852996089572
592.0, 0.0016530737645591431
593.0, 0.0013138779237434298
594.0, 0.0023600725670451335
595.0, 0.0037265357604539537
596.0, 0.004207311183797315
597.0, 0.004686328763468196
598.0, 0.004145635243351
599.0, 0.0012336148170705129
600.0, 0.003809745397322856
601.0, 0.00474989125610827
602.0, 0.004240810585199601
603.0, 0.0028271974695508965
604.0, 0.00556465221345961
605.0, 0.005384743253884661
606.0, 0.005137674344994572
607.0, 0.006035034835451746
608.0, 0.006054373251292044
609.0, 0.006840733316139657
610.0, 0.0073167147078425174
611.0, 0.007388710621227142
612.0, 0.007941625798162526
613.0, 0.007520627440460386
614.0, 0.008177471227106577
615.0, 0.009661608648028267
616.0, 0.01071048254098947
617.0, 0.011663276572076747
618.0, 0.011612138449599258
619.0, 0.012038186413203667
620.0, 0.014793292719229401
621.0, 0.015567802096789495
622.0, 0.017357275329409956
623.0, 0.019226294374253276
624.0, 0.020576099313408706
625.0, 0.022771834696816647
626.0, 0.023915030130129574
627.0, 0.02605471378665883
628.0, 0.029792735853805482
629.0, 0.033668974681261524
630.0, 0.035977556270995074
631.0, 0.037477743692342
632.0, 0.03950992724568256
633.0, 0.0450032997535494
634.0, 0.050170268644656325
635.0, 0.056816881004201396
636.0, 0.06271292966317828
637.0, 0.06449768546851481
638.0, 0.07085226506717937
639.0, 0.07917558067903731
640.0, 0.08941249503571926
641.0, 0.10090184235864894
642.0, 0.10627231844757493
643.0, 0.12121708143774192
644.0, 0.1369544888312147
645.0, 0.15127506205520394
646.0, 0.17276930835299809
647.0, 0.19703567231055574
648.0, 0.22479472692083252
649.0, 0.2567481878625436
650.0, 0.29412911522952684
651.0, 0.33235382631060906
652.0, 0.38748515174811005
653.0, 0.44951226859122184
654.0, 0.5042440171449917
655.0, 0.589859727926873
656.0, 0.6772057435521668
657.0, 0.7639493293506688
658.0, 0.8488266025306681
659.0, 0.9349289973247228
660.0, 0.981480227063048
661.0, 0.994894662985898
662.0, 0.9819258365260942
663.0, 0.9578601489170799
664.0, 0.8714783783818261
665.0, 0.7823447008501766
666.0, 0.6946156293427773
667.0, 0.599447417573309
668.0, 0.5106042019678434
669.0, 0.43657647387153314
670.0, 0.3719112832165673
671.0, 0.3122386698440592
672.0, 0.2726634519405118
673.0, 0.23412503953708289
674.0, 0.20280313051877719
675.0, 0.17961858635848946
676.0, 0.15651627009301966
677.0, 0.13825941428295213
678.0, 0.12538240125598024
679.0, 0.11525821094582758
680.0, 0.1024696350052754
681.0, 0.09293367178003144
682.0, 0.08614201364973621
683.0, 0.07930017202575083
684.0, 0.07015932890349348
685.0, 0.06707548185442865
686.0, 0.06310177378431907
687.0, 0.05862745906813656
688.0, 0.054245638371530715
689.0, 0.051780914640583445
690.0, 0.0470470364307936
691.0, 0.04404351773791883
692.0, 0.04264165173718054
693.0, 0.04090754723174174
694.0, 0.03674385050008447
695.0, 0.035422293105653146
696.0, 0.03419880133528576
697.0, 0.03066976229009176
698.0, 0.03141665349656573
699.0, 0.029221369992429424
700.0, 0.027161885718626325
701.0, 0.026302347778117224
702.0, 0.025375078209475002
703.0, 0.023348327937847312
704.0, 0.02266917613036688
705.0, 0.02190863072621156
706.0, 0.017979131814642595
707.0, 0.01752464816728931
708.0, 0.016158176961849933
709.0, 0.015279571516586102
710.0, 0.015858363038288782
711.0, 0.01592817467633031
712.0, 0.015463944749056968
713.0, 0.013704171499749179
714.0, 0.011539679911990034
715.0, 0.012383739971804695
716.0, 0.011773721682159302
717.0, 0.011600583951455749
718.0, 0.012024826127595582
719.0, 0.012838689718908771
720.0, 0.009338169146028412
721.0, 0.01021633434659337
722.0, 0.009942841224011942
723.0, 0.006883194761782312
724.0, 0.009176543147814594
725.0, 0.008682493067955759
726.0, 0.006853463388277317
727.0, 0.00588957941861227
728.0, 0.009336399316311896
729.0, 0.007512027034088169
730.0, 0.007218563856488429
731.0, 0.008348956378280918
732.0, 0.010066563986166887
733.0, 0.007867229476630667
734.0, 0.012441916148971286
735.0, 0.011947442545105944
736.0, 0.006835535438571178
737.0, 0.009981692219930685
738.0, 0.01264348526596556
739.0, 0.01577487010485253
740.0, 0.018519667189664836
741.0, 0.01991058549658034
742.0, 0.021938905610510043
743.0, 0.02580068373155886
744.0, 0.027500846936598065
745.0, 0.025866791008968364
746.0, 0.02374494812458813
747.0, 0.023868934033354716
748.0, 0.021632392300630153
749.0, 0.018177600695376762
750.0, 0.016216846042873857
751.0, 0.014795195305742794
752.0, 0.01479165676996971
753.0, 0.014677348638602428
754.0, 0.013698806866156168
755.0, 0.01280337980369482
756.0, 0.011467092818107497
757.0, 0.010544092835732896
758.0, 0.009889251330569272
759.0, 0.008938934681791376
760.0, 0.007978871073045807
761.0, 0.007141604096715758
762.0, 0.006479161540079021
763.0, 0.006240450595059255
764.0, 0.007791537012310942
765.0, 0.0072533343729561965
766.0, 0.007745974501083233
767.0, 0.008970947078906258
768.0, 0.008870311023096093
769.0, 0.00778988010535277
770.0, 0.009080625032387993
771.0, 0.010817461199354882
772.0, 0.011403088988792625
773.0, 0.010657655809181339
774.0, 0.012413285931256552
775.0, 0.013594593734423852
776.0, 0.01387812764002015
777.0, 0.014279309936744571
778.0, 0.013703572185576872
779.0, 0.01572030197110604
780.0, 0.016351662090652645
781.0, 0.013497990263323613
782.0, 0.014128320989136887
783.0, 0.014276387129034729
784.0, 0.013152734179996706
785.0, 0.01126789709114381
786.0, 0.01001488637917307
787.0, 0.008522101227132203
788.0, 0.007023357331553603
789.0, 0.005991575234740352
790.0, 0.0054813758170711695
791.0, 0.003850331148538429
792.0, 0.00308723268428102
793.0, 0.0031283980998387823
794.0, 0.0029758903382690596
795.0, 0.0009637539171153142
796.0, 0.0006669781661583625
797.0, 0.001692985161157181
798.0, 0.0020298212898412836
799.0, 0.0009164179791774399
800.0, 0.000999544929542217
801.0, 0.00041883898482723787
802.0, 0.0002654695436790131
803.0, 0.00045491192249258667
804.0, 0.0005362124043113273
805.0, 0.0003028596910018066
806.0, 0.00058277593144321
807.0, 0.0009005962433056197
808.0, 0.001067635727738802
809.0, 0.0013502286792892177
810.0, 0.0010011018244127671
811.0, 0.0011857388793484853
812.0, 0.001267800593628156
813.0, 0.0004061757624215834
814.0, 0.00012444010730548152
815.0, 0.0014201913802489247
816.0, 0.001760208240160478
817.0, 0.0009949916532472894
818.0, 0.0015301388085212071
819.0, 0.002613838640066766
820.0, 0.0036232072653376297
821.0, 0.003180528070693514
822.0, 0.0006632822592382709
823.0, 0.0002400778481005614
824.0, 0.0007226792848875816
825.0, 0.002255622537229014
826.0, 0.0033266930867084225
827.0, 0.0010789790092084499
828.0, 0.0003176248462351735
829.0, 0.0014311542788877048
830.0, 0.0016773828984340384
831.0, 0.00014729903857610465
832.0, 0.0007100104409875375
833.0, 0.0003596370719169766
834.0, 0.0006257356450545567
835.0, 0.0009242460528589046
836.0, 0.0002890935739690927
837.0, 0.0005822390536920004
838.0, 0.0008734984073680103
839.0, 0.0008002763507759456
840.0, 0.0007307931650824215
841.0, 0.0020118634623569123
842.0, 0.0015608242124246438
843.0, 0.0010977055174023705
844.0, 0.0008532297567613728
845.0, 0.000892090371499846
846.0, 0.0010512178137844805
847.0, 0.001462620873276444
848.0, 0.00181315554295036
849.0, 0.001830258569490614
850.0, 0.0012524654222693127
851.0, 0.0012048886443972455
852.0, 0.0008113368298840975
853.0, 0.0007444767872881538
854.0, 0.0011152409910942297
855.0, 0.0012320586952423427
856.0, 0.0018630482279096486
857.0, 0.0011654179175394788
858.0, 0.0004760788961541817
859.0, 0.0009522398209293092
860.0, 0.0008482409368298853
861.0, 0.0017963994078201392
862.0, 0.0022909728620500464
863.0, 0.001792347174313909
864.0, 0.0002012668833027149
865.0, 0.00318041576787319
866.0, 0.0023109460153276046
867.0, 0.001401724181730867
868.0, 0.0019450760001902233
869.0, 0.0025199595761164974
870.0, 0.002020483358274729
871.0, 0.002275340046351339
872.0, 0.002625255850001583
873.0, 0.002812288649980058
874.0, 0.005858412825640313
875.0, 0.004033409572663427
876.0, 0.003122436481572199
877.0, 0.003764291025846702
878.0, 0.0047590248617349964
879.0, 0.0015451406506077532
880.0, 0.004351224772775456
881.0, 0.005132775330993779
882.0, 0.0029429225562169615
883.0, 0.00400322291852638
884.0, 0.005434189774242829
885.0, 0.004956254733801523
886.0, 0.004965440081445862
887.0, 0.0066710874232859835
888.0, 0.007393509983761655
889.0, 0.005084957902832719
890.0, 0.006417028020760798
891.0, 0.008511917913697816
892.0, 0.007531488707868756
893.0, 0.009439733097906048
894.0, 0.008707138420998673
895.0, 0.008144925087661401
896.0, 0.008469706347644766
897.0, 0.009394727344215136
898.0, 0.009578140862588952
899.0, 0.010270343294311505
900.0, 0.011757540120866536
901.0, 0.013395972775055097
902.0, 0.013058260495651298
903.0, 0.014098652205762716
904.0, 0.014910814792880903
905.0, 0.015267251175579538
906.0, 0.015183317637656797
907.0, 0.015100017006420729
908.0, 0.014535214997467074
909.0, 0.016199021348671214
910.0, 0.01724842651892137
911.0, 0.014814263738839518
912.0, 0.015190602813354968
913.0, 0.018118577417016914
914.0, 0.0178294669176469
915.0, 0.01688503589571678
916.0, 0.02126045219858911
917.0, 0.016914649251659853
918.0, 0.014759134298437136
919.0, 0.014876582019087438
920.0, 0.01571722393763874
921.0, 0.013817987974990877
922.0, 0.016241171639721712
923.0, 0.014864288649346934
924.0, 0.013662158486505588
925.0, 0.014243453090836862
926.0, 0.013304454034238147
927.0, 0.014056109543364316
928.0, 0.0140060085377221
929.0, 0.014083649103385023
930.0, 0.014632855603817555
931.0, 0.012505623520714293
932.0, 0.015094771357232585
933.0, 0.015411299895314921
934.0, 0.015193541795572679
935.0, 0.017005379080500323
936.0, 0.01577230025041059
937.0, 0.016501638978206768
938.0, 0.01721944897247003
939.0, 0.017584433666892243
940.0, 0.017901474365040672
941.0, 0.019347174573369222
942.0, 0.020340228518965203
943.0, 0.020350291830401924
944.0, 0.020341508520391887
945.0, 0.022312353724818067
946.0, 0.023943388084408063
947.0, 0.02419610048517159
948.0, 0.02614664504941695
949.0, 0.029707740607597143
950.0, 0.031342906051215265
951.0, 0.03297736199570583
952.0, 0.03686024311322036
953.0, 0.040123509630980096
954.0, 0.042499663619572255
955.0, 0.048340145983265026
956.0, 0.05322097102372418
957.0, 0.05727478105676118
958.0, 0.06251688898223427
959.0, 0.06986821625824854
960.0, 0.07746212363694278
961.0, 0.08623975412740205
962.0, 0.0961848565031117
963.0, 0.10308186703438257
964.0, 0.10633604219086382
965.0, 0.12003064855588357
966.0, 0.12112185101275803
967.0, 0.12273002781473828
968.0, 0.12586842734183395
969.0, 0.12801239400465422
970.0, 0.11922876402771708
971.0, 0.11878254816638427
972.0, 0.11522356698288913
973.0, 0.10853421218051591
974.0, 0.10120318110257258
975.0, 0.09264453380837921
976.0, 0.08289384895567065
977.0, 0.07734492157586638
978.0, 0.07383378925622268
979.0, 0.06827555533255167
980.0, 0.06323212676122619
981.0, 0.061083433358006776
982.0, 0.05804274739344387
983.0, 0.05416216659274464
984.0, 0.05135721346101645
985.0, 0.05526907519038624
986.0, 0.050809845450260974
987.0, 0.05020163292310317
988.0, 0.05394283865470454
989.0, 0.05705125591733494
990.0, 0.05767489549267348
991.0, 0.06221281420798278
992.0, 0.06659827577471557
993.0, 0.0712148775670825
994.0, 0.07844431267796383
995.0, 0.08255175810654766
996.0, 0.08355172564198138
997.0, 0.0866089705147736
998.0, 0.08961038230784542
999.0, 0.08659995398056866
1000.0, 0.08563800040303489
1001.0, 0.08795552428402004
1002.0, 0.08617696447905812
1003.0, 0.08268903069092336
1004.0, 0.08536716046962019
1005.0, 0.08048498644173781
1006.0, 0.08194927565083679
1007.0, 0.08856519709941942
1008.0, 0.09605450313091467
1009.0, 0.09854011128311971
1010.0, 0.10678464028340633
1011.0, 0.1145088422493881
1012.0, 0.1207262425738302
1013.0, 0.13081901444380287
1014.0, 0.15268835426611577
1015.0, 0.15911354796208055
1016.0, 0.17559926962530034
1017.0, 0.1923399274504529
1018.0, 0.2060437815522849
1019.0, 0.21797368569289463
1020.0, 0.24337784522963318
1021.0, 0.2475599639976073
1022.0, 0.24906067549160374
1023.0, 0.2533583799392127
1024.0, 0.2579953851830273
1025.0, 0.2438603375379723
1026.0, 0.2377695681618832
1027.0, 0.2239887146581349
1028.0, 0.2046093010604533
1029.0, 0.18959460671832018
1030.0, 0.1784585664292961
1031.0, 0.16145802290670022
1032.0, 0.14707585628707828
1033.0, 0.13613092402644122
1034.0, 0.12593453807842206
1035.0, 0.11089270757294334
1036.0, 0.1061176016327492
1037.0, 0.09742728153394717
1038.0, 0.08760670462273308
1039.0, 0.08335004161587686
1040.0, 0.08054641327041473
1041.0, 0.07513691024346823
1042.0, 0.07060641138305937
1043.0, 0.06718063291824529
1044.0, 0.06391879338237988
1045.0, 0.05844909541408855
1046.0, 0.05749798973017356
1047.0, 0.05564062750748295
1048.0, 0.05344015464790804
1049.0, 0.05181980141805694
1050.0, 0.04901528089109338
1051.0, 0.04708963975596072
1052.0, 0.045425237337316154
1053.0, 0.04294735465185119
1054.0, 0.03987807775997781
1055.0, 0.039754061326402
1056.0, 0.0422493383013947
1057.0, 0.041497321208373024
1058.0, 0.03817363770498709
1059.0, 0.03492795527409611
1060.0, 0.036814332441258237
1061.0, 0.034218905011734656
1062.0, 0.03517936193508579
1063.0, 0.03462349002111766
1064.0, 0.03193271878494386
1065.0, 0.032198327474165546
1066.0, 0.03451194866411444
1067.0, 0.03169219957397531
1068.0, 0.030105931355205947
1069.0, 0.030910039722550714
1070.0, 0.031106352489467966
1071.0, 0.028951498737171736
1072.0, 0.02938814596072915
1073.0, 0.029870243041542368
1074.0, 0.0290682288895747
1075.0, 0.026969941562574554
1076.0, 0.02963616632754426
1077.0, 0.027827914660580457
1078.0, 0.027185358392757365
1079.0, 0.027479630549964898
1080.0, 0.027020410964389042
1081.0, 0.025851765688311146
1082.0, 0.02856578401972967
1083.0, 0.02955211784971657
1084.0, 0.029248923469381957
1085.0, 0.02985278037812777
1086.0, 0.03540987182830222
1087.0, 0.03408045074310779
1088.0, 0.03612129641156263
1089.0, 0.03868901196042791
1090.0, 0.04014146090971203
1091.0, 0.042295887863551145
1092.0, 0.04937913610149148
1093.0, 0.05404942502985136
1094.0, 0.05829987912765683
1095.0, 0.06216543635800959
1096.0, 0.06397722018402566
1097.0, 0.0646927785059091
1098.0, 0.06756820315029981
1099.0, 0.06476423561056174
1100.0, 0.0575456043104843
1101.0, 0.05195341041747727
1102.0, 0.056126024021256105
1103.0, 0.04464254167289079
1104.0, 0.0403128510862727
1105.0, 0.03912943677052377
1106.0, 0.03450278160354048
1107.0, 0.03262723849075535
1108.0, 0.027970295582341983
1109.0, 0.02428962579929511
1110.0, 0.023078778610002963
1111.0, 0.023455978852155772
1112.0, 0.021299532231027662
1113.0, 0.019122009361403545
1114.0, 0.019183882309187494
1115.0, 0.018964255230233106
1116.0, 0.017773715724152
1117.0, 0.016511875838174594
1118.0, 0.015736889934795207
1119.0, 0.01578794689113442
1120.0, 0.014336139258492947
1121.0, 0.01252996990520279
1122.0, 0.012219781839935235
1123.0, 0.012053817500340938
1124.0, 0.013417745383573956
1125.0, 0.013244934580692603
1126.0, 0.01223884791719647
1127.0, 0.011815269024037532
1128.0, 0.013482368267085269
1129.0, 0.007337345876256554
1130.0, 0.00815910891114745
1131.0, 0.008943932819203899
1132.0, 0.007249270486119628
1133.0, 0.0060335099386887
1134.0, 0.007985165400037122
1135.0, 0.007967770914510425
1136.0, 0.0064096582776600325
1137.0, 0.00630814746351256
1138.0, 0.009344778367679598
1139.0, 0.005382540697785026
1140.0, 0.007654250243372201
1141.0, 0.006349262469024973
1142.0, 0.0028299857757994673
1143.0, 0.0013398653072665108
1144.0, 0.007852510771736024
1145.0, 0.005737015801607521
1146.0, 0.005063215182485792
1147.0, 0.00568084634243771
1148.0, 0.005359228355981086
1149.0, 0.001684493865794859
1150.0, 0.006836620735200671
1151.0, 0.004871456694554616
1152.0, 0.0029628394632421813
1153.0, 0.0034030088241799655
1154.0, 0.005079201004061437
1155.0, 0.0009024254974590072
1156.0, 0.0017140481382345056
1157.0, 0.002839065074682455
1158.0, 0.00277032122089982
1159.0, 0.0021732362148051704
1160.0, 0.00391249620319862
1161.0, 0.004404835487569652
1162.0, 0.00200471825606166
1163.0, 0.001668627098173499
1164.0, 0.0021320837180766276
1165.0, 0.00033282658518709506
1166.0, 0.0012467616599892875
1167.0, 0.0012642800199891458
1168.0, 0.0008950445532844272
1169.0, 0.0018030592130947633
1170.0, 0.003604537139235226
1171.0, 0.0020372693007568825
1172.0, 0.002435221723415623
1173.0, 0.002707315334273742
1174.0, 0.0019744106055821584
1175.0, 0.0007833942284401592
1176.0, 0.0005457248284193993
1177.0, 0.002112935656330455
1178.0, 0.001283046130870208
1179.0, 0.0009875893404308277
1180.0, 0.0015046123356928834
1181.0, 0.0019582695901258014
1182.0, 0.00039572918002472954
1183.0, 0.0016517932142990355
1184.0, 0.0012745935277688292
1185.0, 0.000856923532489288
1186.0, 0.0019643182698879493
1187.0, 0.00586434229506964
1188.0, 0.014051629104245346
1189.0, 0.014376429577787538
1190.0, 0.014914587019272361
1191.0, 0.011635791712620278
1192.0, 0.003738836492314231
1193.0, 0.003064881641364945
1194.0, 0.002125410539157763
1195.0, 0.0016920572171748708
1196.0, 0.0015602381169789541
1197.0, 0.0011813974741204428
1198.0, 0.00010599314598732362
1199.0, 2.2138533981892534e-05
1200.0, 0.00031863602292241783
1201.0, 0.002060809540329054
1202.0, 0.0034997292998938724
1203.0, 0.0032790200591870655
1204.0, 0.0019680905308209324
1205.0, 0.0007813263593988697
1206.0, 0.001460632918743906
1207.0, 0.0012230871195906253
1208.0, 0.00089366773115692
1209.0, 0.002341638788620592
1210.0, 0.0009257683063220482
1211.0, 0.0021025293765034904
1212.0, 0.0017761880613339335
1213.0, 0.0008695914402979069
1214.0, 0.00046320198292434467
1215.0, 0.0006363099694819479
1216.0, 0.0008062259301162748
1217.0, 0.0012923069213430704
1218.0, 0.002529808069625356
1219.0, 0.002948330327731329
1220.0, 0.0016596147791913332
1221.0, 0.002960737506591466
1222.0, 0.0026177258866105844
1223.0, 0.0029263937261871154
1224.0, 0.0026760684594876716
1225.0, 0.0019088489319267717
1226.0, 0.001937202877804504
1227.0, 0.0018126630043747843
1228.0, 0.0032757343776491075
1229.0, 0.0024949818594234246
1230.0, 0.0012461785500830138
1231.0, 0.002084146109272178
1232.0, 0.005943160152970068
1233.0, 0.0033380971988817374
1234.0, 0.0034019998570633163
1235.0, 0.004611275155518736
1236.0, 0.004337482011942825
1237.0, 0.0017712708356591284
1238.0, 0.005997480607294967
1239.0, 0.004147495684667693
1240.0, 0.0033903306800908326
1241.0, 0.005299140556594508
1242.0, 0.007486966096516639
1243.0, 0.005104372133555088
1244.0, 0.004764593035326004
1245.0, 0.00529401706583398
1246.0, 0.004677398408042302
1247.0, 0.0046140978494232125
1248.0, 0.005900784097546748
1249.0, 0.005549445203373485
1250.0, 0.002877700819601637
1251.0, 0.004757233096292183
1252.0, 0.006519194926724605
1253.0, 0.006594492662309206
1254.0, 0.005594625991799348
1255.0, 0.005110691227058313
1256.0, 0.0045243397046445715
1257.0, 0.00544021912606492
1258.0, 0.005951041259343162
1259.0, 0.005471588129662308
1260.0, 0.00525227988251744
1261.0, 0.008871815514900724
1262.0, 0.007281735223810144
1263.0, 0.00591527038373971
1264.0, 0.00692592410932358
1265.0, 0.008759305998417665
1266.0, 0.006245647909323467
1267.0, 0.006238374792371813
1268.0, 0.005811229471424845
1269.0, 0.004835139161846616
1270.0, 0.005571839062999394
1271.0, 0.008302899004840368
1272.0, 0.007236894076793489
1273.0, 0.004384589596164797
1274.0, 0.005126770335293164
1275.0, 0.004307954283251362
1276.0, 0.0029634762558331273
1277.0, 0.004164020346536541
1278.0, 0.005293418817484146
1279.0, 0.004409031906771685
1280.0, 0.0067832244109197444
1281.0, 0.006734226399116869
1282.0, 0.00439314247008078
1283.0, 0.004345046908362537
1284.0, 0.005945974818718717
1285.0, 0.0034848478643052265
1286.0, 0.004594011017021215
1287.0, 0.005533877840041693
1288.0, 0.004281123377583136
1289.0, 0.0027888806918112486
1290.0, 0.004724463433629868
1291.0, 0.0069867297126401775
1292.0, 0.0056866964228795246
1293.0, 0.005571434895065897
1294.0, 0.006998138395158886
1295.0, 0.0025471079189903823
1296.0, 0.00298770867469328
1297.0, 0.007363490871375476
1298.0, 0.0065009467866402855
1299.0, 0.0041411388407954965
1300.0, 0.004135646970516373
1301.0, 0.003223363587563462
1302.0, 0.0019109421778587227
1303.0, 0.004773666909568954
1304.0, 0.0063275543060764185
1305.0, 0.006476384394451031
1306.0, 0.006772186223461426
1307.0, 0.007373168075172729
1308.0, 0.005031249269662743
1309.0, 0.0036861468793189626
1310.0, 0.00594059560253182
1311.0, 0.007836195792743696
1312.0, 0.005809816600568323
1313.0, 0.005369147770792885
1314.0, 0.0073609518113838465
1315.0, 0.003676698239756983
1316.0, 0.004696971079324656
1317.0, 0.007375662480109134
1318.0, 0.005084658989880364
1319.0, 0.003869194893144391
1320.0, 0.00817056080217568
1321.0, 0.005173025580660634
1322.0, 0.00466939889171432
1323.0, 0.007332021124992477
1324.0, 0.008273248559632943
1325.0, 0.0053325244927180035
1326.0, 0.005276995398559139
1327.0, 0.0043808038633178425
1328.0, 0.003308363256474326
1329.0, 0.00370997837075792
1330.0, 0.005638427574599385
1331.0, 0.002410541786957307
1332.0, 0.003541351155441644
1333.0, 0.004223339874575056
1334.0, 0.002784978414046487
1335.0, 0.002068174698971218
1336.0, 0.004569962876970307
1337.0, 0.0023176311082379474
1338.0, 0.001030222999103745
1339.0, 0.004679118726643196
1340.0, 0.004864851996721226
1341.0, 0.001918933312905329
1342.0, 0.001203749172027692
1343.0, 0.003929632350660565
1344.0, 0.0026249945742843166
1345.0, 0.002313857910292411
1346.0, 0.002638273352696134
1347.0, 0.00218941829897495
1348.0, 0.0005431376738807324
1349.0, 0.0013702635169300797
1350.0, 0.002973762593328449
1351.0, 0.0018795998629594947
1352.0, 0.0029357539064378663
1353.0, 0.0038003027705389974
1354.0, 0.0013779394622941547
1355.0, 0.0015571488649690256
1356.0, 0.0002934835676752629
1357.0, 0.0003340483734920642
1358.0, 0.0011543399861100106
1359.0, 0.0012625757626735707
1360.0, 0.00036217498050235356
1361.0, 0.0015579163255335633
1362.0, 0.0037214473840628437
1363.0, 0.002324899827163332
1364.0, 0.0021456865006976747
1365.0, 0.0028660172123762067
1366.0, 0.002534066919749279
1367.0, 0.0005778102710576173
1368.0, 0.0022134163426355065
1369.0, 0.0032193487295689716
1370.0, 0.0022612872980830984
1371.0, 0.0013381507887882617
1372.0, 0.0015660369246734294
1373.0, 0.001219377895279159
1374.0, 0.0009397426623242288
1375.0, 0.0023874694846246114
1376.0, 0.0013016080597497003
1377.0, 0.001048283640411184
1378.0, 0.002359868699259162
1379.0, 0.00149134787962269
1380.0, 0.001553885959413328
1381.0, 0.001370451060103701
1382.0, 0.00328657428171743
1383.0, 0.0029683227507109685
1384.0, 0.0015634280358156327
1385.0, 0.004049416865904262
1386.0, 0.004903465500424639
1387.0, 0.0024373764299993102
1388.0, 0.004825904661389436
1389.0, 0.00377103071314163
1390.0, 0.0003695014281539564
1391.0, 0.0008264593920115826
1392.0, 0.0034430732465817065
1393.0, 0.0010465530104623662
1394.0, 0.002745942049916049
1395.0, 0.003039975152966761
1396.0, 0.002375394290894311
1397.0, 0.003734072228485888
1398.0, 0.00799503436702576
1399.0, 0.0013192983274350847
1400.0, 0.0004494544861066871
1401.0, 0.0026191577717016535
1402.0, 0.002904387830698469
1403.0, 0.0011776724310139537
1404.0, 0.003574304242313483
1405.0, 0.004528026277079532
1406.0, 0.009548412900708002
1407.0, 0.0075174037866902145
1408.0, 0.00521693812168972
1409.0, 0.004356493399336916
1410.0, 0.001547621747147762
1411.0, 0.0072074344783205286
1412.0, 0.0036226888436990635
1413.0, 0.0014878674117050044
1414.0, 0.0039992462267857505
1415.0, 0.005420832528797095
1416.0, 0.0017602248078119986
1417.0, 0.005468987961362161
1418.0, 0.005888862922024639
1419.0, 0.002637208398914618
1420.0, 0.0040450269159131216
1421.0, 0.005746782396591381
1422.0, 0.004082137995331743
1423.0, 0.003675284308753104
1424.0, 0.006572506452628555
1425.0, 0.005267102843715037
1426.0, 0.005401351456149075
1427.0, 0.006207076434889797
1428.0, 0.004962670278321018
1429.0, 0.0009958045401506409
1430.0, 0.004121745102679867
1431.0, 0.006772431277971033
1432.0, 0.005592760452329472
1433.0, 0.00661839533996018
1434.0, 0.00747389429485741
1435.0, 0.004578636231165087
1436.0, 0.002370077682918288
1437.0, 0.01062343133971482
1438.0, 0.004334333475901663
1439.0, 0.0012355559406545427
1440.0, 0.0038273225219379527
1441.0, 0.006921226970033772
1442.0, 0.004648753374602344
1443.0, 0.006656221633473482
1444.0, 0.00636230463487099
1445.0, 0.0040818317483136525
1446.0, 0.0035833350230585538
1447.0, 0.004384603172476638
1448.0, 0.004191196706987704
1449.0, 0.003935992130947929
1450.0, 0.005310770013124676
1451.0, 0.006054488659579933
1452.0, 0.003654664112556562
1453.0, 0.00484312091680696
1454.0, 0.008839767900774068
1455.0, 0.005670879767121698
1456.0, 0.011152712431016863
1457.0, 0.023528975609976216
1458.0, 0.021480328356677333
1459.0, 0.019189467865152052
1460.0, 0.018414778678415362
1461.0, 0.015141238470042083
1462.0, 0.018777628111064846
1463.0, 0.013829894197149518
1464.0, 0.014226975942595385
1465.0, 0.008877923900798154
1466.0, 0.006051118688366318
1467.0, 0.00798640918808535
1468.0, 0.005590147277259468
1469.0, 0.007507651858818681
1470.0, 0.006621304775027419
1471.0, 0.0037522019717371735
1472.0, 0.005763326247794221
1473.0, 0.008137932033991553
1474.0, 0.005331498851008948
1475.0, 0.00401871175067827
1476.0, 0.006528852163942547
1477.0, 0.004928785951899588
1478.0, 0.004403138620183283
1479.0, 0.005323957300726504
1480.0, 0.006036346089119171
1481.0, 0.005279112427172492
1482.0, 0.005950275004674273
1483.0, 0.007393832589100667
1484.0, 0.005155319028310278
1485.0, 0.004359828323840492
1486.0, 0.00548410467720037
1487.0, 0.005972466495070586
1488.0, 0.0035081194458146904
1489.0, 0.004798638240730238
1490.0, 0.004143055197307282
1491.0, 0.0022533989463404806
1492.0, 0.005598076771236606
1493.0, 0.0077001165663195
1494.0, 0.0020728189718388227
1495.0, 0.00261357892557385
1496.0, 0.009419519436487363
1497.0, 0.002929017694258082
1498.0, 0.002082237638547442
1499.0, 0.004761570298505458
1500.0, 0.00501202038507534
1501.0, 0.002004396189762234
1502.0, 0.005835279157479369
1503.0, 0.004941747828465599
1504.0, 0.0022131297697851977
1505.0, 0.005069879713121846
1506.0, 0.006339549420087529
1507.0, 0.0024410704949186118
1508.0, 0.0014887852093527377
1509.0, 0.0052147153016701645
1510.0, 0.00490868601874425
1511.0, 0.0026974070919087365
1512.0, 0.005033063553446722
1513.0, 0.006540700654914392
1514.0, 0.0038160213343812937
1515.0, 0.006857432603895688
1516.0, 0.006306347937047788
1517.0, 0.002713623637584826
1518.0, 0.005301383652951624
1519.0, 0.007853817885095336
1520.0, 0.005530355602097992
1521.0, 2.9546831763529937e-05
1522, 0.0
1523, 0.0
1524, 0.0
1525, 0.0
1526, 0.0
1527, 0.0
1528, 0.0
1529, 0.0
1530, 0.0
1531, 0.0
1532, 0.0
1533, 0.0
1534, 0.0
1535, 0.0
1536, 0.0
1537, 0.0
1538, 0.0
1539, 0.0
1540, 0.0
1541, 0.0
1542, 0.0
1543, 0.0
1544, 0.0
1545, 0.0
1546, 0.0
1547, 0.0
1548, 0.0
1549, 0.0
1550, 0.0
1551, 0.0
1552, 0.0
1553, 0.0
1554, 0.0
1555, 0.0
1556, 0.0
1557, 0.0
1558, 0.0
1559, 0.0
1560, 0.0
1561, 0.0
1562, 0.0
1563, 0.0
1564, 0.0
1565, 0.0
1566, 0.0
1567, 0.0
1568, 0.0
1569, 0.0
1570, 0.0
1571, 0.0
1572, 0.0
1573, 0.0
1574, 0.0
1575, 0.0
1576, 0.0
1577, 0.0
1578, 0.0
1579, 0.0
1580, 0.0
1581, 0.0
1582, 0.0
1583, 0.0
1584, 0.0
1585, 0.0
1586, 0.0
1587, 0.0
1588, 0.0
1589, 0.0
1590, 0.0
1591, 0.0
1592, 0.0
1593, 0.0
1594, 0.0
1595, 0.0
1596, 0.0
1597, 0.0
1598, 0.0
1599, 0.0
