30, 0.0
31, 0.0
32, 0.0
33, 0.0
34, 0.0
35, 0.0
36, 0.0
37, 0.0
38, 0.0
39, 0.0
40, 0.0
41, 0.0
42, 0.0
43, 0.0
44, 0.0
45, 0.0
46, 0.0
47, 0.0
48, 0.0
49, 0.0
50, 0.0
51, 0.0
52, 0.0
53, 0.0
54, 0.0
55, 0.0
56, 0.0
57, 0.0
58, 0.0
59, 0.0
60, 0.0
61, 0.0
62, 0.0
63, 0.0
64, 0.0
65, 0.0
66, 0.0
67, 0.0
68, 0.0
69, 0.0
70, 0.0
71, 0.0
72, 0.0
73, 0.0
74, 0.0
75, 0.0
76, 0.0
77, 0.0
78, 0.0
79, 0.0
80, 0.0
81, 0.0
82, 0.0
83, 0.0
84, 0.0
85, 0.0
86, 0.0
87, 0.0
88, 0.0
89, 0.0
90, 0.0
91, 0.0
92, 0.0
93, 0.0
94, 0.0
95, 0.0
96, 0.0
97, 0.0
98, 0.0
99, 0.0
100, 0.0
101, 0.0
102, 0.0
103, 0.0
104, 0.0
105, 0.0
106, 0.0
107, 0.0
108, 0.0
109, 0.0
110, 0.0
111, 0.0
112, 0.0
113, 0.0
114, 0.0
115, 0.0
116, 0.0
117, 0.0
118, 0.0
119, 0.0
120, 0.0
121, 0.0
122, 0.0
123, 0.0
124, 0.0
125, 0.0
126, 0.0
127, 0.0
128, 0.0
129, 0.0
130, 0.0
131, 0.0
132, 0.0
133, 0.0
134, 0.0
135, 0.0
136, 0.0
137, 0.0
138, 0.0
139, 0.0
140, 0.0
141, 0.0
142, 0.0
143, 0.0
144, 0.0
145, 0.0
146, 0.0
147, 0.0
148, 0.0
149, 0.0
150, 0.0
151, 0.0
152.0, 0.004660497940687427
153.0, 0.0075629909087337145
154.0, 0.0006926160286637425
155.0, 0.007979123777615577
156.0, 0.008071067347398975
157.0, 0.0011928911637313147
158.0, 0.0013654160147262605
159.0, 0.0022638564425255
160.0, 0.0037820256954620253
161.0, 0.0059579739762560665
162.0, 0.0023583046494001173
163.0, 0.0044495609048027344
164.0, 0.00918538269813388
165.0, 0.009025215093958176
166.0, 0.005605078657917915
167.0, 0.0052328918030189
168.0, 0.008986335286382967
169.0, 0.004439848674432915
170.0, 0.00265705841256001
171.0, 0.003017800635203549
172.0, 0.005364445481930973
173.0, 0.004986864746518458
174.0, 0.006241420775130437
175.0, 0.007828187670680258
176.0, 0.0015913697357975974
177.0, 0.0013853375264516964
178.0, 0.0017754883843233839
179.0, 0.00017002277795561102
180.0, 0.0002447379292611863
181.0, 0.0016290964719070779
182.0, 0.0035450219950591507
183.0, 0.0046131796013973055
184.0, 0.005899827691645018
185.0, 0.009172572227596478
186.0, 0.013912712228892
187.0, 0.01263486842561739
188.0, 0.010233916250066068
189.0, 0.010243392688346047
190.0, 0.015837834144435167
191.0, 0.01831926631777721
192.0, 0.017027623806954075
193.0, 0.014888914949073108
194.0, 0.019938845706769272
195.0, 0.02378655019302915
196.0, 0.025230397339150976
197.0, 0.023952990703406733
198.0, 0.022416370799578714
199.0, 0.02548583283843626
200.0, 0.028347629737248893
201.0, 0.025959352511695177
202.0, 0.024762998193268944
203.0, 0.026049843805011394
204.0, 0.02729614890302037
205.0, 0.019096505604247777
206.0, 0.024490796313285174
207.0, 0.029693232320549972
208.0, 0.029724018929016643
209.0, 0.026967584626175097
210.0, 0.020037582561014712
211.0, 0.013543993987641405
212.0, 0.013220228933632687
213.0, 0.015189284073541125
214.0, 0.014365098090317099
215.0, 0.011458444290026883
216.0, 0.011126716665186042
217.0, 0.013768609669407848
218.0, 0.014513312807006563
219.0, 0.011310334364434637
220.0, 0.005727520109643525
221.0, 0.002974642464153509
222.0, 0.0020130045990516972
223.0, 0.0019235553127416552
224.0, 0.006482193267821032
225.0, 0.008493676119556997
226.0, 0.008092616552989283
227.0, 0.008343742708509313
228.0, 0.008455221802031773
229.0, 0.00928455982235699
230.0, 0.011009947228107515
231.0, 0.009626428773076193
232.0, 0.009072277874974971
233.0, 0.009773418484002146
234.0, 0.01245385538243478
235.0, 0.011810778724995148
236.0, 0.01159134017717358
237.0, 0.011867999446183703
238.0, 0.011931260754274812
239.0, 0.013922638179378556
240.0, 0.015271458793667852
241.0, 0.015264634380548604
242.0, 0.015591109026732412
243.0, 0.015618449645282152
244.0, 0.015676229999059047
245.0, 0.016063028087921816
246.0, 0.013403469135226088
247.0, 0.012561247212008653
248.0, 0.012345986078113087
249.0, 0.009395207633572236
250.0, 0.007262399880298126
251.0, 0.006579456841252492
252.0, 0.007388089178069807
253.0, 0.008740435598750589
254.0, 0.010036850747505396
255.0, 0.010436048698764317
256.0, 0.009334935840179954
257.0, 0.014473184138435484
258.0, 0.01963788477799029
259.0, 0.02376525601385721
260.0, 0.02494239000923879
261.0, 0.023557991773021536
262.0, 0.023077809133752476
263.0, 0.023453471504018466
264.0, 0.022636708717896317
265.0, 0.02054261539717848
266.0, 0.019344316042618128
267.0, 0.019677194305821568
268.0, 0.017669612425605805
269.0, 0.01585255465078302
270.0, 0.014893242539770304
271.0, 0.015544955012320819
272.0, 0.01411483977564109
273.0, 0.01369131602329907
274.0, 0.013969371988170482
275.0, 0.014046987055417367
276.0, 0.013804668727962627
277.0, 0.013539883499539765
278.0, 0.013088222717440519
279.0, 0.01116997191425153
280.0, 0.008711907480787776
281.0, 0.005302463095089016
282.0, 0.0009357190843949895
283.0, 0.0027605107373649316
284.0, 0.0021388108433439343
285.0, 0.0008118624923777592
286.0, 0.000618311207948871
287.0, 0.0020589880341490667
288.0, 0.003138708583166582
289.0, 0.00414083082781606
290.0, 0.006085033325449213
291.0, 0.005672409443042997
292.0, 0.00460205760575891
293.0, 0.0041635206608786855
294.0, 0.009907584948298034
295.0, 0.00699019330706551
296.0, 0.0033523760309158747
297.0, 0.002594020341567539
298.0, 0.0008252976294272689
299.0, 0.0006926125564006937
300.0, 0.0009114861546145501
301.0, 0.0002017586229801749
302.0, 0.0017583397208579756
303.0, 0.0024352231248777035
304.0, 0.002923281377249981
305.0, 0.005033237548176422
306.0, 0.0035679536263862775
307.0, 0.003800464311532568
308.0, 0.005205131412538907
309.0, 0.001173995008264534
310.0, 0.0029623882216587845
311.0, 0.0043759075199601045
312.0, 0.003323639565195742
313.0, 0.003341223202431771
314.0, 0.0022292222873355225
315.0, 0.0012559849788533423
316.0, 0.0013834374688003633
317.0, 0.001934150003249991
318.0, 0.001788347621333554
319.0, 0.0011803333030465392
320.0, 0.00041912365736738826
321.0, 0.0058667663290499356
322.0, 0.009390709091782386
323.0, 0.010070706823134472
324.0, 0.007240784402694603
325.0, 0.014998827503230954
326.0, 0.01626198247730109
327.0, 0.010069762088073938
328.0, 0.013893846849383348
329.0, 0.015355613166444107
330.0, 0.01598670948331538
331.0, 0.01645003972817698
332.0, 0.017227606672042105
333.0, 0.017623518584266404
334.0, 0.01779292216699667
335.0, 0.01784041859053354
336.0, 0.019603411319284614
337.0, 0.018989443496897834
338.0, 0.01762376885720133
339.0, 0.017872043476478815
340.0, 0.017803658900970912
341.0, 0.021017970622844204
342.0, 0.024952682387392042
343.0, 0.02232807667520591
344.0, 0.02319770745143131
345.0, 0.024007002259462545
346.0, 0.024208536936505768
347.0, 0.024460372428299713
348.0, 0.023636045359600916
349.0, 0.023824830487922645
350.0, 0.025756657610904385
351.0, 0.02901427826533316
352.0, 0.03069131901059244
353.0, 0.030880368323708086
354.0, 0.0296201631647691
355.0, 0.029389236729260967
356.0, 0.02941207408196521
357.0, 0.02948523708367984
358.0, 0.02941441588511845
359.0, 0.029779780686775306
360.0, 0.03010423801817661
361.0, 0.030687147731658752
362.0, 0.0320512133441491
363.0, 0.03205736047046722
364.0, 0.03338355215896679
365.0, 0.035061801889973855
366.0, 0.03405927514352234
367.0, 0.03690246824128652
368.0, 0.03849104201573269
369.0, 0.03776821545491768
370.0, 0.0341283293792022
371.0, 0.035709739763424654
372.0, 0.03653279702226393
373.0, 0.03547332684800427
374.0, 0.03710857968382726
375.0, 0.036950399295402045
376.0, 0.03821723927389266
377.0, 0.04163534358287671
378.0, 0.03673414105231554
379.0, 0.03594061674989747
380.0, 0.03790407606117866
381.0, 0.04170954921176851
382.0, 0.04023160237593693
383.0, 0.042699614283652286
384.0, 0.0442536121600933
385.0, 0.039971941301947964
386.0, 0.0417794169244024
387.0, 0.04428734208598171
388.0, 0.04702148889561743
389.0, 0.04949394185314964
390.0, 0.049421922430440274
391.0, 0.052849432243665936
392.0, 0.059970903969043345
393.0, 0.0706144900058445
394.0, 0.07108219715095206
395.0, 0.07511617226499985
396.0, 0.08474452282221338
397.0, 0.10104577931890295
398.0, 0.1010318735737438
399.0, 0.1004394922610674
400.0, 0.1008180354764871
401.0, 0.09613410181962179
402.0, 0.09105345228494675
403.0, 0.08290209726327716
404.0, 0.07238513412499593
405.0, 0.06769977115948626
406.0, 0.06490917854715075
407.0, 0.06114207051794587
408.0, 0.055815470102587986
409.0, 0.05307351020386774
410.0, 0.04904842741539329
411.0, 0.045588228811875055
412.0, 0.04364836087710213
413.0, 0.04346270803067845
414.0, 0.04136633510107583
415.0, 0.03864605793938094
416.0, 0.03615670935271365
417.0, 0.03555673941766074
418.0, 0.03419278459659034
419.0, 0.03270436811714159
420.0, 0.03161830365205809
421.0, 0.03281231782964644
422.0, 0.03166227209454971
423.0, 0.031189865205671366
424.0, 0.03438903600197186
425.0, 0.03039089096686786
426.0, 0.029304248546170242
427.0, 0.02998213172987274
428.0, 0.03099831552030748
429.0, 0.034537387041590054
430.0, 0.03525534785681419
431.0, 0.03467517408477359
432.0, 0.035190364095360166
433.0, 0.03259858876473254
434.0, 0.03205421136766521
435.0, 0.03280534121359328
436.0, 0.03314207042835149
437.0, 0.03149828856944527
438.0, 0.031227722103488193
439.0, 0.03194364925462204
440.0, 0.03240329775040994
441.0, 0.03145747408682429
442.0, 0.03267365182460857
443.0, 0.03476793582604766
444.0, 0.03408513960721434
445.0, 0.0352041051107166
446.0, 0.035134767396867016
447.0, 0.03351675743381061
448.0, 0.0303548462754736
449.0, 0.03266207764257959
450.0, 0.031615224589205515
451.0, 0.028475985082926304
452.0, 0.030357876023404166
453.0, 0.03005292361954628
454.0, 0.030301148509261817
455.0, 0.03147663645865324
456.0, 0.033320286087413026
457.0, 0.029736113970872884
458.0, 0.02875404304078669
459.0, 0.030278769237157124
460.0, 0.029172707822928048
461.0, 0.027737294492009228
462.0, 0.02750685299834704
463.0, 0.028460187816204612
464.0, 0.029501349460997882
465.0, 0.027175992109908776
466.0, 0.025736335533052497
467.0, 0.02601079397334815
468.0, 0.02773557993110676
469.0, 0.02701979625832679
470.0, 0.027128348215832845
471.0, 0.027839265135423733
472.0, 0.02580416054468528
473.0, 0.027650132986073824
474.0, 0.028647088130078477
475.0, 0.028152622067758266
476.0, 0.027641373648911293
477.0, 0.025125784988292193
478.0, 0.02421102950559016
479.0, 0.02465568140964757
480.0, 0.022807782780529706
481.0, 0.017810128456628535
482.0, 0.01761724603513732
483.0, 0.02180486435670884
484.0, 0.023209796614232864
485.0, 0.020177910276583368
486.0, 0.01851298178041341
487.0, 0.019184744671847057
488.0, 0.02148634999958115
489.0, 0.022827074830266067
490.0, 0.021926881797524844
491.0, 0.02016101294742446
492.0, 0.02240625322232147
493.0, 0.02366247830105793
494.0, 0.022719046575691015
495.0, 0.02070251235065716
496.0, 0.021300588828821798
497.0, 0.019700481690777847
498.0, 0.019079424458769
499.0, 0.01858224959470493
500.0, 0.014783122541623707
501.0, 0.02012716434200909
502.0, 0.0222423184178899
503.0, 0.02158368208886376
504.0, 0.022947576623352426
505.0, 0.020223156576906237
506.0, 0.018889150782084144
507.0, 0.019120576730971797
508.0, 0.02005021459209978
509.0, 0.017732526791096243
510.0, 0.01565105229754336
511.0, 0.014375482747896615
512.0, 0.014352866865707466
513.0, 0.017883322170295295
514.0, 0.016964483688981777
515.0, 0.015069816536808058
516.0, 0.018146438071948965
517.0, 0.020533481295554202
518.0, 0.020842104755363234
519.0, 0.020337233964984363
520.0, 0.02067759024075132
521.0, 0.01981720776439432
522.0, 0.01756881761939126
523.0, 0.01631127518952927
524.0, 0.018509513857511047
525.0, 0.018926346118738953
526.0, 0.019681024711167495
527.0, 0.021110579165219655
528.0, 0.023330561913708674
529.0, 0.021086588335956346
530.0, 0.021373447803560562
531.0, 0.02147241017575754
532.0, 0.019930900135157987
533.0, 0.0240015562831785
534.0, 0.023949326146294397
535.0, 0.022883130794885652
536.0, 0.0228002736915713
537.0, 0.025880004018484146
538.0, 0.02254324878616998
539.0, 0.019926771371167783
540.0, 0.020362289694245327
541.0, 0.018464523149840654
542.0, 0.02093103778056528
543.0, 0.02252084076908397
544.0, 0.02120499259317207
545.0, 0.015909724503069236
546.0, 0.01655753224562056
547.0, 0.016716053098808904
548.0, 0.016389192151297374
549.0, 0.02091639685376624
550.0, 0.014486683472511964
551.0, 0.01369022102864249
552.0, 0.018233574669131124
553.0, 0.02037518172390321
554.0, 0.016631426586638364
555.0, 0.014898417750403566
556.0, 0.014306556274252771
557.0, 0.011753288172642812
558.0, 0.013295090393485916
559.0, 0.01195046678335943
560.0, 0.00982778319994446
561.0, 0.010156727323988441
562.0, 0.011697094501958317
563.0, 0.011752997956314723
564.0, 0.011521798230010488
565.0, 0.012110512979480527
566.0, 0.011960487299717838
567.0, 0.012328310222724615
568.0, 0.012032106731647703
569.0, 0.010650029209170053
570.0, 0.012270047064184463
571.0, 0.011800226851471673
572.0, 0.012428127428418327
573.0, 0.014378203846597121
574.0, 0.010050801503598685
575.0, 0.006766183110543676
576.0, 0.007245605183730097
577.0, 0.0107352784348918
578.0, 0.011231831197096805
579.0, 0.007748421975864688
580.0, 0.004393182930696629
581.0, 0.002240300534741801
582.0, 0.0019280541123383142
583.0, 0.00334107133023453
584.0, 0.00281069634298363
585.0, 0.002328960412073592
586.0, 0.005691512925534563
587.0, 0.002343374808394595
588.0, 0.00193458029585543
589.0, 0.0027800088200076265
590.0, 0.002662833616764847
591.0, 0.0011920338611065189
592.0, 0.001343745278880547
593.0, 0.001814131475520299
594.0, 0.0017537317439916802
595.0, 0.001964146379974942
596.0, 0.0020970711476933795
597.0, 0.0017471174477023553
598.0, 0.0009685722987171746
599.0, 0.00100253130937064
600.0, 0.0010281094103436006
601.0, 0.0015823251081753668
602.0, 0.0022784971063054002
603.0, 0.0015111501503625754
604.0, 0.0008681818793915885
605.0, 0.00066107190784143
606.0, 0.0011941955549594897
607.0, 0.0029317095716949832
608.0, 0.0016416749453287433
609.0, 0.0009715684755469008
610.0, 0.0007782399458998953
611.0, 0.0006960294788698493
612.0, 0.0024869751461497305
613.0, 0.0017394085240818495
614.0, 0.0010175022465092566
615.0, 0.0018233622715413261
616.0, 0.001222700389274944
617.0, 0.001063614899900673
618.0, 0.0008670234139652003
619.0, 0.0007978784729955682
620.0, 0.0024670624976834156
621.0, 0.00219305358067999
622.0, 0.002696736939415876
623.0, 0.0034680807731421884
624.0, 0.0017936912678289407
625.0, 0.0018921017444683038
626.0, 0.0017005961575219494
627.0, 0.0027261330282504024
628.0, 0.007266137884625787
629.0, 0.002784091095371813
630.0, 0.0018048761663980743
631.0, 0.0025723731155759652
632.0, 0.0033965669498511237
633.0, 0.0030064393044413377
634.0, 0.0014468620386243142
635.0, 0.0010877599457406622
636.0, 0.0026912826584241257
637.0, 0.004687369083254411
638.0, 0.0029468249475945027
639.0, 0.002688526197332359
640.0, 0.003314955827118789
641.0, 0.00034542828490996547
642.0, 0.002876810458436598
643.0, 0.00311071778216546
644.0, 0.0022604795079083826
645.0, 0.002926030146922066
646.0, 0.0025817747934542075
647.0, 0.0031555220826618435
648.0, 0.004839281788833166
649.0, 0.007107124398869402
650.0, 0.003845399013270344
651.0, 0.00537869811051085
652.0, 0.005150760830189769
653.0, 0.002032715809179272
654.0, 0.0013948775665182192
655.0, 0.003920988801071379
656.0, 0.008371667119465928
657.0, 0.010037925176194984
658.0, 0.0006034701632717573
659.0, 0.0032311944905259854
660.0, 0.008307238150677371
661.0, 0.011272632626544949
662.0, 0.008704416739247847
663.0, 0.01127688491512044
664.0, 0.012869046903644743
665.0, 0.013707506627164414
666.0, 0.01384240918821816
667.0, 0.012898304931934003
668.0, 0.010721839042267567
669.0, 0.012425544615837034
670.0, 0.01673960309594907
671.0, 0.01792800025440252
672.0, 0.019921126685483705
673.0, 0.019712824126907974
674.0, 0.019962175232712022
675.0, 0.023922656690437007
676.0, 0.03200035943668182
677.0, 0.03319194101608065
678.0, 0.03487199524011634
679.0, 0.039728597590677185
680.0, 0.03863815126437802
681.0, 0.03634067686163265
682.0, 0.042518601366088565
683.0, 0.05283989750071016
684.0, 0.05095832983349397
685.0, 0.05270116580686539
686.0, 0.05360085476214492
687.0, 0.05728344984708611
688.0, 0.0677571676624753
689.0, 0.07467739663670403
690.0, 0.07929192905164158
691.0, 0.08121463338938145
692.0, 0.08204284198379154
693.0, 0.0910332327890642
694.0, 0.09373454266905402
695.0, 0.09204995607361253
696.0, 0.09047856463738119
697.0, 0.09755760558006527
698.0, 0.09663501068230224
699.0, 0.09799418789273392
700.0, 0.09824794359248812
701.0, 0.09408602075481041
702.0, 0.09461762996773793
703.0, 0.09086165830523577
704.0, 0.08498914151113929
705.0, 0.07891920133590934
706.0, 0.07623410961617563
707.0, 0.06896683964450866
708.0, 0.06537026461341082
709.0, 0.06382241318984715
710.0, 0.05936948073682308
711.0, 0.05200085204286767
712.0, 0.0496752622715949
713.0, 0.04769504298861427
714.0, 0.04329272239587115
715.0, 0.043459727594766906
716.0, 0.038506251112524065
717.0, 0.035199741863417705
718.0, 0.03449186428965785
719.0, 0.03332965534882719
720.0, 0.026302705931436687
721.0, 0.023319651052791938
722.0, 0.023316686460885923
723.0, 0.02384397365798062
724.0, 0.021137473046750177
725.0, 0.019645296755389154
726.0, 0.018082892998720446
727.0, 0.0164945633052848
728.0, 0.017544198417122233
729.0, 0.01363979273112699
730.0, 0.014081301685594731
731.0, 0.01550851348685895
732.0, 0.010494098171069617
733.0, 0.013012053785745447
734.0, 0.01397564840156623
735.0, 0.011798234247945912
736.0, 0.007317916794928016
737.0, 0.011222817952544411
738.0, 0.011803698069067706
739.0, 0.008679140832901736
740.0, 0.004808697357053191
741.0, 0.006299696823338365
742.0, 0.0038734511027194206
743.0, 0.006826766981063608
744.0, 0.008114488965675126
745.0, 0.0030052522090238953
746.0, 0.003892725916732976
747.0, 0.0026749221714785416
748.0, 0.0026715393297132182
749.0, 0.004434190611651059
750.0, 0.006653229009251184
751.0, 0.00533884957779614
752.0, 0.0024412656360025212
753.0, 0.001863143468925389
754.0, 0.0062670862960813156
755.0, 0.0049019623376923595
756.0, 0.007999397096157712
757.0, 0.0076477133433254345
758.0, 0.003973804703507403
759.0, 0.005780011126591422
760.0, 0.00631674655426811
761.0, 0.006368050243106153
762.0, 0.006468484660384573
763.0, 0.007062200044992131
764.0, 0.007464319528995261
765.0, 0.012096041063633716
766.0, 0.013309392071355584
767.0, 0.010724551547480528
768.0, 0.012556314342950889
769.0, 0.015771837427954398
770.0, 0.012554894865694747
771.0, 0.009061734287653611
772.0, 0.012329310081884808
773.0, 0.013604200786744755
774.0, 0.014580378111934246
775.0, 0.012259940309201852
776.0, 0.008469457129413513
777.0, 0.012125481395263985
778.0, 0.008560054957067131
779.0, 0.012091314419304751
780.0, 0.015022955477315423
781.0, 0.008959036339081083
782.0, 0.00809096059857563
783.0, 0.009911370260843537
784.0, 0.010393514018158639
785.0, 0.008367770398691136
786.0, 0.004831423370474516
787.0, 0.01134559648139591
788.0, 0.011179687730599446
789.0, 0.008721129932948851
790.0, 0.009430348926186185
791.0, 0.012806923994505098
792.0, 0.00974604446344366
793.0, 0.00765632024092231
794.0, 0.009103452538457806
795.0, 0.014346043308117527
796.0, 0.013460124630722017
797.0, 0.010650941016839915
798.0, 0.009129245905728495
799.0, 0.010407864996658179
800.0, 0.008587984813103624
801.0, 0.007388456927219228
802.0, 0.010670835375767594
803.0, 0.012857958014157678
804.0, 0.0026481817557468335
805.0, 0.012559345287943967
806.0, 0.017263242739271312
807.0, 0.015654990136770252
808.0, 0.00989489086613975
809.0, 0.011202599452841999
810.0, 0.010834423229587165
811.0, 0.008983707486399244
812.0, 0.008454887929375876
813.0, 0.012475705558497047
814.0, 0.01119002987447047
815.0, 0.010019529698806597
816.0, 0.011736517334884239
817.0, 0.01570174511106224
818.0, 0.016208306996308708
819.0, 0.014445636851529515
820.0, 0.015329285923998431
821.0, 0.016845037501610868
822.0, 0.01656211397090896
823.0, 0.014312442446099149
824.0, 0.013394615051862393
825.0, 0.013823734676226876
826.0, 0.014931209301833052
827.0, 0.015396835264034287
828.0, 0.01984890056670033
829.0, 0.021056940950178675
830.0, 0.020729016579955274
831.0, 0.02071960895521354
832.0, 0.02358596428562037
833.0, 0.023732630227548297
834.0, 0.02431009656373134
835.0, 0.025856920864973734
836.0, 0.028322575089626875
837.0, 0.031228989199779855
838.0, 0.031058575144773594
839.0, 0.032556030076118556
840.0, 0.035368233112345604
841.0, 0.034063615964918914
842.0, 0.03656219077606984
843.0, 0.038800724506639676
844.0, 0.0421870472239068
845.0, 0.04720581484047091
846.0, 0.04982644510916241
847.0, 0.050331049023546216
848.0, 0.05456291992409512
849.0, 0.060444141141671466
850.0, 0.06360386089367819
851.0, 0.06725510366376923
852.0, 0.07272952287980855
853.0, 0.0777804035022456
854.0, 0.08274951178197829
855.0, 0.09098463638400386
856.0, 0.09823457951852407
857.0, 0.1066949650795573
858.0, 0.11521482297911836
859.0, 0.12276581765182726
860.0, 0.12921370872660162
861.0, 0.14800374608550565
862.0, 0.16644159882837448
863.0, 0.18295275062546545
864.0, 0.19864469779221228
865.0, 0.2119157286422693
866.0, 0.23813267952338338
867.0, 0.2649533790155142
868.0, 0.29137766275193505
869.0, 0.32596606118196136
870.0, 0.36615307400252733
871.0, 0.40538725000396875
872.0, 0.45146283361438827
873.0, 0.5076695095908088
874.0, 0.5660446478134392
875.0, 0.6296550842302584
876.0, 0.7020949328802961
877.0, 0.7797446171639619
878.0, 0.8561421767136033
879.0, 0.9140635179790788
880.0, 0.9652151576667104
881.0, 0.992969152311239
882.0, 0.9995810229959511
883.0, 0.9978260517098239
884.0, 0.9760311903889496
885.0, 0.9205786824698203
886.0, 0.858349247033989
887.0, 0.7967497078224418
888.0, 0.7185589443341828
889.0, 0.6368157174843406
890.0, 0.5685986385302265
891.0, 0.5061184511178249
892.0, 0.4428814160579198
893.0, 0.38178962978058184
894.0, 0.34570322642164475
895.0, 0.3028864537648051
896.0, 0.2594229611264858
897.0, 0.22735856509446364
898.0, 0.20177055869304455
899.0, 0.17765976598815558
900.0, 0.1589522643594098
901.0, 0.14328102866384043
902.0, 0.12508775539410114
903.0, 0.11410510283402456
904.0, 0.10226612311464614
905.0, 0.09123782085466849
906.0, 0.08201400864672694
907.0, 0.07512705660664244
908.0, 0.06688057660168872
909.0, 0.06231059346956935
910.0, 0.05885842930166586
911.0, 0.05466688728116892
912.0, 0.04979139866429454
913.0, 0.04904424134894767
914.0, 0.04526598428622064
915.0, 0.03998522073383788
916.0, 0.03578627418208286
917.0, 0.03528816234942203
918.0, 0.031081100751444407
919.0, 0.03026672791705837
920.0, 0.029303449540476142
921.0, 0.023503315936188672
922.0, 0.025727330413172062
923.0, 0.02622774244783589
924.0, 0.024498903768674734
925.0, 0.02214493933097074
926.0, 0.02178380345818986
927.0, 0.018492241752538264
928.0, 0.016018574504102157
929.0, 0.016255404439822284
930.0, 0.01786126099546713
931.0, 0.016461793396556016
932.0, 0.01528757369180269
933.0, 0.01809029791714725
934.0, 0.017314378022891576
935.0, 0.012394133562149898
936.0, 0.013265825341680465
937.0, 0.014281187868521401
938.0, 0.014204661294202255
939.0, 0.0125883203678755
940.0, 0.009972798551160659
941.0, 0.009106101272667345
942.0, 0.008377934597441085
943.0, 0.008161053202849999
944.0, 0.007893650138984498
945.0, 0.007277103253902608
946.0, 0.00735753320004092
947.0, 0.007320296348930133
948.0, 0.0069500211551809556
949.0, 0.0072585534727655394
950.0, 0.008654154128099265
951.0, 0.006954091671815796
952.0, 0.0065531159614639675
953.0, 0.005417438750419268
954.0, 0.0051997818094391066
955.0, 0.007832665926072993
956.0, 0.008940604183991802
957.0, 0.0065860131307387305
958.0, 0.006526673426197454
959.0, 0.006742329129422298
960.0, 0.0032150915621385083
961.0, 0.006372404591671207
962.0, 0.005011461933048253
963.0, 0.003677125809748115
964.0, 0.003117860647843888
965.0, 0.0023082122482364427
966.0, 0.0024325617569679165
967.0, 0.005490753924537651
968.0, 0.007796711518628678
969.0, 0.008194047710172712
970.0, 0.007099184315165509
971.0, 0.004374457398950803
972.0, 0.003908944608965519
973.0, 0.004110862413433127
974.0, 0.004232429389140505
975.0, 0.0040959472972027355
976.0, 0.001105046656751663
977.0, 0.0009189971254441318
978.0, 0.0020500134872672537
979.0, 0.0032882244497361894
980.0, 0.0036165759755868356
981.0, 0.0020712669464038776
982.0, 0.0013422108144775836
983.0, 0.000672628648034454
984.0, 0.0001821640603829371
985.0, 0.0009113025355500136
986.0, 0.0014546178732178726
987.0, 0.0024520901026084713
988.0, 0.002470538280855016
989.0, 0.0016433172007790141
990.0, 0.001871715601345764
991.0, 0.0013711371748718758
992.0, 0.0024570203551119076
993.0, 0.002893902366174673
994.0, 0.002316660878777802
995.0, 0.002564372995377801
996.0, 0.0023761474573065675
997.0, 0.005017572237506253
998.0, 0.004343505364634448
999.0, 0.0007103939401131252
1000.0, 0.0020359901593268647
1001.0, 0.0016218935196956894
1002.0, 0.0012637048808096278
1003.0, 0.0010464151311355345
1004.0, 0.0011562859715314492
1005.0, 0.0019112304865250263
1006.0, 0.0010553709532308206
1007.0, 0.0012854783938419628
1008.0, 0.0014614181996266253
1009.0, 0.0012668506636237366
1010.0, 0.001243393900778052
1011.0, 0.002284994036037623
1012.0, 0.002425645530760202
1013.0, 0.0015890484735858988
1014.0, 0.0016016385324488071
1015.0, 0.00576433475807648
1016.0, 0.002891983569507832
1017.0, 0.0028689803857691117
1018.0, 0.0038552381187277832
1019.0, 0.003803375783808436
1020.0, 0.0007902311669795968
1021.0, 0.0016137462601336983
1022.0, 0.0029526310149946763
1023.0, 0.0023137376921413735
1024.0, 0.0007409516261935402
1025.0, 0.0012664792001723883
1026.0, 0.0009685665434149884
1027.0, 0.0003766147831648942
1028.0, 0.0004352230050310429
1029.0, 0.0007346590396817336
1030.0, 0.0005837180097098089
1031.0, 0.004317244466590271
1032.0, 0.0035689418823919568
1033.0, 0.003771562796367135
1034.0, 0.0048409916975987845
1035.0, 0.004730630220965997
1036.0, 0.0030208314938158787
1037.0, 0.00566484858827009
1038.0, 0.0062605131418886515
1039.0, 0.005179032148282429
1040.0, 0.004651819394276063
1041.0, 0.00601347721697524
1042.0, 0.005757362571261158
1043.0, 0.004835188752311745
1044.0, 0.0049809560724376235
1045.0, 0.006736943787754661
1046.0, 0.005944912447517121
1047.0, 0.0072450320842920145
1048.0, 0.006940433873944719
1049.0, 0.005786698184742652
1050.0, 0.004807579423884458
1051.0, 0.004202233226837718
1052.0, 0.003427478766128042
1053.0, 0.004356687097891656
1054.0, 0.006867699033036282
1055.0, 0.00930033460470729
1056.0, 0.007893336538343863
1057.0, 0.00708637627768622
1058.0, 0.005385603786221205
1059.0, 0.005811493753083178
1060.0, 0.007357662799408237
1061.0, 0.005109832433048857
1062.0, 0.007161140773305284
1063.0, 0.012027327555488448
1064.0, 0.011754110641336895
1065.0, 0.008832286401110298
1066.0, 0.011353523761703833
1067.0, 0.011562834117879813
1068.0, 0.008987700601649598
1069.0, 0.0071603750771169145
1070.0, 0.0069290301376705304
1071.0, 0.007987167828973784
1072.0, 0.00973072620901925
1073.0, 0.007519427587321025
1074.0, 0.008576504141358283
1075.0, 0.010767967365450834
1076.0, 0.01044154285434655
1077.0, 0.005639261223189172
1078.0, 0.007237563618365677
1079.0, 0.00868758880003676
1080.0, 0.00885101222936134
1081.0, 0.00788775680844145
1082.0, 0.00717312554350543
1083.0, 0.010435242531340845
1084.0, 0.008223866060671093
1085.0, 0.0075996239011079806
1086.0, 0.009645487100324455
1087.0, 0.009294118113785211
1088.0, 0.008493740284534137
1089.0, 0.009781026481171582
1090.0, 0.009698968814612541
1091.0, 0.008554166072000408
1092.0, 0.008251035871647988
1093.0, 0.007526877155196921
1094.0, 0.006207212280336297
1095.0, 0.0088691782289582
1096.0, 0.008829142194334836
1097.0, 0.0025294790331686396
1098.0, 0.0067497109261599655
1099.0, 0.009761709289947068
1100.0, 0.008904204974338603
1101.0, 0.006638851415585529
1102.0, 0.005396797669043418
1103.0, 0.006446587679689038
1104.0, 0.005210502981535229
1105.0, 0.004841038080312269
1106.0, 0.005494419640335063
1107.0, 0.005958869630220408
1108.0, 0.004459870442232435
1109.0, 0.005627052939686191
1110.0, 0.005543051063582318
1111.0, 0.005137967513545765
1112.0, 0.006376587721253523
1113.0, 0.00995374161971762
1114.0, 0.009145035781326881
1115.0, 0.012919996311291607
1116.0, 0.013343560114832616
1117.0, 0.012470879448075099
1118.0, 0.011756388340096492
1119.0, 0.008403536811249213
1120.0, 0.009563536169162142
1121.0, 0.007847058821205923
1122.0, 0.005906756147750196
1123.0, 0.0060654071605451085
1124.0, 0.009327630424118232
1125.0, 0.00797319200295891
1126.0, 0.006389610478468053
1127.0, 0.006538766832485147
1128.0, 0.006517430442275511
1129.0, 0.0044277157859161555
1130.0, 0.004402366264063431
1131.0, 0.005101887792497421
1132.0, 0.0061643893390397235
1133.0, 0.005581586717265116
1134.0, 0.0039929652365727425
1135.0, 0.006482267185053867
1136.0, 0.002758432354033058
1137.0, 0.006337953774122962
1138.0, 0.0063608673000778
1139.0, 0.0043564798079601934
1140.0, 0.008343383884413582
1141.0, 0.007073764168243345
1142.0, 0.007314032187100755
1143.0, 0.00702839453946471
1144.0, 0.007061293594403762
1145.0, 0.008370020041724723
1146.0, 0.010270217809085972
1147.0, 0.009492313698412556
1148.0, 0.006674078120563626
1149.0, 0.0029376394565503693
1150.0, 0.0005482823588912558
1151.0, 0.0021881112786214076
1152.0, 0.002221632133332424
1153.0, 0.0013706677021897643
1154.0, 0.0009320242661822617
1155.0, 0.0008415308499209681
1156.0, 0.0011094072963602339
1157.0, 0.00405862031409105
1158.0, 0.004837100592194841
1159.0, 0.004714799522491141
1160.0, 0.0036530608046721684
1161.0, 0.002197227957570332
1162.0, 0.0018098633423680207
1163.0, 0.0069943833700303396
1164.0, 0.007594734713944823
1165.0, 0.00838490206988966
1166.0, 0.007397391695255107
1167.0, 0.002297256134569712
1168.0, 0.0029202367611658063
1169.0, 0.001635734920961295
1170.0, 0.001705251707612725
1171.0, 0.002897406005230055
1172.0, 0.004571191470199314
1173.0, 0.0062436811219325
1174.0, 0.007572603766854773
1175.0, 0.005402932575856046
1176.0, 0.0062011595735376795
1177.0, 0.00816535940646852
1178.0, 0.006848741746217856
1179.0, 0.00406700921185694
1180.0, 0.004548907014547721
1181.0, 0.007554724444440331
1182.0, 0.009169890951474576
1183.0, 0.007736320541540499
1184.0, 0.005307586273577778
1185.0, 0.006256111596260818
1186.0, 0.003927880757009869
1187.0, 0.00297575878450067
1188.0, 0.005751884335554387
1189.0, 0.011009804612695009
1190.0, 0.008681997938163492
1191.0, 0.0056227044284990054
1192.0, 0.006614951131084559
1193.0, 0.006327878548629816
1194.0, 0.004464850835325449
1195.0, 0.006530842580648203
1196.0, 0.00757001634249953
1197.0, 0.0034571315434213283
1198.0, 0.002455449093552894
1199.0, 0.004689418461380835
1200.0, 0.007231639047550452
1201.0, 0.006619600198053381
1202.0, 0.008188848424315064
1203.0, 0.00879572828291337
1204.0, 0.008009946819498587
1205.0, 0.00731835926897079
1206.0, 0.008494016381011382
1207.0, 0.0057594130231471965
1208.0, 0.005218535866445448
1209.0, 0.007379950355781673
1210.0, 0.00826365348820651
1211.0, 0.0059254733871313215
1212.0, 0.0034015331737796196
1213.0, 0.00443810683984056
1214.0, 0.0041015318405719856
1215.0, 0.004753540235172762
1216.0, 0.00584515726919018
1217.0, 0.0062908394354378
1218.0, 0.008402848486257053
1219.0, 0.009934823735457697
1220.0, 0.006698533117105692
1221.0, 0.004767260616453409
1222.0, 0.0065280412874539236
1223.0, 0.008937937070397034
1224.0, 0.0014571316026026427
1225.0, 0.007318970128760343
1226.0, 0.008266101063716847
1227.0, 0.005729064549133937
1228.0, 0.004332965530165878
1229.0, 0.0052827072005284074
1230.0, 0.008975925361048
1231.0, 0.005375633022903204
1232.0, 0.006105082781431969
1233.0, 0.009463742920507308
1234.0, 0.009525954336465825
1235.0, 0.009513544381990969
1236.0, 0.009802778124717821
1237.0, 0.009602793904023637
1238.0, 0.009462393676047391
1239.0, 0.009316051564512564
1240.0, 0.00865373098117419
1241.0, 0.008250134729456609
1242.0, 0.008119102796712711
1243.0, 0.0063878477662677215
1244.0, 0.005079617029373453
1245.0, 0.0053978743091294525
1246.0, 0.006295569506986537
1247.0, 0.008246479587405476
1248.0, 0.008420092887394108
1249.0, 0.007915564466840183
1250.0, 0.007622637251301612
1251.0, 0.008211763749993791
1252.0, 0.01000307037829985
1253.0, 0.007832639790038225
1254.0, 0.009216579605030795
1255.0, 0.0070353695088464134
1256.0, 0.0043021970420497645
1257.0, 0.006352276593404605
1258.0, 0.0053840921229115065
1259.0, 0.008785852311357567
1260.0, 0.010116177569774286
1261.0, 0.010702668575311868
1262.0, 0.010083477563649931
1263.0, 0.007148519765046613
1264.0, 0.008940978143156579
1265.0, 0.00732961271753246
1266.0, 0.008650787121182077
1267.0, 0.006974599467979972
1268.0, 0.0034265587212221503
1269.0, 0.007344269742768081
1270.0, 0.006920944243652051
1271.0, 0.008608060383433414
1272.0, 0.00464254381238496
1273.0, 0.0017755422446552023
1274.0, 0.0034858747302168665
1275.0, 0.0031899514124728704
1276.0, 0.008920130856745853
1277.0, 0.008566608789199816
1278.0, 0.0071446617472566394
1279.0, 0.004754363159675938
1280.0, 0.002211468619930141
1281.0, 0.004749660374055831
1282.0, 0.0020930514134027325
1283.0, 0.00507147744786651
1284.0, 0.003667734609435985
1285.0, 0.0011996165696327322
1286.0, 0.0031838396248830736
1287.0, 0.005040018745470349
1288.0, 0.007826159763787725
1289.0, 0.008294299564798822
1290.0, 0.007049227122132571
1291.0, 0.0077730135328087846
1292.0, 0.011957147589026797
1293.0, 0.009933368716663768
1294.0, 0.004250288973611241
1295.0, 0.006073041495696345
1296.0, 0.00700726258259253
1297.0, 0.004732685155591367
1298.0, 0.002499557810944612
1299.0, 0.006311463813946447
1300.0, 0.0040471117152820835
1301.0, 0.0013329781186605535
1302.0, 0.00037841338995871655
1303.0, 0.001953052702723701
1304.0, 0.004710564058046425
1305.0, 0.002624367043803504
1306.0, 0.0018079756622852946
1307.0, 0.0028915855780634703
1308.0, 0.003005178729751807
1309.0, 0.002170913022203646
1310.0, 0.0020721375793094797
1311.0, 0.0006634337059653733
1312.0, 0.0017429037533899404
1313.0, 0.0022691130143658654
1314.0, 0.0019061602192443428
1315.0, 0.0014039219973599457
1316.0, 0.0016532829874335144
1317.0, 0.001428515999582691
1318.0, 0.0020189758596602914
1319.0, 0.0019294222386359416
1320.0, 0.0019040264810604255
1321.0, 0.0019704109895033618
1322.0, 0.0018212278095005282
1323.0, 0.0029471125147373218
1324.0, 0.003920489598942631
1325.0, 0.0052937542196764545
1326.0, 0.004809048978016193
1327.0, 0.0025945125965440986
1328.0, 0.0014433883943341082
1329.0, 0.0067813506963461875
1330.0, 0.0049943209881841135
1331.0, 0.006147839926365495
1332.0, 0.005230521505683683
1333.0, 0.0033536660352764874
1334.0, 0.004561326358410576
1335.0, 0.005363951184512415
1336.0, 0.004951086195325106
1337.0, 0.005808920529992725
1338.0, 0.005383964542856086
1339.0, 0.0036036379006541925
1340.0, 0.0020061524750767503
1341.0, 0.0015324096185755456
1342.0, 0.004522138561846501
1343.0, 0.0027243189947734068
1344.0, 0.0021793732092900303
1345.0, 0.0033203450105179786
1346.0, 0.0037996903594555782
1347.0, 0.002923648924888172
1348.0, 0.003396911574043473
1349.0, 0.0033642547935658095
1350.0, 0.004025571839225564
1351.0, 0.004728408978756074
1352.0, 0.004050717050736935
1353.0, 0.0011864714582513576
1354.0, 0.009402847133519599
1355.0, 0.004201212032195071
1356.0, 0.0014294997539743297
1357.0, 0.0036993298288486485
1358.0, 0.008104846886985113
1359.0, 0.010770145567520284
1360.0, 0.007170980672643471
1361.0, 0.007491211234118349
1362.0, 0.006045655704572418
1363.0, 0.0034442033087288436
1364.0, 0.0027058470824185468
1365.0, 0.00636511022282798
1366.0, 0.007555554293762532
1367.0, 0.009249787997208974
1368.0, 0.010655222398850724
1369.0, 0.008433474585189817
1370.0, 0.0055032580888898916
1371.0, 0.007507577015856583
1372.0, 0.006140972159885122
1373.0, 0.0030421102186757613
1374.0, 0.006774104521708595
1375.0, 0.006690146945101811
1376.0, 0.0032951769005777403
1377.0, 0.003798334929244568
1378.0, 0.0097023563610286
1379.0, 0.004489948242218296
1380.0, 0.004643139451805858
1381.0, 0.005837178705665672
1382.0, 0.0060766892614303935
1383.0, 0.00517592464399983
1384.0, 0.004016727773109073
1385.0, 0.009804075777713372
1386.0, 0.00744877620266707
1387.0, 0.008626815532410044
1388.0, 0.007492495761791106
1389.0, 0.0032724152835507912
1390.0, 0.005053323329190048
1391.0, 0.0028148680719574993
1392.0, 0.004709585235268323
1393.0, 0.005273876532482743
1394.0, 0.0055106675986377925
1395.0, 0.007610538560738308
1396.0, 0.01153627413777047
1397.0, 0.009039825524185679
1398.0, 0.0061008493231144
1399.0, 0.007832392816088999
1400.0, 0.010035579071420652
1401.0, 0.009989370672434576
1402.0, 0.006864106446263729
1403.0, 0.0015453315960560696
1404.0, 0.0019884715726449847
1405.0, 0.007012076920833078
1406.0, 0.006177275198737815
1407.0, 0.006853188829543453
1408.0, 0.009962972003262297
1409.0, 0.005668899821602527
1410.0, 0.008384768039923097
1411.0, 0.011190741471408553
1412.0, 0.009534751641176824
1413.0, 0.005958727748398656
1414.0, 0.004565855621941453
1415.0, 0.006731386864022216
1416.0, 0.00539039679820866
1417.0, 0.003569048471454511
1418.0, 0.00461948464112126
1419.0, 0.004700512510446902
1420.0, 0.004941408359513901
1421.0, 0.005864330725957373
1422.0, 0.004353362787196339
1423.0, 0.004045313224157455
1424.0, 0.007160751609674968
1425.0, 0.006174361095028465
1426.0, 0.005304997389847765
1427.0, 0.00642210411790196
1428.0, 0.007004998017181539
1429.0, 0.003827859386623632
1430.0, 0.00839281279527331
1431.0, 0.007104747042840221
1432.0, 0.005524700557848212
1433.0, 0.005776628665030914
1434.0, 0.006293812197431568
1435.0, 0.0037255065667444677
1436.0, 0.0038336770927360057
1437.0, 0.005286143734650551
1438.0, 0.007385183976813939
1439.0, 0.007085210137725424
1440.0, 0.004959665360598338
1441.0, 0.004171946798187268
1442.0, 0.004058102572500835
1443.0, 0.00747935128698137
1444.0, 0.004307053572646155
1445.0, 0.004212765201233989
1446.0, 0.006499440964296397
1447.0, 0.00691376475111332
1448.0, 0.004384714890632467
1449.0, 0.002060565290080488
1450.0, 0.0038602787718894113
1451.0, 0.004876199681774793
1452.0, 0.005426923176288729
1453.0, 0.004754486465926771
1454.0, 0.0021138383448269554
1455.0, 0.000926106665507287
1456.0, 0.008067759040381909
1457.0, 0.00776343939253989
1458.0, 0.009257752342085968
1459.0, 0.009104082834893022
1460.0, 0.006251828206910172
1461.0, 0.007185424785990557
1462.0, 0.010278429381502733
1463.0, 0.008323030143995103
1464.0, 0.007161107490372749
1465.0, 0.006365611216552575
1466.0, 0.005994925357210738
1467.0, 0.005325307910817479
1468.0, 0.0017598113320304227
1469.0, 0.006937898698751638
1470.0, 0.00537433505507852
1471.0, 0.003878284087936674
1472.0, 0.005121413712104459
1473.0, 0.005709474577226479
1474.0, 0.002821484594258491
1475.0, 0.009257900256059007
1476.0, 0.0066293353155166415
1477.0, 0.0021903706739175265
1478.0, 0.005041169824727569
1479.0, 0.008517262873952986
1480.0, 0.007578090966031375
1481.0, 0.0062642950956627525
1482.0, 0.005165236913539229
1483.0, 0.0029243108634218126
1484.0, 0.004708899402771507
1485.0, 0.006306878548431534
1486.0, 0.006637211025409978
1487.0, 0.005969324207610785
1488.0, 0.003757094864622834
1489.0, 0.00606738519335598
1490.0, 0.004493814481314278
1491.0, 0.00691098854219681
1492.0, 0.008057631787979705
1493.0, 0.006984703171286931
1494.0, 0.006367556755033541
1495.0, 0.006254124426658089
1496.0, 0.0037759464683513612
1497.0, 0.004084296677154192
1498.0, 0.005499277680019992
1499.0, 0.005597894692834991
1500.0, 0.004854088806830277
1501.0, 0.005277929523668932
1502.0, 0.005249881690635666
1503.0, 0.0014888004273933156
1504.0, 0.0033643893388775607
1505.0, 0.005895877643600057
1506.0, 0.006894102961536379
1507.0, 0.005898885892769396
1508.0, 0.00339636328924173
1509.0, 0.0003060232364206093
1510.0, 0.00037138699164574997
1511.0, 0.0004522260738524827
1512.0, 0.0005245386791844476
1513.0, 0.0014319094173954772
1514.0, 0.003518460885957487
1515.0, 0.006500746223785919
1516.0, 0.01183771412647597
1517.0, 0.010489992565983697
1518.0, 0.004627077739830029
1519.0, 0.004356216512727595
1520.0, 0.0048774590803041555
1521.0, 0.0018018939103958609
1522.0, 2.5767998430565005e-07
1523.0, 1.2969647833073692e-08
1524, 0.0
1525, 0.0
1526, 0.0
1527, 0.0
1528, 0.0
1529, 0.0
1530, 0.0
1531, 0.0
1532, 0.0
1533, 0.0
1534, 0.0
1535, 0.0
1536, 0.0
1537, 0.0
1538, 0.0
1539, 0.0
1540, 0.0
1541, 0.0
1542, 0.0
1543, 0.0
1544, 0.0
1545, 0.0
1546, 0.0
1547, 0.0
1548, 0.0
1549, 0.0
1550, 0.0
1551, 0.0
1552, 0.0
1553, 0.0
1554, 0.0
1555, 0.0
1556, 0.0
1557, 0.0
1558, 0.0
1559, 0.0
1560, 0.0
1561, 0.0
1562, 0.0
1563, 0.0
1564, 0.0
1565, 0.0
1566, 0.0
1567, 0.0
1568, 0.0
1569, 0.0
1570, 0.0
1571, 0.0
1572, 0.0
1573, 0.0
1574, 0.0
1575, 0.0
1576, 0.0
1577, 0.0
1578, 0.0
1579, 0.0
1580, 0.0
1581, 0.0
1582, 0.0
1583, 0.0
1584, 0.0
1585, 0.0
1586, 0.0
1587, 0.0
1588, 0.0
1589, 0.0
1590, 0.0
1591, 0.0
1592, 0.0
1593, 0.0
1594, 0.0
1595, 0.0
1596, 0.0
1597, 0.0
1598, 0.0
1599, 0.0
