30, 0.0
31, 0.0
32, 0.0
33, 0.0
34, 0.0
35, 0.0
36, 0.0
37, 0.0
38, 0.0
39, 0.0
40, 0.0
41, 0.0
42, 0.0
43, 0.0
44, 0.0
45, 0.0
46, 0.0
47, 0.0
48, 0.0
49, 0.0
50, 0.0
51, 0.0
52, 0.0
53, 0.0
54, 0.0
55, 0.0
56, 0.0
57, 0.0
58, 0.0
59, 0.0
60, 0.0
61, 0.0
62, 0.0
63, 0.0
64, 0.0
65, 0.0
66, 0.0
67, 0.0
68, 0.0
69, 0.0
70, 0.0
71, 0.0
72, 0.0
73, 0.0
74, 0.0
75, 0.0
76, 0.0
77, 0.0
78, 0.0
79, 0.0
80, 0.0
81, 0.0
82, 0.0
83, 0.0
84, 0.0
85, 0.0
86, 0.0
87, 0.0
88, 0.0
89, 0.0
90, 0.0
91, 0.0
92, 0.0
93, 0.0
94, 0.0
95, 0.0
96, 0.0
97, 0.0
98, 0.0
99, 0.0
100, 0.0
101, 0.0
102, 0.0
103, 0.0
104, 0.0
105, 0.0
106, 0.0
107, 0.0
108, 0.0
109, 0.0
110, 0.0
111, 0.0
112, 0.0
113, 0.0
114, 0.0
115, 0.0
116, 0.0
117, 0.0
118, 0.0
119, 0.0
120, 0.0
121, 0.0
122, 0.0
123, 0.0
124, 0.0
125, 0.0
126, 0.0
127, 0.0
128, 0.0
129, 0.0
130, 0.0
131, 0.0
132, 0.0
133, 0.0
134, 0.0
135, 0.0
136, 0.0
137.0, 0.001160300762130525
138.0, 0.001603607954120067
139.0, 0.010823511517151548
140.0, 0.021173024449814004
141.0, 0.026357517446694873
142.0, 0.03466823367282864
143.0, 0.054636031453559206
144.0, 0.06491055014440736
145.0, 0.0785451336722967
146.0, 0.09313992897305012
147.0, 0.10539560016775174
148.0, 0.12185951969951969
149.0, 0.12958622208021686
150.0, 0.1371515850478668
151.0, 0.14962642093984993
152.0, 0.16434928701820106
153.0, 0.18412203192337123
154.0, 0.19532772573233886
155.0, 0.200118246293881
156.0, 0.20835435604073807
157.0, 0.22012580573245893
158.0, 0.21392650485738027
159.0, 0.21102450912756615
160.0, 0.22719898011397655
161.0, 0.24241476184018543
162.0, 0.2601369324547986
163.0, 0.26067770855210953
164.0, 0.24022134934446215
165.0, 0.21485081971694492
166.0, 0.17428236094742552
167.0, 0.13609168291057727
168.0, 0.11176976540286239
169.0, 0.10138734661942932
170.0, 0.08830534767738454
171.0, 0.0903907694802657
172.0, 0.10296935214579368
173.0, 0.11452167399076767
174.0, 0.11843459100958403
175.0, 0.11624421642759131
176.0, 0.10007978820735253
177.0, 0.07109375918958766
178.0, 0.04121343931356327
179.0, 0.022024678406027492
180.0, 0.009749363008446296
181.0, 0.0025010518594866154
182.0, 0.00771092634879553
183.0, 0.0020972267836277024
184.0, 0.004292935830000388
185.0, 0.00720280120840942
186.0, 0.01570810530279112
187.0, 0.02675473753408502
188.0, 0.026714105542000943
189.0, 0.03146915469289274
190.0, 0.040463420492373295
191.0, 0.037685713245628874
192.0, 0.03950289753721777
193.0, 0.044891687549735666
194.0, 0.05744351105821254
195.0, 0.07714194435172306
196.0, 0.086794601771862
197.0, 0.10763444530522136
198.0, 0.13134787233572606
199.0, 0.15420669564239456
200.0, 0.18755934298560206
201.0, 0.21088355004970064
202.0, 0.23241489296927267
203.0, 0.2534256930139082
204.0, 0.2721416543791557
205.0, 0.3001859684463257
206.0, 0.31211452244968435
207.0, 0.323234513755891
208.0, 0.3430275679877826
209.0, 0.3494783601565799
210.0, 0.37142541509865884
211.0, 0.3984831540076474
212.0, 0.4254161052828183
213.0, 0.4560195727150141
214.0, 0.47810804096719584
215.0, 0.47652329954118566
216.0, 0.45274816499435544
217.0, 0.41076179976199595
218.0, 0.34700804889855347
219.0, 0.27655126248688916
220.0, 0.21875309430138193
221.0, 0.1683779705455465
222.0, 0.10734607916781247
223.0, 0.07827399737896727
224.0, 0.05085249625782538
225.0, 0.03223147133148042
226.0, 0.03170831129605771
227.0, 0.011963903993875771
228.0, 0.0017714827078996224
229.0, 0.005016192642464456
230.0, 0.011253249729923814
231.0, 0.014372593661111592
232.0, 0.014291857302851893
233.0, 0.01713688515471606
234.0, 0.01644507630568299
235.0, 0.008214842724706446
236.0, 0.005955868077940136
237.0, 0.005355482786482991
238.0, 0.0018874977360719006
239.0, 0.004908599259202864
240.0, 0.012327976713932421
241.0, 0.01755400656309937
242.0, 0.02624356174040621
243.0, 0.03215807291633343
244.0, 0.03012198544636418
245.0, 0.0295071549760689
246.0, 0.03199353627489973
247.0, 0.03695857052144835
248.0, 0.046146409762956336
249.0, 0.05894213824129244
250.0, 0.048027326888918594
251.0, 0.044825456945237104
252.0, 0.051431600933412404
253.0, 0.0589093657782708
254.0, 0.05935124589941715
255.0, 0.07614575698774641
256.0, 0.0885213106787506
257.0, 0.0988181893405364
258.0, 0.12391236270262476
259.0, 0.14589498776438342
260.0, 0.16772488701704436
261.0, 0.188210496098061
262.0, 0.20859183926150288
263.0, 0.2351958839583279
264.0, 0.2628516447827228
265.0, 0.28555946387410647
266.0, 0.3106724809974855
267.0, 0.3486378027661559
268.0, 0.3976208969684403
269.0, 0.4528946533117026
270.0, 0.5040307963908611
271.0, 0.5492342498914657
272.0, 0.5973686266512543
273.0, 0.641067940685299
274.0, 0.6715908306345811
275.0, 0.6854188021664549
276.0, 0.6808348213859692
277.0, 0.6545420685433716
278.0, 0.597864014698677
279.0, 0.512146962212777
280.0, 0.41362547751422807
281.0, 0.3258318390878184
282.0, 0.25174370341177565
283.0, 0.18957139503486395
284.0, 0.1437938825406383
285.0, 0.11278678423603161
286.0, 0.08581995032628302
287.0, 0.06557444575095359
288.0, 0.050997024828003536
289.0, 0.03552242314145892
290.0, 0.017657680479811894
291.0, 0.010724946715995606
292.0, 0.007643305830079579
293.0, 0.004426659302245879
294.0, 0.0015561497465160356
295.0, 0.0029475467533943826
296.0, 0.006832126502893807
297.0, 0.012945672706131396
298.0, 0.015081890361818055
299.0, 0.012514188845672349
300.0, 0.01255103402953275
301.0, 0.00916454077222263
302.0, 0.00460991640206187
303.0, 0.005986727689125722
304.0, 0.014015570145408891
305.0, 0.015579373694894857
306.0, 0.02906280654202456
307.0, 0.04300913753564226
308.0, 0.05167101596537203
309.0, 0.05818240101796714
310.0, 0.06301914361897473
311.0, 0.08045037118286157
312.0, 0.09726863217151427
313.0, 0.10482709648835556
314.0, 0.11185514558947841
315.0, 0.1324729836497437
316.0, 0.13477520933590614
317.0, 0.1234283709578628
318.0, 0.11370338617691676
319.0, 0.10928016192405586
320.0, 0.08212304720136154
321.0, 0.06532151284351129
322.0, 0.05532933207089302
323.0, 0.03543794296055744
324.0, 0.020365821060757527
325.0, 0.020673768504490927
326.0, 0.02100301881097792
327.0, 0.0203065696382148
328.0, 0.028507571666802456
329.0, 0.0366607960350038
330.0, 0.04113644695106457
331.0, 0.039289650221409254
332.0, 0.036391247766520536
333.0, 0.044333945828036375
334.0, 0.03846427790699413
335.0, 0.024837965084577238
336.0, 0.012082732821863432
337.0, 0.004747875887818825
338.0, 0.000315608382411267
339.0, 0.002315505446113271
340.0, 0.0014258576289786365
341.0, 0.001300562786087095
342.0, 0.010423794880017826
343.0, 0.026234229167213123
344.0, 0.042342641073111774
345.0, 0.06226323590591487
346.0, 0.08376039266263224
347.0, 0.1021905234047659
348.0, 0.12393757875202445
349.0, 0.14662666214056044
350.0, 0.16896526587566274
351.0, 0.18943262169475825
352.0, 0.20870142495964375
353.0, 0.23763919094556404
354.0, 0.2653700637010305
355.0, 0.2933638973416372
356.0, 0.3260711541957851
357.0, 0.3643876560843338
358.0, 0.4111962407752222
359.0, 0.4579109316265701
360.0, 0.49698306270690723
361.0, 0.5301270109227447
362.0, 0.5690882167816005
363.0, 0.602984012903619
364.0, 0.6244980761064778
365.0, 0.6238321183584955
366.0, 0.6008972258574281
367.0, 0.5723224993871107
368.0, 0.5195745249658926
369.0, 0.45446878359348564
370.0, 0.38833069528477726
371.0, 0.3255859359005506
372.0, 0.2614478643650966
373.0, 0.21358810415903778
374.0, 0.17784198576311008
375.0, 0.14206463991120605
376.0, 0.10020847755363493
377.0, 0.0808412604298531
378.0, 0.05614576017388112
379.0, 0.03127540364440901
380.0, 0.01526982914944633
381.0, 0.010305950495902015
382.0, 0.008030785301406846
383.0, 0.001406705002852718
384.0, 0.01047230237964007
385.0, 0.01768046043379933
386.0, 0.013922755181795754
387.0, 0.017163296268678484
388.0, 0.008663081691300568
389.0, 0.005165277477884541
390.0, 0.009493905400528616
391.0, 0.006943901501774018
392.0, 0.013524940894578903
393.0, 0.025801340513157738
394.0, 0.031763288429848026
395.0, 0.04173634811384973
396.0, 0.059924372409377355
397.0, 0.07794417619990994
398.0, 0.10005785749282267
399.0, 0.12547307353084514
400.0, 0.15140395564881753
401.0, 0.17578489430288316
402.0, 0.20571649092628252
403.0, 0.22832577224881045
404.0, 0.2564403843472266
405.0, 0.29457419725784195
406.0, 0.33647913194639356
407.0, 0.3836094597229118
408.0, 0.43613346955144133
409.0, 0.49504298879120734
410.0, 0.5529818590860146
411.0, 0.6024437360198911
412.0, 0.6510869165470671
413.0, 0.6733937670843521
414.0, 0.6888362901914988
415.0, 0.7005174018012063
416.0, 0.6957794902526878
417.0, 0.6920073842072056
418.0, 0.6963140806181363
419.0, 0.713952532383149
420.0, 0.7410816885723631
421.0, 0.7710430136101458
422.0, 0.808141872854357
423.0, 0.8539330574986357
424.0, 0.9149090342505042
425.0, 0.9709497425138286
426.0, 0.994398150313057
427.0, 0.9987203425886728
428.0, 0.976959853413007
429.0, 0.9187269962958564
430.0, 0.8355926587446749
431.0, 0.744787736092834
432.0, 0.6452878719810161
433.0, 0.556203306032773
434.0, 0.47014034897138235
435.0, 0.39261565399744486
436.0, 0.33391915580481524
437.0, 0.2852286378601642
438.0, 0.2446654525989534
439.0, 0.20632607017051913
440.0, 0.17378914322010064
441.0, 0.14956490909103912
442.0, 0.12554233423495678
443.0, 0.10448047415298449
444.0, 0.08449716056546618
445.0, 0.06375164554195711
446.0, 0.04580404839902039
447.0, 0.03586003413443
448.0, 0.017402582878769526
449.0, 0.009244201877127121
450.0, 0.013790752814105864
451.0, 0.020095100762231304
452.0, 0.017378547486564214
453.0, 0.022531784786805502
454.0, 0.018966862926252548
455.0, 0.022372733986047236
456.0, 0.03562467619476012
457.0, 0.04009718625505029
458.0, 0.041629760989778504
459.0, 0.05728240888207523
460.0, 0.08900828266506684
461.0, 0.11723679471943543
462.0, 0.13021171813580426
463.0, 0.1640494980013563
464.0, 0.1791480985147786
465.0, 0.20431349232814855
466.0, 0.24137690678849316
467.0, 0.273036754029315
468.0, 0.2971890678000541
469.0, 0.34742408134444636
470.0, 0.39294327746400864
471.0, 0.4393669510651844
472.0, 0.4995945480687308
473.0, 0.565332979820478
474.0, 0.6348224539969345
475.0, 0.697318384863185
476.0, 0.7449629392504529
477.0, 0.7704385105191253
478.0, 0.7648104816152265
479.0, 0.7122793827921845
480.0, 0.6303437852527792
481.0, 0.5327804796076971
482.0, 0.43103461548326333
483.0, 0.3394416662229988
484.0, 0.272900839937795
485.0, 0.2036849619692347
486.0, 0.1533661884175605
487.0, 0.11955419855035755
488.0, 0.0874509465658865
489.0, 0.06631782647655686
490.0, 0.05919755658947831
491.0, 0.04901640363799304
492.0, 0.034842963579307634
493.0, 0.023960223005105537
494.0, 0.01829056243533144
495.0, 0.007926527864058121
496.0, 0.0014737761628148052
497.0, 0.0015093391943753031
498.0, 0.004519641227057475
499.0, 0.009672921159001199
500.0, 0.015220964896521633
501.0, 0.012784267531827516
502.0, 0.008529778993795803
503.0, 0.005804591914494103
504.0, 0.003822485274057215
505.0, 0.0030363353787395183
506.0, 0.007269601352193098
507.0, 0.011013787819017485
508.0, 0.006633419425339218
509.0, 0.002626932265289832
510.0, 0.008378970044699247
511.0, 0.012679019179306195
512.0, 0.007517557333127442
513.0, 0.006899091858466731
514.0, 0.015328709367437993
515.0, 0.02351988836235107
516.0, 0.02988899626538967
517.0, 0.04198377450631348
518.0, 0.05852746373646682
519.0, 0.07239210777115339
520.0, 0.08281473858825412
521.0, 0.10159830993308701
522.0, 0.11535410835157867
523.0, 0.12790816475813643
524.0, 0.14600554307517588
525.0, 0.16883658459170578
526.0, 0.19072351608504226
527.0, 0.22150757968820653
528.0, 0.24714258104752204
529.0, 0.28643522803402877
530.0, 0.33519951414403426
531.0, 0.3770923710671866
532.0, 0.41632711665693145
533.0, 0.4589583982355534
534.0, 0.4901352857693214
535.0, 0.5030333473858336
536.0, 0.49770766827291435
537.0, 0.47679831600804384
538.0, 0.4337504056836653
539.0, 0.3846948276336179
540.0, 0.3347598496937792
541.0, 0.2892820855192439
542.0, 0.25703605824018905
543.0, 0.24015905302943577
544.0, 0.22246027085415587
545.0, 0.20967491328351662
546.0, 0.1944944927034913
547.0, 0.18259597983953757
548.0, 0.19033481339358851
549.0, 0.18988120762236818
550.0, 0.1901604663359435
551.0, 0.1914612596199176
552.0, 0.19610987245116004
553.0, 0.20757974567476167
554.0, 0.22467081312519036
555.0, 0.22787239629914957
556.0, 0.22868721389928975
557.0, 0.23173380283996325
558.0, 0.23284649823842507
559.0, 0.23142330265341204
560.0, 0.23661363179176392
561.0, 0.23087334747293192
562.0, 0.22363355400738275
563.0, 0.21279452042325492
564.0, 0.19604989460255776
565.0, 0.18237989160313847
566.0, 0.16617395432999596
567.0, 0.13952200383585325
568.0, 0.12867039642106476
569.0, 0.12450011036456847
570.0, 0.09970718371150511
571.0, 0.08269598393344407
572.0, 0.07565009392086919
573.0, 0.06856356248754057
574.0, 0.06420534298482068
575.0, 0.060981181083414084
576.0, 0.05131439894160476
577.0, 0.060903923939984166
578.0, 0.05468964731984026
579.0, 0.052612957184211474
580.0, 0.0559506134659192
581.0, 0.05596136279625658
582.0, 0.0558534875441041
583.0, 0.05529389036688594
584.0, 0.05708389449594282
585.0, 0.055785162768829936
586.0, 0.04314849775613965
587.0, 0.024608630940499233
588.0, 0.0263479404478294
589.0, 0.02252091795280419
590.0, 0.029615825284158896
591.0, 0.03201963211780443
592.0, 0.022023376585451337
593.0, 0.013779002748573558
594.0, 0.016898478530294834
595.0, 0.01314347973039871
596.0, 0.003183560941137153
597.0, 0.0026791289798738026
598.0, 0.006817375253818926
599.0, 0.0017369149886315386
600.0, 0.0031647860815030384
601.0, 0.0020575628942217416
602.0, 0.005921298895994186
603.0, 0.013589642393550351
604.0, 0.015363504896756124
605.0, 0.007931112204626629
606.0, 0.001489685571210961
607.0, 0.0038276669252197667
608.0, 0.0024686360306512703
609.0, 0.0033231045492584954
610.0, 0.003692727404788543
611.0, 0.004973224535841125
612.0, 0.0072000323298221786
613.0, 0.011182466123926307
614.0, 0.012309886587063138
615.0, 0.006452352912223674
616.0, 0.004518222001447136
617.0, 0.0037527030781006276
618.0, 0.005985147194471284
619.0, 0.004840460076146959
620.0, 0.006720130294032482
621.0, 0.014127846673503936
622.0, 0.01928331782871857
623.0, 0.02307196590271373
624.0, 0.023450804070275864
625.0, 0.013949228983599302
626.0, 0.01053482423717396
627.0, 0.017318317012052106
628.0, 0.01773717307936971
629.0, 0.016419104626684434
630.0, 0.006816963074368643
631.0, 0.006818364520274099
632.0, 0.014198197791946395
633.0, 0.018010871054009753
634.0, 0.015950403738717676
635.0, 0.01637590572544568
636.0, 0.011258625469798566
637.0, 0.008979813380028755
638.0, 0.014455964139467122
639.0, 0.018543549178034056
640.0, 0.008564860188910292
641.0, 0.011938660103430341
642.0, 0.010919862124643765
643.0, 0.007855712747690537
644.0, 0.008841149577111167
645.0, 0.012643255811077723
646.0, 0.013114574899056555
647.0, 0.024662231284931967
648.0, 0.030595028759318237
649.0, 0.038807350465887756
650.0, 0.047354317835261936
651.0, 0.049493920357004666
652.0, 0.04782153038925195
653.0, 0.048756942408386426
654.0, 0.05746088834514912
655.0, 0.06103311025949786
656.0, 0.06262321143175242
657.0, 0.06773087025537552
658.0, 0.0734851901297555
659.0, 0.07944648518798814
660.0, 0.07663517692788137
661.0, 0.08193012620053712
662.0, 0.0945177923984136
663.0, 0.10443433724886261
664.0, 0.11136385620826207
665.0, 0.12074587660665383
666.0, 0.13659260336943096
667.0, 0.16334205298599466
668.0, 0.18532397860168087
669.0, 0.19796322928023988
670.0, 0.21785869797684723
671.0, 0.2497883069578491
672.0, 0.2741348443099613
673.0, 0.3026510056214632
674.0, 0.3300971128285639
675.0, 0.35604792134940766
676.0, 0.39435421665785564
677.0, 0.44078046463873255
678.0, 0.46949722062482463
679.0, 0.500511197401801
680.0, 0.5203820664942708
681.0, 0.5145204396765707
682.0, 0.48533123495377395
683.0, 0.43773808652818436
684.0, 0.3806289682192739
685.0, 0.31218592308628085
686.0, 0.2439806899485374
687.0, 0.19419963160168155
688.0, 0.16647384088104036
689.0, 0.13068005978202882
690.0, 0.11193538734569959
691.0, 0.09046444862907406
692.0, 0.0760301941773899
693.0, 0.0751469944613622
694.0, 0.07425344079476576
695.0, 0.06045704248871954
696.0, 0.05635338686778841
697.0, 0.04039219776083746
698.0, 0.03033899029060812
699.0, 0.029676242099767273
700.0, 0.030641199879264447
701.0, 0.02695172120466063
702.0, 0.02520915863928525
703.0, 0.012893923198484777
704.0, 0.017666233209731503
705.0, 0.024181870369726664
706.0, 0.021444568492575866
707.0, 0.01986297403849686
708.0, 0.014149434254134157
709.0, 0.018317844210155962
710.0, 0.017199493896685875
711.0, 0.021083361564462
712.0, 0.025543768424282243
713.0, 0.020912070386992103
714.0, 0.018895981587207508
715.0, 0.022116165227060194
716.0, 0.01616944948041126
717.0, 0.01686019386839934
718.0, 0.01640590043317671
719.0, 0.01105852885925197
720.0, 0.015939186447238886
721.0, 0.018346284928528956
722.0, 0.004225964106907759
723.0, 0.013669267024342423
724.0, 0.017032049430017057
725.0, 0.010787412482688387
726.0, 0.017737867640688375
727.0, 0.010252446692576455
728.0, 0.010833957683677994
729.0, 0.005222863619115405
730.0, 0.006566738245072469
731.0, 0.012720722537235723
732.0, 0.012587711104856467
733.0, 0.008890502770076785
734.0, 0.00814426736103755
735.0, 0.0094094218917041
736.0, 0.011305392937894268
737.0, 0.01036488452000166
738.0, 0.007154424874478047
739.0, 0.0037162208002507286
740.0, 0.003982132969323181
741.0, 0.0036263840532113883
742.0, 0.0026613376938084262
743.0, 0.007994975584752264
744.0, 0.003908846398376527
745.0, 0.0024959322108755963
746.0, 0.010276380955513227
747.0, 0.0031401894649318164
748.0, 0.004147924933152085
749.0, 0.0009076301776331946
750.0, 0.002037482478285753
751.0, 0.0022725819846362866
752.0, 0.016319175015195857
753.0, 0.015597050748827447
754.0, 0.005178512352384393
755.0, 0.010790237615853931
756.0, 0.014152838531852235
757.0, 0.011570697407062923
758.0, 0.011834807146958903
759.0, 0.014164638014200346
760.0, 0.009821527049381254
761.0, 0.004071093520396336
762.0, 0.005569702113524018
763.0, 0.011269770241187797
764.0, 0.011481988426098773
765.0, 0.007990169828496815
766.0, 0.014367375408251873
767.0, 0.019180804649100405
768.0, 0.02738789085476949
769.0, 0.022819508681606846
770.0, 0.026361935452532303
771.0, 0.03864980399307899
772.0, 0.03576252495970386
773.0, 0.028448516203593913
774.0, 0.038676286958879896
775.0, 0.03913563683940934
776.0, 0.040392762028709214
777.0, 0.03931139075189101
778.0, 0.03287256502618763
779.0, 0.029524333460140252
780.0, 0.02902564283873979
781.0, 0.024293809892557375
782.0, 0.03248277340482987
783.0, 0.034500584929972634
784.0, 0.03067657858057312
785.0, 0.03255293025784121
786.0, 0.03550286198247797
787.0, 0.03146767352761944
788.0, 0.03544527009343716
789.0, 0.048078208574273494
790.0, 0.050402730054420246
791.0, 0.03893243950363403
792.0, 0.029404519260844968
793.0, 0.0378654491467941
794.0, 0.031905672801113456
795.0, 0.019988433936945858
796.0, 0.018295956492160852
797.0, 0.019723251536752417
798.0, 0.016244356685385812
799.0, 0.00734147919272351
800.0, 0.0031080714655940932
801.0, 0.003708887155945207
802.0, 0.002265642925825469
803.0, 0.006470320304934949
804.0, 0.00442614346534146
805.0, 0.007633084884830737
806.0, 0.006637826902560555
807.0, 0.0015368248238747638
808.0, 0.0066353299918624105
809.0, 0.0017782513966696826
810.0, 0.010598994148747435
811.0, 0.01178765900718589
812.0, 0.01461788725092277
813.0, 0.019253610232573548
814.0, 0.010011307456906484
815.0, 0.010133737534472687
816.0, 0.0015479664479465937
817.0, 0.009621151753171183
818.0, 0.011168015417272347
819.0, 0.00044932994691555795
820.0, 0.00279940564319805
821.0, 0.006334626875953736
822.0, 0.000764225177313385
823.0, 0.00680872928548626
824.0, 0.011549822017365376
825.0, 0.00873412776829604
826.0, 0.008039333603833415
827.0, 0.008921875367026225
828.0, 0.002258970610140511
829.0, 0.010792421154125617
830.0, 0.020867973238477514
831.0, 0.007959695231796161
832.0, 0.0034399764593593582
833.0, 0.006401827251975436
834.0, 0.008442232137810833
835.0, 0.025152014745152478
836.0, 0.010618769929073476
837.0, 0.009912626555528352
838.0, 0.013283356910727816
839.0, 0.012940491069088747
840.0, 0.017461313015324217
841.0, 0.019608612795729126
842.0, 0.008910570903406027
843.0, 0.02012754766876453
844.0, 0.013024696937804205
845.0, 0.009756012506660068
846.0, 0.004191934918479704
847.0, 0.002583248438161981
848.0, 0.004854003637062951
849.0, 0.002517241386669468
850.0, 0.0061680925351452354
851.0, 0.01525468758059524
852.0, 0.00716944508822843
853.0, 0.009142855874058642
854.0, 0.011783274804305686
855.0, 0.01083791521690488
856.0, 0.014647429831810454
857.0, 0.013275535823860703
858.0, 0.010328384114077528
859.0, 0.026773307545919233
860.0, 0.03154413372225103
861.0, 0.0223130160434286
862.0, 0.01815191675054531
863.0, 0.023524369790016833
864.0, 0.024276362944763513
865.0, 0.02401591137004832
866.0, 0.012283290858561289
867.0, 0.027388223143889105
868.0, 0.02826616751582911
869.0, 0.021778955595000524
870.0, 0.0223802805547624
871.0, 0.01771429576531981
872.0, 0.010266439630944013
873.0, 0.023469878992796192
874.0, 0.01765497839502411
875.0, 0.014198519393358333
876.0, 0.009457373325624886
877.0, 0.008388254489148685
878.0, 0.013329324080887854
879.0, 0.009100825243801253
880.0, 0.011226934428581284
881.0, 0.01794603872409635
882.0, 0.027936479265630712
883.0, 0.021081049080537585
884.0, 0.020579463615076704
885.0, 0.02645123014769339
886.0, 0.02227152628898413
887.0, 0.028423930422753565
888.0, 0.02053237398654133
889.0, 0.021237291816271146
890.0, 0.02662966317773701
891.0, 0.02226631432039577
892.0, 0.014018407936984004
893.0, 0.009533469909766185
894.0, 0.004586076999051573
895.0, 0.0029195576906373066
896.0, 0.011998368133278037
897.0, 0.006643469749672505
898.0, 0.01973294144928461
899.0, 0.024065113923276888
900.0, 0.013445899725606747
901.0, 0.014537208647180363
902.0, 0.02984480415877109
903.0, 0.027986832315622337
904.0, 0.04029082965222637
905.0, 0.04511364706485144
906.0, 0.03893665617751431
907.0, 0.037497177033805784
908.0, 0.0475036425036429
909.0, 0.05839851526012062
910.0, 0.06170668727488017
911.0, 0.06444646144800958
912.0, 0.07145738072857838
913.0, 0.0859515281625334
914.0, 0.09774056635802905
915.0, 0.10204301863249549
916.0, 0.10369099493334727
917.0, 0.11063141725015195
918.0, 0.12012385453624198
919.0, 0.1115533180309717
920.0, 0.12811953441139642
921.0, 0.1274920538154015
922.0, 0.11885530586220304
923.0, 0.12023045333304268
924.0, 0.11835236255938145
925.0, 0.10453875289107659
926.0, 0.10555686194357698
927.0, 0.10161649963957797
928.0, 0.08896056185448034
929.0, 0.07993001582827694
930.0, 0.06945652420783142
931.0, 0.06571762242907123
932.0, 0.07007944149834021
933.0, 0.0703675550855377
934.0, 0.06842277737970738
935.0, 0.06109657801885958
936.0, 0.0685664470658872
937.0, 0.06124039143530593
938.0, 0.054983210631332574
939.0, 0.04605961527817523
940.0, 0.027744240363111232
941.0, 0.01684105627191888
942.0, 0.027139638417647036
943.0, 0.018819376529482547
944.0, 0.0066491718398714785
945.0, 0.010493082563969911
946.0, 0.004269300018389099
947.0, 0.0020034842710217405
948.0, 0.00163767819524343
949.0, 0.0006358890604838389
950.0, 0.0010822189571976601
951.0, 0.005453652594246649
952.0, 0.0006891673226480395
953.0, 0.002330592480245323
954.0, 0.0026112066595781126
955.0, 0.00046058584429131753
956.0, 0.004190300543347243
957.0, 0.006019085835979451
958.0, 0.002650434119932084
959.0, 0.0028508500214309623
960.0, 0.00836955143127651
961.0, 0.004546281125521955
962.0, 0.0015950476695013184
963.0, 0.0034473257358774777
964.0, 0.00239734036576149
965.0, 0.0011912903891249174
966.0, 0.0006622637467914186
967.0, 0.0017794514674661865
968.0, 0.006157795128091361
969.0, 0.015162585323965354
970.0, 0.01464074792639047
971.0, 0.027520564836459545
972.0, 0.0358397891701117
973.0, 0.03319590502190391
974.0, 0.03480927110615728
975.0, 0.03184638281105918
976.0, 0.04277931830144274
977.0, 0.03864591825011946
978.0, 0.02940079150691757
979.0, 0.02481952535985586
980.0, 0.031524900566385995
981.0, 0.0339153405329983
982.0, 0.03164708145224107
983.0, 0.04514026393676302
984.0, 0.042729884729490054
985.0, 0.03352401599231012
986.0, 0.05076559688812928
987.0, 0.04336915267151528
988.0, 0.03699845545886516
989.0, 0.039373846784237845
990.0, 0.04257876306916733
991.0, 0.03796385287333586
992.0, 0.018039908339157584
993.0, 0.02444016873915534
994.0, 0.026352822145675053
995.0, 0.01581605573421827
996.0, 0.008487609064445928
997.0, 0.015078874791862974
998.0, 0.020514801844202867
999.0, 0.01986351071800938
1000.0, 0.02773526253247084
1001.0, 0.03368199735498642
1002.0, 0.03324275482762684
1003.0, 0.048782360817014675
1004.0, 0.046483761314981435
1005.0, 0.041369862081496706
1006.0, 0.032680010834395
1007.0, 0.03186167251201683
1008.0, 0.042565878885286325
1009.0, 0.042442383845272234
1010.0, 0.02906317832513634
1011.0, 0.033562922146684195
1012.0, 0.029970400723000615
1013.0, 0.039514659605473054
1014.0, 0.0381838107376151
1015.0, 0.035973523649343565
1016.0, 0.04445274690470675
1017.0, 0.04910788307528604
1018.0, 0.04442558597844856
1019.0, 0.047348422447998306
1020.0, 0.047450389867318615
1021.0, 0.04783884200379573
1022.0, 0.05652045059435823
1023.0, 0.05552522599561534
1024.0, 0.051458172769085826
1025.0, 0.052837038681707735
1026.0, 0.05623771427942957
1027.0, 0.051042606633216234
1028.0, 0.03593483994922984
1029.0, 0.03882949387156471
1030.0, 0.03599893236446782
1031.0, 0.039475628037410816
1032.0, 0.03645939366405287
1033.0, 0.026991407411131707
1034.0, 0.02640565821182924
1035.0, 0.030609624376076578
1036.0, 0.02416926978335249
1037.0, 0.02194001782254373
1038.0, 0.03722826679075958
1039.0, 0.03467958686893886
1040.0, 0.03451210959288501
1041.0, 0.03277008371857893
1042.0, 0.026016339534791804
1043.0, 0.02787684614952742
1044.0, 0.030856480301204973
1045.0, 0.026584783897825776
1046.0, 0.03147306002552013
1047.0, 0.027132049356108533
1048.0, 0.011754847286438056
1049.0, 0.0214271482457771
1050.0, 0.013548565784097764
1051.0, 0.014271768118847119
1052.0, 0.014132612689227997
1053.0, 0.008488011265401968
1054.0, 0.003677938696935617
1055.0, 0.005049076383698653
1056.0, 0.005467819468411426
1057.0, 0.006923698830587598
1058.0, 0.011910175032668446
1059.0, 0.010942874878586716
1060.0, 0.009784466641077117
1061.0, 0.0013924342526003093
1062.0, 0.0035315906215098924
1063.0, 0.005732091844426714
1064.0, 0.006315487179447838
1065.0, 0.015436324400319886
1066.0, 0.013220348285281899
1067.0, 0.015827687341978612
1068.0, 0.004407052472830949
1069.0, 0.011776667720691789
1070.0, 0.004533560679233049
1071.0, 0.005474535345556395
1072.0, 0.004760663818561207
1073.0, 0.01394308573469901
1074.0, 0.0044446903265416594
1075.0, 0.011432834677803354
1076.0, 0.010604910882341216
1077.0, 0.0011524613953170404
1078.0, 0.015687988011578675
1079.0, 0.009645077706780357
1080.0, 0.0010492567584454318
1081.0, 0.0011084821068937376
1082.0, 0.00292430857032178
1083.0, 0.006988637920528891
1084.0, 0.004001449458219327
1085.0, 0.004663949063209979
1086.0, 0.008068092316508305
1087.0, 0.017009578376161766
1088.0, 0.011525645796672663
1089.0, 0.012458440997079863
1090.0, 0.007461132879606634
1091.0, 0.009429444851135525
1092.0, 0.011617632631786593
1093.0, 0.00317014529024757
1094.0, 0.0023480123832114526
1095.0, 0.006770099278206694
1096.0, 0.009266487995648184
1097.0, 0.020807124229032112
1098.0, 0.015749259924862615
1099.0, 0.00334435493221843
1100.0, 0.004438556003145561
1101.0, 0.01171707806465251
1102.0, 0.009876963907719121
1103.0, 0.005552435269406964
1104.0, 0.008368843457162333
1105.0, 0.00418614389705686
1106.0, 0.0035830686307735567
1107.0, 0.018342140626718607
1108.0, 0.018182903433581435
1109.0, 0.029476587273239215
1110.0, 0.038074694303742225
1111.0, 0.031165548135321477
1112.0, 0.029116408505790062
1113.0, 0.030405006948379887
1114.0, 0.027167964247162
1115.0, 0.03073626328986495
1116.0, 0.023129489410028226
1117.0, 0.027697438721323082
1118.0, 0.02313763585970353
1119.0, 0.027603823695910166
1120.0, 0.025180806998232153
1121.0, 0.027479535288665095
1122.0, 0.03360463074569407
1123.0, 0.03340419121192152
1124.0, 0.03932305558154355
1125.0, 0.0543613312695621
1126.0, 0.04921563068985997
1127.0, 0.042059634219707424
1128.0, 0.04212867534610282
1129.0, 0.04474709307114979
1130.0, 0.045892498276774864
1131.0, 0.04365721466474387
1132.0, 0.038780322796961864
1133.0, 0.03379454427112778
1134.0, 0.029908342589676343
1135.0, 0.0252684669553105
1136.0, 0.021508694821557938
1137.0, 0.024744308991133782
1138.0, 0.02795486272080655
1139.0, 0.03178635710814518
1140.0, 0.03693788424754364
1141.0, 0.0311508627413392
1142.0, 0.02914412151282739
1143.0, 0.034630858084342804
1144.0, 0.035553760987316795
1145.0, 0.03202957831241049
1146.0, 0.03630666119526196
1147.0, 0.04060685273145274
1148.0, 0.029542121976887683
1149.0, 0.04798570169066905
1150.0, 0.05272900688129051
1151.0, 0.04903785796379208
1152.0, 0.05822530807944693
1153.0, 0.060167620349709225
1154.0, 0.06216150135424704
1155.0, 0.0721273055431857
1156.0, 0.08800605783215142
1157.0, 0.09445678686893996
1158.0, 0.08187179091055105
1159.0, 0.07664868417085217
1160.0, 0.07522160175130556
1161.0, 0.0814758234160831
1162.0, 0.07584186693946002
1163.0, 0.0643265934237817
1164.0, 0.05730337994767094
1165.0, 0.05505930491552843
1166.0, 0.05519761726062697
1167.0, 0.044073010358885924
1168.0, 0.03771830003101598
1169.0, 0.04557423434188429
1170.0, 0.0282189878948892
1171.0, 0.01737569353247277
1172.0, 0.012576021538985738
1173.0, 0.021562266875971257
1174.0, 0.025751314695300998
1175.0, 0.030226514164168293
1176.0, 0.02223404137470034
1177.0, 0.018009386883776228
1178.0, 0.016845448308290968
1179.0, 0.01851433299719957
1180.0, 0.02593220658726596
1181.0, 0.024882933533387594
1182.0, 0.014841959808497132
1183.0, 0.018226034291933608
1184.0, 0.027580711829642435
1185.0, 0.029554795579456665
1186.0, 0.016966206561700073
1187.0, 0.012875395661360957
1188.0, 0.02013451989858956
1189.0, 0.023713240482402545
1190.0, 0.028045438496276186
1191.0, 0.028860204740587172
1192.0, 0.016968354490799954
1193.0, 0.011140700454566192
1194.0, 0.021208975515354674
1195.0, 0.020661132761587365
1196.0, 0.02130869672614618
1197.0, 0.018893679896171658
1198.0, 0.022069230935147337
1199.0, 0.027193479112899953
1200.0, 0.028270545904316692
1201.0, 0.028524303207390248
1202.0, 0.037535612830463444
1203.0, 0.04291258443808468
1204.0, 0.04019672993105697
1205.0, 0.040562235780248285
1206.0, 0.03329249712482637
1207.0, 0.031800518820537124
1208.0, 0.02618062456540175
1209.0, 0.02806289764364796
1210.0, 0.02830215868327047
1211.0, 0.013125670685379433
1212.0, 0.017352674886402457
1213.0, 0.016313599149162278
1214.0, 0.011276711917150194
1215.0, 0.011282927088704311
1216.0, 0.011991264648472489
1217.0, 0.010771033934674564
1218.0, 0.009909469533303438
1219.0, 0.01684623429031067
1220.0, 0.017101855492635546
1221.0, 0.028869124510625434
1222.0, 0.025809049970540364
1223.0, 0.022644330505268952
1224.0, 0.01863829039581466
1225.0, 0.0174397974011246
1226.0, 0.009856024034671746
1227.0, 0.00386387101401171
1228.0, 0.010110851847137855
1229.0, 0.015364030757227629
1230.0, 0.011085128754126162
1231.0, 0.012149685105975201
1232.0, 0.013029939081814062
1233.0, 0.009134019231011762
1234.0, 0.019308173628703365
1235.0, 0.006787350096538877
1236.0, 0.011317187330308644
1237.0, 0.003929120273795066
1238.0, 0.007891859274009526
1239.0, 0.00531259603829827
1240.0, 0.00013639021323614547
1241.0, 0.0020198750130390403
1242.0, 0.007413964274392577
1243.0, 0.00516715988718758
1244.0, 0.00987639553033538
1245.0, 0.0072687577210081514
1246.0, 0.0024270585308404737
1247.0, 0.0030116229269868647
1248.0, 0.012649131444978626
1249.0, 0.006958548422949498
1250.0, 0.011719537539271994
1251.0, 0.01667022671130211
1252.0, 0.007845973068313028
1253.0, 0.0021228345984484506
1254.0, 0.004314435745224257
1255.0, 0.0026689154135606666
1256.0, 0.003547219032814637
1257.0, 0.002524209647220161
1258.0, 0.0032525734394776443
1259.0, 0.0009068686257076776
1260.0, 0.002604689942329556
1261.0, 0.004515402380383492
1262.0, 0.009148169029706495
1263.0, 0.015030768765099605
1264.0, 0.01011660557871753
1265.0, 0.029993714370268185
1266.0, 0.020927772935135893
1267.0, 0.019994572012214877
1268.0, 0.017768807158483044
1269.0, 0.014361629112616072
1270.0, 0.014102649073459001
1271.0, 0.006240073716085993
1272.0, 0.013326900961736396
1273.0, 0.015159833431328124
1274.0, 0.009138430229730808
1275.0, 0.005963827502624745
1276.0, 0.012002718068573498
1277.0, 0.015137316984180919
1278.0, 0.011731292723789342
1279.0, 0.017336872171430255
1280.0, 0.02007915384863307
1281.0, 0.020550465933913444
1282.0, 0.02398997862245515
1283.0, 0.017247891651473307
1284.0, 0.019422415636472498
1285.0, 0.030614127364123
1286.0, 0.02161988302617445
1287.0, 0.020527909062687855
1288.0, 0.018241338605045416
1289.0, 0.027462545093189347
1290.0, 0.026784925579493028
1291.0, 0.023868264902751773
1292.0, 0.02488240861330345
1293.0, 0.013538554292418936
1294.0, 0.01565702527606423
1295.0, 0.02460174530726733
1296.0, 0.02176805318118697
1297.0, 0.011230750594945561
1298.0, 0.002447188948213108
1299.0, 0.0001712316729952039
1300.0, 0.0004458418396542927
1301, 0.0
1302, 0.0
1303, 0.0
1304, 0.0
1305, 0.0
1306, 0.0
1307, 0.0
1308, 0.0
1309, 0.0
1310, 0.0
1311, 0.0
1312, 0.0
1313, 0.0
1314, 0.0
1315, 0.0
1316, 0.0
1317, 0.0
1318, 0.0
1319, 0.0
1320, 0.0
1321, 0.0
1322, 0.0
1323, 0.0
1324, 0.0
1325, 0.0
1326, 0.0
1327, 0.0
1328, 0.0
1329, 0.0
1330, 0.0
1331, 0.0
1332, 0.0
1333, 0.0
1334, 0.0
1335, 0.0
1336, 0.0
1337, 0.0
1338, 0.0
1339, 0.0
1340, 0.0
1341, 0.0
1342, 0.0
1343, 0.0
1344, 0.0
1345, 0.0
1346, 0.0
1347, 0.0
1348, 0.0
1349, 0.0
1350, 0.0
1351, 0.0
1352, 0.0
1353, 0.0
1354, 0.0
1355, 0.0
1356, 0.0
1357, 0.0
1358, 0.0
1359, 0.0
1360, 0.0
1361, 0.0
1362, 0.0
1363, 0.0
1364, 0.0
1365, 0.0
1366, 0.0
1367, 0.0
1368, 0.0
1369, 0.0
1370, 0.0
1371, 0.0
1372, 0.0
1373, 0.0
1374, 0.0
1375, 0.0
1376, 0.0
1377, 0.0
1378, 0.0
1379, 0.0
1380, 0.0
1381, 0.0
1382, 0.0
1383, 0.0
1384, 0.0
1385, 0.0
1386, 0.0
1387, 0.0
1388, 0.0
1389, 0.0
1390, 0.0
1391, 0.0
1392, 0.0
1393, 0.0
1394, 0.0
1395, 0.0
1396, 0.0
1397, 0.0
1398, 0.0
1399, 0.0
1400, 0.0
1401, 0.0
1402, 0.0
1403, 0.0
1404, 0.0
1405, 0.0
1406, 0.0
1407, 0.0
1408, 0.0
1409, 0.0
1410, 0.0
1411, 0.0
1412, 0.0
1413, 0.0
1414, 0.0
1415, 0.0
1416, 0.0
1417, 0.0
1418, 0.0
1419, 0.0
1420, 0.0
1421, 0.0
1422, 0.0
1423, 0.0
1424, 0.0
1425, 0.0
1426, 0.0
1427, 0.0
1428, 0.0
1429, 0.0
1430, 0.0
1431, 0.0
1432, 0.0
1433, 0.0
1434, 0.0
1435, 0.0
1436, 0.0
1437, 0.0
1438, 0.0
1439, 0.0
1440, 0.0
1441, 0.0
1442, 0.0
1443, 0.0
1444, 0.0
1445, 0.0
1446, 0.0
1447, 0.0
1448, 0.0
1449, 0.0
1450, 0.0
1451, 0.0
1452, 0.0
1453, 0.0
1454, 0.0
1455, 0.0
1456, 0.0
1457, 0.0
1458, 0.0
1459, 0.0
1460, 0.0
1461, 0.0
1462, 0.0
1463, 0.0
1464, 0.0
1465, 0.0
1466, 0.0
1467, 0.0
1468, 0.0
1469, 0.0
1470, 0.0
1471, 0.0
1472, 0.0
1473, 0.0
1474, 0.0
1475, 0.0
1476, 0.0
1477, 0.0
1478, 0.0
1479, 0.0
1480, 0.0
1481, 0.0
1482, 0.0
1483, 0.0
1484, 0.0
1485, 0.0
1486, 0.0
1487, 0.0
1488, 0.0
1489, 0.0
1490, 0.0
1491, 0.0
1492, 0.0
1493, 0.0
1494, 0.0
1495, 0.0
1496, 0.0
1497, 0.0
1498, 0.0
1499, 0.0
1500, 0.0
1501, 0.0
1502, 0.0
1503, 0.0
1504, 0.0
1505, 0.0
1506, 0.0
1507, 0.0
1508, 0.0
1509, 0.0
1510, 0.0
1511, 0.0
1512, 0.0
1513, 0.0
1514, 0.0
1515, 0.0
1516, 0.0
1517, 0.0
1518, 0.0
1519, 0.0
1520, 0.0
1521, 0.0
1522, 0.0
1523, 0.0
1524, 0.0
1525, 0.0
1526, 0.0
1527, 0.0
1528, 0.0
1529, 0.0
1530, 0.0
1531, 0.0
1532, 0.0
1533, 0.0
1534, 0.0
1535, 0.0
1536, 0.0
1537, 0.0
1538, 0.0
1539, 0.0
1540, 0.0
1541, 0.0
1542, 0.0
1543, 0.0
1544, 0.0
1545, 0.0
1546, 0.0
1547, 0.0
1548, 0.0
1549, 0.0
1550, 0.0
1551, 0.0
1552, 0.0
1553, 0.0
1554, 0.0
1555, 0.0
1556, 0.0
1557, 0.0
1558, 0.0
1559, 0.0
1560, 0.0
1561, 0.0
1562, 0.0
1563, 0.0
1564, 0.0
1565, 0.0
1566, 0.0
1567, 0.0
1568, 0.0
1569, 0.0
1570, 0.0
1571, 0.0
1572, 0.0
1573, 0.0
1574, 0.0
1575, 0.0
1576, 0.0
1577, 0.0
1578, 0.0
1579, 0.0
1580, 0.0
1581, 0.0
1582, 0.0
1583, 0.0
1584, 0.0
1585, 0.0
1586, 0.0
1587, 0.0
1588, 0.0
1589, 0.0
1590, 0.0
1591, 0.0
1592, 0.0
1593, 0.0
1594, 0.0
1595, 0.0
1596, 0.0
1597, 0.0
1598, 0.0
1599, 0.0
