30, 0.0
31, 0.0
32, 0.0
33, 0.0
34, 0.0
35, 0.0
36, 0.0
37, 0.0
38, 0.0
39, 0.0
40, 0.0
41, 0.0
42, 0.0
43, 0.0
44, 0.0
45, 0.0
46, 0.0
47, 0.0
48, 0.0
49, 0.0
50, 0.0
51, 0.0
52, 0.0
53, 0.0
54, 0.0
55, 0.0
56, 0.0
57, 0.0
58, 0.0
59, 0.0
60, 0.0
61, 0.0
62, 0.0
63, 0.0
64, 0.0
65, 0.0
66, 0.0
67, 0.0
68, 0.0
69, 0.0
70, 0.0
71, 0.0
72, 0.0
73, 0.0
74, 0.0
75, 0.0
76, 0.0
77, 0.0
78, 0.0
79, 0.0
80, 0.0
81, 0.0
82, 0.0
83, 0.0
84, 0.0
85, 0.0
86, 0.0
87, 0.0
88, 0.0
89, 0.0
90, 0.0
91, 0.0
92, 0.0
93, 0.0
94, 0.0
95, 0.0
96, 0.0
97, 0.0
98, 0.0
99, 0.0
100, 0.0
101, 0.0
102, 0.0
103, 0.0
104, 0.0
105, 0.0
106, 0.0
107, 0.0
108, 0.0
109, 0.0
110, 0.0
111, 0.0
112, 0.0
113, 0.0
114, 0.0
115, 0.0
116, 0.0
117, 0.0
118, 0.0
119, 0.0
120, 0.0
121, 0.0
122, 0.0
123, 0.0
124, 0.0
125, 0.0
126, 0.0
127, 0.0
128, 0.0
129, 0.0
130, 0.0
131, 0.0
132, 0.0
133, 0.0
134, 0.0
135, 0.0
136, 0.0
137, 0.0
138, 0.0
139, 0.0
140, 0.0
141, 0.0
142, 0.0
143, 0.0
144, 0.0
145, 0.0
146, 0.0
147, 0.0
148, 0.0
149, 0.0
150.0, 6.556511430274017e-05
151.0, 0.0012773732766472824
152.0, 0.006239404406663255
153.0, 0.01400261079112134
154.0, 0.019555049832956934
155.0, 0.02242596269583677
156.0, 0.02423512542469849
157.0, 0.024499801481034714
158.0, 0.020090567016686253
159.0, 0.014176700554035861
160.0, 0.009328931460745203
161.0, 0.0027468915065486793
162.0, 0.001065921411591687
163.0, 0.001742246671009747
164.0, 0.0015593696930050222
165.0, 0.0005763440437325353
166.0, 0.001384071672876268
167.0, 0.0015581842294113113
168.0, 0.0019440208457512007
169.0, 0.006980396943120485
170.0, 0.008383806862783732
171.0, 0.01010669938035307
172.0, 0.011494434146113643
173.0, 0.01202427551561762
174.0, 0.014941161199831878
175.0, 0.015382883119654725
176.0, 0.013726309525259078
177.0, 0.012763604666720295
178.0, 0.014553275421788428
179.0, 0.012753067580900071
180.0, 0.01258362212077629
181.0, 0.012340797311439064
182.0, 0.00886573317221847
183.0, 0.01136470333475264
184.0, 0.013856631939111328
185.0, 0.015268264755500595
186.0, 0.016155122398113564
187.0, 0.01642740016784514
188.0, 0.020324608440358844
189.0, 0.025575508732956602
190.0, 0.030026136829489056
191.0, 0.03352771719783691
192.0, 0.036195448252610105
193.0, 0.04141182782966426
194.0, 0.04687980104055481
195.0, 0.05006409146040476
196.0, 0.05592424406723453
197.0, 0.061563304664741976
198.0, 0.065808731330727
199.0, 0.07015722332856515
200.0, 0.07789849086035706
201.0, 0.08434207275281513
202.0, 0.090827271372212
203.0, 0.09778833821963807
204.0, 0.10454781463160849
205.0, 0.11180606468501587
206.0, 0.1223255844314691
207.0, 0.131543169247154
208.0, 0.13732792796156942
209.0, 0.1475095669738887
210.0, 0.154635335663853
211.0, 0.16214605608258045
212.0, 0.17309901265760141
213.0, 0.1873914825202338
214.0, 0.1975308410288338
215.0, 0.2093263854645842
216.0, 0.22576380025378287
217.0, 0.24553592836438054
218.0, 0.2633229557017959
219.0, 0.27705918509320326
220.0, 0.29148539535220175
221.0, 0.3067626662471743
222.0, 0.31820695409561606
223.0, 0.3297380015734637
224.0, 0.3338099142473185
225.0, 0.33162401143970655
226.0, 0.32576513133186563
227.0, 0.31381358907290247
228.0, 0.2944468171268035
229.0, 0.27132012424690943
230.0, 0.24789362758028682
231.0, 0.22502660013833806
232.0, 0.2025364938276638
233.0, 0.18182596731168682
234.0, 0.16302910427822156
235.0, 0.1464435075235984
236.0, 0.13401818673657445
237.0, 0.12239244082424837
238.0, 0.11312735977997317
239.0, 0.10666250838568393
240.0, 0.10174605891890748
241.0, 0.09918700896388563
242.0, 0.09466585417501394
243.0, 0.0895084075644433
244.0, 0.08659202196087347
245.0, 0.08608162073447664
246.0, 0.0815001920281862
247.0, 0.07680993691321489
248.0, 0.07306661125216989
249.0, 0.06770661956529914
250.0, 0.0628910864243018
251.0, 0.06130006750285962
252.0, 0.05973533228838166
253.0, 0.055569039730609386
254.0, 0.051828931393027945
255.0, 0.04772185128296509
256.0, 0.04575065338184386
257.0, 0.045148691231267586
258.0, 0.04257697257509457
259.0, 0.03642484420116629
260.0, 0.031049682078208487
261.0, 0.026911784259131728
262.0, 0.023099683432580464
263.0, 0.018786942623270905
264.0, 0.01531760522416176
265.0, 0.010436647720130126
266.0, 0.006184892406076567
267.0, 0.005158021323214183
268.0, 0.0020773122234535946
269.0, 0.0013260809765171285
270.0, 0.0006067514600844753
271.0, 0.0015620277765797485
272.0, 0.003380909484638079
273.0, 0.0020507894469946665
274.0, 0.0010621553375339625
275.0, 0.001797697299213099
276.0, 0.003427496130191901
277.0, 0.0016499993417520796
278.0, 0.0016436118002779655
279.0, 0.00334104476410495
280.0, 0.004460702290103978
281.0, 0.003112750329476806
282.0, 0.0035426275864509048
283.0, 0.003502544498656802
284.0, 0.003242719710462133
285.0, 0.002885140388575819
286.0, 0.0012129998261762814
287.0, 0.002340658246180417
288.0, 0.00012701089670917327
289.0, 0.0023466803966806504
290.0, 0.00013134137051749103
291.0, 0.0014980833283356324
292.0, 0.0028369612134238305
293.0, 0.004530608435670134
294.0, 0.006476818802635748
295.0, 0.007434601087134693
296.0, 0.009203902441420459
297.0, 0.008851560256920996
298.0, 0.008074967151829121
299.0, 0.008561282948109983
300.0, 0.009071764651795655
301.0, 0.0077661834311124715
302.0, 0.008364852213211793
303.0, 0.009143618304612775
304.0, 0.007851183351968015
305.0, 0.008257484977135555
306.0, 0.010617610787971627
307.0, 0.010702634237665562
308.0, 0.009072549534911357
309.0, 0.009414823081654011
310.0, 0.009834851844736446
311.0, 0.010077088435103684
312.0, 0.011058635267992958
313.0, 0.013303722205879654
314.0, 0.016154269299620123
315.0, 0.015527268165496029
316.0, 0.017285248708037954
317.0, 0.020076594112434322
318.0, 0.02141242110655103
319.0, 0.022865108547955072
320.0, 0.023226207070223933
321.0, 0.025633050502474226
322.0, 0.028422986682109314
323.0, 0.028779987800365302
324.0, 0.029983884561244883
325.0, 0.03148319992988042
326.0, 0.03392350116407012
327.0, 0.03635165463721892
328.0, 0.03683052514637484
329.0, 0.038168930828252956
330.0, 0.04188603460464015
331.0, 0.044255665236167516
332.0, 0.0441608352079445
333.0, 0.045618332764752245
334.0, 0.04492425210495608
335.0, 0.04437688799242777
336.0, 0.044022954776022534
337.0, 0.043390124672637274
338.0, 0.04357328983538483
339.0, 0.04412022003454259
340.0, 0.0419580601933328
341.0, 0.03880916686679234
342.0, 0.03760061094664042
343.0, 0.035963669809344054
344.0, 0.036441152295742754
345.0, 0.03615322509632171
346.0, 0.03517369139214159
347.0, 0.03512702944396839
348.0, 0.03357554277765143
349.0, 0.03557691641869136
350.0, 0.03764436136725567
351.0, 0.03755453706937796
352.0, 0.037670600019027396
353.0, 0.040553589670787746
354.0, 0.04529250229766812
355.0, 0.04814590024008947
356.0, 0.04922537475798362
357.0, 0.05299816555749703
358.0, 0.055612349821291936
359.0, 0.06222234721024458
360.0, 0.06746892439807571
361.0, 0.06995955979456082
362.0, 0.07828454960217308
363.0, 0.0821980633508497
364.0, 0.08743345169994726
365.0, 0.09474230877414554
366.0, 0.10250851309542197
367.0, 0.11137879339892214
368.0, 0.12118643619038523
369.0, 0.1281679964471038
370.0, 0.13336275628640132
371.0, 0.13802094757034866
372.0, 0.1359390311346329
373.0, 0.13364084846029745
374.0, 0.13092588735868363
375.0, 0.12642582639798752
376.0, 0.11987184270740182
377.0, 0.11377350733150662
378.0, 0.10995112060551025
379.0, 0.1113941520934522
380.0, 0.1137777863736745
381.0, 0.11191308062481453
382.0, 0.11586713668918244
383.0, 0.12442811947703163
384.0, 0.1314827882717489
385.0, 0.13768497440173752
386.0, 0.14803097564870976
387.0, 0.1596298797053693
388.0, 0.17290190769082805
389.0, 0.18644001884941416
390.0, 0.19986672428947566
391.0, 0.21407540263623753
392.0, 0.22707676278497924
393.0, 0.23650134448835142
394.0, 0.24186092928075723
395.0, 0.24229453205361637
396.0, 0.2362992376930739
397.0, 0.22052704512709448
398.0, 0.2022591317906701
399.0, 0.18208229640146237
400.0, 0.16082723134706975
401.0, 0.14065048549313675
402.0, 0.12403247789728256
403.0, 0.1071185286443466
404.0, 0.09155442970439537
405.0, 0.07925705468951108
406.0, 0.07011141362607345
407.0, 0.06204171195958668
408.0, 0.059637387758660045
409.0, 0.054668368654215656
410.0, 0.04682979021315371
411.0, 0.044449944826266
412.0, 0.04557899415377756
413.0, 0.04361550214314119
414.0, 0.043241398077083736
415.0, 0.044214346750164606
416.0, 0.041964509655564274
417.0, 0.04232472805010251
418.0, 0.041827290637227316
419.0, 0.0388200949865725
420.0, 0.03657979772835721
421.0, 0.037532336256360835
422.0, 0.033406993513917536
423.0, 0.029986617959883888
424.0, 0.030295789737764006
425.0, 0.03092589154898401
426.0, 0.02677212689667797
427.0, 0.024671789609798343
428.0, 0.024811154691829016
429.0, 0.024700326571512325
430.0, 0.023456832112400995
431.0, 0.02208197112890269
432.0, 0.021560296774689604
433.0, 0.01759478136252998
434.0, 0.014478666330756855
435.0, 0.01274797552518559
436.0, 0.010292500653842377
437.0, 0.0080478157373472
438.0, 0.006396174640568922
439.0, 0.004104006947749161
440.0, 0.0011813501581924447
441.0, 0.0005887574083774663
442.0, 0.0007647188568050642
443.0, 0.0004815676753445059
444.0, 0.0020737661335557605
445.0, 0.003516296622483216
446.0, 0.004401828536212963
447.0, 0.0038879923233514544
448.0, 0.007024026813121678
449.0, 0.006451779790780455
450.0, 0.004579429805464897
451.0, 0.004079369762169445
452.0, 0.003039758588706215
453.0, 0.0031470927752341366
454.0, 0.0024240214992945776
455.0, 0.0012779248872205422
456.0, 0.0006466671946205713
457.0, 0.002973819261686935
458.0, 0.0026635350555061035
459.0, 0.0026373300545170443
460.0, 0.004709375969156446
461.0, 0.0066605447312244465
462.0, 0.006388734289932245
463.0, 0.00859392498116938
464.0, 0.00954628106654646
465.0, 0.008960133949826561
466.0, 0.00879468017893789
467.0, 0.010285930928228259
468.0, 0.010390377511609582
469.0, 0.01078513240148871
470.0, 0.012325668364171618
471.0, 0.013118864983524723
472.0, 0.012359266505834092
473.0, 0.013186683613972617
474.0, 0.013103366277147362
475.0, 0.010400703066206657
476.0, 0.008829671535192426
477.0, 0.010228891878155823
478.0, 0.010896596442735678
479.0, 0.008717996328292192
480.0, 0.006101907393199182
481.0, 0.00590758262907383
482.0, 0.007681260155746998
483.0, 0.008408499310490258
484.0, 0.006645824506491655
485.0, 0.006861692192532818
486.0, 0.00901506825050297
487.0, 0.010864035831875854
488.0, 0.011098080106867884
489.0, 0.011631535039047883
490.0, 0.012121968715433275
491.0, 0.015065159194771126
492.0, 0.017177307893210886
493.0, 0.01698738980300867
494.0, 0.020452119782815973
495.0, 0.02333193338231079
496.0, 0.026633027343010998
497.0, 0.028684089345240107
498.0, 0.03107193897187638
499.0, 0.03646105322095681
500.0, 0.03755848989008919
501.0, 0.039433810602557
502.0, 0.04210229069334133
503.0, 0.04375752019160591
504.0, 0.04417007510716591
505.0, 0.048051907502441996
506.0, 0.0493779196036944
507.0, 0.048815522208739075
508.0, 0.04811843412935244
509.0, 0.04803430846445525
510.0, 0.048292474763687185
511.0, 0.0488650861531722
512.0, 0.04991538389055435
513.0, 0.04854581904880752
514.0, 0.04686955668927299
515.0, 0.04869728985171543
516.0, 0.04877277443019228
517.0, 0.046421740950883
518.0, 0.04467878860340066
519.0, 0.04477918935479052
520.0, 0.04519327705508848
521.0, 0.04117223967835142
522.0, 0.0375996754626372
523.0, 0.03488299662496227
524.0, 0.030997994042246187
525.0, 0.026857170476558632
526.0, 0.02576219387553841
527.0, 0.02408024984045562
528.0, 0.022300913865024332
529.0, 0.020335662845264293
530.0, 0.01922139588623189
531.0, 0.01934582564875716
532.0, 0.018109278342734722
533.0, 0.015276282382530157
534.0, 0.015126514698469064
535.0, 0.014791917753965886
536.0, 0.012952170948951075
537.0, 0.01348308683523029
538.0, 0.014848762735094088
539.0, 0.011148910534204255
540.0, 0.007027876790865983
541.0, 0.006690035658060087
542.0, 0.008662540951392024
543.0, 0.00667156411542607
544.0, 0.006179078749601313
545.0, 0.005670253417401202
546.0, 0.005998024250683208
547.0, 0.007411272956376791
548.0, 0.007998548200888798
549.0, 0.004976007167781805
550.0, 0.005196593688540221
551.0, 0.006286094242062503
552.0, 0.005092246004389253
553.0, 0.0028562670533959045
554.0, 0.0051673061068909995
555.0, 0.004969250753893261
556.0, 0.004172473793738353
557.0, 0.004670002907613873
558.0, 0.005505048849372658
559.0, 0.005203191490828893
560.0, 0.0071370892290679114
561.0, 0.006855458368497375
562.0, 0.005081740761881443
563.0, 0.005071626915707882
564.0, 0.006885522304745204
565.0, 0.005045780348188567
566.0, 0.006247763678593368
567.0, 0.007727278677926885
568.0, 0.007904758755484917
569.0, 0.007415914593084024
570.0, 0.007143571306268424
571.0, 0.007868427159772992
572.0, 0.007663116071326254
573.0, 0.008761154378054801
574.0, 0.00958760228568881
575.0, 0.009493707601865771
576.0, 0.010533058529373
577.0, 0.010775108566055881
578.0, 0.01190348614246163
579.0, 0.01345271719843493
580.0, 0.013408197205786499
581.0, 0.012263319054895042
582.0, 0.014055707950517944
583.0, 0.01294939067810733
584.0, 0.01268752191166238
585.0, 0.01137260071269267
586.0, 0.008656000752436074
587.0, 0.007271582257313211
588.0, 0.008164539915831853
589.0, 0.005476132324197287
590.0, 0.004926144156808474
591.0, 0.005632396516945837
592.0, 0.00430717682380714
593.0, 0.001346002749191724
594.0, 0.0028706309690399207
595.0, 0.0006806197466900817
596.0, 0.0003735532546396335
597.0, 0.002468027634340789
598.0, 0.0030634057498558943
599.0, 0.0004335744314908905
600.0, 0.00016387508342426274
601.0, 0.00044848713493684335
602.0, 0.0017317138636018304
603.0, 0.0024776357441402487
604.0, 0.0010045853579042027
605.0, 0.0006947512138972763
606.0, 0.0010643511230678632
607.0, 0.000517930532603584
608.0, 0.00037409343530809777
609.0, 0.0002485869802876417
610.0, 0.0009891345935858838
611.0, 0.00122834380920373
612.0, 0.00034930689000312455
613.0, 0.0001906367210900571
614.0, 0.0019812310823989587
615.0, 0.0026944193700223144
616.0, 0.0001640269964880336
617.0, 0.0017651215151603084
618.0, 0.0024230195215445734
619.0, 0.0019530676877526456
620.0, 0.00224903377137243
621.0, 0.0022949828960394107
622.0, 0.0004948341673211366
623.0, 0.0013528224447442998
624.0, 0.0025427689753961423
625.0, 0.0005786655120258687
626.0, 0.0022861018212831145
627.0, 0.0012139407989748684
628.0, 0.0033915615553160197
629.0, 0.000761715249550563
630.0, 0.002477970773600294
631.0, 0.004215272943682294
632.0, 0.004840792674682074
633.0, 0.006119189072353853
634.0, 0.007302074749646704
635.0, 0.007462150581882006
636.0, 0.006567283671441145
637.0, 0.009345277694629613
638.0, 0.013224480806443076
639.0, 0.015037587855084961
640.0, 0.016855178421750792
641.0, 0.018808681775143263
642.0, 0.019016932867356954
643.0, 0.021301641155233298
644.0, 0.02494612031737226
645.0, 0.027606256757401176
646.0, 0.030476246152449076
647.0, 0.03431232758519014
648.0, 0.03650985415230359
649.0, 0.03927505348852541
650.0, 0.044551107470054946
651.0, 0.051857698563537585
652.0, 0.058820556087057725
653.0, 0.0650981849317549
654.0, 0.07417800674360059
655.0, 0.08318568125667034
656.0, 0.09298434329179128
657.0, 0.10517004854201777
658.0, 0.11826596673660708
659.0, 0.13278898134501463
660.0, 0.15073085796067665
661.0, 0.1681726941764222
662.0, 0.18899347040375847
663.0, 0.21594618994174275
664.0, 0.2446617926895683
665.0, 0.2762231923943555
666.0, 0.3076248732812912
667.0, 0.344735340912186
668.0, 0.3840339790861347
669.0, 0.42351452789872013
670.0, 0.4691583104064896
671.0, 0.5185756024852648
672.0, 0.5749764285441415
673.0, 0.636848475663243
674.0, 0.702290800169896
675.0, 0.7721449387316325
676.0, 0.8460359485663349
677.0, 0.9128618165427819
678.0, 0.9640494821677903
679.0, 0.9954244022660235
680.0, 0.9938506925673325
681.0, 0.9561937960223872
682.0, 0.8893190959157847
683.0, 0.7947683429757698
684.0, 0.6913692615581714
685.0, 0.5866475013936739
686.0, 0.4878303145349437
687.0, 0.4044132355981467
688.0, 0.33880815032294836
689.0, 0.28056676658240215
690.0, 0.2344705295621767
691.0, 0.20052618384200516
692.0, 0.1731749394118845
693.0, 0.1499066559136614
694.0, 0.1302043398824585
695.0, 0.11290463669127619
696.0, 0.10323415399667014
697.0, 0.09307947610609058
698.0, 0.0816356512240587
699.0, 0.07162513282873205
700.0, 0.06568560163697769
701.0, 0.06312237624107545
702.0, 0.05853379213254254
703.0, 0.05300879359436316
704.0, 0.05169091841040374
705.0, 0.05068358648926932
706.0, 0.04739940696525814
707.0, 0.044842459025940036
708.0, 0.04731288310077168
709.0, 0.04679749595548304
710.0, 0.04630087283516668
711.0, 0.046914417659561926
712.0, 0.0478166947831431
713.0, 0.047799187859997545
714.0, 0.04688832657898147
715.0, 0.04511257224609977
716.0, 0.04282280284554165
717.0, 0.042586022792770434
718.0, 0.04063830356852585
719.0, 0.03759456751049425
720.0, 0.03947777050874303
721.0, 0.03828374096183916
722.0, 0.03601632168215349
723.0, 0.036152263930741085
724.0, 0.0355635867345474
725.0, 0.03354324632316298
726.0, 0.032215780590390215
727.0, 0.031249943323297936
728.0, 0.03570718165162313
729.0, 0.03480797291428166
730.0, 0.02904194509338289
731.0, 0.027535230183003388
732.0, 0.02929299084840806
733.0, 0.023793782468298615
734.0, 0.02348307686599542
735.0, 0.020820487802306893
736.0, 0.01809812491198275
737.0, 0.016967005579700656
738.0, 0.016888860965780253
739.0, 0.015570256362173601
740.0, 0.011831899514620684
741.0, 0.010880605742076544
742.0, 0.010097879232403649
743.0, 0.008266638956627975
744.0, 0.008081412781554597
745.0, 0.009347888344612337
746.0, 0.007321797039456829
747.0, 0.003569137925971029
748.0, 0.002522669138680704
749.0, 0.0031635950098921834
750.0, 0.0031699209583375496
751.0, 0.0029047931469619974
752.0, 0.0032923854333423955
753.0, 0.001903252411019461
754.0, 0.0010181662842409789
755.0, 0.0004822094194394329
756.0, 0.0009949704734536198
757.0, 0.0006955381383391307
758.0, 0.0003004942473157356
759.0, 0.0012357497284099313
760.0, 0.001775731243110887
761.0, 0.0006209841435767356
762.0, 0.00032925804190990314
763.0, 0.0007432016679477674
764.0, 0.0014907049227766993
765.0, 0.003175765350375655
766.0, 0.00023726653715721072
767.0, 0.0008035410050945775
768.0, 0.0009867234924015246
769.0, 0.001248936917656082
770.0, 0.0003964695188984588
771.0, 0.0012516557291854889
772.0, 0.0005596107072807703
773.0, 0.0005009121809302591
774.0, 0.0011031405539232634
775.0, 0.0002546914414763
776.0, 0.0008042501857108361
777.0, 0.0005488820645443023
778.0, 0.0002677054704118431
779.0, 0.0005373191537558217
780.0, 0.0003395452022153921
781.0, 0.0019079234396331911
782.0, 0.0006543006439434204
783.0, 0.0009553403257903951
784.0, 0.0020506125700732072
785.0, 0.0021355854549584643
786.0, 0.003351353905164061
787.0, 0.00398252357633983
788.0, 0.0025323332511072213
789.0, 0.0018728885935982928
790.0, 0.0034285858494809956
791.0, 0.0035415928700935043
792.0, 0.0020772861431202104
793.0, 0.005239844380220787
794.0, 0.005545206854505937
795.0, 0.006218129699450695
796.0, 0.005928069085780053
797.0, 0.004043106408780685
798.0, 0.004382799478310486
799.0, 0.00711556387690989
800.0, 0.0058206788766545165
801.0, 0.004792183977179867
802.0, 0.002734783215113054
803.0, 0.0050104278852387005
804.0, 0.005461043834264853
805.0, 0.004313786637388359
806.0, 0.005246809869760782
807.0, 0.004511508266258423
808.0, 0.005717420601364608
809.0, 0.005301843946630391
810.0, 0.004115246638085392
811.0, 0.0046004161119701775
812.0, 0.004115891159297997
813.0, 0.00206491967505308
814.0, 0.004305883675987364
815.0, 0.004316337468541734
816.0, 0.0037473965859602036
817.0, 0.0039414416057134425
818.0, 0.0045525517278219045
819.0, 0.00472700941903754
820.0, 0.0041053077934120885
821.0, 0.003227824487465842
822.0, 0.0017870202434085152
823.0, 0.0031052430242461382
824.0, 0.0012321860219348937
825.0, 0.0005071283124668633
826.0, 0.0014033990402782246
827.0, 0.0008784586943998594
828.0, 0.0005595343541351509
829.0, 0.0020462630726505084
830.0, 0.0027254267430132247
831.0, 0.002927062481157103
832.0, 0.00112817198618267
833.0, 0.0006133181571038775
834.0, 0.0021503555539575804
835.0, 0.0013379477745530332
836.0, 0.0012491410211317678
837.0, 0.0010305932987585344
838.0, 0.0009263635725465023
839.0, 0.0006472417669230882
840.0, 0.0009506982932934714
841.0, 0.0008277680101658428
842.0, 0.0008023058369336187
843.0, 0.00023310470440908085
844.0, 0.00043271723758690794
845.0, 0.0006359187932719715
846.0, 0.0004298361780767772
847.0, 0.0005573461231026671
848.0, 0.00019859751419201306
849.0, 0.0005443473777926028
850.0, 0.00013968015035132695
851.0, 0.0012059208297339836
852.0, 0.00173350754616469
853.0, 0.0006013104783430793
854.0, 0.0017272769196752396
855.0, 0.0014730950163231536
856.0, 0.001533147185920706
857.0, 0.0017542743141239208
858.0, 0.002187370951608738
859.0, 0.0033476022447825374
860.0, 0.0025085501868279355
861.0, 0.0016355788562566176
862.0, 0.001865556059268712
863.0, 0.0025750894337950385
864.0, 0.0034359005887894087
865.0, 0.003981442680204429
866.0, 0.002174087440215721
867.0, 0.004832980458616209
868.0, 0.005518380256284196
869.0, 0.006931818782581317
870.0, 0.009143533163770902
871.0, 0.009573517986670648
872.0, 0.012257459499631272
873.0, 0.011950222764497304
874.0, 0.011275670459809418
875.0, 0.01030253415806419
876.0, 0.010469028461851245
877.0, 0.012940645599128692
878.0, 0.015194278307210846
879.0, 0.014658401188887473
880.0, 0.015344453566620526
881.0, 0.014434436332804544
882.0, 0.014093931057304152
883.0, 0.013580286073343377
884.0, 0.015289420334190089
885.0, 0.01626338104741771
886.0, 0.014065015023834795
887.0, 0.014518843740974759
888.0, 0.014209001869830798
889.0, 0.013073192509127791
890.0, 0.012379351034198387
891.0, 0.01055121664910679
892.0, 0.009507374883531015
893.0, 0.010081407888352321
894.0, 0.010304505606641734
895.0, 0.00985578542442593
896.0, 0.010062538968895765
897.0, 0.008156971904965546
898.0, 0.005941278104027171
899.0, 0.00477577321944871
900.0, 0.006812748063285774
901.0, 0.0097309367969311
902.0, 0.008372673782298926
903.0, 0.007256686065883177
904.0, 0.007031808412883865
905.0, 0.009081758693435887
906.0, 0.010409215430817945
907.0, 0.011152468111595483
908.0, 0.012001140042762468
909.0, 0.013126862169926552
910.0, 0.015151169848516038
911.0, 0.014624531008314082
912.0, 0.019963951159410676
913.0, 0.01936648015564288
914.0, 0.019857046418153158
915.0, 0.023013001698748578
916.0, 0.025819805066432683
917.0, 0.028671455159245633
918.0, 0.032255710434034204
919.0, 0.033412785063119226
920.0, 0.037262692780426834
921.0, 0.03911777948724649
922.0, 0.03865412702357516
923.0, 0.03972816485347876
924.0, 0.043174009161232596
925.0, 0.046469649359897204
926.0, 0.0474803807987028
927.0, 0.046924253966868765
928.0, 0.049106240499012334
929.0, 0.047520656350458254
930.0, 0.04760584639150115
931.0, 0.04690198661937842
932.0, 0.04335150297380154
933.0, 0.0420599142772207
934.0, 0.04450985543878614
935.0, 0.04303875830820726
936.0, 0.04303270062509952
937.0, 0.04283503277321175
938.0, 0.0387833537128637
939.0, 0.038319428429802564
940.0, 0.039351074307276884
941.0, 0.0352668518817833
942.0, 0.03508879253111945
943.0, 0.03568928170940777
944.0, 0.035755702023282473
945.0, 0.03912601834563701
946.0, 0.037895623008466064
947.0, 0.035198524999695835
948.0, 0.03504286898482692
949.0, 0.03540432001062637
950.0, 0.03445201240587248
951.0, 0.03584554040771962
952.0, 0.03190281480372574
953.0, 0.03196315952964434
954.0, 0.030805513391406338
955.0, 0.028304059377137352
956.0, 0.024504019291392974
957.0, 0.019367499682418295
958.0, 0.016389609314341448
959.0, 0.01709783407683454
960.0, 0.014072002626564764
961.0, 0.009688343247201149
962.0, 0.00914336720714683
963.0, 0.007838300302802822
964.0, 0.00664306602162658
965.0, 0.0062955347239022335
966.0, 0.004763574862960241
967.0, 0.00480206632478036
968.0, 0.0054663905418248105
969.0, 0.0035731183053823
970.0, 0.005015669464824087
971.0, 0.003544149428165983
972.0, 0.00329526777585785
973.0, 0.006897904671679054
974.0, 0.008755911367469784
975.0, 0.006045297812456779
976.0, 0.005273926714781537
977.0, 0.0018367362490950027
978.0, 0.0006125564856267843
979.0, 0.003613814551725579
980.0, 0.005270770537935591
981.0, 0.0034281077916357046
982.0, 0.0012266656389865601
983.0, 0.001449524861809215
984.0, 0.0025667222453585738
985.0, 0.000758138327482255
986.0, 0.0030193873947618544
987.0, 0.0019504666232294042
988.0, 0.0005790159776272613
989.0, 0.0011596860115089525
990.0, 0.0010280752085622994
991.0, 0.0007579604877088131
992.0, 0.0020568547789884197
993.0, 0.00026954488347068385
994.0, 0.002130377364331127
995.0, 0.0033547990354119155
996.0, 0.0020318526295226447
997.0, 0.0009659674741953519
998.0, 0.0011468491932925308
999.0, 0.0020509354093874903
1000.0, 0.000670526624509629
1001.0, 0.0001641610981295155
1002.0, 0.0015219418937195532
1003.0, 0.0015123795587044975
1004.0, 0.0009040796151556921
1005.0, 0.0004219729506456443
1006.0, 0.0004082248574085182
1007.0, 8.964284216015697e-05
1008.0, 4.7027020239484183e-05
1009.0, 0.0005978448614823895
1010.0, 0.0009426889491736318
1011.0, 0.0014936621180313108
1012.0, 0.0008773398929325223
1013.0, 0.001674155038663242
1014.0, 0.0033470967915339433
1015.0, 0.002419653372071629
1016.0, 0.003166425261674887
1017.0, 0.005288971624943949
1018.0, 0.004449379220380229
1019.0, 0.004723680793780508
1020.0, 0.003975020947872682
1021.0, 0.0036115185345405483
1022.0, 0.005701222098813407
1023.0, 0.007033416047988097
1024.0, 0.009942938377603367
1025.0, 0.011653379933078462
1026.0, 0.011869323070670314
1027.0, 0.01287817598606335
1028.0, 0.012926984361314366
1029.0, 0.016819402575284487
1030.0, 0.016854189558588428
1031.0, 0.02165719159053991
1032.0, 0.023323279391265127
1033.0, 0.025561905290572336
1034.0, 0.027096043105163062
1035.0, 0.027465658329469116
1036.0, 0.028530893865228238
1037.0, 0.029484692739809453
1038.0, 0.03341732106337496
1039.0, 0.03479805776173516
1040.0, 0.03390402684071298
1041.0, 0.0357227441178866
1042.0, 0.036736770140304895
1043.0, 0.03900806387422328
1044.0, 0.04131712666647837
1045.0, 0.04259741705910521
1046.0, 0.044945912736258795
1047.0, 0.04761203786073805
1048.0, 0.05164440999758113
1049.0, 0.05173060397665834
1050.0, 0.05470313000218716
1051.0, 0.05735825057468072
1052.0, 0.05921189843046301
1053.0, 0.06184232353181865
1054.0, 0.0644788696459305
1055.0, 0.06665483349132946
1056.0, 0.07053094256343724
1057.0, 0.07460230433777716
1058.0, 0.07851997237895547
1059.0, 0.08137133595666252
1060.0, 0.08362634708286892
1061.0, 0.08688656768806804
1062.0, 0.09228789499281606
1063.0, 0.09698425304583586
1064.0, 0.09972815216234866
1065.0, 0.10362248137023058
1066.0, 0.1086620593310111
1067.0, 0.11265237617386664
1068.0, 0.11646636321162783
1069.0, 0.11497882825264685
1070.0, 0.11758632896287265
1071.0, 0.11774958144132516
1072.0, 0.11798470685659385
1073.0, 0.11918688102485624
1074.0, 0.11650795947382166
1075.0, 0.11252830056404926
1076.0, 0.11280058630116795
1077.0, 0.11256426707811881
1078.0, 0.10945849079131001
1079.0, 0.10550244359945814
1080.0, 0.10007061076069056
1081.0, 0.09493125522761758
1082.0, 0.09250071445285982
1083.0, 0.09207085469394254
1084.0, 0.08984741039949205
1085.0, 0.08488511394087951
1086.0, 0.08384762043651035
1087.0, 0.0784707449179974
1088.0, 0.07272632635166587
1089.0, 0.06929224725111593
1090.0, 0.06469961619892264
1091.0, 0.059806289641645624
1092.0, 0.05577496011011424
1093.0, 0.05028381915011259
1094.0, 0.04479013816583562
1095.0, 0.042826761491580836
1096.0, 0.03929654774432154
1097.0, 0.03772483727016171
1098.0, 0.032865848435501145
1099.0, 0.029679244881230346
1100.0, 0.025791635541948316
1101.0, 0.023568069221054963
1102.0, 0.02357224766965385
1103.0, 0.024067602768995316
1104.0, 0.022719899585796025
1105.0, 0.020557441076780505
1106.0, 0.020993641656636277
1107.0, 0.0167900706445374
1108.0, 0.01598927886838579
1109.0, 0.015867896286456185
1110.0, 0.015980103221609747
1111.0, 0.014169522013650036
1112.0, 0.01153561258390898
1113.0, 0.009693031297150755
1114.0, 0.009826714903417796
1115.0, 0.011141561185573823
1116.0, 0.010495841330850679
1117.0, 0.008770550361589255
1118.0, 0.006443212376133971
1119.0, 0.01138977568349605
1120.0, 0.009390253712116575
1121.0, 0.00584518263929006
1122.0, 0.006672833520201378
1123.0, 0.007408531123841258
1124.0, 0.006327749618647447
1125.0, 0.006474428154578974
1126.0, 0.007936361495281825
1127.0, 0.007413416663835709
1128.0, 0.0018481546571113077
1129.0, 0.0009912089997134532
1130.0, 0.00470654679442917
1131.0, 0.002878178330241305
1132.0, 0.0027273448976118967
1133.0, 0.0029244262005606596
1134.0, 0.002771885602044115
1135.0, 0.0038824080076540826
1136.0, 0.004022465383171742
1137.0, 0.0020997804520977454
1138.0, 0.001720428558462507
1139.0, 0.002428566426294704
1140.0, 0.0010210903884157825
1141.0, 0.002705513481688717
1142.0, 0.0021702147091152845
1143.0, 0.0008545532338146583
1144.0, 0.0025165893274234465
1145.0, 0.004202356956695609
1146.0, 0.0036559508268527423
1147.0, 0.0019081738673585552
1148.0, 0.0013465319845661697
1149.0, 0.006404260788533324
1150.0, 0.005995724552342307
1151.0, 0.003719324419650424
1152.0, 0.0033276168211776626
1153.0, 0.0037620792619968567
1154.0, 0.004169949166017045
1155.0, 0.0031932777187851456
1156.0, 0.0010430524204861605
1157.0, 0.0019596075167017443
1158.0, 0.004434453296811628
1159.0, 0.0020145344260522756
1160.0, 0.0004549638795468846
1161.0, 8.07117148416184e-05
1162.0, 7.916711631019265e-05
1163.0, 0.001385078738160468
1164.0, 0.001049042368447967
1165.0, 0.000891198392186054
1166.0, 0.00013171324149607202
1167.0, 0.0003255081205009284
1168.0, 0.00043571099463801845
1169.0, 0.0002712688607420025
1170.0, 0.0005439244908347096
1171.0, 0.0007621129628293139
1172.0, 0.0028185199206416825
1173.0, 0.0006602853935304669
1174.0, 0.0004968203896775192
1175.0, 0.00028005189953697097
1176.0, 0.0008390713187760256
1177.0, 0.00022922144497487457
1178.0, 0.0006569830150358861
1179.0, 0.002552651415275363
1180.0, 0.002124374796993899
1181.0, 0.0005352858042731764
1182.0, 0.0005812413215671496
1183.0, 0.0007963466319824809
1184.0, 0.0020658142361950453
1185.0, 0.0011852481794532009
1186.0, 0.0014348645937165372
1187.0, 0.0009189315332758036
1188.0, 0.0022294645886442293
1189.0, 0.0030003725953812047
1190.0, 0.003592549950686957
1191.0, 0.004934184591394148
1192.0, 0.004881710126424409
1193.0, 0.003075027511778773
1194.0, 0.0017628899602225101
1195.0, 0.0010577755169654834
1196.0, 0.0032389422987196426
1197.0, 0.00425089406244481
1198.0, 0.003340459861036577
1199.0, 0.003921576013780466
1200.0, 0.0034673715328738777
1201.0, 0.003002073935161742
1202.0, 0.005753462053683958
1203.0, 0.00755270940176256
1204.0, 0.005838045177060364
1205.0, 0.004789569060028083
1206.0, 0.006586689307755856
1207.0, 0.007478945764908794
1208.0, 0.007063605326286647
1209.0, 0.005004067435942817
1210.0, 0.0061874951448629015
1211.0, 0.00578735163618318
1212.0, 0.006238289544981796
1213.0, 0.006722938347296193
1214.0, 0.004426060668995238
1215.0, 0.0039763089250141334
1216.0, 0.005334865634530247
1217.0, 0.005643668598193731
1218.0, 0.0053489136217081314
1219.0, 0.005731093717424817
1220.0, 0.006613605916479996
1221.0, 0.006755287122637196
1222.0, 0.007746595390463058
1223.0, 0.006892990218902733
1224.0, 0.006888066101006322
1225.0, 0.006101530594421899
1226.0, 0.008388424469084034
1227.0, 0.009248555266733106
1228.0, 0.008069417481651768
1229.0, 0.008891602096334673
1230.0, 0.0071724421313792705
1231.0, 0.0037132011635420893
1232.0, 0.004475796190637427
1233.0, 0.0037063994175912138
1234.0, 0.006502614655806568
1235.0, 0.004512491256765504
1236.0, 0.006011150884021673
1237.0, 0.002481581404478406
1238.0, 0.001098374932616498
1239.0, 0.0031909020035148115
1240.0, 0.003238164766962224
1241.0, 0.00468571936502207
1242.0, 0.006144056953329912
1243.0, 0.004964750835561914
1244.0, 0.003565172803799247
1245.0, 0.0037611992120760466
1246.0, 0.004052240017115105
1247.0, 0.0032229546334393254
1248.0, 0.006158298938625219
1249.0, 0.0037182694720306097
1250.0, 0.0024059701077952895
1251.0, 0.004087124750742952
1252.0, 0.0036194239418752164
1253.0, 0.004824053657020973
1254.0, 0.006309056343995235
1255.0, 0.004673603825575759
1256.0, 0.004698394498888566
1257.0, 0.0034537810252226724
1258.0, 0.0019941311741191277
1259.0, 0.005590418998129382
1260.0, 0.0039783265923692525
1261.0, 0.0025012212693528812
1262.0, 0.00036020044956772373
1263.0, 0.002343448113160186
1264.0, 0.002060445615047582
1265.0, 0.004322590213032573
1266.0, 0.0030581239463255737
1267.0, 0.00045845271344250135
1268.0, 0.0010974195428974961
1269.0, 0.0033121608282995147
1270.0, 0.002912574374319308
1271.0, 0.004929218159034698
1272.0, 0.005679287048145393
1273.0, 0.0015895430915248495
1274.0, 0.0037889660978638585
1275.0, 0.002611741035836687
1276.0, 0.0020598825387816776
1277.0, 0.0027222715884317327
1278.0, 0.0015261342317988604
1279.0, 0.0012639919267943543
1280.0, 0.000213136867705623
1281.0, 0.0007668841847829609
1282.0, 0.0016381495335957622
1283.0, 0.001947090275481472
1284.0, 0.0016470078068147995
1285.0, 0.0033086326091659683
1286.0, 0.0028406052998079575
1287.0, 1.0323137810682243e-05
1288, 0.0
1289, 0.0
1290, 0.0
1291, 0.0
1292, 0.0
1293, 0.0
1294, 0.0
1295, 0.0
1296, 0.0
1297, 0.0
1298, 0.0
1299, 0.0
1300, 0.0
1301, 0.0
1302, 0.0
1303, 0.0
1304, 0.0
1305, 0.0
1306, 0.0
1307, 0.0
1308, 0.0
1309, 0.0
1310, 0.0
1311, 0.0
1312, 0.0
1313, 0.0
1314, 0.0
1315, 0.0
1316, 0.0
1317, 0.0
1318, 0.0
1319, 0.0
1320, 0.0
1321, 0.0
1322, 0.0
1323, 0.0
1324, 0.0
1325, 0.0
1326, 0.0
1327, 0.0
1328, 0.0
1329, 0.0
1330, 0.0
1331, 0.0
1332, 0.0
1333, 0.0
1334, 0.0
1335, 0.0
1336, 0.0
1337, 0.0
1338, 0.0
1339, 0.0
1340, 0.0
1341, 0.0
1342, 0.0
1343, 0.0
1344, 0.0
1345, 0.0
1346, 0.0
1347, 0.0
1348, 0.0
1349, 0.0
1350, 0.0
1351, 0.0
1352, 0.0
1353, 0.0
1354, 0.0
1355, 0.0
1356, 0.0
1357, 0.0
1358, 0.0
1359, 0.0
1360, 0.0
1361, 0.0
1362, 0.0
1363, 0.0
1364, 0.0
1365, 0.0
1366, 0.0
1367, 0.0
1368, 0.0
1369, 0.0
1370, 0.0
1371, 0.0
1372, 0.0
1373, 0.0
1374, 0.0
1375, 0.0
1376, 0.0
1377, 0.0
1378, 0.0
1379, 0.0
1380, 0.0
1381, 0.0
1382, 0.0
1383, 0.0
1384, 0.0
1385, 0.0
1386, 0.0
1387, 0.0
1388, 0.0
1389, 0.0
1390, 0.0
1391, 0.0
1392, 0.0
1393, 0.0
1394, 0.0
1395, 0.0
1396, 0.0
1397, 0.0
1398, 0.0
1399, 0.0
1400, 0.0
1401, 0.0
1402, 0.0
1403, 0.0
1404, 0.0
1405, 0.0
1406, 0.0
1407, 0.0
1408, 0.0
1409, 0.0
1410, 0.0
1411, 0.0
1412, 0.0
1413, 0.0
1414, 0.0
1415, 0.0
1416, 0.0
1417, 0.0
1418, 0.0
1419, 0.0
1420, 0.0
1421, 0.0
1422, 0.0
1423, 0.0
1424, 0.0
1425, 0.0
1426, 0.0
1427, 0.0
1428, 0.0
1429, 0.0
1430, 0.0
1431, 0.0
1432, 0.0
1433, 0.0
1434, 0.0
1435, 0.0
1436, 0.0
1437, 0.0
1438, 0.0
1439, 0.0
1440, 0.0
1441, 0.0
1442, 0.0
1443, 0.0
1444, 0.0
1445, 0.0
1446, 0.0
1447, 0.0
1448, 0.0
1449, 0.0
1450, 0.0
1451, 0.0
1452, 0.0
1453, 0.0
1454, 0.0
1455, 0.0
1456, 0.0
1457, 0.0
1458, 0.0
1459, 0.0
1460, 0.0
1461, 0.0
1462, 0.0
1463, 0.0
1464, 0.0
1465, 0.0
1466, 0.0
1467, 0.0
1468, 0.0
1469, 0.0
1470, 0.0
1471, 0.0
1472, 0.0
1473, 0.0
1474, 0.0
1475, 0.0
1476, 0.0
1477, 0.0
1478, 0.0
1479, 0.0
1480, 0.0
1481, 0.0
1482, 0.0
1483, 0.0
1484, 0.0
1485, 0.0
1486, 0.0
1487, 0.0
1488, 0.0
1489, 0.0
1490, 0.0
1491, 0.0
1492, 0.0
1493, 0.0
1494, 0.0
1495, 0.0
1496, 0.0
1497, 0.0
1498, 0.0
1499, 0.0
1500, 0.0
1501, 0.0
1502, 0.0
1503, 0.0
1504, 0.0
1505, 0.0
1506, 0.0
1507, 0.0
1508, 0.0
1509, 0.0
1510, 0.0
1511, 0.0
1512, 0.0
1513, 0.0
1514, 0.0
1515, 0.0
1516, 0.0
1517, 0.0
1518, 0.0
1519, 0.0
1520, 0.0
1521, 0.0
1522, 0.0
1523, 0.0
1524, 0.0
1525, 0.0
1526, 0.0
1527, 0.0
1528, 0.0
1529, 0.0
1530, 0.0
1531, 0.0
1532, 0.0
1533, 0.0
1534, 0.0
1535, 0.0
1536, 0.0
1537, 0.0
1538, 0.0
1539, 0.0
1540, 0.0
1541, 0.0
1542, 0.0
1543, 0.0
1544, 0.0
1545, 0.0
1546, 0.0
1547, 0.0
1548, 0.0
1549, 0.0
1550, 0.0
1551, 0.0
1552, 0.0
1553, 0.0
1554, 0.0
1555, 0.0
1556, 0.0
1557, 0.0
1558, 0.0
1559, 0.0
1560, 0.0
1561, 0.0
1562, 0.0
1563, 0.0
1564, 0.0
1565, 0.0
1566, 0.0
1567, 0.0
1568, 0.0
1569, 0.0
1570, 0.0
1571, 0.0
1572, 0.0
1573, 0.0
1574, 0.0
1575, 0.0
1576, 0.0
1577, 0.0
1578, 0.0
1579, 0.0
1580, 0.0
1581, 0.0
1582, 0.0
1583, 0.0
1584, 0.0
1585, 0.0
1586, 0.0
1587, 0.0
1588, 0.0
1589, 0.0
1590, 0.0
1591, 0.0
1592, 0.0
1593, 0.0
1594, 0.0
1595, 0.0
1596, 0.0
1597, 0.0
1598, 0.0
1599, 0.0
