30, 0.0
31, 0.0
32, 0.0
33, 0.0
34, 0.0
35, 0.0
36, 0.0
37, 0.0
38, 0.0
39, 0.0
40, 0.0
41, 0.0
42, 0.0
43, 0.0
44, 0.0
45, 0.0
46, 0.0
47, 0.0
48, 0.0
49, 0.0
50, 0.0
51, 0.0
52, 0.0
53, 0.0
54, 0.0
55, 0.0
56, 0.0
57, 0.0
58, 0.0
59, 0.0
60, 0.0
61, 0.0
62, 0.0
63, 0.0
64, 0.0
65, 0.0
66, 0.0
67, 0.0
68, 0.0
69, 0.0
70, 0.0
71, 0.0
72, 0.0
73, 0.0
74, 0.0
75, 0.0
76, 0.0
77, 0.0
78, 0.0
79, 0.0
80, 0.0
81, 0.0
82, 0.0
83, 0.0
84, 0.0
85, 0.0
86, 0.0
87, 0.0
88, 0.0
89, 0.0
90, 0.0
91, 0.0
92, 0.0
93, 0.0
94, 0.0
95, 0.0
96, 0.0
97, 0.0
98, 0.0
99, 0.0
100, 0.0
101, 0.0
102, 0.0
103, 0.0
104, 0.0
105, 0.0
106, 0.0
107, 0.0
108, 0.0
109, 0.0
110, 0.0
111, 0.0
112, 0.0
113, 0.0
114, 0.0
115, 0.0
116, 0.0
117, 0.0
118, 0.0
119, 0.0
120, 0.0
121, 0.0
122, 0.0
123, 0.0
124, 0.0
125, 0.0
126, 0.0
127.0, 0.00032219401788234956
128.0, 0.00031505031574484687
129.0, 0.0001516410855932972
130.0, 0.001958982119797451
131.0, 0.007714988377238972
132.0, 0.009464257378197971
133.0, 0.011642148734049318
134.0, 0.014217317409002528
135.0, 0.010933767944892094
136.0, 0.014106462628844293
137.0, 0.0158220498383155
138.0, 0.016862197759752184
139.0, 0.024181399050573937
140.0, 0.0326445407230525
141.0, 0.037828384021892814
142.0, 0.04151525497756129
143.0, 0.04629895977518243
144.0, 0.0494613092584692
145.0, 0.056585449787912925
146.0, 0.06854733640234087
147.0, 0.07909893076989442
148.0, 0.07606195683014051
149.0, 0.07113969116252356
150.0, 0.06651699039661328
151.0, 0.0632039373146455
152.0, 0.06191701424204411
153.0, 0.05933138788662392
154.0, 0.045379012516902274
155.0, 0.030967355089688117
156.0, 0.031492645475082445
157.0, 0.03419313163976818
158.0, 0.03640858350318084
159.0, 0.03575733299511057
160.0, 0.033075099117130496
161.0, 0.03223927759182428
162.0, 0.03137689332622816
163.0, 0.028701579996271938
164.0, 0.02789054502873374
165.0, 0.03325609428714546
166.0, 0.031237771293887332
167.0, 0.031573847956292596
168.0, 0.03239013579108639
169.0, 0.027981839923324942
170.0, 0.023902467963197137
171.0, 0.0174619723411232
172.0, 0.011466272863956555
173.0, 0.0074148661328275935
174.0, 0.001018507584009945
175.0, 0.002848852954563874
176.0, 0.001024141787450955
177.0, 0.0019606553996253024
178.0, 0.007012270927673652
179.0, 0.0037682227122878033
180.0, 0.01173887275974808
181.0, 0.011329420187355907
182.0, 0.010907240362977905
183.0, 0.027532442339736746
184.0, 0.03607639748562739
185.0, 0.03934569867092334
186.0, 0.044455178186155804
187.0, 0.05383537111526548
188.0, 0.05962164465355287
189.0, 0.06395749330373958
190.0, 0.07124676319051665
191.0, 0.08690080316363491
192.0, 0.10335343812346282
193.0, 0.1149912868693596
194.0, 0.12241277059011221
195.0, 0.1288155719513968
196.0, 0.13531385905478757
197.0, 0.14869292489018684
198.0, 0.16583462489519954
199.0, 0.18182983306978914
200.0, 0.1943211454594217
201.0, 0.20598479369714381
202.0, 0.21703408394276708
203.0, 0.22423159706954965
204.0, 0.22768393695807088
205.0, 0.24304005390548003
206.0, 0.25181945518162163
207.0, 0.25690943210653044
208.0, 0.2639105133206114
209.0, 0.27095788113558295
210.0, 0.2749549652084279
211.0, 0.28247659017724974
212.0, 0.28934099861701473
213.0, 0.28901734934353773
214.0, 0.2893192401831062
215.0, 0.2966481995015537
216.0, 0.3018102084713121
217.0, 0.3029162771185412
218.0, 0.3087763716029473
219.0, 0.30795733031047756
220.0, 0.310734283159008
221.0, 0.31717627076884214
222.0, 0.3204681343706676
223.0, 0.30640997931067065
224.0, 0.2986541595473923
225.0, 0.2953877042235699
226.0, 0.2914258047977429
227.0, 0.290159096192096
228.0, 0.2803694443716386
229.0, 0.26712155262504644
230.0, 0.25671002510842333
231.0, 0.25396052143437237
232.0, 0.25207890244233244
233.0, 0.24523756527935098
234.0, 0.2357266188770526
235.0, 0.22557499309988016
236.0, 0.21351561211989073
237.0, 0.2141423378971893
238.0, 0.20925397392461978
239.0, 0.19617550703110107
240.0, 0.1853199423308134
241.0, 0.18635040146035564
242.0, 0.18202891738478824
243.0, 0.17052787710282546
244.0, 0.1590508175758185
245.0, 0.1589089827455041
246.0, 0.15554507376006732
247.0, 0.14891677186263166
248.0, 0.13875619229096495
249.0, 0.12454087901775883
250.0, 0.10965552254595758
251.0, 0.10370949240180267
252.0, 0.09998612950592436
253.0, 0.09194970399368982
254.0, 0.08069220083356626
255.0, 0.07139867245970677
256.0, 0.06328497575543374
257.0, 0.056465986755054785
258.0, 0.04999491165847294
259.0, 0.04138932675901798
260.0, 0.03875908814837061
261.0, 0.03273877399985539
262.0, 0.027031040516237448
263.0, 0.02766748229275574
264.0, 0.01688737139634804
265.0, 0.005743344607482581
266.0, 0.004672291647145202
267.0, 0.011228710105605643
268.0, 0.009670607628483745
269.0, 0.00012174192122493127
270.0, 0.006128664902320354
271.0, 0.007168999433052277
272.0, 0.007504051915916526
273.0, 0.01355111571814852
274.0, 0.013725861371226274
275.0, 0.011782691450954761
276.0, 0.011917578404086538
277.0, 0.011871790497886841
278.0, 0.006124354765028369
279.0, 0.004343250665334786
280.0, 0.002793103943035305
281.0, 0.008941559025342116
282.0, 0.0029314139782592695
283.0, 0.01140535196236549
284.0, 0.01707833743367715
285.0, 0.021155915671479834
286.0, 0.028354869187015845
287.0, 0.03283310634387679
288.0, 0.041757610211134964
289.0, 0.051344546630405614
290.0, 0.0593618026465089
291.0, 0.06423959509426938
292.0, 0.053730431996824445
293.0, 0.060765253352088475
294.0, 0.07026673269486275
295.0, 0.07356651557001623
296.0, 0.08345573610303604
297.0, 0.0873424617427684
298.0, 0.09197513245881593
299.0, 0.09381004316750541
300.0, 0.0930892013674802
301.0, 0.10700837206038841
302.0, 0.10493452352978598
303.0, 0.10663056491820619
304.0, 0.11286106746963766
305.0, 0.11155201074359329
306.0, 0.11272809323204647
307.0, 0.11962635081924447
308.0, 0.11664957090523427
309.0, 0.10982051389985986
310.0, 0.11259258296239184
311.0, 0.11132961118517631
312.0, 0.10962046136597593
313.0, 0.10762962396220505
314.0, 0.10639867041888484
315.0, 0.10805209893400301
316.0, 0.11136942354715633
317.0, 0.10908962631668868
318.0, 0.10375983589335076
319.0, 0.10016804541222409
320.0, 0.10140628055778064
321.0, 0.10401013460987878
322.0, 0.09782338640896875
323.0, 0.09004056680974833
324.0, 0.08897163149150145
325.0, 0.08546939263320079
326.0, 0.0813346204487713
327.0, 0.08009404427224644
328.0, 0.07556251063772101
329.0, 0.06247366784625267
330.0, 0.05356310573790718
331.0, 0.04270245187425547
332.0, 0.03717402237988665
333.0, 0.03440254406561523
334.0, 0.028343478740826693
335.0, 0.02903798570242127
336.0, 0.019159421124330497
337.0, 0.01390688126034042
338.0, 0.014007080639163203
339.0, 0.011396560355343845
340.0, 0.013523180945861997
341.0, 0.014748406699189368
342.0, 0.01720788781085129
343.0, 0.0219066051434522
344.0, 0.026843028359705305
345.0, 0.029853164817417056
346.0, 0.02895886047971102
347.0, 0.03015745436951443
348.0, 0.035512801273352254
349.0, 0.04187310369614775
350.0, 0.041801772158598566
351.0, 0.04497672920862902
352.0, 0.04701192309155695
353.0, 0.04776170794672678
354.0, 0.05873813734257194
355.0, 0.06399953305857894
356.0, 0.06777744438660818
357.0, 0.07323841480511148
358.0, 0.07832283882991135
359.0, 0.08013932396417696
360.0, 0.08710254896664929
361.0, 0.09479268237486381
362.0, 0.09964081091693244
363.0, 0.10169331541088333
364.0, 0.10306269575401672
365.0, 0.10954051204073016
366.0, 0.1124975243903605
367.0, 0.11500103106084344
368.0, 0.11977793959077285
369.0, 0.12455923971016304
370.0, 0.13045047609594593
371.0, 0.12955320031922832
372.0, 0.12686297582592315
373.0, 0.12754915858702306
374.0, 0.13106762992699889
375.0, 0.12898112296808772
376.0, 0.13229276140655566
377.0, 0.13189073177967495
378.0, 0.12393638732650619
379.0, 0.1230219102121008
380.0, 0.13018839361026202
381.0, 0.13165520804960848
382.0, 0.1275411006686705
383.0, 0.12383706429773135
384.0, 0.1243251911096054
385.0, 0.12428238105321554
386.0, 0.1352983259914572
387.0, 0.14104986487624363
388.0, 0.13703541332866434
389.0, 0.13895477413217405
390.0, 0.137897158555567
391.0, 0.13793952452563096
392.0, 0.13939934584598895
393.0, 0.14095072177003087
394.0, 0.14108983483356166
395.0, 0.14110723244099696
396.0, 0.14229788851568234
397.0, 0.14012818629662416
398.0, 0.13777561010717337
399.0, 0.14195187103378035
400.0, 0.1418867018760124
401.0, 0.14261786624790843
402.0, 0.13782129732527368
403.0, 0.12948930164082967
404.0, 0.12686281225653195
405.0, 0.13516570194346053
406.0, 0.13648276724759517
407.0, 0.13377892344653003
408.0, 0.13330331116259503
409.0, 0.13481452649583955
410.0, 0.13137412065454754
411.0, 0.12758431431584016
412.0, 0.12351247891079493
413.0, 0.11852868215355941
414.0, 0.11478958369197857
415.0, 0.11756114888158657
416.0, 0.11263999940587492
417.0, 0.11017179776225554
418.0, 0.10717258525391934
419.0, 0.10146500276986639
420.0, 0.09994975296013318
421.0, 0.0933700126237986
422.0, 0.08544971175193167
423.0, 0.07375318219497831
424.0, 0.060652850216807316
425.0, 0.05523169522945915
426.0, 0.05854325303247522
427.0, 0.050836007198796385
428.0, 0.04563093043852122
429.0, 0.04399310214727633
430.0, 0.03602953661193
431.0, 0.03291469781481091
432.0, 0.02659596761660614
433.0, 0.02604106652636494
434.0, 0.027638649107770228
435.0, 0.020929260025699812
436.0, 0.008276195093544254
437.0, 0.004928815434692147
438.0, 0.0035438759880238578
439.0, 0.0024064222900363704
440.0, 0.0031250837667873305
441.0, 0.005255323396022677
442.0, 0.0022514257946010517
443.0, 0.0029601517779105227
444.0, 0.00556120511635255
445.0, 0.003937005528183718
446.0, 0.0004694168915917802
447.0, 0.00741306531384041
448.0, 0.00678472087666131
449.0, 0.0041167437648316155
450.0, 0.004349879124063015
451.0, 0.0065916133678057464
452.0, 0.007961336435159871
453.0, 0.003321022945004667
454.0, 0.0019038996667254601
455.0, 0.0021747330724399237
456.0, 0.001228420577942298
457.0, 0.0004490031001171516
458.0, 0.009728708044208941
459.0, 0.00924710359288874
460.0, 0.008092339754847367
461.0, 0.005324849625437052
462.0, 0.0028559316545198094
463.0, 0.0014905795100238007
464.0, 0.009633785072558932
465.0, 0.009646098821990995
466.0, 0.006282831495988902
467.0, 0.008325984482947297
468.0, 0.00987065039379718
469.0, 0.002919004435606057
470.0, 0.0035342193712033197
471.0, 0.006093669420450055
472.0, 0.0071183520136746965
473.0, 0.01071740160208017
474.0, 0.008157123772827967
475.0, 0.007172357071604603
476.0, 0.009434932426188985
477.0, 0.011411304024917485
478.0, 0.010884411871190953
479.0, 0.011829538828359711
480.0, 0.013985131057788161
481.0, 0.008911829881575581
482.0, 0.008252313335078526
483.0, 0.014640133487919696
484.0, 0.01654095954563405
485.0, 0.014075871105875222
486.0, 0.013808398306022257
487.0, 0.012813640969331115
488.0, 0.011931692437720354
489.0, 0.01581543529389961
490.0, 0.023774476569032615
491.0, 0.0187123506195966
492.0, 0.02037832594182544
493.0, 0.025967990789354498
494.0, 0.026439385823139386
495.0, 0.024477971049507562
496.0, 0.025513463893294654
497.0, 0.023161756893727212
498.0, 0.022859258774060694
499.0, 0.026246067291494455
500.0, 0.029210973314920584
501.0, 0.028967865234680503
502.0, 0.03750750529964768
503.0, 0.039723692001074444
504.0, 0.04080567390520999
505.0, 0.0419354045698782
506.0, 0.0370399537679765
507.0, 0.02988789004146896
508.0, 0.02540404146821828
509.0, 0.029465118359579802
510.0, 0.03457923268360122
511.0, 0.0339133927313402
512.0, 0.029755230786111826
513.0, 0.03128875498853378
514.0, 0.04272398630080318
515.0, 0.04384515396278174
516.0, 0.03889446492113608
517.0, 0.038320500725854426
518.0, 0.035471243658622024
519.0, 0.04236084674450071
520.0, 0.0475837350480863
521.0, 0.047130171652418694
522.0, 0.04786142584429534
523.0, 0.05428535111289729
524.0, 0.05872764270444363
525.0, 0.05528247608355369
526.0, 0.05805135763272224
527.0, 0.06327280144127763
528.0, 0.06713196182350775
529.0, 0.07179193662640931
530.0, 0.07611850658561878
531.0, 0.07951967154253434
532.0, 0.08894283120311888
533.0, 0.09377851665574707
534.0, 0.09323278392411485
535.0, 0.10092717408294186
536.0, 0.09991990949677336
537.0, 0.10014981652487157
538.0, 0.09661286608778127
539.0, 0.09678665585715271
540.0, 0.10340841482822635
541.0, 0.102984000441929
542.0, 0.10416924580242966
543.0, 0.10278947817182325
544.0, 0.09986539118006178
545.0, 0.09562172771974911
546.0, 0.09018798686657929
547.0, 0.08605668435865556
548.0, 0.08489223854343839
549.0, 0.08750926168580116
550.0, 0.08162946725398715
551.0, 0.07304289605851362
552.0, 0.07666826155677738
553.0, 0.08101364967294862
554.0, 0.07128232639212692
555.0, 0.06743603802795269
556.0, 0.06637337533145694
557.0, 0.06245666419316095
558.0, 0.05757561616398846
559.0, 0.05472040364205144
560.0, 0.06193370740650795
561.0, 0.0571603057086142
562.0, 0.0503586130315142
563.0, 0.04568793338784784
564.0, 0.036299778946593524
565.0, 0.04240492501027071
566.0, 0.04257748934060898
567.0, 0.03778838491335183
568.0, 0.03521958673752021
569.0, 0.0378434363255426
570.0, 0.040682073955270896
571.0, 0.03431526806251403
572.0, 0.03917346056663386
573.0, 0.03578506693707968
574.0, 0.026994397512148376
575.0, 0.02191859372665601
576.0, 0.021782055818454875
577.0, 0.023809296306034466
578.0, 0.02037697521322498
579.0, 0.016790228628453033
580.0, 0.013073070846319753
581.0, 0.010614845960580436
582.0, 0.01190977077542855
583.0, 0.010882646498329478
584.0, 0.004530798425720239
585.0, 0.002310580372849478
586.0, 0.0012280952713885909
587.0, 0.0009676740936169961
588.0, 0.002899659170203679
589.0, 0.005319629858075321
590.0, 0.00521616991881337
591.0, 0.005220207512046085
592.0, 0.00031539708300421226
593.0, 0.0037763424759400307
594.0, 0.0027523732267530883
595.0, 0.0031253897755015208
596.0, 0.003596458062377619
597.0, 0.0033032176656952695
598.0, 0.0025988242867296145
599.0, 0.0038373075794115425
600.0, 0.006800358212409811
601.0, 0.005783375096025916
602.0, 0.003701865821921905
603.0, 0.007535916844806342
604.0, 0.004543204195651359
605.0, 0.00017695104964391686
606.0, 0.00023364949275099848
607.0, 0.005758031489350908
608.0, 0.005744928571301454
609.0, 0.010398916755547289
610.0, 0.013183578386252143
611.0, 0.01627538592545076
612.0, 0.019232153218667166
613.0, 0.014820761271716611
614.0, 0.013939000872223703
615.0, 0.01766019118809206
616.0, 0.02077048733992669
617.0, 0.01555101713452618
618.0, 0.009487701642236852
619.0, 0.016234224808237118
620.0, 0.021691882663207932
621.0, 0.011624668290643111
622.0, 0.013439095000266391
623.0, 0.017178440598002716
624.0, 0.01619951717891608
625.0, 0.015562984126080632
626.0, 0.015418810693389707
627.0, 0.02183029042258006
628.0, 0.017379541842275994
629.0, 0.016935668966554112
630.0, 0.01785905894886057
631.0, 0.014184526339759425
632.0, 0.017499467758446033
633.0, 0.02169526457322899
634.0, 0.024135193954109506
635.0, 0.023816122172489934
636.0, 0.020643615502905166
637.0, 0.018472911821678272
638.0, 0.019816857367541667
639.0, 0.018246522320175804
640.0, 0.021998286739494756
641.0, 0.023101524650923792
642.0, 0.02557283896711435
643.0, 0.027660637239673797
644.0, 0.02684220078091764
645.0, 0.03197287914915367
646.0, 0.03847030307169754
647.0, 0.03393153028491351
648.0, 0.031910118756349866
649.0, 0.045152674889617724
650.0, 0.06056850807749719
651.0, 0.05628557599757671
652.0, 0.06589000611486712
653.0, 0.06829936835181458
654.0, 0.06807637595829193
655.0, 0.07673765390214052
656.0, 0.09443930640871229
657.0, 0.11315520615376341
658.0, 0.1303655169258673
659.0, 0.1487451892764574
660.0, 0.17343140658419456
661.0, 0.1964433270117899
662.0, 0.22732524296140208
663.0, 0.26623475293841875
664.0, 0.30086526438778355
665.0, 0.3620803399237504
666.0, 0.4254330554028448
667.0, 0.4913142833408262
668.0, 0.5655802892062192
669.0, 0.6424158747799487
670.0, 0.7101386245822542
671.0, 0.7651322428203494
672.0, 0.8176903112244606
673.0, 0.862668197152415
674.0, 0.9053435795961293
675.0, 0.935082967341592
676.0, 0.9569928455534004
677.0, 0.984383693996547
678.0, 0.9980282589740916
679.0, 0.9978983543190312
680.0, 0.9762961556574951
681.0, 0.9460290973069735
682.0, 0.9060026210369018
683.0, 0.85315484980391
684.0, 0.7859890599926754
685.0, 0.6889487976887
686.0, 0.6018260065761725
687.0, 0.513842063390539
688.0, 0.43492827042193133
689.0, 0.3612810371066075
690.0, 0.2933312428347481
691.0, 0.2413530820022633
692.0, 0.19497540667983024
693.0, 0.16561138903774475
694.0, 0.14350694052310164
695.0, 0.12042629969026379
696.0, 0.09889521217533288
697.0, 0.08415937928432782
698.0, 0.07440660292268007
699.0, 0.05960769602033296
700.0, 0.05271075744449617
701.0, 0.04270152266371178
702.0, 0.039064523983343424
703.0, 0.03819170810501065
704.0, 0.03046854118594236
705.0, 0.021000129083040116
706.0, 0.02697546728605672
707.0, 0.019666813843510704
708.0, 0.019303328638068558
709.0, 0.017243576876300543
710.0, 0.011342954328918626
711.0, 0.010185916303604079
712.0, 0.010817891170932396
713.0, 0.01495015619956502
714.0, 0.010681940633594298
715.0, 0.010623130835016925
716.0, 0.008155101509523144
717.0, 0.00504702297262181
718.0, 0.006146894818340139
719.0, 0.003919946508734589
720.0, 0.005006071062015797
721.0, 0.007653557515760522
722.0, 0.00878254635231398
723.0, 0.011239490628239038
724.0, 0.012055074625781228
725.0, 0.008530544581066276
726.0, 0.005866186395773144
727.0, 0.005291949499117299
728.0, 0.01326997418052641
729.0, 0.017241209046398736
730.0, 0.0150068042125444
731.0, 0.012552345945355379
732.0, 0.013358739404223547
733.0, 0.01670637497795738
734.0, 0.019201769433723242
735.0, 0.008147632443194499
736.0, 0.014668391472359439
737.0, 0.018561825711337823
738.0, 0.016773877312164794
739.0, 0.018096060545896124
740.0, 0.021423141627657644
741.0, 0.017911550443561665
742.0, 0.014541464774874493
743.0, 0.013631115885177014
744.0, 0.008899236801894906
745.0, 0.0054214751935493044
746.0, 0.009032900438688119
747.0, 0.014833106107245619
748.0, 0.01332722530740453
749.0, 0.01462171494863847
750.0, 0.01013068989175806
751.0, 0.008179888479116883
752.0, 0.003924646944122077
753.0, 0.0014819081223596835
754.0, 0.00403457166306543
755.0, 0.0026128544795062324
756.0, 0.0005114925949741237
757.0, 0.007675329398642378
758.0, 0.007146810230620698
759.0, 0.0018174304126492664
760.0, 0.0018796538928884676
761.0, 0.005384652742568087
762.0, 0.0053402213180110784
763.0, 0.009549860901839048
764.0, 0.008933282629874112
765.0, 0.0015139607794996672
766.0, 0.00034725148880160046
767.0, 0.00025684952903146736
768.0, 0.006772341352307941
769.0, 0.011716188478250194
770.0, 0.0010012445358449442
771.0, 0.005613376974320947
772.0, 0.0010922170648044408
773.0, 0.0006278384123937588
774.0, 6.164128850935158e-05
775.0, 0.002926418518753877
776.0, 0.006123030717719524
777.0, 0.003868061232455085
778.0, 0.000354447902927821
779.0, 0.0006287793503085928
780.0, 0.005992450077453826
781.0, 0.007304193592895228
782.0, 0.005890829153200405
783.0, 0.004852062441298874
784.0, 0.005449001427076692
785.0, 0.004966958448894138
786.0, 0.0021119967776308986
787.0, 0.003435586825875721
788.0, 0.011196328552647647
789.0, 0.007883933453141872
790.0, 0.004494150786553842
791.0, 0.009868034605170684
792.0, 0.00474872531378685
793.0, 0.00033192028377978757
794.0, 0.0025397016131787544
795.0, 0.0037902487908957313
796.0, 0.0008526908951711267
797.0, 0.0034088741629915305
798.0, 0.004506840657036831
799.0, 0.003889752207582342
800.0, 0.007832140996216649
801.0, 0.0012970563329495427
802.0, 0.0018225543373923349
803.0, 0.0007011730413920904
804.0, 0.0030838242686704524
805.0, 0.005417381891585719
806.0, 0.00603625558828009
807.0, 0.005782756482693139
808.0, 0.004719138327684153
809.0, 0.000812062180122892
810.0, 0.004971873854428804
811.0, 0.0022926416977636956
812.0, 0.003598483783186549
813.0, 0.004743779525039225
814.0, 0.003972579223706502
815.0, 0.00751110904212088
816.0, 0.01076795260636462
817.0, 0.0010259627234141247
818.0, 0.004331999698695383
819.0, 0.008013977100256654
820.0, 0.01072850644465179
821.0, 0.008840604155449032
822.0, 0.009987363100226567
823.0, 0.01191710803729433
824.0, 0.008433753800246878
825.0, 0.007016826549048808
826.0, 0.002687934892979682
827.0, 0.011267081957556775
828.0, 0.007434185267362211
829.0, 0.005510227581895333
830.0, 0.006021965240666863
831.0, 0.00867664871747306
832.0, 0.013847766815185247
833.0, 0.007251768942723201
834.0, 0.00510771629383789
835.0, 0.01290179510912513
836.0, 0.003428029317692813
837.0, 0.004140950606628985
838.0, 0.0101745517144537
839.0, 0.008920619569643627
840.0, 0.009011210073914986
841.0, 0.016423373057998743
842.0, 0.012862102164572547
843.0, 0.013199934441757303
844.0, 0.013029952636979342
845.0, 0.0100718599038852
846.0, 0.0072666964253309835
847.0, 0.0065471007689710745
848.0, 0.008070052178057828
849.0, 0.01046952039800194
850.0, 0.012053088827999015
851.0, 0.009985771866971076
852.0, 0.008581085683083725
853.0, 0.006254509611360877
854.0, 0.010775062006717401
855.0, 0.011893818171305765
856.0, 0.012516845167454422
857.0, 0.017801982382004186
858.0, 0.01339664887893984
859.0, 0.007987828431970661
860.0, 0.007295655717192336
861.0, 0.017455310126103043
862.0, 0.013298152481332568
863.0, 0.006539704366276615
864.0, 0.004832106860667632
865.0, 0.0073870046059923405
866.0, 0.011813065769711162
867.0, 0.01326928723430019
868.0, 0.012539161694044718
869.0, 0.014420449661325569
870.0, 0.008660397902536745
871.0, 0.008577000694488635
872.0, 0.01203127885522815
873.0, 0.016487917018522518
874.0, 0.01792902696540937
875.0, 0.01115006972433529
876.0, 0.005442438837345329
877.0, 0.010040790683976208
878.0, 0.007273080793757673
879.0, 0.01486626354072762
880.0, 0.015732230720169393
881.0, 0.009253756795767148
882.0, 0.008539685038071593
883.0, 0.013652751463058908
884.0, 0.020251023837423613
885.0, 0.028261526016473762
886.0, 0.0167746446159521
887.0, 0.017222422891771155
888.0, 0.014909211496223507
889.0, 0.012334778172360627
890.0, 0.011622273598462388
891.0, 0.013952610447498157
892.0, 0.014379695726768041
893.0, 0.010419884027523965
894.0, 0.012200444226997257
895.0, 0.01157437873158958
896.0, 0.012635862574537981
897.0, 0.014169085173971823
898.0, 0.014933048109198288
899.0, 0.015610413955352537
900.0, 0.014771036497121623
901.0, 0.013405942566936275
902.0, 0.014065434111950548
903.0, 0.013304712987318832
904.0, 0.015042138039263834
905.0, 0.01341040116012425
906.0, 0.01460594541054172
907.0, 0.016895642495653562
908.0, 0.013593023058065591
909.0, 0.013342216762091803
910.0, 0.01639985394805801
911.0, 0.01719712354698847
912.0, 0.018320460613485138
913.0, 0.013663893774368925
914.0, 0.023979969705912558
915.0, 0.021237951208913558
916.0, 0.01655164783924041
917.0, 0.021593510780277856
918.0, 0.024120595418929303
919.0, 0.022289137931579987
920.0, 0.023908082520391512
921.0, 0.02663318427325556
922.0, 0.030370017962225902
923.0, 0.028221551820142493
924.0, 0.032087314087756794
925.0, 0.03509079383787334
926.0, 0.02702200720633287
927.0, 0.030482658203130147
928.0, 0.03251496683040518
929.0, 0.028909506522690517
930.0, 0.034790628848011845
931.0, 0.037521962823581424
932.0, 0.034680256203842845
933.0, 0.03170603336624201
934.0, 0.028011886371362864
935.0, 0.02369195809749419
936.0, 0.020976676429522955
937.0, 0.018188247675354468
938.0, 0.0169258871552409
939.0, 0.0177866255193828
940.0, 0.015819065004567937
941.0, 0.009158581177044392
942.0, 0.006747596058368374
943.0, 0.00297260702654633
944.0, 0.01211191863566083
945.0, 0.006951442368771131
946.0, 0.0008209121206767575
947.0, 0.0018787122950065568
948.0, 0.0032180468062043997
949.0, 0.001583106212018876
950.0, 0.0013156912169764912
951.0, 0.004314615953056606
952.0, 0.0026869329014544674
953.0, 0.008011846683837047
954.0, 0.0008716281206366618
955.0, 0.0005789687686223613
956.0, 0.0011673065658616014
957.0, 0.004334057329854294
958.0, 0.007254774553183139
959.0, 0.007601895760801855
960.0, 0.007584842066394861
961.0, 0.010168115248171827
962.0, 0.012093836177955805
963.0, 0.016495760967068132
964.0, 0.017832745299692327
965.0, 0.026263079400239517
966.0, 0.03494037703528008
967.0, 0.034434643892132626
968.0, 0.03941749710287926
969.0, 0.041302332617662044
970.0, 0.036590774097819995
971.0, 0.04483588270519476
972.0, 0.0488873529882582
973.0, 0.047056386587191926
974.0, 0.05315114404647561
975.0, 0.05037506676142054
976.0, 0.050535122858283626
977.0, 0.05436558722151883
978.0, 0.05763317968419418
979.0, 0.058542979908141876
980.0, 0.06034555870197663
981.0, 0.06330090907581427
982.0, 0.05824447842059389
983.0, 0.05198733226733974
984.0, 0.05668424330020863
985.0, 0.05353561438995574
986.0, 0.05331499993829033
987.0, 0.05225460427908017
988.0, 0.042368312965627056
989.0, 0.03728466521059884
990.0, 0.03769555277134704
991.0, 0.03381837353597381
992.0, 0.03194507525498827
993.0, 0.02979921380072485
994.0, 0.026792625266688984
995.0, 0.026456450808393504
996.0, 0.03485456414722753
997.0, 0.028367379215948736
998.0, 0.019149229236527916
999.0, 0.018992980497016233
1000.0, 0.020154773477180577
1001.0, 0.018877379628946672
1002.0, 0.018946961544583963
1003.0, 0.01939617166632864
1004.0, 0.017778646851094097
1005.0, 0.01573361116678133
1006.0, 0.012604625712391064
1007.0, 0.009044609345199194
1008.0, 0.01200512053349782
1009.0, 0.012770648481941487
1010.0, 0.0076798516318702945
1011.0, 0.0081369685128193
1012.0, 0.01624920535459811
1013.0, 0.01615850014274116
1014.0, 0.007913809900766055
1015.0, 0.009689026416728828
1016.0, 0.011154714041039326
1017.0, 0.011425465448731645
1018.0, 0.0035943727171641716
1019.0, 0.0035959995557442097
1020.0, 0.002212793992699921
1021.0, 0.00644071774667539
1022.0, 0.0009558636289651108
1023.0, 0.0041203368722518
1024.0, 0.005411590806877259
1025.0, 0.007122432023712086
1026.0, 0.00233177041340506
1027.0, 0.0057610530028342245
1028.0, 0.0031878173576178606
1029.0, 0.0025806831136490006
1030.0, 0.0006880825464183379
1031.0, 0.007028739063107612
1032.0, 0.01268831948905347
1033.0, 0.008063768621359442
1034.0, 0.002313232632024739
1035.0, 0.004532550096047989
1036.0, 0.006442843823873197
1037.0, 0.0007154152243949271
1038.0, 0.00456519642124543
1039.0, 0.0013296331250993076
1040.0, 0.0017333276856704902
1041.0, 0.00789793794721446
1042.0, 0.013080714624531546
1043.0, 0.011604033570860048
1044.0, 0.011368882375174201
1045.0, 0.015701055103519147
1046.0, 0.02142741948337232
1047.0, 0.018696483579594976
1048.0, 0.01999013783633938
1049.0, 0.02540728495086119
1050.0, 0.022797443473213448
1051.0, 0.026375685622214484
1052.0, 0.03635497245244571
1053.0, 0.04163735924060245
1054.0, 0.0467100886076144
1055.0, 0.04937360220866098
1056.0, 0.058877140751402025
1057.0, 0.06317184835763295
1058.0, 0.07400820448635478
1059.0, 0.08465358840417368
1060.0, 0.09246002119426189
1061.0, 0.10386337497125304
1062.0, 0.11246325317967566
1063.0, 0.11886605535604562
1064.0, 0.1331545742432971
1065.0, 0.13316339406810704
1066.0, 0.14375203842263962
1067.0, 0.15479487732620384
1068.0, 0.1626635268671994
1069.0, 0.1742074910326371
1070.0, 0.17699807949443053
1071.0, 0.18286722521970467
1072.0, 0.18373930557258358
1073.0, 0.18582156399104394
1074.0, 0.19014238871251166
1075.0, 0.19124948151294285
1076.0, 0.19300346115067152
1077.0, 0.19062698570315278
1078.0, 0.18757961778878562
1079.0, 0.1725972265154541
1080.0, 0.17859489168003112
1081.0, 0.17046950777894662
1082.0, 0.16786154440417203
1083.0, 0.16083161479803582
1084.0, 0.15194523384860714
1085.0, 0.1444513761246397
1086.0, 0.14304377574648947
1087.0, 0.14203092172218518
1088.0, 0.1353647775484894
1089.0, 0.1275051695315822
1090.0, 0.12206833721127684
1091.0, 0.11741732839551547
1092.0, 0.11870956138732033
1093.0, 0.13253969369650825
1094.0, 0.13665081803566637
1095.0, 0.12409149585951126
1096.0, 0.13007154719070518
1097.0, 0.12908099142168647
1098.0, 0.12395616361196109
1099.0, 0.13075120952926783
1100.0, 0.13882252622433025
1101.0, 0.14613035337945385
1102.0, 0.1494506120710436
1103.0, 0.150006001238358
1104.0, 0.1559581593518488
1105.0, 0.1519465863743799
1106.0, 0.1588680106249681
1107.0, 0.18159130959631403
1108.0, 0.1849223960942963
1109.0, 0.19183700419914818
1110.0, 0.19030250279585106
1111.0, 0.18418614070429548
1112.0, 0.19997442666314577
1113.0, 0.20171171290108847
1114.0, 0.19663291596495341
1115.0, 0.20247602639350845
1116.0, 0.21159600093395217
1117.0, 0.21418574379380612
1118.0, 0.214035617811134
1119.0, 0.2180271187155602
1120.0, 0.21402735317974253
1121.0, 0.22525845735826694
1122.0, 0.22642721336805569
1123.0, 0.22215205087774767
1124.0, 0.2306513508224677
1125.0, 0.22732408993256395
1126.0, 0.2307252041944573
1127.0, 0.23557982089669927
1128.0, 0.23602500158072612
1129.0, 0.23131985376342512
1130.0, 0.22423875355174402
1131.0, 0.2221729492332139
1132.0, 0.22191466427871884
1133.0, 0.2217607959342166
1134.0, 0.21975373870252776
1135.0, 0.2152595134872738
1136.0, 0.21203735313063507
1137.0, 0.20811501689231668
1138.0, 0.20935363898477424
1139.0, 0.2101496134519975
1140.0, 0.19721038247363595
1141.0, 0.19767171775574713
1142.0, 0.18906602345094933
1143.0, 0.18183511021081025
1144.0, 0.1748928730806809
1145.0, 0.17041933138113088
1146.0, 0.17103013710836887
1147.0, 0.1708585407383802
1148.0, 0.1627048553626925
1149.0, 0.15323331664499026
1150.0, 0.1469952515425273
1151.0, 0.1361937911440837
1152.0, 0.13409099788882373
1153.0, 0.1285480583905063
1154.0, 0.12264726685982315
1155.0, 0.11385963206934646
1156.0, 0.10411100722565512
1157.0, 0.1064187509567788
1158.0, 0.10350965834179483
1159.0, 0.09172642666670382
1160.0, 0.08791135000923722
1161.0, 0.08260848001983342
1162.0, 0.07598700716726131
1163.0, 0.07565862973835916
1164.0, 0.06779756298300245
1165.0, 0.05819968500574572
1166.0, 0.06215137967446621
1167.0, 0.054706567992919494
1168.0, 0.043884769253148326
1169.0, 0.03949995971725018
1170.0, 0.03596362841771798
1171.0, 0.03124130724477489
1172.0, 0.025081047301588628
1173.0, 0.029294243825933458
1174.0, 0.027674252759331025
1175.0, 0.024507197694622927
1176.0, 0.019178075815936925
1177.0, 0.01795397977491272
1178.0, 0.016958846523508285
1179.0, 0.015472821660242199
1180.0, 0.011088817826444757
1181.0, 0.003340091813388132
1182.0, 0.0064423336922723685
1183.0, 0.0072176178976496195
1184.0, 0.0023233584851600694
1185.0, 0.0014152310819684068
1186.0, 0.0067520892485875336
1187.0, 0.0008475751823701911
1188.0, 0.006027380838918158
1189.0, 0.0025142061595554398
1190.0, 0.005184485193904498
1191.0, 0.0006085970069530445
1192.0, 0.0016109626579156988
1193.0, 0.0049361398270425585
1194.0, 0.00269110642706212
1195.0, 0.0042607928909156765
1196.0, 0.001647744509175736
1197.0, 0.002985948841211096
1198.0, 0.003736900064745269
1199.0, 0.0048218253210711385
1200.0, 0.0009306541973926235
1201.0, 0.003125320453446701
1202.0, 0.001250964325908306
1203.0, 0.0022901881838877087
1204.0, 0.0030147860548445926
1205.0, 0.005882980269050944
1206.0, 0.0020873246568346468
1207.0, 0.0021843861246178295
1208.0, 0.007851522513247562
1209.0, 0.005277930299804657
1210.0, 0.004845206755880948
1211.0, 0.00041430992015115066
1212.0, 0.0015255854742526596
1213.0, 0.00466419064218884
1214.0, 0.005007957967686118
1215.0, 0.0035120612303218028
1216.0, 0.00404632286485984
1217.0, 0.008412748480372365
1218.0, 0.003946163175478998
1219.0, 0.0021953296485111183
1220.0, 0.003290624165459426
1221.0, 0.006471890813469731
1222.0, 0.00972123514866369
1223.0, 0.01391958361517483
1224.0, 0.021758204803875743
1225.0, 0.02254263233787739
1226.0, 0.019199541516469742
1227.0, 0.01810896287200589
1228.0, 0.020720237471076815
1229.0, 0.019296014131891286
1230.0, 0.009397955398612691
1231.0, 0.0205322748490807
1232.0, 0.010139240573332943
1233.0, 0.012549472406030071
1234.0, 0.016988104666315576
1235.0, 0.016710469086163908
1236.0, 0.02998145527461694
1237.0, 0.021251456963752666
1238.0, 0.0266278998892223
1239.0, 0.02539146744695405
1240.0, 0.022010958460610366
1241.0, 0.016067798011872938
1242.0, 0.014398373329547897
1243.0, 0.015116510480262847
1244.0, 0.017460065684870272
1245.0, 0.020812211089235658
1246.0, 0.02999128140498306
1247.0, 0.026639577896574465
1248.0, 0.01734988315025361
1249.0, 0.016692878760630254
1250.0, 0.007654065075524066
1251.0, 0.011880124303704663
1252.0, 0.012198635898000255
1253.0, 0.011019380858606462
1254.0, 0.0031501441772688243
1255.0, 0.00046375513676333747
1256.0, 0.0019761050727270554
1257.0, 0.0037777650080583233
1258.0, 0.010124000410904034
1259.0, 0.007191314196879741
1260.0, 0.010012998681905588
1261.0, 0.0247419439051795
1262.0, 0.013616720550928002
1263.0, 0.0137459456779741
1264.0, 0.01651967154463954
1265.0, 0.010056084952117851
1266.0, 0.007471840941024279
1267.0, 0.004927196444287905
1268.0, 0.012618569023548448
1269.0, 0.013713536333843042
1270.0, 0.003225351112751777
1271.0, 0.008594772039680967
1272.0, 0.016576699830554292
1273.0, 0.008155671433310736
1274.0, 0.00826396407815125
1275.0, 0.0160502985236849
1276.0, 0.010961781219380878
1277.0, 0.005461571717372296
1278.0, 0.008758259946977673
1279.0, 0.006228815861320077
1280.0, 0.0028555958300610826
1281.0, 0.004246830877120662
1282.0, 0.00878246490085851
1283.0, 0.0057636988964173816
1284.0, 0.00047382332749121953
1285, 0.0
1286, 0.0
1287, 0.0
1288, 0.0
1289, 0.0
1290, 0.0
1291, 0.0
1292, 0.0
1293, 0.0
1294, 0.0
1295, 0.0
1296, 0.0
1297, 0.0
1298, 0.0
1299, 0.0
1300, 0.0
1301, 0.0
1302, 0.0
1303, 0.0
1304, 0.0
1305, 0.0
1306, 0.0
1307, 0.0
1308, 0.0
1309, 0.0
1310, 0.0
1311, 0.0
1312, 0.0
1313, 0.0
1314, 0.0
1315, 0.0
1316, 0.0
1317, 0.0
1318, 0.0
1319, 0.0
1320, 0.0
1321, 0.0
1322, 0.0
1323, 0.0
1324, 0.0
1325, 0.0
1326, 0.0
1327, 0.0
1328, 0.0
1329, 0.0
1330, 0.0
1331, 0.0
1332, 0.0
1333, 0.0
1334, 0.0
1335, 0.0
1336, 0.0
1337, 0.0
1338, 0.0
1339, 0.0
1340, 0.0
1341, 0.0
1342, 0.0
1343, 0.0
1344, 0.0
1345, 0.0
1346, 0.0
1347, 0.0
1348, 0.0
1349, 0.0
1350, 0.0
1351, 0.0
1352, 0.0
1353, 0.0
1354, 0.0
1355, 0.0
1356, 0.0
1357, 0.0
1358, 0.0
1359, 0.0
1360, 0.0
1361, 0.0
1362, 0.0
1363, 0.0
1364, 0.0
1365, 0.0
1366, 0.0
1367, 0.0
1368, 0.0
1369, 0.0
1370, 0.0
1371, 0.0
1372, 0.0
1373, 0.0
1374, 0.0
1375, 0.0
1376, 0.0
1377, 0.0
1378, 0.0
1379, 0.0
1380, 0.0
1381, 0.0
1382, 0.0
1383, 0.0
1384, 0.0
1385, 0.0
1386, 0.0
1387, 0.0
1388, 0.0
1389, 0.0
1390, 0.0
1391, 0.0
1392, 0.0
1393, 0.0
1394, 0.0
1395, 0.0
1396, 0.0
1397, 0.0
1398, 0.0
1399, 0.0
1400, 0.0
1401, 0.0
1402, 0.0
1403, 0.0
1404, 0.0
1405, 0.0
1406, 0.0
1407, 0.0
1408, 0.0
1409, 0.0
1410, 0.0
1411, 0.0
1412, 0.0
1413, 0.0
1414, 0.0
1415, 0.0
1416, 0.0
1417, 0.0
1418, 0.0
1419, 0.0
1420, 0.0
1421, 0.0
1422, 0.0
1423, 0.0
1424, 0.0
1425, 0.0
1426, 0.0
1427, 0.0
1428, 0.0
1429, 0.0
1430, 0.0
1431, 0.0
1432, 0.0
1433, 0.0
1434, 0.0
1435, 0.0
1436, 0.0
1437, 0.0
1438, 0.0
1439, 0.0
1440, 0.0
1441, 0.0
1442, 0.0
1443, 0.0
1444, 0.0
1445, 0.0
1446, 0.0
1447, 0.0
1448, 0.0
1449, 0.0
1450, 0.0
1451, 0.0
1452, 0.0
1453, 0.0
1454, 0.0
1455, 0.0
1456, 0.0
1457, 0.0
1458, 0.0
1459, 0.0
1460, 0.0
1461, 0.0
1462, 0.0
1463, 0.0
1464, 0.0
1465, 0.0
1466, 0.0
1467, 0.0
1468, 0.0
1469, 0.0
1470, 0.0
1471, 0.0
1472, 0.0
1473, 0.0
1474, 0.0
1475, 0.0
1476, 0.0
1477, 0.0
1478, 0.0
1479, 0.0
1480, 0.0
1481, 0.0
1482, 0.0
1483, 0.0
1484, 0.0
1485, 0.0
1486, 0.0
1487, 0.0
1488, 0.0
1489, 0.0
1490, 0.0
1491, 0.0
1492, 0.0
1493, 0.0
1494, 0.0
1495, 0.0
1496, 0.0
1497, 0.0
1498, 0.0
1499, 0.0
1500, 0.0
1501, 0.0
1502, 0.0
1503, 0.0
1504, 0.0
1505, 0.0
1506, 0.0
1507, 0.0
1508, 0.0
1509, 0.0
1510, 0.0
1511, 0.0
1512, 0.0
1513, 0.0
1514, 0.0
1515, 0.0
1516, 0.0
1517, 0.0
1518, 0.0
1519, 0.0
1520, 0.0
1521, 0.0
1522, 0.0
1523, 0.0
1524, 0.0
1525, 0.0
1526, 0.0
1527, 0.0
1528, 0.0
1529, 0.0
1530, 0.0
1531, 0.0
1532, 0.0
1533, 0.0
1534, 0.0
1535, 0.0
1536, 0.0
1537, 0.0
1538, 0.0
1539, 0.0
1540, 0.0
1541, 0.0
1542, 0.0
1543, 0.0
1544, 0.0
1545, 0.0
1546, 0.0
1547, 0.0
1548, 0.0
1549, 0.0
1550, 0.0
1551, 0.0
1552, 0.0
1553, 0.0
1554, 0.0
1555, 0.0
1556, 0.0
1557, 0.0
1558, 0.0
1559, 0.0
1560, 0.0
1561, 0.0
1562, 0.0
1563, 0.0
1564, 0.0
1565, 0.0
1566, 0.0
1567, 0.0
1568, 0.0
1569, 0.0
1570, 0.0
1571, 0.0
1572, 0.0
1573, 0.0
1574, 0.0
1575, 0.0
1576, 0.0
1577, 0.0
1578, 0.0
1579, 0.0
1580, 0.0
1581, 0.0
1582, 0.0
1583, 0.0
1584, 0.0
1585, 0.0
1586, 0.0
1587, 0.0
1588, 0.0
1589, 0.0
1590, 0.0
1591, 0.0
1592, 0.0
1593, 0.0
1594, 0.0
1595, 0.0
1596, 0.0
1597, 0.0
1598, 0.0
1599, 0.0
