30, 0.0
31, 0.0
32, 0.0
33, 0.0
34, 0.0
35, 0.0
36, 0.0
37, 0.0
38, 0.0
39, 0.0
40, 0.0
41, 0.0
42, 0.0
43, 0.0
44, 0.0
45, 0.0
46, 0.0
47, 0.0
48, 0.0
49, 0.0
50, 0.0
51, 0.0
52, 0.0
53, 0.0
54, 0.0
55, 0.0
56, 0.0
57, 0.0
58, 0.0
59, 0.0
60, 0.0
61, 0.0
62, 0.0
63, 0.0
64, 0.0
65, 0.0
66, 0.0
67, 0.0
68, 0.0
69, 0.0
70, 0.0
71, 0.0
72, 0.0
73, 0.0
74, 0.0
75, 0.0
76, 0.0
77, 0.0
78, 0.0
79, 0.0
80, 0.0
81, 0.0
82, 0.0
83, 0.0
84, 0.0
85, 0.0
86, 0.0
87, 0.0
88, 0.0
89, 0.0
90, 0.0
91, 0.0
92.0, 0.00561821637799205
93.0, 0.012679940568875043
94.0, 0.015425344615010637
95.0, 0.025009778782520895
96.0, 0.026545881436264098
97.0, 0.02685493259503823
98.0, 0.028147593864284108
99.0, 0.021729101067053676
100.0, 0.01656293727166343
101.0, 0.00860786547769813
102.0, 0.000808682135773828
103.0, 0.0008526143495541387
104.0, 0.0015535590364817407
105.0, 0.002685391518074511
106.0, 0.009179867414106131
107.0, 0.013191595855044595
108.0, 0.015069328419602466
109.0, 0.016411973043956054
110.0, 0.018783170243663543
111.0, 0.023310170878621538
112.0, 0.03046503582666569
113.0, 0.0409953155485759
114.0, 0.04858233236619604
115.0, 0.05066450495022713
116.0, 0.04935333562559459
117.0, 0.050292977345451975
118.0, 0.048867693602972676
119.0, 0.04504011393421274
120.0, 0.038010761175906335
121.0, 0.03313189154941697
122.0, 0.03335441944207919
123.0, 0.037826641779918756
124.0, 0.04170281855909111
125.0, 0.04443927936785944
126.0, 0.04699402168622861
127.0, 0.048896412044141815
128.0, 0.048485668373889027
129.0, 0.04334342034738269
130.0, 0.03448114599440624
131.0, 0.027881036353012024
132.0, 0.02686916596710858
133.0, 0.0246399435669925
134.0, 0.022305874639467482
135.0, 0.01622240252832933
136.0, 0.005877267787728625
137.0, 0.0016923236633915916
138.0, 0.0019506550313780086
139.0, 0.0038825309395494534
140.0, 0.004263902155030838
141.0, 0.005854845584881145
142.0, 0.003964858597798877
143.0, 0.0007337849773118609
144.0, 0.0015429910594534466
145.0, 0.002913960117519683
146.0, 0.005987974693267211
147.0, 0.010813449871871864
148.0, 0.014999714581635843
149.0, 0.016655792073552604
150.0, 0.016703762424462594
151.0, 0.01492368453696604
152.0, 0.013731700421905033
153.0, 0.01456820813770068
154.0, 0.016511069922678687
155.0, 0.01880154776479251
156.0, 0.023896470603405634
157.0, 0.03178777390463326
158.0, 0.03904876705326996
159.0, 0.0422430281511081
160.0, 0.040960470061815746
161.0, 0.038751930266378035
162.0, 0.03836019511723482
163.0, 0.03768423401987798
164.0, 0.03789601303689711
165.0, 0.03990757625626931
166.0, 0.04302434470880617
167.0, 0.04461051139064572
168.0, 0.04312933170483104
169.0, 0.04118397320267785
170.0, 0.038700001560677634
171.0, 0.032750842438808624
172.0, 0.030578402993721103
173.0, 0.030694693921396916
174.0, 0.0320132849574382
175.0, 0.034569819357330216
176.0, 0.04062056861868945
177.0, 0.04445782252269375
178.0, 0.046610560048527046
179.0, 0.0490522134465535
180.0, 0.050962010758888766
181.0, 0.048695704896115605
182.0, 0.04640888759769819
183.0, 0.04544914707717917
184.0, 0.04335439443527046
185.0, 0.04147925433308934
186.0, 0.039554837093057287
187.0, 0.039012353575223264
188.0, 0.041953245692507274
189.0, 0.04652547396742344
190.0, 0.05109288352084
191.0, 0.052018975570103786
192.0, 0.04754508562355105
193.0, 0.04330807739699121
194.0, 0.03962922684838928
195.0, 0.038765883951916186
196.0, 0.03888244236487492
197.0, 0.03666683591718075
198.0, 0.03863636942521078
199.0, 0.0405220525078118
200.0, 0.0413798388798383
201.0, 0.042966685424435484
202.0, 0.047464628604624866
203.0, 0.046904329682571765
204.0, 0.045758471598061484
205.0, 0.047578571171560856
206.0, 0.05215401855419554
207.0, 0.058315515222181195
208.0, 0.0598401570503153
209.0, 0.057800733019543846
210.0, 0.05535323340847891
211.0, 0.04924301505801817
212.0, 0.04367401626741108
213.0, 0.03640515887753903
214.0, 0.027562677955344863
215.0, 0.021910566195073165
216.0, 0.01713335014881709
217.0, 0.014382847173626836
218.0, 0.012214840705916153
219.0, 0.00913803795452867
220.0, 0.006794751814619965
221.0, 0.008073939147924673
222.0, 0.009587639899239516
223.0, 0.009728671719952455
224.0, 0.011829196838704795
225.0, 0.01096104406628059
226.0, 0.010959065576392837
227.0, 0.012428324933198637
228.0, 0.013254043591851252
229.0, 0.016906253284577413
230.0, 0.01841049106950633
231.0, 0.01985054047716262
232.0, 0.0244896442552235
233.0, 0.029891800110437516
234.0, 0.03437514699467521
235.0, 0.035210389745248816
236.0, 0.034218952731271915
237.0, 0.03428085317892255
238.0, 0.029589956430628107
239.0, 0.022549017790070566
240.0, 0.017653609451335928
241.0, 0.01591471624030546
242.0, 0.014717804678199995
243.0, 0.014610540761698758
244.0, 0.014186673494660254
245.0, 0.013727184426143301
246.0, 0.014506280686666206
247.0, 0.017226268049161154
248.0, 0.019772386535108058
249.0, 0.020387538446252844
250.0, 0.019536122113380596
251.0, 0.019305577343136964
252.0, 0.01696799880114573
253.0, 0.013787898472416358
254.0, 0.012085130579768759
255.0, 0.012279377744513412
256.0, 0.009265934281210754
257.0, 0.008284028272887167
258.0, 0.009808100018868178
259.0, 0.012351725836871861
260.0, 0.014201359661252522
261.0, 0.013868874781332065
262.0, 0.015446459062254135
263.0, 0.015635506978878975
264.0, 0.013263857301340446
265.0, 0.0153273200609808
266.0, 0.01622113273469582
267.0, 0.016309545846975734
268.0, 0.015573616654777364
269.0, 0.013473478999147472
270.0, 0.013711616939252496
271.0, 0.011886159892484134
272.0, 0.009931551158833193
273.0, 0.009107724725056209
274.0, 0.006910196653184324
275.0, 0.004588707860709598
276.0, 0.0009755348573298513
277.0, 0.0025862480272323515
278.0, 0.004153014499654918
279.0, 0.007228604231889647
280.0, 0.008159937920169669
281.0, 0.00869287202973592
282.0, 0.009395037867418875
283.0, 0.00940198831637881
284.0, 0.009047053150474459
285.0, 0.006851738707516446
286.0, 0.005086215365400366
287.0, 0.0029505184914788247
288.0, 0.0031077169136351367
289.0, 0.008339452410839521
290.0, 0.01166999006981313
291.0, 0.015504068272824852
292.0, 0.021070361928462636
293.0, 0.025114665889299365
294.0, 0.03148155344932244
295.0, 0.0395832799345196
296.0, 0.046887235913823724
297.0, 0.050851147062518094
298.0, 0.05820565571511594
299.0, 0.06383499068555495
300.0, 0.0669887131279932
301.0, 0.06992631370191565
302.0, 0.07422073468175018
303.0, 0.07235446167640694
304.0, 0.07151439260312631
305.0, 0.0734525434982588
306.0, 0.07309521398333303
307.0, 0.06611701740089398
308.0, 0.0619776740408145
309.0, 0.05604134871730038
310.0, 0.048875067472373315
311.0, 0.04239152584507123
312.0, 0.03516067869649974
313.0, 0.03132351929758821
314.0, 0.027588930504866212
315.0, 0.023580869049983928
316.0, 0.020976140507538543
317.0, 0.020161454589571026
318.0, 0.016636170710703245
319.0, 0.013263463308055048
320.0, 0.012544978745467473
321.0, 0.01528167346314005
322.0, 0.01818903183017439
323.0, 0.021938710177349306
324.0, 0.025348479683552614
325.0, 0.02833749911111289
326.0, 0.03390347821136829
327.0, 0.0408465439965889
328.0, 0.04645004105715233
329.0, 0.05377080236828493
330.0, 0.0643785895388838
331.0, 0.07278417455721013
332.0, 0.08192177406813803
333.0, 0.09523877574953121
334.0, 0.10599987903153285
335.0, 0.11229944784270153
336.0, 0.12437215233413162
337.0, 0.13372306433777334
338.0, 0.14135724663161878
339.0, 0.14625655704965693
340.0, 0.14591463490964013
341.0, 0.13935296779221656
342.0, 0.13206215556570305
343.0, 0.12299317208206778
344.0, 0.11596436137825375
345.0, 0.11520554118662503
346.0, 0.11516197603091331
347.0, 0.11469742087260303
348.0, 0.11865625309310307
349.0, 0.12673500530274356
350.0, 0.13410304820522853
351.0, 0.13920348153597198
352.0, 0.14644833773957436
353.0, 0.15576909068321074
354.0, 0.16452946769681856
355.0, 0.1698879212504819
356.0, 0.1750246698420994
357.0, 0.17913642567762683
358.0, 0.18003934755739923
359.0, 0.1773017293772573
360.0, 0.17191027260949795
361.0, 0.16183203756622383
362.0, 0.14861465752096154
363.0, 0.13696130356239214
364.0, 0.12643102265105696
365.0, 0.11332225991744845
366.0, 0.10309859304719506
367.0, 0.09635790484207757
368.0, 0.09188856803883155
369.0, 0.08890580694398419
370.0, 0.08762428531017132
371.0, 0.08743783410870509
372.0, 0.08499141224419998
373.0, 0.08314504098128447
374.0, 0.0825196616291219
375.0, 0.08048026424589617
376.0, 0.08116866804782415
377.0, 0.08419920927154932
378.0, 0.08858269065856572
379.0, 0.09385836918132505
380.0, 0.0996407277843357
381.0, 0.10463877694851749
382.0, 0.10631019611835657
383.0, 0.11004024756331411
384.0, 0.11474723301672132
385.0, 0.11433210051153538
386.0, 0.11627173915393624
387.0, 0.11534000542021397
388.0, 0.11364060929721956
389.0, 0.11120687250300855
390.0, 0.1039763100575373
391.0, 0.0902249475292589
392.0, 0.07737802742290775
393.0, 0.06458256484643496
394.0, 0.05208788994552354
395.0, 0.04346139154953317
396.0, 0.03707924968356003
397.0, 0.02971637596247434
398.0, 0.022503845261153878
399.0, 0.017728256888101687
400.0, 0.015190319213033448
401.0, 0.012262070480956778
402.0, 0.009953376511136522
403.0, 0.005597976169117701
404.0, 0.0022038451145495967
405.0, 0.0023550119904256275
406.0, 0.0018516282789260061
407.0, 0.0003288381297250147
408.0, 0.0011123636907071216
409.0, 0.00282860546315016
410.0, 0.0029961623678980416
411.0, 0.0031360808154196136
412.0, 0.007890556598510496
413.0, 0.014860379759348383
414.0, 0.021186136636151976
415.0, 0.026617268291363634
416.0, 0.033533545613695384
417.0, 0.040434821059175736
418.0, 0.051063265413320964
419.0, 0.06152010278659221
420.0, 0.06967405791026843
421.0, 0.07878080063125423
422.0, 0.08739611969569722
423.0, 0.09233505876646542
424.0, 0.09375348594001524
425.0, 0.09379980478420558
426.0, 0.09496028242409779
427.0, 0.09437260186966058
428.0, 0.09039489814116744
429.0, 0.08510954923948849
430.0, 0.08090148363610118
431.0, 0.08002316079102537
432.0, 0.07641789567538658
433.0, 0.07593408015510959
434.0, 0.07242944704380389
435.0, 0.06566639489114334
436.0, 0.058824321148935224
437.0, 0.05076513830866422
438.0, 0.04528917880324913
439.0, 0.03732212277072742
440.0, 0.030516358793923802
441.0, 0.02626445506546108
442.0, 0.02009030720705715
443.0, 0.01944398770632807
444.0, 0.017240213317465756
445.0, 0.015429306857922171
446.0, 0.016760220656765083
447.0, 0.02014783394925701
448.0, 0.021152057891100775
449.0, 0.024638290319212202
450.0, 0.025395860616953505
451.0, 0.025089113340920982
452.0, 0.02749600763692384
453.0, 0.02729710880733785
454.0, 0.025703102142962935
455.0, 0.02255854183139562
456.0, 0.017853936604466263
457.0, 0.013394891387069773
458.0, 0.009744493438481815
459.0, 0.006932477753936271
460.0, 0.005314847487600892
461.0, 0.00595207028083175
462.0, 0.0070987079664131215
463.0, 0.006672279259009736
464.0, 0.006342041981734987
465.0, 0.005800194622763124
466.0, 0.006061197153326551
467.0, 0.00670213563518619
468.0, 0.007237439332854572
469.0, 0.007989933766832564
470.0, 0.006003301236479739
471.0, 0.0023208258195289463
472.0, 0.002126059611134626
473.0, 0.003615624952005234
474.0, 0.0006118606219409101
475.0, 0.0008352584415566365
476.0, 0.0023601851566650085
477.0, 0.0030228430795484823
478.0, 0.003963147236869858
479.0, 0.005535031589083513
480.0, 0.0036257072040685014
481.0, 0.0045239069263703245
482.0, 0.003199728725718378
483.0, 0.0039394055785456055
484.0, 0.0065932417422913045
485.0, 0.002116144243675475
486.0, 0.003058822272190551
487.0, 0.0014718188692936876
488.0, 0.0012991711008548334
489.0, 0.0026940944045911555
490.0, 0.0017751310668183023
491.0, 0.0004710279445667709
492.0, 0.001085159480634021
493.0, 0.0009845393567153463
494.0, 0.0002669063277067688
495.0, 0.0006295715834236622
496.0, 0.003867239624406429
497.0, 0.0019778868531888836
498.0, 0.0019608789532552227
499.0, 0.003925722549505644
500.0, 0.004698047226068596
501.0, 0.0027273147315534894
502.0, 0.004049789936596137
503.0, 0.00535919362968569
504.0, 0.004413853811237911
505.0, 0.0041574417944153785
506.0, 0.005802478491427256
507.0, 0.006897596035875583
508.0, 0.007260344985531194
509.0, 0.00791411956278313
510.0, 0.00555340416757244
511.0, 0.004628999693554258
512.0, 0.007250165856851795
513.0, 0.007637948114007076
514.0, 0.007461078001429411
515.0, 0.0074192387688416135
516.0, 0.007646344289402055
517.0, 0.007634454767738348
518.0, 0.006933804976118383
519.0, 0.006329048682913167
520.0, 0.006973203063020703
521.0, 0.009826653111194293
522.0, 0.009156219743865624
523.0, 0.0066310535643506665
524.0, 0.008136610759224762
525.0, 0.009570539142702339
526.0, 0.00979556447131194
527.0, 0.009410971344161738
528.0, 0.010511863182911264
529.0, 0.012464791762170462
530.0, 0.012281909595791559
531.0, 0.013147080834272983
532.0, 0.01259684930503649
533.0, 0.012651021826210473
534.0, 0.013540246647393962
535.0, 0.013834626771778373
536.0, 0.013689382394689932
537.0, 0.013517153539641754
538.0, 0.0159912897703312
539.0, 0.016137103321443885
540.0, 0.014694860967593343
541.0, 0.014864232727354775
542.0, 0.016271910689087017
543.0, 0.017073233582288468
544.0, 0.01759921962060728
545.0, 0.016509543997835725
546.0, 0.015645005628330773
547.0, 0.017014726989795684
548.0, 0.016271379849686154
549.0, 0.018604350480144093
550.0, 0.019324875776935913
551.0, 0.01716089036132972
552.0, 0.015845770883486928
553.0, 0.01732509424222306
554.0, 0.016048884106157915
555.0, 0.015350744498365739
556.0, 0.015592980682295953
557.0, 0.014793175909157758
558.0, 0.01305831846004411
559.0, 0.01254902685109242
560.0, 0.01276168783358585
561.0, 0.01078044793869184
562.0, 0.009254582319486367
563.0, 0.008793316083972174
564.0, 0.008735041269278194
565.0, 0.008970053118719899
566.0, 0.009239257891805576
567.0, 0.008009150518064232
568.0, 0.006988417661972735
569.0, 0.006682297034196124
570.0, 0.0061860123554083645
571.0, 0.00475885330908741
572.0, 0.005226874893037549
573.0, 0.005174795697548825
574.0, 0.0042649642061474416
575.0, 0.004743527839617296
576.0, 0.005882465613541435
577.0, 0.00439213592827507
578.0, 0.005301636676821979
579.0, 0.004418558570383583
580.0, 0.005188108952804121
581.0, 0.00544635769443064
582.0, 0.004065762448779241
583.0, 0.003690753696147551
584.0, 0.0028742058628830427
585.0, 0.004395826482844943
586.0, 0.0045941545987812785
587.0, 0.003474750256401626
588.0, 0.0028228604420052
589.0, 0.0032683269089644755
590.0, 0.00524678327308367
591.0, 0.003736315014077301
592.0, 0.0029476622017080597
593.0, 0.004114173577143093
594.0, 0.005391852943167029
595.0, 0.00541331667966473
596.0, 0.005753342518034122
597.0, 0.0070525785903837795
598.0, 0.006398859522622727
599.0, 0.006015296306204291
600.0, 0.006771343673660837
601.0, 0.007083938493858761
602.0, 0.0083691877331714
603.0, 0.006981968685950711
604.0, 0.005495525941402615
605.0, 0.006424139664446003
606.0, 0.007535865395494729
607.0, 0.006999038050734229
608.0, 0.007991235218882018
609.0, 0.007014147623231712
610.0, 0.008794603728573583
611.0, 0.01025036573851593
612.0, 0.008388729535175055
613.0, 0.006033466610902528
614.0, 0.00858867361418221
615.0, 0.008399367648929476
616.0, 0.008176176312590395
617.0, 0.008293399319767669
618.0, 0.007774604421008885
619.0, 0.007543156439372511
620.0, 0.00897846201988812
621.0, 0.008684548545563648
622.0, 0.009666264655979109
623.0, 0.009583389729664493
624.0, 0.00930981920116505
625.0, 0.009759323611545044
626.0, 0.009276871503551125
627.0, 0.007980411054875507
628.0, 0.009174985657104303
629.0, 0.007950028830612448
630.0, 0.007804870270864147
631.0, 0.008702232168732893
632.0, 0.008142830833514693
633.0, 0.008887409931396688
634.0, 0.009800571677558118
635.0, 0.01003920723906513
636.0, 0.008835645991091686
637.0, 0.008392813836435512
638.0, 0.009899807570747788
639.0, 0.009215018546091757
640.0, 0.007186546420637127
641.0, 0.007958320021884544
642.0, 0.008787249063989975
643.0, 0.01097535127524294
644.0, 0.012689418916279544
645.0, 0.010736110738794102
646.0, 0.010135027980014057
647.0, 0.01089158552339621
648.0, 0.010551502923153615
649.0, 0.011342549523660447
650.0, 0.011931536140559666
651.0, 0.010785276875572673
652.0, 0.013141835830695857
653.0, 0.013063896881787433
654.0, 0.012278819917095502
655.0, 0.010119310144473505
656.0, 0.01030625609706433
657.0, 0.011513246357868342
658.0, 0.009042892491769304
659.0, 0.010301546515676092
660.0, 0.012306724231908902
661.0, 0.012516618471202966
662.0, 0.012293371489601475
663.0, 0.01132826065783567
664.0, 0.00976546369253068
665.0, 0.010661361837496169
666.0, 0.010876969046752238
667.0, 0.009216850827930233
668.0, 0.009403630180837265
669.0, 0.009949543574180124
670.0, 0.00964269268014055
671.0, 0.009244074187738188
672.0, 0.008290625044906819
673.0, 0.008298024884289693
674.0, 0.010501524079107528
675.0, 0.008395757650036882
676.0, 0.0059715479725100246
677.0, 0.006457615330000182
678.0, 0.0056423206033993905
679.0, 0.006224947841595148
680.0, 0.005181230329209984
681.0, 0.0029208330430189338
682.0, 0.002464177819041211
683.0, 0.0035188151707043385
684.0, 0.0036860721243129786
685.0, 0.0023236530062623897
686.0, 0.00475240592687918
687.0, 0.00169350702514817
688.0, 0.0026422060259463217
689.0, 0.0026414261316135704
690.0, 0.001081983203828545
691.0, 0.0016564072371712851
692.0, 0.0022669031004508822
693.0, 0.0006496899343480939
694.0, 0.0005933469620945455
695.0, 0.0003230029221946868
696.0, 0.0012497141038104694
697.0, 0.002049099637399864
698.0, 0.0017064859322152065
699.0, 0.000125908260396911
700.0, 0.0012244721804398164
701.0, 0.0005981124128991656
702.0, 0.0007260509565173088
703.0, 0.00041221819443048403
704.0, 0.0008748180118733091
705.0, 0.0006610596221211676
706.0, 0.0006867398783944117
707.0, 0.0015834831262775792
708.0, 0.00032083492961480385
709.0, 0.00126463057034523
710.0, 0.0008749551864419968
711.0, 0.0012455869799647427
712.0, 0.0008889599632730925
713.0, 0.0008932638823622406
714.0, 0.0002136186337154947
715.0, 0.0005617582221702631
716.0, 0.0011227527939014518
717.0, 0.002348409901443661
718.0, 0.0016694735066474177
719.0, 0.002117646331441479
720.0, 0.002089342035482647
721.0, 0.00224473551518755
722.0, 0.001537557254750857
723.0, 0.0012829203498754796
724.0, 0.0011831439447485906
725.0, 0.00032747218169615474
726.0, 0.0010044567203002968
727.0, 0.0006826509333290179
728.0, 0.0003725176957035559
729.0, 0.0007756845268209858
730.0, 0.0010773480183464685
731.0, 0.0028694409527000647
732.0, 0.003619939498528659
733.0, 0.005019570843328538
734.0, 0.004959390763901313
735.0, 0.005272539647443692
736.0, 0.00793157523637516
737.0, 0.008918436747198636
738.0, 0.010107382147670105
739.0, 0.011484024518668062
740.0, 0.01151770443569566
741.0, 0.0118682777424094
742.0, 0.015003285609107159
743.0, 0.01863044325219882
744.0, 0.018356908941520877
745.0, 0.020794300265076945
746.0, 0.022947388157053154
747.0, 0.023182617201729285
748.0, 0.02620813393683434
749.0, 0.027933230098447677
750.0, 0.028736916575414967
751.0, 0.03061225898482589
752.0, 0.03195683234811023
753.0, 0.032732718374671475
754.0, 0.03319072058845578
755.0, 0.03351572598516851
756.0, 0.0349734650256501
757.0, 0.0356889271055244
758.0, 0.035276494551709704
759.0, 0.03558074282666536
760.0, 0.03580721122340506
761.0, 0.03455334941478675
762.0, 0.03261346130368261
763.0, 0.031034239931327708
764.0, 0.027889044631583836
765.0, 0.02356384659757866
766.0, 0.0198854357554652
767.0, 0.018911973366416413
768.0, 0.017136333592021078
769.0, 0.012765993842741045
770.0, 0.008555189561810282
771.0, 0.005274288981953281
772.0, 0.004802216254559909
773.0, 0.0012724400213776803
774.0, 0.0014070918641744456
775.0, 0.004382027429617524
776.0, 0.006271698082505863
777.0, 0.0058886745734674706
778.0, 0.005647699460547446
779.0, 0.004822027633695069
780.0, 0.0027218364862260486
781.0, 0.0008782167390540569
782.0, 0.004477518664256488
783.0, 0.010607763229477455
784.0, 0.015616814997123451
785.0, 0.022070292109873692
786.0, 0.03300855605719224
787.0, 0.04353896043666239
788.0, 0.053328669012427644
789.0, 0.06509699116450852
790.0, 0.07872880901201586
791.0, 0.09608920416274698
792.0, 0.11364987923619589
793.0, 0.1261024979596376
794.0, 0.13890723867800023
795.0, 0.15947124464638687
796.0, 0.18086294362302419
797.0, 0.19530170996802423
798.0, 0.20625912276526767
799.0, 0.2165929482944213
800.0, 0.22405670411852874
801.0, 0.2276413514796772
802.0, 0.22877289208111978
803.0, 0.2276350570122861
804.0, 0.22516679129965592
805.0, 0.21966704792510067
806.0, 0.2179065603280092
807.0, 0.21869291187675743
808.0, 0.21877895231196576
809.0, 0.22366106206471056
810.0, 0.233780381779243
811.0, 0.2467842507163078
812.0, 0.2632025710300637
813.0, 0.2812921068322966
814.0, 0.301893533152921
815.0, 0.32435045271678403
816.0, 0.3466206356698377
817.0, 0.36494764927462925
818.0, 0.37483621646386994
819.0, 0.3838684382023287
820.0, 0.3889239030963008
821.0, 0.3840211340249559
822.0, 0.37630496705444616
823.0, 0.3732135814563926
824.0, 0.3736386053246742
825.0, 0.3749509389667049
826.0, 0.39119466273235076
827.0, 0.41059360333836875
828.0, 0.4429689666256938
829.0, 0.4803603162385816
830.0, 0.5147519292052302
831.0, 0.5432577861320886
832.0, 0.5662938040657247
833.0, 0.5851510041719835
834.0, 0.5996211310574723
835.0, 0.6240749238362968
836.0, 0.6469149896805827
837.0, 0.6805232523082888
838.0, 0.7214083042861253
839.0, 0.7686442133446446
840.0, 0.8284333190095076
841.0, 0.8989485584851876
842.0, 0.9629990416437588
843.0, 0.997395053214544
844.0, 0.985393356089735
845.0, 0.9196693146127622
846.0, 0.8122269406948763
847.0, 0.7049777796694467
848.0, 0.6200402772153847
849.0, 0.5565259457944056
850.0, 0.5158888917312147
851.0, 0.4985339985722209
852.0, 0.49963618451778447
853.0, 0.5146315783471073
854.0, 0.5408703403127757
855.0, 0.5738343012522595
856.0, 0.6044797170387157
857.0, 0.6105625217433189
858.0, 0.5748760425162588
859.0, 0.5046325112411746
860.0, 0.4133200373583305
861.0, 0.33437116893784485
862.0, 0.2723505854386266
863.0, 0.2288875832687034
864.0, 0.19409932256457152
865.0, 0.16702407311854037
866.0, 0.1492449291925153
867.0, 0.13683567020033047
868.0, 0.13326209510565057
869.0, 0.13408807089605831
870.0, 0.13740293166035653
871.0, 0.14213315778060923
872.0, 0.1460977245171367
873.0, 0.15104521992678135
874.0, 0.1528942922733075
875.0, 0.1458921878128255
876.0, 0.13247948286887637
877.0, 0.11416738943068482
878.0, 0.09478788548418637
879.0, 0.07550685100497838
880.0, 0.0622086742184462
881.0, 0.052358151373887565
882.0, 0.044998614618632415
883.0, 0.04062880137514275
884.0, 0.03578968751003563
885.0, 0.03173099970069527
886.0, 0.02772982304029139
887.0, 0.021451968596260175
888.0, 0.01896367451122839
889.0, 0.017516661988435964
890.0, 0.015409680067909218
891.0, 0.01313096988242702
892.0, 0.012295068385512814
893.0, 0.011626938330354757
894.0, 0.008036136422333561
895.0, 0.006548404436310163
896.0, 0.005244147400091176
897.0, 0.004904028736994486
898.0, 0.0050561745148563104
899.0, 0.0040218723192218765
900.0, 0.002507785331776344
901.0, 0.001422495630446525
902.0, 0.00016128946710837672
903.0, 0.0024199278675631273
904.0, 0.0016689223401296928
905.0, 0.0014061186815496516
906.0, 0.002690228258933402
907.0, 0.0023974205694622334
908.0, 0.0031256447025569977
909.0, 0.0032688269168690554
910.0, 0.002555959805078652
911.0, 0.0021499226286028033
912.0, 0.002463309887542393
913.0, 0.004172182931080012
914.0, 0.003890022574766827
915.0, 0.0024428542950484023
916.0, 0.0021669182533141616
917.0, 0.0003645729287663851
918.0, 0.000608493538864922
919.0, 0.001350218671904056
920.0, 0.0009796595868850116
921.0, 0.0020668240261889253
922.0, 0.0009576727260646014
923.0, 0.0017362884813518654
924.0, 0.0008824442702090452
925.0, 0.0003550117025346411
926.0, 0.00025425204554471904
927.0, 0.0015518124197045193
928.0, 0.002531781921742223
929.0, 0.002173698328439615
930.0, 0.0018061665593418633
931.0, 0.0015372568132078447
932.0, 0.003864160496280979
933.0, 0.004969453458394421
934.0, 0.004910104279513138
935.0, 0.005570370032137333
936.0, 0.003975989706857806
937.0, 0.0037904718637943994
938.0, 0.00465188202212834
939.0, 0.006152523699589531
940.0, 0.00689504510477186
941.0, 0.003920481472921826
942.0, 0.006380012740931956
943.0, 0.008019903860210726
944.0, 0.0072573631232842484
945.0, 0.008097459141961022
946.0, 0.007631517510958965
947.0, 0.008218694463128087
948.0, 0.009619754770821703
949.0, 0.010136766041709478
950.0, 0.010009825607954246
951.0, 0.010065145058360639
952.0, 0.010112927566218443
953.0, 0.009752095250266242
954.0, 0.012320697453777377
955.0, 0.012569027817549365
956.0, 0.012998091172111415
957.0, 0.011749504789118919
958.0, 0.011103538472916865
959.0, 0.012721550905930329
960.0, 0.014142244099792225
961.0, 0.01371126603503795
962.0, 0.012772107218219591
963.0, 0.013921428300132876
964.0, 0.014502712987077917
965.0, 0.013898731753722346
966.0, 0.01454794025804774
967.0, 0.014929074404178837
968.0, 0.013242190542054267
969.0, 0.01363673075041664
970.0, 0.01566311208893344
971.0, 0.014515982801603248
972.0, 0.012457557077084238
973.0, 0.013457276306739773
974.0, 0.014227138867783281
975.0, 0.01424458827373497
976.0, 0.01320668589480489
977.0, 0.014867699509212625
978.0, 0.017144048927709432
979.0, 0.014505209174671704
980.0, 0.013002048205949104
981.0, 0.014796308612373014
982.0, 0.013459303551004657
983.0, 0.014873249654409147
984.0, 0.01529218195262018
985.0, 0.01211834842395191
986.0, 0.011340408126911977
987.0, 0.011532041441578022
988.0, 0.011439891843823768
989.0, 0.010694433821209432
990.0, 0.010309317222235832
991.0, 0.009448716371658443
992.0, 0.008422961317380472
993.0, 0.009234987404981437
994.0, 0.008772905488535253
995.0, 0.008538060564872238
996.0, 0.005330657776573839
997.0, 0.0074107087592565155
998.0, 0.00703670744068012
999.0, 0.005210924727035118
1000.0, 0.0061552597713570335
1001.0, 0.00617381059497002
1002.0, 0.005396987469824679
1003.0, 0.005863151870876927
1004.0, 0.006142033121021931
1005.0, 0.007036414962718816
1006.0, 0.0039979348010807285
1007.0, 0.006422436378544452
1008.0, 0.005863138967235157
1009.0, 0.005150967645449878
1010.0, 0.005557190256041833
1011.0, 0.004044511785476249
1012.0, 0.0047857339083009105
1013.0, 0.0057592728306750515
1014.0, 0.004120014141085476
1015.0, 0.004834796783496445
1016.0, 0.006515438561840644
1017.0, 0.00655997054219226
1018.0, 0.004114024459958272
1019.0, 0.004419527207483561
1020.0, 0.005048008714742678
1021.0, 0.004423681603698267
1022.0, 0.004107142828539355
1023.0, 0.0023401276964795923
1024.0, 0.0017001579588380423
1025.0, 0.003427149235907764
1026.0, 0.003935987462639792
1027.0, 0.002860562402016341
1028.0, 0.0031005062868711335
1029.0, 0.0021412506425511246
1030.0, 0.0019843867495291405
1031.0, 0.002535878056951933
1032.0, 0.0021727532860183816
1033.0, 0.0024225625699886228
1034.0, 0.0005418858813629417
1035.0, 0.0013504723342298878
1036.0, 0.0027087792484456028
1037.0, 0.0023029047632645698
1038.0, 0.002586321065781706
1039.0, 0.002299154080910955
1040.0, 0.0006028090984853378
1041.0, 0.00290219662333994
1042.0, 0.0030056411202049054
1043.0, 0.0007403801085473029
1044.0, 0.0024484804106716515
1045.0, 0.002334831836817225
1046.0, 0.0017642677148695994
1047.0, 0.0034542018309394046
1048.0, 0.003667458865932052
1049.0, 0.0027500781510761446
1050.0, 0.0028182062781757786
1051.0, 0.0023474025157546696
1052.0, 0.0016989929071555552
1053.0, 0.0017363985981769285
1054.0, 0.0015998377170263662
1055.0, 0.002259159114382549
1056.0, 0.0010915177814005618
1057.0, 0.00010705224131891922
1058.0, 0.0015181645129210837
1059.0, 0.002170280541170159
1060.0, 0.002681329970702605
1061.0, 0.0029594797101039657
1062.0, 0.0012499802338859808
1063.0, 2.068652473553612e-05
1064.0, 0.001173172365900293
1065.0, 0.0014311580084416884
1066.0, 0.0013052378952486412
1067.0, 0.0018637211120121205
1068.0, 0.00041643362784809655
1069.0, 0.0006437215830831935
1070.0, 0.0026100841360192674
1071.0, 0.0015164910975413999
1072.0, 0.001199384347890811
1073.0, 0.001943206622128131
1074.0, 0.0014096583527733312
1075.0, 0.0026263473617256176
1076.0, 0.0014989077828887116
1077.0, 0.003444957641473505
1078.0, 0.003044906797604675
1079.0, 0.0014465578073243053
1080.0, 0.002269229119992735
1081.0, 0.0021993024295606954
1082.0, 0.0028593580017507256
1083.0, 0.001712947699656449
1084.0, 0.0007329853808178303
1085.0, 0.0010663513157746752
1086.0, 0.0022194656834092345
1087.0, 0.0016157421913931605
1088.0, 0.0016416032626838488
1089.0, 0.0017710763562779003
1090.0, 0.001351188523761288
1091.0, 0.00041710827237493816
1092.0, 0.0005212870243313459
1093.0, 0.0003713180682447403
1094.0, 0.0017234677258483357
1095.0, 0.0016076829322871431
1096.0, 0.0009511183390976844
1097.0, 0.0031572014200512734
1098.0, 0.0007360958826684176
1099.0, 0.0010355622393623605
1100.0, 0.0006865025323567071
1101.0, 0.0002088912849084987
1102.0, 0.0007219074855335318
1103.0, 8.800168891755634e-05
1104.0, 0.0005834916325444938
1105.0, 0.0020914515583498705
1106.0, 0.002733706872992391
1107.0, 0.0009495339400982194
1108.0, 0.0019108495300581357
1109.0, 0.0016110496630682104
1110.0, 0.0012529704354299648
1111.0, 0.0005746514008604194
1112.0, 0.002887440185396779
1113.0, 0.0023025084502147296
1114.0, 0.0011953863538130647
1115.0, 0.002341370391917808
1116.0, 0.002724332855473271
1117.0, 0.0018316039585840123
1118.0, 0.001439590406995923
1119.0, 0.0013255052008379427
1120.0, 0.0009646419493546633
1121.0, 0.00046144555065987154
1122.0, 0.0007426462114814361
1123.0, 0.0011133142055263568
1124.0, 0.0010196713088458794
1125.0, 0.002275049307465877
1126.0, 0.0019205366579271002
1127.0, 0.00021019088839615841
1128.0, 0.002559919628028038
1129.0, 0.001013297866286769
1130.0, 4.708242881622658e-05
1131.0, 0.001258068952778699
1132.0, 0.00035739854076623944
1133.0, 0.0009932404776217241
1134.0, 0.0011217108314818586
1135.0, 0.000370544278243102
1136.0, 0.0005425801299397813
1137.0, 0.001167300430942034
1138.0, 0.0007183720560239237
1139.0, 0.0009982818021734919
1140.0, 0.0002985726546720325
1141.0, 0.001227881639066093
1142.0, 0.0011889525973559217
1143.0, 0.0013798068015635934
1144.0, 0.0018110519737356576
1145.0, 0.0008364992520921171
1146.0, 0.0006865653626182949
1147.0, 0.0006776994608142442
1148.0, 0.0008935243884506567
1149.0, 0.0017111726135787592
1150.0, 0.0016622928566785912
1151.0, 0.0005516778886248199
1152.0, 0.0007152358104547135
1153.0, 0.0025296177399750947
1154.0, 0.0012473971243466843
1155.0, 0.0003487053759099438
1156.0, 0.0017926139296252602
1157.0, 0.0027598676000548956
1158.0, 0.0013520774269152411
1159.0, 0.0019407977935401817
1160.0, 0.0018794439687047295
1161.0, 0.001225642588123485
1162.0, 0.0013318273170511619
1163.0, 0.0015057623532225303
1164.0, 0.0008568619538282629
1165.0, 0.0007677670616239176
1166.0, 0.0015723493865733747
1167.0, 0.0009913727041667413
1168.0, 7.229866273248763e-05
1169.0, 0.00080306046040708
1170.0, 0.0017901394784050112
1171.0, 0.0010295626580803057
1172.0, 0.0019020721306157928
1173.0, 0.002772072601084851
1174.0, 0.0026732055863375186
1175.0, 0.000413799373681267
1176.0, 0.0009745966384064747
1177.0, 0.002789181674666528
1178.0, 0.002434153838208055
1179.0, 0.0015478569653113435
1180.0, 0.0011494968945308624
1181.0, 0.00028110956803265713
1182.0, 0.0013846488019615731
1183.0, 0.0027086463557166205
1184.0, 0.002917019423598206
1185.0, 0.001965082049496012
1186.0, 0.0014588987187221204
1187.0, 0.002509430500501582
1188.0, 0.0018674230161001835
1189.0, 0.001618746110230496
1190.0, 0.0022704078813165075
1191.0, 0.0014459581004329714
1192.0, 0.00043962923371989275
1193.0, 0.00046106355752807335
1194.0, 0.0015114686502091898
1195.0, 0.0017986046755221366
1196.0, 0.00034748523570114125
1197.0, 0.0001453443944551188
1198.0, 0.0023311759001993534
1199.0, 0.001665056119296165
1200.0, 0.0015671450460986477
1201.0, 0.0013452330913496426
1202.0, 0.003261241925392684
1203.0, 0.003828697139432973
1204.0, 0.0013940810514195187
1205.0, 0.0012826009719203945
1206.0, 0.0019163313154105023
1207.0, 0.001467794293996057
1208.0, 0.001219663715033378
1209.0, 0.0011086616506890907
1210.0, 0.0013740286788103515
1211.0, 0.0021011710894339635
1212.0, 0.000500953876787249
1213.0, 0.002753877183189421
1214.0, 0.001823525905637521
1215.0, 0.0010167691117200627
1216.0, 0.002634689897576196
1217.0, 0.001932593408636591
1218.0, 0.002485334512453936
1219.0, 0.0021858499544575812
1220.0, 0.001477656140082582
1221.0, 0.0010178492350450213
1222.0, 0.0011121768664487505
1223.0, 0.0019409671477810277
1224.0, 0.001629104829421661
1225.0, 0.0012505955327835948
1226.0, 0.0011425641419730247
1227.0, 0.00021495662910773174
1228.0, 0.0004901526403847818
1229.0, 0.0023719671788160874
1230.0, 0.0028950621745412273
1231.0, 0.0024808354035723446
1232.0, 0.003077788000967237
1233.0, 0.0008414321219322196
1234.0, 0.0005170435244076631
1235.0, 0.00023980518664698416
1236.0, 0.002496945525107412
1237.0, 0.002548972460922013
1238.0, 0.002157457580934264
1239.0, 0.0017222974861825463
1240.0, 0.0017039087330144556
1241.0, 0.0009185036938814175
1242.0, 0.00020248801272082802
1243.0, 0.00048163807385778165
1244.0, 0.0003203080210044194
1245.0, 0.0017351926076324123
1246.0, 0.0029315091344148266
1247.0, 0.0030076890727781256
1248.0, 0.0028414294359627407
1249.0, 0.002643676840425674
1250.0, 0.0031596630951614326
1251.0, 0.002533981884772198
1252.0, 0.0013573853172753195
1253.0, 0.0019271204560714654
1254.0, 0.0010856202789180083
1255.0, 0.0013484331001409114
1256.0, 0.0018829788753350176
1257.0, 0.0023992903201451267
1258.0, 0.002795169265432908
1259.0, 0.0019852431901748804
1260.0, 0.001304105835977071
1261.0, 0.0014762468858952437
1262.0, 0.0023858686992256194
1263.0, 0.0009981000442145776
1264.0, 0.0029947571470390873
1265.0, 0.0022535084032796627
1266.0, 0.002074634259090288
1267.0, 0.0026113710211380617
1268.0, 0.001350205760569033
1269.0, 0.00021998124447630498
1270.0, 0.0011875662571653727
1271.0, 0.0015813118215352827
1272.0, 0.0024331966068310723
1273.0, 0.0024157822227292057
1274.0, 0.001848161216659991
1275.0, 0.0011269673145045645
1276.0, 0.0014857856180575417
1277.0, 0.0019625183389469967
1278.0, 0.0017490040406084963
1279.0, 0.0016898534252501026
1280.0, 0.0008842355645546438
1281.0, 0.0003570244575846291
1282.0, 0.0017814640893815009
1283.0, 0.0020070206299549484
1284.0, 0.00038135491674019177
1285.0, 0.0018452617956397114
1286, 0.0
1287, 0.0
1288, 0.0
1289, 0.0
1290, 0.0
1291, 0.0
1292, 0.0
1293, 0.0
1294, 0.0
1295, 0.0
1296, 0.0
1297, 0.0
1298, 0.0
1299, 0.0
1300, 0.0
1301, 0.0
1302, 0.0
1303, 0.0
1304, 0.0
1305, 0.0
1306, 0.0
1307, 0.0
1308, 0.0
1309, 0.0
1310, 0.0
1311, 0.0
1312, 0.0
1313, 0.0
1314, 0.0
1315, 0.0
1316, 0.0
1317, 0.0
1318, 0.0
1319, 0.0
1320, 0.0
1321, 0.0
1322, 0.0
1323, 0.0
1324, 0.0
1325, 0.0
1326, 0.0
1327, 0.0
1328, 0.0
1329, 0.0
1330, 0.0
1331, 0.0
1332, 0.0
1333, 0.0
1334, 0.0
1335, 0.0
1336, 0.0
1337, 0.0
1338, 0.0
1339, 0.0
1340, 0.0
1341, 0.0
1342, 0.0
1343, 0.0
1344, 0.0
1345, 0.0
1346, 0.0
1347, 0.0
1348, 0.0
1349, 0.0
1350, 0.0
1351, 0.0
1352, 0.0
1353, 0.0
1354, 0.0
1355, 0.0
1356, 0.0
1357, 0.0
1358, 0.0
1359, 0.0
1360, 0.0
1361, 0.0
1362, 0.0
1363, 0.0
1364, 0.0
1365, 0.0
1366, 0.0
1367, 0.0
1368, 0.0
1369, 0.0
1370, 0.0
1371, 0.0
1372, 0.0
1373, 0.0
1374, 0.0
1375, 0.0
1376, 0.0
1377, 0.0
1378, 0.0
1379, 0.0
1380, 0.0
1381, 0.0
1382, 0.0
1383, 0.0
1384, 0.0
1385, 0.0
1386, 0.0
1387, 0.0
1388, 0.0
1389, 0.0
1390, 0.0
1391, 0.0
1392, 0.0
1393, 0.0
1394, 0.0
1395, 0.0
1396, 0.0
1397, 0.0
1398, 0.0
1399, 0.0
1400, 0.0
1401, 0.0
1402, 0.0
1403, 0.0
1404, 0.0
1405, 0.0
1406, 0.0
1407, 0.0
1408, 0.0
1409, 0.0
1410, 0.0
1411, 0.0
1412, 0.0
1413, 0.0
1414, 0.0
1415, 0.0
1416, 0.0
1417, 0.0
1418, 0.0
1419, 0.0
1420, 0.0
1421, 0.0
1422, 0.0
1423, 0.0
1424, 0.0
1425, 0.0
1426, 0.0
1427, 0.0
1428, 0.0
1429, 0.0
1430, 0.0
1431, 0.0
1432, 0.0
1433, 0.0
1434, 0.0
1435, 0.0
1436, 0.0
1437, 0.0
1438, 0.0
1439, 0.0
1440, 0.0
1441, 0.0
1442, 0.0
1443, 0.0
1444, 0.0
1445, 0.0
1446, 0.0
1447, 0.0
1448, 0.0
1449, 0.0
1450, 0.0
1451, 0.0
1452, 0.0
1453, 0.0
1454, 0.0
1455, 0.0
1456, 0.0
1457, 0.0
1458, 0.0
1459, 0.0
1460, 0.0
1461, 0.0
1462, 0.0
1463, 0.0
1464, 0.0
1465, 0.0
1466, 0.0
1467, 0.0
1468, 0.0
1469, 0.0
1470, 0.0
1471, 0.0
1472, 0.0
1473, 0.0
1474, 0.0
1475, 0.0
1476, 0.0
1477, 0.0
1478, 0.0
1479, 0.0
1480, 0.0
1481, 0.0
1482, 0.0
1483, 0.0
1484, 0.0
1485, 0.0
1486, 0.0
1487, 0.0
1488, 0.0
1489, 0.0
1490, 0.0
1491, 0.0
1492, 0.0
1493, 0.0
1494, 0.0
1495, 0.0
1496, 0.0
1497, 0.0
1498, 0.0
1499, 0.0
1500, 0.0
1501, 0.0
1502, 0.0
1503, 0.0
1504, 0.0
1505, 0.0
1506, 0.0
1507, 0.0
1508, 0.0
1509, 0.0
1510, 0.0
1511, 0.0
1512, 0.0
1513, 0.0
1514, 0.0
1515, 0.0
1516, 0.0
1517, 0.0
1518, 0.0
1519, 0.0
1520, 0.0
1521, 0.0
1522, 0.0
1523, 0.0
1524, 0.0
1525, 0.0
1526, 0.0
1527, 0.0
1528, 0.0
1529, 0.0
1530, 0.0
1531, 0.0
1532, 0.0
1533, 0.0
1534, 0.0
1535, 0.0
1536, 0.0
1537, 0.0
1538, 0.0
1539, 0.0
1540, 0.0
1541, 0.0
1542, 0.0
1543, 0.0
1544, 0.0
1545, 0.0
1546, 0.0
1547, 0.0
1548, 0.0
1549, 0.0
1550, 0.0
1551, 0.0
1552, 0.0
1553, 0.0
1554, 0.0
1555, 0.0
1556, 0.0
1557, 0.0
1558, 0.0
1559, 0.0
1560, 0.0
1561, 0.0
1562, 0.0
1563, 0.0
1564, 0.0
1565, 0.0
1566, 0.0
1567, 0.0
1568, 0.0
1569, 0.0
1570, 0.0
1571, 0.0
1572, 0.0
1573, 0.0
1574, 0.0
1575, 0.0
1576, 0.0
1577, 0.0
1578, 0.0
1579, 0.0
1580, 0.0
1581, 0.0
1582, 0.0
1583, 0.0
1584, 0.0
1585, 0.0
1586, 0.0
1587, 0.0
1588, 0.0
1589, 0.0
1590, 0.0
1591, 0.0
1592, 0.0
1593, 0.0
1594, 0.0
1595, 0.0
1596, 0.0
1597, 0.0
1598, 0.0
1599, 0.0
