30, 0.0
31, 0.0
32, 0.0
33, 0.0
34, 0.0
35, 0.0
36, 0.0
37, 0.0
38, 0.0
39, 0.0
40, 0.0
41, 0.0
42, 0.0
43, 0.0
44, 0.0
45, 0.0
46, 0.0
47, 0.0
48, 0.0
49, 0.0
50, 0.0
51, 0.0
52, 0.0
53, 0.0
54, 0.0
55, 0.0
56, 0.0
57, 0.0
58, 0.0
59, 0.0
60, 0.0
61, 0.0
62, 0.0
63, 0.0
64, 0.0
65, 0.0
66, 0.0
67, 0.0
68, 0.0
69, 0.0
70, 0.0
71, 0.0
72, 0.0
73, 0.0
74, 0.0
75, 0.0
76, 0.0
77, 0.0
78, 0.0
79, 0.0
80, 0.0
81, 0.0
82, 0.0
83, 0.0
84, 0.0
85, 0.0
86, 0.0
87, 0.0
88, 0.0
89, 0.0
90, 0.0
91, 0.0
92, 0.0
93, 0.0
94, 0.0
95, 0.0
96, 0.0
97, 0.0
98, 0.0
99, 0.0
100, 0.0
101, 0.0
102, 0.0
103, 0.0
104, 0.0
105, 0.0
106, 0.0
107, 0.0
108, 0.0
109, 0.0
110, 0.0
111, 0.0
112, 0.0
113, 0.0
114, 0.0
115, 0.0
116, 0.0
117.0, 1.803491231975346e-05
118.0, 2.571964980755589e-05
119.0, 7.835544928494775e-05
120.0, 0.0001784525658584611
121.0, 0.0001598288436159737
122.0, 8.236478046522564e-05
123.0, 4.491812185220586e-05
124.0, 8.79736957732545e-05
125.0, 0.0001128615352766681
126.0, 0.0003242336368784554
127.0, 0.00055574243429915
128.0, 0.0007883333710364043
129.0, 0.0009587055458005783
130.0, 0.0011342347054994807
131.0, 0.001294276797317647
132.0, 0.0014491228395772998
133.0, 0.001667089361889159
134.0, 0.002086320242272082
135.0, 0.002623173518457627
136.0, 0.0030494063253325644
137.0, 0.003314340035298541
138.0, 0.0037977401840835418
139.0, 0.004082168427092717
140.0, 0.004344240037896777
141.0, 0.004747207960083585
142.0, 0.005243425964029153
143.0, 0.005620568360799227
144.0, 0.006134420288500264
145.0, 0.006851732494903333
146.0, 0.0076183350023762255
147.0, 0.008250513548319441
148.0, 0.00915950129575415
149.0, 0.01048551506714925
150.0, 0.012103042496293936
151.0, 0.01345658078895118
152.0, 0.015323026937222175
153.0, 0.01742391492939104
154.0, 0.01942769875272888
155.0, 0.021524187347140438
156.0, 0.02367128724217096
157.0, 0.02632996233408951
158.0, 0.029427614988221443
159.0, 0.03225999924813444
160.0, 0.03489907990287935
161.0, 0.037852098554964214
162.0, 0.04090122226498497
163.0, 0.043509935891123674
164.0, 0.04606336927670841
165.0, 0.047894166827819606
166.0, 0.04918150741010303
167.0, 0.05007924183228684
168.0, 0.04980441741871553
169.0, 0.04873827274756762
170.0, 0.046455954841961786
171.0, 0.042824050104658944
172.0, 0.03835663580064653
173.0, 0.033878230776547814
174.0, 0.030037610891342655
175.0, 0.026566645404404576
176.0, 0.02296075016710064
177.0, 0.019755243926354478
178.0, 0.017522305907101535
179.0, 0.015896527116303894
180.0, 0.014428343292106197
181.0, 0.013526658773401054
182.0, 0.01309543683619518
183.0, 0.012700222359928152
184.0, 0.012256529378953393
185.0, 0.012288147312240509
186.0, 0.012368790854695624
187.0, 0.01226508686847159
188.0, 0.01224912889596802
189.0, 0.012716655602065747
190.0, 0.012713918532911749
191.0, 0.012448229759486423
192.0, 0.012037980768169053
193.0, 0.011437908406734105
194.0, 0.010534527474645165
195.0, 0.009540564678614786
196.0, 0.008554652161490034
197.0, 0.0076252218653345685
198.0, 0.006793997155634099
199.0, 0.0058765513869336195
200.0, 0.0049290586133210225
201.0, 0.004123861882489334
202.0, 0.0036281443086029963
203.0, 0.0032533789705660636
204.0, 0.0030896784485119834
205.0, 0.002788868353072415
206.0, 0.00221666057655441
207.0, 0.00204921160383577
208.0, 0.0018650557723758634
209.0, 0.0015242316881612348
210.0, 0.0011991564106990655
211.0, 0.0012546276523777758
212.0, 0.0012253203861671018
213.0, 0.0008989805594320726
214.0, 0.0006216780990332239
215.0, 0.0007561874660103211
216.0, 0.000800520278072466
217.0, 0.0006591524164239479
218.0, 0.0004695200321009539
219.0, 0.0004018775084573005
220.0, 0.0005783327970921416
221.0, 0.0005027127599508302
222.0, 0.00022353386680744986
223.0, 5.4478710944158134e-05
224.0, 0.00013165264155755787
225.0, 7.996526085215838e-05
226.0, 0.00010821688786973479
227.0, 0.00012619390324972618
228.0, 3.140681850883045e-05
229.0, 9.587856049219335e-05
230.0, 0.00010676542062844309
231.0, 0.00015041865101855537
232.0, 2.5816933826232956e-05
233.0, 0.00011788438845453184
234.0, 0.0002209957158656475
235.0, 0.0001688174249314922
236.0, 6.272363659650305e-05
237.0, 2.774903589906792e-05
238.0, 8.305471598755064e-05
239.0, 0.0001708156015769987
240.0, 0.00019654498942055468
241.0, 0.00016962423946142996
242.0, 0.00017537111383750546
243.0, 9.177007306082522e-05
244.0, 6.470960360576976e-05
245.0, 7.932848865744065e-05
246.0, 5.725076827833108e-05
247.0, 3.559334720690944e-05
248.0, 6.96984204369137e-05
249.0, 0.00018320315246079583
250.0, 0.00030704346404960924
251.0, 0.00020728091745820422
252.0, 0.00011671639204298708
253.0, 0.00015938180706908832
254.0, 0.00028294559907828546
255.0, 0.00034197890533194564
256.0, 0.00015926002725251496
257.0, 0.00010678255289092112
258.0, 0.00019440509341041924
259.0, 0.0006284266086103544
260.0, 0.0005239072296779381
261.0, 0.0004755479598628086
262.0, 0.0004006913383496318
263.0, 0.00045197709971691636
264.0, 0.0006752180994845456
265.0, 0.0005534516086947611
266.0, 0.0006147144411260463
267.0, 0.0006364366284959838
268.0, 0.000609847051040358
269.0, 0.0007845769900806775
270.0, 0.0010545929913548685
271.0, 0.0009485645516969169
272.0, 0.0008417442777785108
273.0, 0.0010261342144978144
274.0, 0.0011610809931640444
275.0, 0.0010784466413900752
276.0, 0.0011712455517557756
277.0, 0.0014416557903904376
278.0, 0.0016799252480927866
279.0, 0.0019503516882916942
280.0, 0.002099645183073753
281.0, 0.002284390877372879
282.0, 0.0025999196040823328
283.0, 0.0029381570243439863
284.0, 0.003164647780324557
285.0, 0.0035340784767010293
286.0, 0.004080181691739691
287.0, 0.004646077344952089
288.0, 0.0049906668167247386
289.0, 0.005362990167104696
290.0, 0.00597251230968886
291.0, 0.006801534420114726
292.0, 0.007724856803312722
293.0, 0.008689935764588354
294.0, 0.00966645557632479
295.0, 0.01101386175988097
296.0, 0.01272943958353144
297.0, 0.014261553423230416
298.0, 0.01658289977192742
299.0, 0.019512163013733055
300.0, 0.022931133881664262
301.0, 0.026935343704225925
302.0, 0.03145378746970976
303.0, 0.03670614600048357
304.0, 0.04282648803917863
305.0, 0.049668797905440334
306.0, 0.05695731308337215
307.0, 0.0655735336331345
308.0, 0.07505139658790555
309.0, 0.08632380864154196
310.0, 0.09943361508233352
311.0, 0.11251399429108054
312.0, 0.12685725298215794
313.0, 0.14178121551557857
314.0, 0.1568253437572952
315.0, 0.17141264540368084
316.0, 0.1832963688912419
317.0, 0.1901158833113997
318.0, 0.18767370615837464
319.0, 0.1754626376630199
320.0, 0.15626247846914362
321.0, 0.13057178826191823
322.0, 0.10560076490613435
323.0, 0.08378110423288783
324.0, 0.06559769404150263
325.0, 0.05183150874654861
326.0, 0.042002983009365495
327.0, 0.0341841296457399
328.0, 0.027887551024646146
329.0, 0.023301003602404686
330.0, 0.020151260305570275
331.0, 0.017280100830995983
332.0, 0.014985893659793807
333.0, 0.013363623616421027
334.0, 0.012250786337090742
335.0, 0.011886102634186987
336.0, 0.011125994718859446
337.0, 0.010705190088347293
338.0, 0.010986668625657973
339.0, 0.011137085390081982
340.0, 0.011205517415719382
341.0, 0.012010547744545012
342.0, 0.013157760679390585
343.0, 0.014275451765365293
344.0, 0.016194531511543996
345.0, 0.017479508107264206
346.0, 0.01939494285426137
347.0, 0.02194335395241921
348.0, 0.024282646109560886
349.0, 0.026458493399713838
350.0, 0.02708616763910389
351.0, 0.024518579747312662
352.0, 0.019679640095600172
353.0, 0.015088495466860658
354.0, 0.01194679518802459
355.0, 0.01043896793807128
356.0, 0.009340629496302663
357.0, 0.008190672171591164
358.0, 0.007532227928931086
359.0, 0.00648432690895935
360.0, 0.005333425148950314
361.0, 0.0042246257331487545
362.0, 0.003302121573655379
363.0, 0.0027537964472810475
364.0, 0.0020597563658720994
365.0, 0.0017164968436337742
366.0, 0.001631348026207564
367.0, 0.0015066828185676274
368.0, 0.0012800813375563823
369.0, 0.0007900568285615342
370.0, 0.0006247710688580115
371.0, 0.000676245436457606
372.0, 0.0005886377812896714
373.0, 0.000344087468989813
374.0, 0.00035369619441148514
375.0, 0.00035034736246879205
376.0, 0.0002793837301077473
377.0, 0.0003277155310362085
378.0, 0.00043159311868183414
379.0, 0.000322250627668968
380.0, 0.00019282910930020912
381.0, 0.0001308663738712872
382.0, 7.71863643375066e-05
383.0, 0.00021967633283246566
384.0, 0.00016914683365185028
385.0, 1.4543073435973383e-05
386.0, 0.00011640376393196667
387.0, 4.1816562122682665e-05
388.0, 0.00011394842450119529
389.0, 5.806062095226232e-05
390.0, 0.00010594900378319439
391.0, 4.461248698018638e-05
392.0, 0.00017513547069619248
393.0, 4.973240648380956e-05
394.0, 7.930864784988903e-05
395.0, 0.00013092175538783859
396.0, 9.194694518626582e-05
397.0, 0.00012400870541439275
398.0, 3.549126145473696e-05
399.0, 5.8556553343852746e-05
400.0, 3.630046600608786e-05
401.0, 0.00014492118767493674
402.0, 0.00018791858071406342
403.0, 0.00019120142966818756
404.0, 0.0001231290424827151
405.0, 7.440964141703695e-05
406.0, 3.781997204091157e-05
407.0, 0.0001535865112907176
408.0, 8.038057274739698e-05
409.0, 0.00016935411147681647
410.0, 0.0002959312107698308
411.0, 0.00022130511376166793
412.0, 8.003395961489294e-05
413.0, 7.983489987989905e-05
414.0, 0.0001337294596794427
415.0, 0.0003824226183498923
416.0, 0.0003062171437230347
417.0, 0.00016383051012881786
418.0, 0.0002519271168860883
419.0, 0.0002807633048621512
420.0, 0.00022802523158979205
421.0, 0.00023206982261694286
422.0, 0.00040754440841034225
423.0, 0.0003429335109309613
424.0, 0.0002365750995455131
425.0, 0.00026845532127954633
426.0, 0.00039218403814085496
427.0, 0.00021319961649717185
428.0, 0.0002249393888027976
429.0, 0.0002827948806556588
430.0, 0.00035842367331534724
431.0, 0.0004245156251039102
432.0, 0.00034371208873574025
433.0, 0.00030203270498719225
434.0, 0.00018209954120565044
435.0, 0.00022969284191908925
436.0, 0.00047952187515910784
437.0, 0.00045161032154188537
438.0, 0.0004848781874322071
439.0, 0.00034042327822576785
440.0, 0.00028959212455046453
441.0, 0.0004579920901834568
442.0, 0.0005148929494686235
443.0, 0.0003696554998814633
444.0, 0.00025617303211535107
445.0, 0.0002722040355546834
446.0, 0.000354266415540991
447.0, 0.0003943754748144955
448.0, 0.0005052096201392171
449.0, 0.00040389847579363136
450.0, 0.00035526447589779095
451.0, 0.0004990345202758921
452.0, 0.0005844060555659995
453.0, 0.0006764985877888856
454.0, 0.0005151677129784032
455.0, 0.00039940053574343475
456.0, 0.00042641513322775096
457.0, 0.00034459324141075843
458.0, 0.0002910582708546431
459.0, 0.0004318422932765184
460.0, 0.00040745229886493485
461.0, 0.00019880642211709092
462.0, 0.00011591017015357533
463.0, 0.0003308366978671135
464.0, 0.00035522690805275705
465.0, 0.0003413993425639564
466.0, 0.0002528168458152222
467.0, 3.682335792387978e-05
468.0, 0.0002634957448155237
469.0, 0.0002119574308097331
470.0, 0.0003196560222225231
471.0, 0.0004279014156120168
472.0, 0.00027106513535336347
473.0, 0.00021255404024516365
474.0, 0.00023500834363288786
475.0, 0.000251342861910228
476.0, 0.0002900947393343723
477.0, 0.0003373903128436128
478.0, 0.0002737657352185918
479.0, 0.0003353443955485425
480.0, 0.0004397167387166835
481.0, 0.0003450498826646598
482.0, 0.00016024913423228957
483.0, 0.0002523417642047866
484.0, 0.00027898418021460016
485.0, 0.00036666158492150246
486.0, 0.0004164248791429952
487.0, 0.0003456581749079654
488.0, 0.00020719128659223146
489.0, 0.00021322020487592986
490.0, 0.0002660600614479914
491.0, 0.0001633043609651471
492.0, 5.31692842564798e-05
493.0, 0.00015505695454546607
494.0, 0.0002742715366737
495.0, 0.000318909402871328
496.0, 0.00019542226847888816
497.0, 0.00010816506324972258
498.0, 0.00015486068951450579
499.0, 9.855124552637692e-05
500.0, 7.09202807369782e-05
501.0, 1.3063264045960218e-05
502.0, 2.1155009655136137e-05
503.0, 5.217815137383827e-05
504.0, 0.0002799694527210832
505.0, 0.00022775725271099775
506.0, 4.717086535210181e-05
507.0, 0.00010593470171880072
508.0, 8.566926364952473e-05
509.0, 0.00019117376267715073
510.0, 0.0001463716957780929
511.0, 4.505149412495275e-05
512.0, 9.025686970873942e-05
513.0, 0.00014071633574329
514.0, 5.674473003810013e-05
515.0, 3.562820586601475e-05
516.0, 0.00010641970918494041
517.0, 5.44537741348729e-05
518.0, 1.3278046586178651e-05
519.0, 3.669401874726858e-05
520.0, 2.1997486709193333e-05
521.0, 3.135483040516627e-05
522.0, 4.561441072315559e-05
523.0, 6.79469233357635e-05
524.0, 1.6725381201893514e-05
525.0, 5.336325500731137e-05
526.0, 6.725186911149662e-05
527.0, 8.632976410582976e-05
528.0, 4.4839788768490975e-05
529.0, 0.00014211282371881932
530.0, 0.0001754347723876616
531.0, 0.00024866692583120357
532.0, 6.796340309335112e-05
533.0, 6.87764714349976e-05
534.0, 0.0001253793224960777
535.0, 0.00010880587000017592
536.0, 3.388849605029225e-05
537.0, 8.390603565114751e-05
538.0, 2.795350703296751e-05
539.0, 6.704993231277562e-05
540.0, 0.00010039024090582629
541.0, 0.0003466612389044885
542.0, 0.00011157764129686248
543.0, 3.802218531358757e-05
544.0, 5.5137922368197524e-05
545.0, 2.3679941058837675e-05
546.0, 4.614572202151764e-05
547.0, 5.665374107682872e-05
548.0, 0.00014822785609497487
549.0, 0.0001745164047316259
550.0, 5.381148260413046e-05
551.0, 4.874455307890474e-05
552.0, 0.000199044137595463
553.0, 4.506433418578106e-05
554.0, 2.565823387412502e-05
555.0, 0.00018887984343159364
556.0, 0.0002876095060863975
557.0, 0.0002663884219492722
558.0, 0.00026903663194952743
559.0, 5.918388701884807e-06
560.0, 3.628207139440152e-05
561.0, 9.328556808816973e-05
562.0, 8.60225959709931e-05
563.0, 9.047588709101932e-05
564.0, 2.9597904381901753e-05
565.0, 3.255743742826336e-05
566.0, 3.456484768552903e-05
567.0, 1.5930186155311555e-05
568.0, 6.767735643165231e-06
569.0, 3.4197673513199074e-05
570.0, 7.295798199034317e-05
571.0, 1.1677142260863261e-05
572.0, 3.791755665946049e-05
573.0, 0.00016853959955379582
574.0, 0.0003823592306153915
575.0, 6.957266942082544e-05
576.0, 0.00011562170619497214
577.0, 0.00017059651448252206
578.0, 0.00015240040005470257
579.0, 0.00012477059772246786
580.0, 0.00016398476575837047
581.0, 0.0002926921902645663
582.0, 0.0001708042526015725
583.0, 1.411747011130086e-05
584.0, 5.99796760571659e-05
585.0, 0.00026538348732194333
586.0, 0.0004068585446203826
587.0, 0.000197233026987536
588.0, 0.00017874507258014592
589.0, 0.0001575909215585042
590.0, 0.00015689402281356325
591.0, 0.00025583686739699495
592.0, 0.00014524293603988272
593.0, 0.00014168104361068188
594.0, 0.00012014300203358895
595.0, 0.00026964210006348
596.0, 0.0004550929796751484
597.0, 0.00034035168896285104
598.0, 0.0002536806390805449
599.0, 0.0002930961473852522
600.0, 0.00030929171697419595
601.0, 0.00028530382358701634
602.0, 0.0002796889025814388
603.0, 0.00033100541116678003
604.0, 0.00027238961117149525
605.0, 0.00021561768791648783
606.0, 0.00024661552080360765
607.0, 0.0003727872046037227
608.0, 0.0004818300524710297
609.0, 0.00039256751245770737
610.0, 0.00032777275741148796
611.0, 0.00048213036600751384
612.0, 0.0005053632212336582
613.0, 0.0003775555679903556
614.0, 0.00035043496178900266
615.0, 0.0004088726161568471
616.0, 0.0004112933844082719
617.0, 0.0003209061741560753
618.0, 0.0003067516148105204
619.0, 0.00034631887706454764
620.0, 0.00027109546831496814
621.0, 0.0003474749497091367
622.0, 0.00045038809245885543
623.0, 0.00048169285271768133
624.0, 0.0005180191514805427
625.0, 0.0005663196570158294
626.0, 0.0005095768203115187
627.0, 0.0006385192787659166
628.0, 0.0004463395109578417
629.0, 0.000437399079164302
630.0, 0.0005411773949247067
631.0, 0.0004706038271954917
632.0, 0.00045647948208463825
633.0, 0.0006660894346360211
634.0, 0.0006305550235957377
635.0, 0.0005679832848273438
636.0, 0.000527332604851959
637.0, 0.000481321471627113
638.0, 0.0007109565745421981
639.0, 0.0007568932707209642
640.0, 0.0006956974711143615
641.0, 0.0006719704078072279
642.0, 0.0007045659939297896
643.0, 0.0008020847829331207
644.0, 0.001026492664473936
645.0, 0.0008741185301248506
646.0, 0.0008709745718526536
647.0, 0.0010183935081198678
648.0, 0.0010285158406183553
649.0, 0.0008855959199113566
650.0, 0.0008871607523955566
651.0, 0.000949008197009755
652.0, 0.0011250064401617708
653.0, 0.001329290925613194
654.0, 0.001423344871517337
655.0, 0.0014096234599986677
656.0, 0.0013949084257458438
657.0, 0.001572273909321355
658.0, 0.0016342551230043858
659.0, 0.0015094759006713432
660.0, 0.0014601447056420528
661.0, 0.001646144427782528
662.0, 0.0015211986203477622
663.0, 0.001518108610157684
664.0, 0.0016526788867200816
665.0, 0.0016178522695273034
666.0, 0.0014962672456236674
667.0, 0.001545478010489134
668.0, 0.0013805573653294485
669.0, 0.0014540717568471907
670.0, 0.0015455591323213051
671.0, 0.0016368054215438362
672.0, 0.0015922240507304092
673.0, 0.0013079369523068276
674.0, 0.0011975043649551781
675.0, 0.00136776780739717
676.0, 0.0012990748643909671
677.0, 0.001182547053937121
678.0, 0.0012228423235426892
679.0, 0.0012783830758335822
680.0, 0.0009456400822666932
681.0, 0.0010573823415995537
682.0, 0.0011823917467951067
683.0, 0.0010906988389196872
684.0, 0.0009802929018347488
685.0, 0.0010109309493741912
686.0, 0.0008003611343261714
687.0, 0.0007191139745812481
688.0, 0.0006998681581524039
689.0, 0.0007065032095796546
690.0, 0.0006108718957192631
691.0, 0.0005200785532004316
692.0, 0.0008061142428507609
693.0, 0.000552594360386997
694.0, 0.0005680286574150149
695.0, 0.00047299781422485487
696.0, 0.0003772046432240694
697.0, 0.0004226083383537162
698.0, 0.00022180973564942246
699.0, 0.000217798879686452
700.0, 0.0002662834476639991
701.0, 0.00012282503924268553
702.0, 2.822438340430306e-05
703.0, 3.619073723862229e-05
704.0, 0.00021462881850363566
705.0, 2.6104938523268032e-05
706.0, 0.00010763836893468021
707.0, 0.0001138268413790131
708.0, 0.00017122814975205155
709.0, 0.000354610919528359
710.0, 0.0003164188814511284
711.0, 3.542836380483769e-05
712.0, 0.0002652639004929913
713.0, 0.00020466951697879903
714.0, 8.350095792876505e-05
715.0, 0.00023927488543851666
716.0, 0.00033584421400253105
717.0, 0.00022201740580706392
718.0, 0.00047413154749607303
719.0, 0.0005034244747940081
720.0, 0.0005198009532151615
721.0, 0.0007875036664573756
722.0, 0.001300179508507226
723.0, 0.0017046023803824425
724.0, 0.0024877648561160413
725.0, 0.0032836646098784237
726.0, 0.003975090568307951
727.0, 0.00516412012999462
728.0, 0.007049105117357601
729.0, 0.009192915630165468
730.0, 0.01175944832508515
731.0, 0.014533625495450904
732.0, 0.01791371353288043
733.0, 0.02251820564138029
734.0, 0.027971369171670243
735.0, 0.03350696170119727
736.0, 0.039390789874627394
737.0, 0.045819014341944374
738.0, 0.052633005086462695
739.0, 0.05980017787611877
740.0, 0.06652350716731595
741.0, 0.07223989330618391
742.0, 0.07667375089737886
743.0, 0.07767022697388615
744.0, 0.07512698689455352
745.0, 0.06756989647080304
746.0, 0.05757095521169575
747.0, 0.04771476588668557
748.0, 0.038865508904195704
749.0, 0.03153281288420689
750.0, 0.026299348590599382
751.0, 0.02247585789161974
752.0, 0.020548493438065737
753.0, 0.020137929179899976
754.0, 0.02039244822241782
755.0, 0.021538107805455235
756.0, 0.02450485352340285
757.0, 0.027659395788593083
758.0, 0.03147233724238184
759.0, 0.03565315757749074
760.0, 0.0403668075935346
761.0, 0.045836230899023854
762.0, 0.050652024828454656
763.0, 0.055533647472727564
764.0, 0.061754176307367126
765.0, 0.06658969684833779
766.0, 0.06831799269606366
767.0, 0.0661359567945893
768.0, 0.059739123608698985
769.0, 0.05122087121860453
770.0, 0.041312342555710965
771.0, 0.03234704455194172
772.0, 0.024324627438120295
773.0, 0.01825851987312505
774.0, 0.014622445833276156
775.0, 0.010680347755250367
776.0, 0.007953947321906697
777.0, 0.005950241913518487
778.0, 0.00425620974195359
779.0, 0.0031652988596994063
780.0, 0.002445425862361108
781.0, 0.0015331910117570902
782.0, 0.001054832598947053
783.0, 0.0006473047232354438
784.0, 0.0004465939399433707
785.0, 0.0002531296417391809
786.0, 0.0001482992658555633
787.0, 0.00014000202440010983
788.0, 8.318310532945338e-05
789.0, 0.0005727806456085876
790.0, 0.00018241114082010688
791.0, 0.0003549790022774704
792.0, 0.0006485036522431304
793.0, 0.0005384702748697007
794.0, 0.0003961575147154538
795.0, 0.00057868315756114
796.0, 0.00036920577653630943
797.0, 0.0005045589890242608
798.0, 0.0005931511772184132
799.0, 8.685840512349287e-05
800.0, 0.00047936843873850466
801.0, 0.0006141231274125252
802.0, 0.0013589943393584882
803.0, 0.002214079980037662
804.0, 0.002613633533590505
805.0, 0.0031375571855429313
806.0, 0.003985212460314054
807.0, 0.004830114563855503
808.0, 0.0055901116120951125
809.0, 0.006958069433877315
810.0, 0.008531593827889412
811.0, 0.009414713665691085
812.0, 0.010817794363501181
813.0, 0.012080575373409176
814.0, 0.012611892408002479
815.0, 0.013070340493428046
816.0, 0.013609149436153838
817.0, 0.013696589259128306
818.0, 0.012352866003792602
819.0, 0.011403873372832659
820.0, 0.01129200750098016
821.0, 0.011221487031715655
822.0, 0.01086881352412924
823.0, 0.0110256749170521
824.0, 0.011483914074293722
825.0, 0.012161910234414803
826.0, 0.012685385730640401
827.0, 0.013127093693384991
828.0, 0.013680215789613075
829.0, 0.014412279889871631
830.0, 0.015566536141897838
831.0, 0.01697716076284595
832.0, 0.017627571797595568
833.0, 0.018615008632984584
834.0, 0.019739463967634794
835.0, 0.020870877432829314
836.0, 0.022442387355087468
837.0, 0.023381725740984034
838.0, 0.025444161225304882
839.0, 0.026125979325277857
840.0, 0.027895556748003036
841.0, 0.029757892908704408
842.0, 0.031180010302204065
843.0, 0.03364363656291957
844.0, 0.03616670428288038
845.0, 0.039123099106103565
846.0, 0.04244046715930981
847.0, 0.046431557741893156
848.0, 0.05141951596975133
849.0, 0.057439586339225183
850.0, 0.06429980079781948
851.0, 0.07216963003619478
852.0, 0.08263754942841868
853.0, 0.09541128956273509
854.0, 0.11112169866384931
855.0, 0.13100349733263347
856.0, 0.15658796409357337
857.0, 0.18957431187933693
858.0, 0.2310942284814116
859.0, 0.2809678877164967
860.0, 0.33795326531354236
861.0, 0.40169084994851567
862.0, 0.472664271993219
863.0, 0.5496748382801742
864.0, 0.6317706783102557
865.0, 0.720016918661271
866.0, 0.8130149016810322
867.0, 0.9027533049320468
868.0, 0.9766932826742001
869.0, 0.9995058454733547
870.0, 0.9525939640045722
871.0, 0.8400888027104203
872.0, 0.6907865153975243
873.0, 0.5391737246793259
874.0, 0.4075167264680307
875.0, 0.3071328293458434
876.0, 0.2333318197019377
877.0, 0.1791465480877762
878.0, 0.13983057212585917
879.0, 0.11168922476597135
880.0, 0.08944885169948524
881.0, 0.0740967919327865
882.0, 0.061039439973954564
883.0, 0.05180662522193895
884.0, 0.043799200889860807
885.0, 0.03662592273023492
886.0, 0.03134746525543221
887.0, 0.027532366685963778
888.0, 0.024286411393304744
889.0, 0.020565784234257128
890.0, 0.017468894340087113
891.0, 0.015224031227042079
892.0, 0.013440621693591908
893.0, 0.011910337681306525
894.0, 0.01053363608927951
895.0, 0.009015131647694899
896.0, 0.00808850037937319
897.0, 0.00713308524405756
898.0, 0.005760436330423599
899.0, 0.005035093912668377
900.0, 0.004445192967975291
901.0, 0.00362828783365099
902.0, 0.0034824413732155173
903.0, 0.0030776083899584613
904.0, 0.002516161805833517
905.0, 0.0021417431632781442
906.0, 0.0016569254700205369
907.0, 0.001383584081494765
908.0, 0.0013297920849245435
909.0, 0.001089587906622645
910.0, 0.000601365219909962
911.0, 0.0005910742082400423
912.0, 0.00046327342124236694
913.0, 0.00033079201493034656
914.0, 0.00021695667662960475
915.0, 0.00019271001757737474
916.0, 0.00028525516119524063
917.0, 0.00025666061311407776
918.0, 6.408470874014496e-05
919.0, 5.330439130150325e-05
920.0, 0.00029253687749191337
921.0, 0.00016997791000258975
922.0, 0.000293207410096697
923.0, 0.0004881992057760724
924.0, 0.000417574245990585
925.0, 0.000394194649439257
926.0, 0.0004135594195181962
927.0, 0.0006210507996064511
928.0, 0.00048203629354116976
929.0, 0.00010461574821001577
930.0, 0.0003031878454652075
931.0, 0.0005165844955024321
932.0, 0.0003390000532510354
933.0, 0.0004199822352454327
934.0, 7.607653336409385e-05
935.0, 0.0001388607677195801
936.0, 0.00028731686714794874
937.0, 0.00034537180436406187
938.0, 0.00016364179514487105
939.0, 0.0003801873931698382
940.0, 0.0008151305834683752
941.0, 0.0006951744134359896
942.0, 0.000991609042141062
943.0, 0.0007699964491424207
944.0, 0.0010314054594616406
945.0, 0.0010082787898214884
946.0, 0.0009071416080574975
947.0, 0.0010426689924676736
948.0, 0.0011226774620044472
949.0, 0.0009286573532658592
950.0, 0.0009141448810353627
951.0, 0.000920682713810451
952.0, 0.0008978167395515045
953.0, 0.0007512712192795809
954.0, 0.0006704188317031802
955.0, 0.000658280728773175
956.0, 0.0007151218988494703
957.0, 0.0008728594453608015
958.0, 0.0006667789122921747
959.0, 0.0007575300513691875
960.0, 0.0007172556013362499
961.0, 0.0005433544168374744
962.0, 0.0005791911503593958
963.0, 0.0005489550827748435
964.0, 0.0004285345095632405
965.0, 0.0005815837707249299
966.0, 0.00046938585530672736
967.0, 0.0004964531882640269
968.0, 0.0005931993001939282
969.0, 0.000702202848205617
970.0, 0.0005545786708480524
971.0, 0.000464472122684932
972.0, 0.0005846468944807611
973.0, 0.000717374714202313
974.0, 0.0009654783385117629
975.0, 0.0007308918475528054
976.0, 0.0007906610650832457
977.0, 0.0010842389566078784
978.0, 0.0011278899226401383
979.0, 0.0010739543719877492
980.0, 0.0009051502442315039
981.0, 0.0007347633743669218
982.0, 0.0010048580537330052
983.0, 0.0007120603963197354
984.0, 0.0008558946648504993
985.0, 0.0007857164873135174
986.0, 0.0007697799137440364
987.0, 0.0008515418029684261
988.0, 0.0009166407119645176
989.0, 0.000930308642823883
990.0, 0.0008259638748247933
991.0, 0.0004248009755120004
992.0, 0.0004671103686993415
993.0, 0.0004888015298562799
994.0, 0.00032238347063643963
995.0, 0.00043605153278690077
996.0, 0.0005611735868664161
997.0, 0.0004962342032346438
998.0, 0.0004759261058683965
999.0, 0.0004765994016860929
1000.0, 0.00048760925825401134
1001.0, 0.0006379014734310765
1002.0, 0.000639580568028022
1003.0, 0.0007928572484386954
1004.0, 0.0006702822745304285
1005.0, 0.0006601038627868876
1006.0, 0.0008311656349683036
1007.0, 0.0006650988253188171
1008.0, 0.0008267381421543525
1009.0, 0.0008511039057928088
1010.0, 0.00115204440705585
1011.0, 0.0008384839136343207
1012.0, 0.0008708288589761521
1013.0, 0.000925283441428632
1014.0, 0.0007603540125479682
1015.0, 0.0007090121103693391
1016.0, 0.0007428570006718973
1017.0, 0.0008420406421711031
1018.0, 0.0009238582082988561
1019.0, 0.0009708514080588981
1020.0, 0.0009039648318446384
1021.0, 0.0007977039304120823
1022.0, 0.0008489472504051118
1023.0, 0.0008619061517517131
1024.0, 0.000757509121324739
1025.0, 0.0009032994161587699
1026.0, 0.0007948533844713993
1027.0, 0.0006325382707257224
1028.0, 0.00036383551649999833
1029.0, 0.0006214925977705964
1030.0, 0.0008333338032380569
1031.0, 0.0007611555976367944
1032.0, 0.0006874762786698553
1033.0, 0.000694415548996015
1034.0, 0.0005920291811154399
1035.0, 0.0006140840656922173
1036.0, 0.0004457522339104065
1037.0, 0.0006476199180550142
1038.0, 0.00048700184568481984
1039.0, 0.0005076994756019763
1040.0, 0.0005734115665470036
1041.0, 0.0005442539672384034
1042.0, 0.000595258102577011
1043.0, 0.0005184380030837172
1044.0, 0.000447691350723856
1045.0, 0.00039731950033302716
1046.0, 0.00015497912090176106
1047.0, 0.00029415706448919574
1048.0, 0.0002686156695556033
1049.0, 0.0001646508647496891
1050.0, 0.00010752471650981515
1051.0, 7.344171698387188e-05
1052.0, 0.00021957192249598753
1053.0, 0.0002437025104609507
1054.0, 0.0003569445646658216
1055.0, 0.0004382449254260022
1056.0, 0.00034742656004183476
1057.0, 0.0002564967203329874
1058.0, 0.000167778781945599
1059.0, 0.0001929065615476678
1060.0, 0.00030093935627150927
1061.0, 0.0002905059814973627
1062.0, 0.00028508631886925613
1063.0, 0.00017520255132604244
1064.0, 0.00028435282985476106
1065.0, 9.69460461610208e-05
1066.0, 3.0427891896051982e-06
1067.0, 4.90659786262404e-05
1068.0, 0.0001390296288380939
1069.0, 8.041008935458319e-05
1070.0, 7.057915633578276e-05
1071.0, 2.2787551670702125e-05
1072.0, 3.049796664589719e-05
1073.0, 3.6517341117056994e-05
1074.0, 0.00020327370090250204
1075.0, 0.00012699953926704322
1076.0, 9.49793069290714e-05
1077.0, 9.923970817008543e-05
1078.0, 2.829953143207177e-05
1079.0, 0.0001859565154236479
1080.0, 0.0002999989390701682
1081.0, 4.520374104477984e-05
1082.0, 8.757932231951995e-05
1083.0, 6.838230351255103e-05
1084.0, 5.028749487617622e-05
1085.0, 0.0001264023415502867
1086.0, 0.0003068658657190528
1087.0, 0.0002925670198952137
1088.0, 9.76623384433177e-05
1089.0, 0.0001196195338272834
1090.0, 0.00032729649735479865
1091.0, 0.00034512411156577396
1092.0, 0.00025910976776279273
1093.0, 0.00039534095143673955
1094.0, 0.0001743319843109693
1095.0, 3.479377485229092e-05
1096.0, 0.00014371951804142605
1097.0, 0.0003897769925987205
1098.0, 0.0005744184098736741
1099.0, 0.0005467425867154607
1100.0, 0.0004353156798210327
1101.0, 0.000633419239772751
1102.0, 0.0003702776403357803
1103.0, 0.0006115670871664961
1104.0, 0.00034595676134757105
1105.0, 0.0002622424092242495
1106.0, 0.0003456071605366166
1107.0, 0.000326507848177977
1108.0, 0.0003189345047988578
1109.0, 0.0004109983117122325
1110.0, 0.0004825058132168404
1111.0, 0.0005427938620921882
1112.0, 0.0005571277736596173
1113.0, 0.00022808395447586777
1114.0, 0.00010373828174891482
1115.0, 0.00022449931693211607
1116.0, 0.0002879314109947005
1117.0, 0.0003381455549843734
1118.0, 0.00036704684919969314
1119.0, 0.0003216213683076524
1120.0, 0.0003333101228341873
1121.0, 0.00021821949149325318
1122.0, 3.9683882010936997e-05
1123.0, 0.00020702866470989807
1124.0, 0.00020128009616212858
1125.0, 0.00012178991234642575
1126.0, 7.051344341325714e-06
1127.0, 0.00011509339204694733
1128.0, 0.00018662139286529549
1129.0, 0.000196743547080894
1130.0, 0.0003849636164096832
1131.0, 0.0001905413330356545
1132.0, 3.5314308399101464e-05
1133.0, 8.308794323008274e-05
1134.0, 0.00012033828810674708
1135.0, 6.795546724432192e-05
1136.0, 6.185399606530869e-05
1137.0, 4.1529889238704754e-05
1138.0, 9.339285988516999e-05
1139.0, 0.00016114625032159503
1140.0, 3.165310633269683e-05
1141.0, 0.0001815401734983477
1142.0, 0.00012537088889345106
1143.0, 2.2325945536480652e-05
1144.0, 7.466328825532978e-05
1145.0, 0.00015580465802785115
1146.0, 6.757990401777975e-05
1147.0, 0.00015349436648943093
1148.0, 4.516661476956966e-05
1149.0, 0.00019386554030055477
1150.0, 0.00037476930280307786
1151.0, 0.0002044446005423463
1152.0, 0.00024172708246128017
1153.0, 0.00032397031354451986
1154.0, 0.00043989271968526174
1155.0, 0.0003302647791654312
1156.0, 0.00040046076498838606
1157.0, 0.00039568760416048307
1158.0, 0.0003736236745683471
1159.0, 0.00040090773199789653
1160.0, 0.0004845636035697613
1161.0, 0.0005693145624980998
1162.0, 0.0005440820032549024
1163.0, 0.00044629455705492705
1164.0, 0.0004321347437767127
1165.0, 0.0004086587843329198
1166.0, 0.0003944093993491538
1167.0, 0.0004503851777698768
1168.0, 0.0006185629284582773
1169.0, 0.0005611920718105964
1170.0, 0.0006377008461402176
1171.0, 0.0005467467324537115
1172.0, 0.0003532023116240285
1173.0, 0.0004765644925182367
1174.0, 0.00048004629774805926
1175.0, 0.0005106332342150727
1176.0, 0.0005190231681553564
1177.0, 0.0005843752366761117
1178.0, 0.00037869435079883074
1179.0, 0.0003761981446769837
1180.0, 0.0005365038926022983
1181.0, 0.0006229868657333062
1182.0, 0.0005468627186841253
1183.0, 0.0003712231446680654
1184.0, 0.0003525398154399829
1185.0, 0.000493128266425887
1186.0, 0.00041030972996236446
1187.0, 0.0005145924323042368
1188.0, 0.0003139384323955224
1189.0, 0.0002597900853322997
1190.0, 0.0005199237051351809
1191.0, 0.00023599206227519292
1192.0, 0.00042525404399739147
1193.0, 0.0005001276084008979
1194.0, 0.0004126186658262688
1195.0, 0.00040121872937375915
1196.0, 0.00034266232884789654
1197.0, 0.000399185592591982
1198.0, 0.0003416753388887458
1199.0, 0.0003297110594436083
1200.0, 0.0005114779529362373
1201.0, 0.0005122625017817909
1202.0, 0.0005243002257123478
1203.0, 0.0003918071152929864
1204.0, 0.0003127525120950419
1205.0, 0.0002697405512384631
1206.0, 0.0002481128724866593
1207.0, 0.00032254427869407706
1208.0, 0.0004039410923317715
1209.0, 0.0003031504916557878
1210.0, 0.00022434431068118213
1211.0, 0.0004694984612057677
1212.0, 0.0003595018235912623
1213.0, 0.00016192167341111884
1214.0, 0.0003923597353395734
1215.0, 0.00028415427725084197
1216.0, 0.0002798916640725347
1217.0, 0.0002733812081838765
1218.0, 0.0003397982646050683
1219.0, 0.00036622805411765363
1220.0, 0.0002395389073295414
1221.0, 0.0003070614764968472
1222.0, 0.00024162418880853618
1223.0, 0.00011351526580250647
1224.0, 0.000238562603782185
1225.0, 0.00024397488893425674
1226.0, 9.362460183023549e-05
1227.0, 0.00018599710737524346
1228.0, 0.0003035931819406269
1229.0, 0.0001825895508345285
1230.0, 0.00010709102792793002
1231.0, 0.00016311116146825111
1232.0, 0.00018920245349119785
1233.0, 0.00011946938593558463
1234.0, 3.938001837906781e-05
1235.0, 0.00026295677469097804
1236.0, 0.00027359236433661363
1237.0, 0.0001511094534263735
1238.0, 8.389222977388949e-05
1239.0, 0.00010544545363809225
1240.0, 0.00011404351089756177
1241.0, 0.00011884091763501776
1242.0, 0.00020734176075859533
1243.0, 0.00012779657320332165
1244.0, 9.973377032061178e-05
1245.0, 0.0001615818342194822
1246.0, 1.74120721594033e-05
1247.0, 5.194193877197988e-05
1248.0, 0.000156929512860794
1249.0, 0.00011020129420310556
1250.0, 0.00017245169967040975
1251.0, 0.0002195175338872501
1252.0, 0.00024220471009354718
1253.0, 0.0002043948311519983
1254.0, 0.0002802320422636536
1255.0, 0.00020156488305021907
1256.0, 0.0001444734288093239
1257.0, 0.00010152498855407844
1258.0, 3.2192373708465716e-05
1259.0, 0.0001302106703092595
1260.0, 0.0002772174808163602
1261.0, 0.00027509615891598954
1262.0, 0.00014052066235080006
1263.0, 1.0674273441634422e-05
1264.0, 2.5360914683101106e-05
1265.0, 0.00021652472954504994
1266.0, 7.588871610049172e-05
1267.0, 5.102281845106615e-05
1268.0, 0.0001988653914402916
1269.0, 0.00011688842364601822
1270.0, 9.47667897189836e-05
1271.0, 5.311136311818378e-05
1272.0, 8.651422097730689e-06
1273.0, 0.00011755844701650438
1274.0, 2.4013935420271067e-05
1275.0, 0.00012462046640250083
1276.0, 0.00014868538117224946
1277.0, 0.00024185836790131273
1278.0, 0.00014824598681654604
1279.0, 0.00017797589828908206
1280.0, 3.5749806233785855e-05
1281.0, 0.0001733084486541234
1282.0, 0.0001911133705073777
1283.0, 0.00020968377154601293
1284.0, 0.0003812585053526914
1285.0, 0.0003237194214271116
1286.0, 0.00017882911029877077
1287.0, 0.00020351466165332636
1288.0, 0.00015422452699082363
1289.0, 0.00032253665498390387
1290.0, 0.00033015834102368796
1291.0, 0.00026752239975993264
1292.0, 4.620669861304386e-05
1293.0, 0.00021827775200116597
1294.0, 0.0001139275504442464
1295.0, 0.00012556328399071634
1296.0, 5.003587369522151e-05
1297.0, 0.00019584425561927252
1298.0, 0.0002784764522622045
1299.0, 0.00020816048152959496
1300.0, 0.0002787080777821742
1301.0, 0.00020243471888701234
1302.0, 4.972979521358564e-05
1303.0, 0.000345036119742707
1304.0, 0.00026749419565759663
1305.0, 0.0001698937857735962
1306.0, 9.203167487076385e-05
1307.0, 9.323175606335246e-05
1308.0, 0.00011719602207371427
1309, 0.0
1310, 0.0
1311, 0.0
1312, 0.0
1313, 0.0
1314, 0.0
1315, 0.0
1316, 0.0
1317, 0.0
1318, 0.0
1319, 0.0
1320, 0.0
1321, 0.0
1322, 0.0
1323, 0.0
1324, 0.0
1325, 0.0
1326, 0.0
1327, 0.0
1328, 0.0
1329, 0.0
1330, 0.0
1331, 0.0
1332, 0.0
1333, 0.0
1334, 0.0
1335, 0.0
1336, 0.0
1337, 0.0
1338, 0.0
1339, 0.0
1340, 0.0
1341, 0.0
1342, 0.0
1343, 0.0
1344, 0.0
1345, 0.0
1346, 0.0
1347, 0.0
1348, 0.0
1349, 0.0
1350, 0.0
1351, 0.0
1352, 0.0
1353, 0.0
1354, 0.0
1355, 0.0
1356, 0.0
1357, 0.0
1358, 0.0
1359, 0.0
1360, 0.0
1361, 0.0
1362, 0.0
1363, 0.0
1364, 0.0
1365, 0.0
1366, 0.0
1367, 0.0
1368, 0.0
1369, 0.0
1370, 0.0
1371, 0.0
1372, 0.0
1373, 0.0
1374, 0.0
1375, 0.0
1376, 0.0
1377, 0.0
1378, 0.0
1379, 0.0
1380, 0.0
1381, 0.0
1382, 0.0
1383, 0.0
1384, 0.0
1385, 0.0
1386, 0.0
1387, 0.0
1388, 0.0
1389, 0.0
1390, 0.0
1391, 0.0
1392, 0.0
1393, 0.0
1394, 0.0
1395, 0.0
1396, 0.0
1397, 0.0
1398, 0.0
1399, 0.0
1400, 0.0
1401, 0.0
1402, 0.0
1403, 0.0
1404, 0.0
1405, 0.0
1406, 0.0
1407, 0.0
1408, 0.0
1409, 0.0
1410, 0.0
1411, 0.0
1412, 0.0
1413, 0.0
1414, 0.0
1415, 0.0
1416, 0.0
1417, 0.0
1418, 0.0
1419, 0.0
1420, 0.0
1421, 0.0
1422, 0.0
1423, 0.0
1424, 0.0
1425, 0.0
1426, 0.0
1427, 0.0
1428, 0.0
1429, 0.0
1430, 0.0
1431, 0.0
1432, 0.0
1433, 0.0
1434, 0.0
1435, 0.0
1436, 0.0
1437, 0.0
1438, 0.0
1439, 0.0
1440, 0.0
1441, 0.0
1442, 0.0
1443, 0.0
1444, 0.0
1445, 0.0
1446, 0.0
1447, 0.0
1448, 0.0
1449, 0.0
1450, 0.0
1451, 0.0
1452, 0.0
1453, 0.0
1454, 0.0
1455, 0.0
1456, 0.0
1457, 0.0
1458, 0.0
1459, 0.0
1460, 0.0
1461, 0.0
1462, 0.0
1463, 0.0
1464, 0.0
1465, 0.0
1466, 0.0
1467, 0.0
1468, 0.0
1469, 0.0
1470, 0.0
1471, 0.0
1472, 0.0
1473, 0.0
1474, 0.0
1475, 0.0
1476, 0.0
1477, 0.0
1478, 0.0
1479, 0.0
1480, 0.0
1481, 0.0
1482, 0.0
1483, 0.0
1484, 0.0
1485, 0.0
1486, 0.0
1487, 0.0
1488, 0.0
1489, 0.0
1490, 0.0
1491, 0.0
1492, 0.0
1493, 0.0
1494, 0.0
1495, 0.0
1496, 0.0
1497, 0.0
1498, 0.0
1499, 0.0
1500, 0.0
1501, 0.0
1502, 0.0
1503, 0.0
1504, 0.0
1505, 0.0
1506, 0.0
1507, 0.0
1508, 0.0
1509, 0.0
1510, 0.0
1511, 0.0
1512, 0.0
1513, 0.0
1514, 0.0
1515, 0.0
1516, 0.0
1517, 0.0
1518, 0.0
1519, 0.0
1520, 0.0
1521, 0.0
1522, 0.0
1523, 0.0
1524, 0.0
1525, 0.0
1526, 0.0
1527, 0.0
1528, 0.0
1529, 0.0
1530, 0.0
1531, 0.0
1532, 0.0
1533, 0.0
1534, 0.0
1535, 0.0
1536, 0.0
1537, 0.0
1538, 0.0
1539, 0.0
1540, 0.0
1541, 0.0
1542, 0.0
1543, 0.0
1544, 0.0
1545, 0.0
1546, 0.0
1547, 0.0
1548, 0.0
1549, 0.0
1550, 0.0
1551, 0.0
1552, 0.0
1553, 0.0
1554, 0.0
1555, 0.0
1556, 0.0
1557, 0.0
1558, 0.0
1559, 0.0
1560, 0.0
1561, 0.0
1562, 0.0
1563, 0.0
1564, 0.0
1565, 0.0
1566, 0.0
1567, 0.0
1568, 0.0
1569, 0.0
1570, 0.0
1571, 0.0
1572, 0.0
1573, 0.0
1574, 0.0
1575, 0.0
1576, 0.0
1577, 0.0
1578, 0.0
1579, 0.0
1580, 0.0
1581, 0.0
1582, 0.0
1583, 0.0
1584, 0.0
1585, 0.0
1586, 0.0
1587, 0.0
1588, 0.0
1589, 0.0
1590, 0.0
1591, 0.0
1592, 0.0
1593, 0.0
1594, 0.0
1595, 0.0
1596, 0.0
1597, 0.0
1598, 0.0
1599, 0.0
