30, 0.0
31, 0.0
32, 0.0
33, 0.0
34, 0.0
35, 0.0
36, 0.0
37, 0.0
38, 0.0
39, 0.0
40, 0.0
41, 0.0
42, 0.0
43, 0.0
44, 0.0
45, 0.0
46, 0.0
47, 0.0
48, 0.0
49, 0.0
50, 0.0
51, 0.0
52, 0.0
53, 0.0
54, 0.0
55, 0.0
56, 0.0
57, 0.0
58, 0.0
59, 0.0
60, 0.0
61, 0.0
62, 0.0
63, 0.0
64, 0.0
65, 0.0
66, 0.0
67, 0.0
68, 0.0
69, 0.0
70, 0.0
71, 0.0
72, 0.0
73, 0.0
74, 0.0
75, 0.0
76, 0.0
77, 0.0
78, 0.0
79, 0.0
80, 0.0
81, 0.0
82, 0.0
83, 0.0
84, 0.0
85, 0.0
86, 0.0
87, 0.0
88, 0.0
89, 0.0
90, 0.0
91, 0.0
92, 0.0
93, 0.0
94, 0.0
95, 0.0
96, 0.0
97, 0.0
98, 0.0
99, 0.0
100, 0.0
101, 0.0
102, 0.0
103, 0.0
104, 0.0
105, 0.0
106, 0.0
107, 0.0
108, 0.0
109, 0.0
110, 0.0
111, 0.0
112, 0.0
113, 0.0
114, 0.0
115, 0.0
116, 0.0
117, 0.0
118, 0.0
119, 0.0
120, 0.0
121, 0.0
122, 0.0
123, 0.0
124, 0.0
125, 0.0
126, 0.0
127, 0.0
128, 0.0
129, 0.0
130, 0.0
131, 0.0
132, 0.0
133, 0.0
134, 0.0
135.0, 0.0009176480829966697
136.0, 0.0008470700285141236
137.0, 0.0005323080300793782
138.0, 0.0008758345596128435
139.0, 0.002591656577492663
140.0, 0.005367738863997764
141.0, 0.010621969120778053
142.0, 0.01689061178737136
143.0, 0.026518206429030664
144.0, 0.038101787549179277
145.0, 0.04938112667531299
146.0, 0.05953302734971976
147.0, 0.06766071694491375
148.0, 0.07258103159677068
149.0, 0.07450319628184122
150.0, 0.07516107473450061
151.0, 0.07983706859470491
152.0, 0.08274219512772987
153.0, 0.08475765839799895
154.0, 0.09008475160296191
155.0, 0.09833581745270822
156.0, 0.10662609463305063
157.0, 0.11487077940537568
158.0, 0.12335027428624756
159.0, 0.13101709924374025
160.0, 0.14017126766478452
161.0, 0.1529089579873856
162.0, 0.170584330721521
163.0, 0.1919835812547566
164.0, 0.2169174696454524
165.0, 0.24351836884906386
166.0, 0.2666705598192115
167.0, 0.2836519015369606
168.0, 0.30224380338138285
169.0, 0.3380242208014151
170.0, 0.39767202408680763
171.0, 0.47537916561835036
172.0, 0.5491239583123204
173.0, 0.5573055017830548
174.0, 0.4881349503422986
175.0, 0.36760093479056793
176.0, 0.25052209490865845
177.0, 0.16417321819478933
178.0, 0.10477989706135159
179.0, 0.06626438631179538
180.0, 0.04082600294356748
181.0, 0.02179550588106978
182.0, 0.011474573525657426
183.0, 0.004181367792112816
184.0, 0.0035255212753101755
185.0, 0.004977388401606439
186.0, 0.0042872614403950005
187.0, 0.0023526884425277904
188.0, 0.0008925295367850179
189.0, 0.004405350649150344
190.0, 0.008838933127717306
191.0, 0.013466810911604055
192.0, 0.02050278935631283
193.0, 0.026997845981593965
194.0, 0.033536585185358694
195.0, 0.04076053007681482
196.0, 0.04994393911494316
197.0, 0.05986778399443859
198.0, 0.06580831352969384
199.0, 0.07420651635772267
200.0, 0.08010107746341812
201.0, 0.08376836956663951
202.0, 0.09115846592713134
203.0, 0.09783011258194191
204.0, 0.10950126564462048
205.0, 0.12534448247449456
206.0, 0.14258275349421853
207.0, 0.1594847673218889
208.0, 0.16347652814240185
209.0, 0.1505668495132681
210.0, 0.1252336031034894
211.0, 0.0993262469606375
212.0, 0.07873965719066944
213.0, 0.06348490379486119
214.0, 0.05282768254671601
215.0, 0.04771705970416664
216.0, 0.05098713104635052
217.0, 0.056700666526410544
218.0, 0.06518568978653527
219.0, 0.0739562129573589
220.0, 0.07717478938336489
221.0, 0.07334688992044061
222.0, 0.06625521235233538
223.0, 0.06077993767986631
224.0, 0.05892102010132924
225.0, 0.0574000956514516
226.0, 0.05926018481639747
227.0, 0.06496713297605834
228.0, 0.07362464401767019
229.0, 0.08403081823918061
230.0, 0.09114389771064234
231.0, 0.09231915227957355
232.0, 0.08568511976730661
233.0, 0.06943215294790579
234.0, 0.04590682377857541
235.0, 0.026662438222221845
236.0, 0.013067614707909105
237.0, 0.0047564381680620296
238.0, 0.0018501640465208447
239.0, 0.000845064580240277
240.0, 0.004346163162652631
241.0, 0.011701669702491438
242.0, 0.018835914725200888
243.0, 0.022438817718543978
244.0, 0.022541775983191757
245.0, 0.016494297077065956
246.0, 0.005187944615615766
247.0, 0.006684491848960482
248.0, 0.013748860914103692
249.0, 0.01716105657140307
250.0, 0.015595791969975474
251.0, 0.0075074337257014
252.0, 0.005159935277490751
253.0, 0.01491577340755694
254.0, 0.01667825572137324
255.0, 0.01120623811295718
256.0, 0.0038302346690795744
257.0, 0.0016395861306014645
258.0, 0.0005243140751221536
259.0, 0.006248554586349909
260.0, 0.012519334445745166
261.0, 0.02041392385773157
262.0, 0.028405659616694924
263.0, 0.03736683241672416
264.0, 0.04931667753843553
265.0, 0.0648777412378426
266.0, 0.08043811221441954
267.0, 0.09713328790992017
268.0, 0.11531937810028034
269.0, 0.13497601121824424
270.0, 0.15620608311398
271.0, 0.17756767820642763
272.0, 0.20635677613038358
273.0, 0.24251418348806322
274.0, 0.28512572276873727
275.0, 0.34263940309011226
276.0, 0.41023373292935955
277.0, 0.47659578802211916
278.0, 0.5234136812807456
279.0, 0.5268103118699452
280.0, 0.4852281543615985
281.0, 0.40885613652926733
282.0, 0.3220645260656244
283.0, 0.2441193663656132
284.0, 0.17929586659682276
285.0, 0.13208750905648572
286.0, 0.09566537878901243
287.0, 0.06657971097487483
288.0, 0.0431360241340394
289.0, 0.023728119960271778
290.0, 0.013696770147284439
291.0, 0.007390542937267324
292.0, 0.0028115000043807837
293.0, 0.0014851303560310324
294.0, 0.0048525175054741285
295.0, 0.010792600757439437
296.0, 0.016659122439474625
297.0, 0.021525741021444257
298.0, 0.02606325733775017
299.0, 0.029486702074894944
300.0, 0.03448666635010644
301.0, 0.04133443364856053
302.0, 0.04894503972531034
303.0, 0.055250167772213477
304.0, 0.06686121811004272
305.0, 0.07977259739029238
306.0, 0.09312393083917801
307.0, 0.11024936876580277
308.0, 0.1339388778872455
309.0, 0.16331025399124516
310.0, 0.20093747426661906
311.0, 0.24534565955434254
312.0, 0.29404838320273174
313.0, 0.34918861834825216
314.0, 0.3948625767410301
315.0, 0.421613216118362
316.0, 0.4231723293243765
317.0, 0.3957011485345546
318.0, 0.34591792588476494
319.0, 0.29690657094273176
320.0, 0.2570648917163402
321.0, 0.2260125108185255
322.0, 0.20071607595727728
323.0, 0.17797632834345445
324.0, 0.1590943081808684
325.0, 0.1425010501049575
326.0, 0.12655375855317455
327.0, 0.1121385893546315
328.0, 0.10167080515420271
329.0, 0.09133831926029545
330.0, 0.0828807664142407
331.0, 0.08006762939390641
332.0, 0.07802565603528723
333.0, 0.07715184302175392
334.0, 0.07785892992876438
335.0, 0.07834291984738857
336.0, 0.07792846376836622
337.0, 0.08050970555384078
338.0, 0.07983303847429571
339.0, 0.07797401710925175
340.0, 0.0760915002822338
341.0, 0.07358438128750487
342.0, 0.07244984535034482
343.0, 0.07311720902804981
344.0, 0.07311889704906363
345.0, 0.0741719037526738
346.0, 0.0797106779594894
347.0, 0.08743520452975713
348.0, 0.09741384668555804
349.0, 0.10912555588606337
350.0, 0.12318271916091232
351.0, 0.14105999635090619
352.0, 0.16243564478357772
353.0, 0.1872315015321937
354.0, 0.2153254328867153
355.0, 0.24677045754847257
356.0, 0.280951034228395
357.0, 0.30715118516694245
358.0, 0.32485872520288234
359.0, 0.32725533558732256
360.0, 0.30884044530102234
361.0, 0.27442262367816644
362.0, 0.2311181583954022
363.0, 0.18571660603324722
364.0, 0.1454063804879714
365.0, 0.11352610109409382
366.0, 0.08832062746580176
367.0, 0.06676590940533836
368.0, 0.05200963978160824
369.0, 0.04094146026151764
370.0, 0.029806842030421204
371.0, 0.018282190580327744
372.0, 0.009465191863661173
373.0, 0.0018055307833424118
374.0, 0.004005655386981779
375.0, 0.0066987487885174545
376.0, 0.007413782441848122
377.0, 0.007482208880109632
378.0, 0.003633637393948733
379.0, 0.0009027740042995521
380.0, 0.0031835628355773664
381.0, 0.0047311056856041535
382.0, 0.006423663716465311
383.0, 0.010172630431137288
384.0, 0.01408025594379357
385.0, 0.016145099674360574
386.0, 0.016874202986974115
387.0, 0.019026623114582582
388.0, 0.022988992339645832
389.0, 0.027407667200460915
390.0, 0.033535090786437086
391.0, 0.04420171842382145
392.0, 0.0519045672752378
393.0, 0.06129937744608756
394.0, 0.0733009251959033
395.0, 0.08773931029356159
396.0, 0.10472803537515152
397.0, 0.11912587330528475
398.0, 0.1363829765862748
399.0, 0.15615910779012585
400.0, 0.17826184706570264
401.0, 0.20273548086567864
402.0, 0.22456857591394472
403.0, 0.24680371941480397
404.0, 0.2695967701511496
405.0, 0.29163007542772607
406.0, 0.3110914418512791
407.0, 0.3255900446289591
408.0, 0.339587060103278
409.0, 0.34693879734705824
410.0, 0.3483467989565858
411.0, 0.3472615876759451
412.0, 0.3425142179229765
413.0, 0.33354616669837656
414.0, 0.3222530856161804
415.0, 0.30780522986211956
416.0, 0.28974713057749985
417.0, 0.27111742443622006
418.0, 0.2536076887155832
419.0, 0.23558313534212647
420.0, 0.2191143455815044
421.0, 0.20550235419026527
422.0, 0.1925442295154855
423.0, 0.18299211940255145
424.0, 0.17050898291046285
425.0, 0.15841700186453583
426.0, 0.14823698423370668
427.0, 0.13598784575442555
428.0, 0.12051262654753535
429.0, 0.10677168743004901
430.0, 0.09561328114345317
431.0, 0.08559970164780144
432.0, 0.0753262289824468
433.0, 0.06699711418692542
434.0, 0.06077688035213926
435.0, 0.055557064934226706
436.0, 0.052305165373339235
437.0, 0.051656122633220725
438.0, 0.04847916148470411
439.0, 0.045158317209142325
440.0, 0.041830532898739975
441.0, 0.03715987279957378
442.0, 0.030620769197116256
443.0, 0.023675361226750666
444.0, 0.015732816726268122
445.0, 0.010514118921339684
446.0, 0.005003303009953461
447.0, 5.236279769137565e-05
448.0, 0.0006924407179258346
449.0, 0.0013022545974763504
450.0, 0.0017608717294237126
451.0, 0.0028924315640660634
452.0, 0.003420029914333982
453.0, 0.002486156194001151
454.0, 0.0029288329360994923
455.0, 0.0029980941983581565
456.0, 0.004280177595029118
457.0, 0.0069135769058509084
458.0, 0.008629565364418397
459.0, 0.007524573911662244
460.0, 0.007501781876274046
461.0, 0.008334065509401028
462.0, 0.00853408127910004
463.0, 0.007065357552789047
464.0, 0.004682247150191102
465.0, 0.004925471272902763
466.0, 0.005126332410307178
467.0, 0.0028171742077429756
468.0, 0.001607629117718251
469.0, 0.0033360345552000442
470.0, 0.0038779981756325733
471.0, 0.004494140606289181
472.0, 0.005857106123100161
473.0, 0.007011809405384605
474.0, 0.006921103230788324
475.0, 0.005243928968561946
476.0, 0.003600223420277434
477.0, 0.002003166839359541
478.0, 0.007581737641914122
479.0, 0.01291957393844448
480.0, 0.021238875850504317
481.0, 0.03377626923394102
482.0, 0.04446012235105227
483.0, 0.053578532695310564
484.0, 0.06536437603767639
485.0, 0.07765437077281354
486.0, 0.08350381793262035
487.0, 0.09289064760890746
488.0, 0.09581174593920158
489.0, 0.09861451162712555
490.0, 0.10419302460189066
491.0, 0.1108791919866957
492.0, 0.11788937897428829
493.0, 0.12937948088041798
494.0, 0.14309884593984543
495.0, 0.15861229350942446
496.0, 0.17648470644103006
497.0, 0.19458619619818207
498.0, 0.2124514829954346
499.0, 0.22838162861841005
500.0, 0.24253716626901128
501.0, 0.25684154332555964
502.0, 0.2703441333919972
503.0, 0.27563521704798377
504.0, 0.27858574434313177
505.0, 0.2819485759911814
506.0, 0.28373224595485114
507.0, 0.28545263007209765
508.0, 0.29065404866058386
509.0, 0.291484953868269
510.0, 0.2959513148065514
511.0, 0.30008026470829335
512.0, 0.3048853269578431
513.0, 0.3108166314808214
514.0, 0.3139171467301596
515.0, 0.3201664321778131
516.0, 0.32058137629888983
517.0, 0.3223169508060823
518.0, 0.32723093553784666
519.0, 0.33270272256005373
520.0, 0.3402611671041818
521.0, 0.3506588242026149
522.0, 0.3644906686459548
523.0, 0.38026658654467627
524.0, 0.3999089295884471
525.0, 0.4241789213803441
526.0, 0.4460299376673351
527.0, 0.47288591892680565
528.0, 0.5013331430722948
529.0, 0.5291655199264215
530.0, 0.553634729746246
531.0, 0.5731002246223582
532.0, 0.5967946661240023
533.0, 0.6069026995763666
534.0, 0.6103237802193917
535.0, 0.6081701118825322
536.0, 0.597219778890975
537.0, 0.5798069820020024
538.0, 0.5548363043568164
539.0, 0.525652082062853
540.0, 0.49126685055052555
541.0, 0.45811592225511805
542.0, 0.432887620412985
543.0, 0.41336041469941476
544.0, 0.39211929070102924
545.0, 0.3773452003811795
546.0, 0.36984693910656147
547.0, 0.36842200304013095
548.0, 0.3725588278585087
549.0, 0.3796156043658689
550.0, 0.3896120961146694
551.0, 0.398257914678922
552.0, 0.4080485876559564
553.0, 0.4219082854819065
554.0, 0.4390875028050932
555.0, 0.45755987286463545
556.0, 0.4791126174329286
557.0, 0.501338222746077
558.0, 0.5172254502661031
559.0, 0.5228010730157969
560.0, 0.5187639165881678
561.0, 0.5075025384762387
562.0, 0.4906936302052397
563.0, 0.4739675979531644
564.0, 0.4606588489597348
565.0, 0.44649097870080356
566.0, 0.42655852129331556
567.0, 0.40918160612839716
568.0, 0.38084009355285964
569.0, 0.34805544994454496
570.0, 0.3138417946879222
571.0, 0.2777126890855132
572.0, 0.2424851801032394
573.0, 0.21248686873425401
574.0, 0.18581683617756722
575.0, 0.16496209067012776
576.0, 0.15330507148750086
577.0, 0.14902922189017748
578.0, 0.14963611571456206
579.0, 0.15887701711153748
580.0, 0.17489303736274028
581.0, 0.19543830098137824
582.0, 0.21834305477902347
583.0, 0.24491859534643823
584.0, 0.27635185535335266
585.0, 0.3066680404636981
586.0, 0.34268324643816084
587.0, 0.38050806599544573
588.0, 0.4232124519877739
589.0, 0.469875680857165
590.0, 0.5166093243176345
591.0, 0.5726580625092648
592.0, 0.6324959223473836
593.0, 0.7005125197603073
594.0, 0.7685586319039407
595.0, 0.8318069021729093
596.0, 0.8930700551464508
597.0, 0.9494191411550754
598.0, 0.9866737230433635
599.0, 0.9992570142143183
600.0, 0.9789503064053272
601.0, 0.9228284811877877
602.0, 0.8345710964566729
603.0, 0.723813590226346
604.0, 0.6117160687382557
605.0, 0.5055595925405832
606.0, 0.4136979105829682
607.0, 0.33736369710048303
608.0, 0.27329985889507313
609.0, 0.22023377466304922
610.0, 0.17928051299589892
611.0, 0.14419338659121764
612.0, 0.11608426858571746
613.0, 0.09215950504743345
614.0, 0.07125530130061088
615.0, 0.05616450916892376
616.0, 0.04240377925846227
617.0, 0.031340850202319616
618.0, 0.020770602880781672
619.0, 0.011111029184618119
620.0, 0.002861298739815722
621.0, 0.004167473894155229
622.0, 0.007395790489962533
623.0, 0.015565764126986724
624.0, 0.020381208788454192
625.0, 0.019747179684668
626.0, 0.018756505846087013
627.0, 0.019363896185900592
628.0, 0.015616916498070251
629.0, 0.013216789194696255
630.0, 0.01027428498797279
631.0, 0.004496769695491065
632.0, 0.0023160055974269823
633.0, 0.008764460752632647
634.0, 0.015085055906849408
635.0, 0.013899604271237155
636.0, 0.012657736729935951
637.0, 0.014046534795785694
638.0, 0.013086351559689043
639.0, 0.00926763461599194
640.0, 0.007228345813291968
641.0, 0.006260238919014244
642.0, 0.00686478558539241
643.0, 0.006731093094034264
644.0, 0.007573853727266291
645.0, 0.00970319093922203
646.0, 0.011627050468581847
647.0, 0.014491554191019284
648.0, 0.01791783018117188
649.0, 0.02133527025291835
650.0, 0.02721619389075511
651.0, 0.03274180749325922
652.0, 0.036432249731691256
653.0, 0.041995708118920325
654.0, 0.04807510828405274
655.0, 0.052248716870685316
656.0, 0.05846572312566116
657.0, 0.06351552748144745
658.0, 0.06537280745253081
659.0, 0.06672737482198281
660.0, 0.06825699957481152
661.0, 0.06886097222342756
662.0, 0.06453207511482785
663.0, 0.06195073772142502
664.0, 0.05830500160424194
665.0, 0.05087216202348069
666.0, 0.04358557780552859
667.0, 0.03638281978124261
668.0, 0.031093497504325822
669.0, 0.024776367148962763
670.0, 0.020867550055316077
671.0, 0.01827496423831335
672.0, 0.013820778546573651
673.0, 0.009578867369859842
674.0, 0.007707868226356253
675.0, 0.005271143517462972
676.0, 0.004259074538904562
677.0, 0.003752632217101553
678.0, 0.003093987934112221
679.0, 0.00307757156934154
680.0, 0.0039709125055489855
681.0, 0.0033561779336966587
682.0, 0.0007999241009607112
683.0, 0.0012749108586920558
684.0, 0.002541849936239751
685.0, 0.003058229054401025
686.0, 0.0021135635925014695
687.0, 0.004151520808353272
688.0, 0.004439583587204228
689.0, 0.004509302933312017
690.0, 0.005133685772879425
691.0, 0.005110744411213327
692.0, 0.004204125039979824
693.0, 0.003704633554003117
694.0, 0.002263074750649686
695.0, 0.0016062899995805727
696.0, 0.002463107542230517
697.0, 0.00222568257180396
698.0, 0.0005691303998961818
699.0, 0.0009418751515202924
700.0, 0.001613114807796485
701.0, 0.002887495882482872
702.0, 0.0035335788935621977
703.0, 0.0022433585951766085
704.0, 0.003312539973140124
705.0, 0.005778993156517525
706.0, 0.007062058110701348
707.0, 0.007610793884674223
708.0, 0.008146718902818711
709.0, 0.010351587548147136
710.0, 0.010388687647811753
711.0, 0.010490000263625895
712.0, 0.011655592055068434
713.0, 0.0125236790174389
714.0, 0.013620341738885176
715.0, 0.014422615342439053
716.0, 0.015736075254376623
717.0, 0.016152661123597478
718.0, 0.015566720077797754
719.0, 0.01554624655818502
720.0, 0.01711121718846129
721.0, 0.01918431870369075
722.0, 0.020925294161825217
723.0, 0.020094707923294826
724.0, 0.02082569869126622
725.0, 0.022248715327881904
726.0, 0.02240578570697713
727.0, 0.022839446424947285
728.0, 0.02527586773048244
729.0, 0.02563957296354875
730.0, 0.0260865774638456
731.0, 0.028593363500344686
732.0, 0.029455595710239233
733.0, 0.0302221976418273
734.0, 0.03170032221208596
735.0, 0.0304701980109833
736.0, 0.03180959947617326
737.0, 0.03094617718868601
738.0, 0.030893735290064263
739.0, 0.030636923295060032
740.0, 0.030353486168463856
741.0, 0.030733447218400406
742.0, 0.03153635293827288
743.0, 0.032523053825194895
744.0, 0.03261369891752316
745.0, 0.03382475713142683
746.0, 0.03363039265632315
747.0, 0.03361026705436282
748.0, 0.033363314327864005
749.0, 0.032485546580415116
750.0, 0.033288649756181656
751.0, 0.033175330847482004
752.0, 0.035059174000216624
753.0, 0.03716251608636228
754.0, 0.037355346455116706
755.0, 0.03855920654252862
756.0, 0.040256957027700505
757.0, 0.03918403487374742
758.0, 0.04129156435429695
759.0, 0.04216596393938943
760.0, 0.04388654693429065
761.0, 0.04450523498125633
762.0, 0.045714512103765634
763.0, 0.047801332889514936
764.0, 0.04806573090308798
765.0, 0.0488513657911495
766.0, 0.047504505551153334
767.0, 0.04765634807094722
768.0, 0.048429854631613777
769.0, 0.04955071772426113
770.0, 0.04975447960070858
771.0, 0.048712535577492354
772.0, 0.04886281790150471
773.0, 0.04715732595988289
774.0, 0.04913459995765123
775.0, 0.04953089082509829
776.0, 0.049123028463280594
777.0, 0.04891458568316845
778.0, 0.05035520456641292
779.0, 0.05310954060425941
780.0, 0.053583289753524756
781.0, 0.05390303147536069
782.0, 0.05548940204267056
783.0, 0.057292048973277825
784.0, 0.05983570212608904
785.0, 0.060470132834708756
786.0, 0.06166381800750976
787.0, 0.06652444485495322
788.0, 0.06769986359107003
789.0, 0.06983955699302145
790.0, 0.07083681783941191
791.0, 0.07227741011417271
792.0, 0.07568028718743224
793.0, 0.07768656337888787
794.0, 0.07718748149356422
795.0, 0.07789368203994677
796.0, 0.07795099302246722
797.0, 0.07882127194943972
798.0, 0.07713523063090509
799.0, 0.0761324042536306
800.0, 0.07526227148816604
801.0, 0.07330813085632258
802.0, 0.07092129735036601
803.0, 0.06859802246669477
804.0, 0.06518408767983583
805.0, 0.06018328923261525
806.0, 0.05752097424850096
807.0, 0.05372188949300086
808.0, 0.050868263805929216
809.0, 0.04932305715323672
810.0, 0.04671309183829846
811.0, 0.043668250084455046
812.0, 0.03991221974345161
813.0, 0.03549346152078202
814.0, 0.03317035869494411
815.0, 0.03058596584994886
816.0, 0.027870925331888747
817.0, 0.025978365415641608
818.0, 0.024109815657789205
819.0, 0.02095299488948721
820.0, 0.01841658936593606
821.0, 0.01887933765532535
822.0, 0.017498609669449754
823.0, 0.016048586382025335
824.0, 0.014805985293339298
825.0, 0.013954372261970169
826.0, 0.013558865498667465
827.0, 0.012257063920002554
828.0, 0.01235729574385922
829.0, 0.012075772005828768
830.0, 0.012240325675396476
831.0, 0.010094030325573664
832.0, 0.00949837124793851
833.0, 0.009915964945165308
834.0, 0.00869870253014834
835.0, 0.00839401482568021
836.0, 0.008276856096109425
837.0, 0.008804707608893366
838.0, 0.008310075212449263
839.0, 0.0086256842032985
840.0, 0.007855350556048685
841.0, 0.006923294130913401
842.0, 0.007289758542259747
843.0, 0.00789226326302681
844.0, 0.0078794753716923
845.0, 0.007555325647183829
846.0, 0.0067608836584484204
847.0, 0.007819748369368567
848.0, 0.008743535540331217
849.0, 0.009817797002490738
850.0, 0.010090361366639052
851.0, 0.009702578916568538
852.0, 0.010895706166924169
853.0, 0.01121909032256106
854.0, 0.011947808998098743
855.0, 0.012415390526480777
856.0, 0.014213255604011932
857.0, 0.013930885410856339
858.0, 0.014012659628968652
859.0, 0.015695093243411153
860.0, 0.01578171046134297
861.0, 0.018862884386581135
862.0, 0.018151212129066292
863.0, 0.020537521156693824
864.0, 0.021730049257914656
865.0, 0.021797248700616195
866.0, 0.02278052681809972
867.0, 0.02429137159893875
868.0, 0.025148312396349272
869.0, 0.026070600161995024
870.0, 0.026383233523296655
871.0, 0.02652889402466769
872.0, 0.027551682030758102
873.0, 0.027842682967025034
874.0, 0.027776622697885812
875.0, 0.026873323488093518
876.0, 0.025988944126124704
877.0, 0.0257895016907862
878.0, 0.025227308539420727
879.0, 0.026052889566978963
880.0, 0.024595002295173626
881.0, 0.022450245069485474
882.0, 0.023144761031996298
883.0, 0.023025169794699485
884.0, 0.021853552528458362
885.0, 0.02117292057149561
886.0, 0.01966984509964899
887.0, 0.01782939646422084
888.0, 0.01809648394397039
889.0, 0.017547822440209124
890.0, 0.016454947057303534
891.0, 0.015900923107302827
892.0, 0.015431594581316457
893.0, 0.013784303080449646
894.0, 0.012871377107739737
895.0, 0.013092417060865289
896.0, 0.011629180695222046
897.0, 0.010816741090980861
898.0, 0.009002447351559504
899.0, 0.008265296290530038
900.0, 0.008573593690104409
901.0, 0.007880279005939985
902.0, 0.005830651936029621
903.0, 0.004765030913466627
904.0, 0.005728403602405971
905.0, 0.0062931998273912755
906.0, 0.0021465848578977337
907.0, 0.0013110578385034319
908.0, 0.00011037457841131278
909.0, 0.0001624516796541056
910.0, 0.0001603015810632175
911.0, 0.0013814000692345904
912.0, 0.002358233089490175
913.0, 0.002939763608155063
914.0, 0.004285449495341485
915.0, 0.0056785186577840265
916.0, 0.005757065153155562
917.0, 0.006300823664412664
918.0, 0.007901389991271194
919.0, 0.008083318766659636
920.0, 0.008412874382522055
921.0, 0.008498326789621008
922.0, 0.008070176102046463
923.0, 0.008585953029654238
924.0, 0.009214139808729732
925.0, 0.008469364436979212
926.0, 0.011797158134041755
927.0, 0.007997823220712725
928.0, 0.008067364830197566
929.0, 0.00794608224253385
930.0, 0.00694826282101742
931.0, 0.004689709468819841
932.0, 0.0017961166253185046
933.0, 0.0009301554630784717
934.0, 0.0007070196740471586
935.0, 0.00536381757611006
936.0, 0.009163865044373897
937.0, 0.013530206867888524
938.0, 0.01864465004954471
939.0, 0.023951690978467246
940.0, 0.0296705184295245
941.0, 0.03525638327861562
942.0, 0.04107389861315255
943.0, 0.04855206796365981
944.0, 0.056417317204833464
945.0, 0.06351966417991751
946.0, 0.0725164158374087
947.0, 0.07869233406668383
948.0, 0.08518689681626933
949.0, 0.09084938753016873
950.0, 0.09736624790380186
951.0, 0.10249504471707088
952.0, 0.10381175998433312
953.0, 0.10462318188166632
954.0, 0.10699961749957766
955.0, 0.1090644857968513
956.0, 0.111916310961936
957.0, 0.1163668144806646
958.0, 0.11902956112454224
959.0, 0.12401127069422653
960.0, 0.13169808853576484
961.0, 0.13988051332003806
962.0, 0.1502969332478489
963.0, 0.16495636950775894
964.0, 0.17901625228069062
965.0, 0.19556677776832107
966.0, 0.21341164270062546
967.0, 0.2327407739190311
968.0, 0.2531476872792518
969.0, 0.27521234139182454
970.0, 0.3010316527445217
971.0, 0.3256978588291997
972.0, 0.3479737679677222
973.0, 0.3686410767154499
974.0, 0.38627551399181514
975.0, 0.40341392854682123
976.0, 0.4115147269437753
977.0, 0.42155199814968386
978.0, 0.42908109666898503
979.0, 0.43419630193540093
980.0, 0.4458042002598245
981.0, 0.46210934879676246
982.0, 0.4809256892147539
983.0, 0.5057431841724209
984.0, 0.5368057642051396
985.0, 0.5708701570971352
986.0, 0.5995765174198939
987.0, 0.6230869718870977
988.0, 0.6327590213717772
989.0, 0.6270814150386838
990.0, 0.5962125575681775
991.0, 0.5475130723157451
992.0, 0.4856725327053872
993.0, 0.41797110015781713
994.0, 0.3563494436407806
995.0, 0.30404898077006265
996.0, 0.2582917331566034
997.0, 0.22105249872096405
998.0, 0.19525483758001932
999.0, 0.18032936341008773
1000.0, 0.16949598960588874
1001.0, 0.164413116969997
1002.0, 0.16352753802068692
1003.0, 0.16967368080501488
1004.0, 0.1800977556451773
1005.0, 0.19369272839163257
1006.0, 0.21351001788997495
1007.0, 0.23793793296674887
1008.0, 0.266677134402969
1009.0, 0.2981885409935408
1010.0, 0.3317162636383409
1011.0, 0.3735315250846347
1012.0, 0.4164586027570537
1013.0, 0.46298319013977224
1014.0, 0.5116498893424449
1015.0, 0.5582873341225144
1016.0, 0.6023681427509856
1017.0, 0.638872972408308
1018.0, 0.6592104381636147
1019.0, 0.6671496341052292
1020.0, 0.66276271301595
1021.0, 0.6374065932152584
1022.0, 0.6048179431287377
1023.0, 0.5656660756454005
1024.0, 0.5195563109474581
1025.0, 0.4701707975812723
1026.0, 0.425150567836054
1027.0, 0.38538861827958615
1028.0, 0.3469559618738793
1029.0, 0.31090092718821205
1030.0, 0.2816802034239203
1031.0, 0.2552725267707677
1032.0, 0.23306688229673878
1033.0, 0.2067901788517276
1034.0, 0.1846604367784751
1035.0, 0.1690872146019221
1036.0, 0.15430267411918724
1037.0, 0.14071710555256028
1038.0, 0.12926411915022595
1039.0, 0.1166721530347479
1040.0, 0.10477187268948025
1041.0, 0.09451827925088663
1042.0, 0.08712176210558085
1043.0, 0.0776587757787122
1044.0, 0.06914830714752951
1045.0, 0.06066993425321219
1046.0, 0.05079350908889513
1047.0, 0.04303810633649897
1048.0, 0.0393460050381275
1049.0, 0.03527758339712225
1050.0, 0.03157880620236132
1051.0, 0.03148827033289416
1052.0, 0.032148288283562296
1053.0, 0.034402973118694814
1054.0, 0.041673157579454695
1055.0, 0.04838591672125726
1056.0, 0.05640391989895392
1057.0, 0.06640150558187274
1058.0, 0.07713840459484747
1059.0, 0.08681352106688323
1060.0, 0.09401165438447848
1061.0, 0.10201699640033755
1062.0, 0.10917437003280128
1063.0, 0.11178876540798187
1064.0, 0.11126933375112316
1065.0, 0.11053904075226671
1066.0, 0.11040015221318465
1067.0, 0.11042787769302842
1068.0, 0.10976060723407519
1069.0, 0.10886893988818576
1070.0, 0.1077837314089442
1071.0, 0.10825203537356701
1072.0, 0.10962029118765405
1073.0, 0.10855646415150796
1074.0, 0.10466672560986715
1075.0, 0.10225733082725187
1076.0, 0.10096866393020822
1077.0, 0.09894521899465829
1078.0, 0.09549761208581814
1079.0, 0.09221394478036916
1080.0, 0.08994290069083453
1081.0, 0.08570609924341792
1082.0, 0.07969373012085458
1083.0, 0.07321499408827693
1084.0, 0.06887258104006687
1085.0, 0.06463558730454899
1086.0, 0.05851956938837465
1087.0, 0.051442515407738705
1088.0, 0.042454152177817006
1089.0, 0.03338527309535174
1090.0, 0.026602464499687298
1091.0, 0.021563267347071587
1092.0, 0.014351410674270038
1093.0, 0.005523929447642215
1094.0, 0.0005624465636128568
1095.0, 0.0024958295452907767
1096.0, 0.009697887169320577
1097.0, 0.013736624093767368
1098.0, 0.015586620916998249
1099.0, 0.016139475254681613
1100.0, 0.016537855112554067
1101.0, 0.016678864933526587
1102.0, 0.014382053917184138
1103.0, 0.012744479400009383
1104.0, 0.010391188480826718
1105.0, 0.006182054009886285
1106.0, 0.0007292492852011016
1107.0, 0.0056108867001628876
1108.0, 0.012928399056515386
1109.0, 0.021987837137403515
1110.0, 0.0321054363868653
1111.0, 0.041861512930076714
1112.0, 0.05784283677156266
1113.0, 0.06897053656849665
1114.0, 0.08345514880153823
1115.0, 0.09968765826839521
1116.0, 0.10394095668226498
1117.0, 0.10813830591066712
1118.0, 0.10572272736844382
1119.0, 0.09580497130688606
1120.0, 0.08331516727063631
1121.0, 0.06974152259413811
1122.0, 0.05784363382639275
1123.0, 0.047524494343272314
1124.0, 0.038954666306407607
1125.0, 0.032128786231590045
1126.0, 0.02554122700831739
1127.0, 0.021965231800999886
1128.0, 0.020218099471147288
1129.0, 0.015361809302717808
1130.0, 0.01278058417570289
1131.0, 0.011751354128719435
1132.0, 0.008416006917892613
1133.0, 0.006800792248546305
1134.0, 0.005688571276622662
1135.0, 0.004863615564897562
1136.0, 0.00529737801072232
1137.0, 0.004938150768588822
1138.0, 0.0049184215917856405
1139.0, 0.007891154205128419
1140.0, 0.00926603379359667
1141.0, 0.01046717044711211
1142.0, 0.014026809222395178
1143.0, 0.017994438867490508
1144.0, 0.020474836133881628
1145.0, 0.02263475296169221
1146.0, 0.026392754821149812
1147.0, 0.028926546695672888
1148.0, 0.02904078039855118
1149.0, 0.0283575106287879
1150.0, 0.026240207438751273
1151.0, 0.021897168146286148
1152.0, 0.017415600731077695
1153.0, 0.014454360266585291
1154.0, 0.011323992194598774
1155.0, 0.007758285261174361
1156.0, 0.006001435364131959
1157.0, 0.005044256595746865
1158.0, 0.002952261865315774
1159.0, 0.0003211324162019171
1160.0, 0.0001250329961677749
1161.0, 5.607777676573484e-05
1162.0, 0.0014694419179987327
1163.0, 0.002852319202277347
1164.0, 0.0022267601260571096
1165.0, 0.0008739744749517743
1166.0, 0.0007225651821498014
1167.0, 0.0013826250633262821
1168.0, 0.0007264112998382668
1169.0, 0.0010956796197720442
1170.0, 0.002205266657738661
1171.0, 0.0024453526727496754
1172.0, 0.0024328263626950315
1173.0, 0.001937707783154849
1174.0, 0.0018408004225600916
1175.0, 0.0027820670037892073
1176.0, 0.0036724604077365258
1177.0, 0.0041204376031112044
1178.0, 0.004914676031575958
1179.0, 0.0054633041208163625
1180.0, 0.005611648085322096
1181.0, 0.00551995553179334
1182.0, 0.007012840947193224
1183.0, 0.008503899445511982
1184.0, 0.009529729848044666
1185.0, 0.00811035820044724
1186.0, 0.008924412610917873
1187.0, 0.010643352090823448
1188.0, 0.01055603422468448
1189.0, 0.010789167944076387
1190.0, 0.012475143659461427
1191.0, 0.013965784987249683
1192.0, 0.01386600380032419
1193.0, 0.01365930862785672
1194.0, 0.014266092065151873
1195.0, 0.01547460036296977
1196.0, 0.015890589121339158
1197.0, 0.0171290730460436
1198.0, 0.017906863248100733
1199.0, 0.016915889756385413
1200.0, 0.017753364269062134
1201.0, 0.0188005284857188
1202.0, 0.018887326015207685
1203.0, 0.020418602453889365
1204.0, 0.020444356806248568
1205.0, 0.0206530149350467
1206.0, 0.021722391846358574
1207.0, 0.021786509435581716
1208.0, 0.021833991833267365
1209.0, 0.0228615904029074
1210.0, 0.023686311177810324
1211.0, 0.0237066941776459
1212.0, 0.023305410706996568
1213.0, 0.02383880973096275
1214.0, 0.025557378233611507
1215.0, 0.024236996875139024
1216.0, 0.023248047495032672
1217.0, 0.02444601242745158
1218.0, 0.022994946721476058
1219.0, 0.023663094821872614
1220.0, 0.023885250083881187
1221.0, 0.022174067257058953
1222.0, 0.021001378721747926
1223.0, 0.019727422025069535
1224.0, 0.01900605259381999
1225.0, 0.01941126504971909
1226.0, 0.018840722400971933
1227.0, 0.018113695661037613
1228.0, 0.018205122125006915
1229.0, 0.018831001858845443
1230.0, 0.018462791668437308
1231.0, 0.017520929074058902
1232.0, 0.017023429997655572
1233.0, 0.01645274734343725
1234.0, 0.016569679997974013
1235.0, 0.015833605976673996
1236.0, 0.015186063248536441
1237.0, 0.014608063970497302
1238.0, 0.013999764738491186
1239.0, 0.013446515662392453
1240.0, 0.013131768859975938
1241.0, 0.012434954998859282
1242.0, 0.013902837859618922
1243.0, 0.01423595862664042
1244.0, 0.012961885329486642
1245.0, 0.011270915561689498
1246.0, 0.011143842956683163
1247.0, 0.011169915158061127
1248.0, 0.010609396742731855
1249.0, 0.010339286491870799
1250.0, 0.008831493639106071
1251.0, 0.011862006947580122
1252.0, 0.01401138176217164
1253.0, 0.01038031390032047
1254.0, 0.007868868771418075
1255.0, 0.007879488719339389
1256.0, 0.007230010003776993
1257.0, 0.006309643303116951
1258.0, 0.005836642396244554
1259.0, 0.0064658959143085205
1260.0, 0.006545609348223191
1261.0, 0.00551115411072829
1262.0, 0.006122863992122607
1263.0, 0.005150267644041205
1264.0, 0.003906639941496504
1265.0, 0.004338021486277016
1266.0, 0.003690653152129628
1267.0, 0.003693456023115773
1268.0, 0.0018666821103689988
1269.0, 0.003158102429608945
1270.0, 0.0037167169495079433
1271.0, 0.0025696386537375393
1272.0, 0.0021873827009597714
1273.0, 0.001947347053978206
1274.0, 0.0010444864889694397
1275.0, 0.000637481678506296
1276.0, 0.0022434356140742856
1277.0, 0.0022341952263401064
1278.0, 0.0014123475743637595
1279.0, 0.00031507955620746947
1280.0, 0.0006332278033440759
1281.0, 0.00032554343869998733
1282.0, 6.721496895429863e-05
1283.0, 0.001396994684291795
1284.0, 0.0014179948246369179
1285.0, 0.0008397305546231919
1286.0, 0.000798529354902395
1287, 0.0
1288, 0.0
1289, 0.0
1290, 0.0
1291, 0.0
1292, 0.0
1293, 0.0
1294, 0.0
1295, 0.0
1296, 0.0
1297, 0.0
1298, 0.0
1299, 0.0
1300, 0.0
1301, 0.0
1302, 0.0
1303, 0.0
1304, 0.0
1305, 0.0
1306, 0.0
1307, 0.0
1308, 0.0
1309, 0.0
1310, 0.0
1311, 0.0
1312, 0.0
1313, 0.0
1314, 0.0
1315, 0.0
1316, 0.0
1317, 0.0
1318, 0.0
1319, 0.0
1320, 0.0
1321, 0.0
1322, 0.0
1323, 0.0
1324, 0.0
1325, 0.0
1326, 0.0
1327, 0.0
1328, 0.0
1329, 0.0
1330, 0.0
1331, 0.0
1332, 0.0
1333, 0.0
1334, 0.0
1335, 0.0
1336, 0.0
1337, 0.0
1338, 0.0
1339, 0.0
1340, 0.0
1341, 0.0
1342, 0.0
1343, 0.0
1344, 0.0
1345, 0.0
1346, 0.0
1347, 0.0
1348, 0.0
1349, 0.0
1350, 0.0
1351, 0.0
1352, 0.0
1353, 0.0
1354, 0.0
1355, 0.0
1356, 0.0
1357, 0.0
1358, 0.0
1359, 0.0
1360, 0.0
1361, 0.0
1362, 0.0
1363, 0.0
1364, 0.0
1365, 0.0
1366, 0.0
1367, 0.0
1368, 0.0
1369, 0.0
1370, 0.0
1371, 0.0
1372, 0.0
1373, 0.0
1374, 0.0
1375, 0.0
1376, 0.0
1377, 0.0
1378, 0.0
1379, 0.0
1380, 0.0
1381, 0.0
1382, 0.0
1383, 0.0
1384, 0.0
1385, 0.0
1386, 0.0
1387, 0.0
1388, 0.0
1389, 0.0
1390, 0.0
1391, 0.0
1392, 0.0
1393, 0.0
1394, 0.0
1395, 0.0
1396, 0.0
1397, 0.0
1398, 0.0
1399, 0.0
1400, 0.0
1401, 0.0
1402, 0.0
1403, 0.0
1404, 0.0
1405, 0.0
1406, 0.0
1407, 0.0
1408, 0.0
1409, 0.0
1410, 0.0
1411, 0.0
1412, 0.0
1413, 0.0
1414, 0.0
1415, 0.0
1416, 0.0
1417, 0.0
1418, 0.0
1419, 0.0
1420, 0.0
1421, 0.0
1422, 0.0
1423, 0.0
1424, 0.0
1425, 0.0
1426, 0.0
1427, 0.0
1428, 0.0
1429, 0.0
1430, 0.0
1431, 0.0
1432, 0.0
1433, 0.0
1434, 0.0
1435, 0.0
1436, 0.0
1437, 0.0
1438, 0.0
1439, 0.0
1440, 0.0
1441, 0.0
1442, 0.0
1443, 0.0
1444, 0.0
1445, 0.0
1446, 0.0
1447, 0.0
1448, 0.0
1449, 0.0
1450, 0.0
1451, 0.0
1452, 0.0
1453, 0.0
1454, 0.0
1455, 0.0
1456, 0.0
1457, 0.0
1458, 0.0
1459, 0.0
1460, 0.0
1461, 0.0
1462, 0.0
1463, 0.0
1464, 0.0
1465, 0.0
1466, 0.0
1467, 0.0
1468, 0.0
1469, 0.0
1470, 0.0
1471, 0.0
1472, 0.0
1473, 0.0
1474, 0.0
1475, 0.0
1476, 0.0
1477, 0.0
1478, 0.0
1479, 0.0
1480, 0.0
1481, 0.0
1482, 0.0
1483, 0.0
1484, 0.0
1485, 0.0
1486, 0.0
1487, 0.0
1488, 0.0
1489, 0.0
1490, 0.0
1491, 0.0
1492, 0.0
1493, 0.0
1494, 0.0
1495, 0.0
1496, 0.0
1497, 0.0
1498, 0.0
1499, 0.0
1500, 0.0
1501, 0.0
1502, 0.0
1503, 0.0
1504, 0.0
1505, 0.0
1506, 0.0
1507, 0.0
1508, 0.0
1509, 0.0
1510, 0.0
1511, 0.0
1512, 0.0
1513, 0.0
1514, 0.0
1515, 0.0
1516, 0.0
1517, 0.0
1518, 0.0
1519, 0.0
1520, 0.0
1521, 0.0
1522, 0.0
1523, 0.0
1524, 0.0
1525, 0.0
1526, 0.0
1527, 0.0
1528, 0.0
1529, 0.0
1530, 0.0
1531, 0.0
1532, 0.0
1533, 0.0
1534, 0.0
1535, 0.0
1536, 0.0
1537, 0.0
1538, 0.0
1539, 0.0
1540, 0.0
1541, 0.0
1542, 0.0
1543, 0.0
1544, 0.0
1545, 0.0
1546, 0.0
1547, 0.0
1548, 0.0
1549, 0.0
1550, 0.0
1551, 0.0
1552, 0.0
1553, 0.0
1554, 0.0
1555, 0.0
1556, 0.0
1557, 0.0
1558, 0.0
1559, 0.0
1560, 0.0
1561, 0.0
1562, 0.0
1563, 0.0
1564, 0.0
1565, 0.0
1566, 0.0
1567, 0.0
1568, 0.0
1569, 0.0
1570, 0.0
1571, 0.0
1572, 0.0
1573, 0.0
1574, 0.0
1575, 0.0
1576, 0.0
1577, 0.0
1578, 0.0
1579, 0.0
1580, 0.0
1581, 0.0
1582, 0.0
1583, 0.0
1584, 0.0
1585, 0.0
1586, 0.0
1587, 0.0
1588, 0.0
1589, 0.0
1590, 0.0
1591, 0.0
1592, 0.0
1593, 0.0
1594, 0.0
1595, 0.0
1596, 0.0
1597, 0.0
1598, 0.0
1599, 0.0
