30, 0.0
31, 0.0
32, 0.0
33, 0.0
34, 0.0
35, 0.0
36, 0.0
37, 0.0
38, 0.0
39, 0.0
40, 0.0
41, 0.0
42, 0.0
43, 0.0
44, 0.0
45, 0.0
46, 0.0
47, 0.0
48, 0.0
49, 0.0
50, 0.0
51, 0.0
52, 0.0
53, 0.0
54, 0.0
55, 0.0
56, 0.0
57, 0.0
58, 0.0
59, 0.0
60, 0.0
61, 0.0
62, 0.0
63, 0.0
64, 0.0
65, 0.0
66, 0.0
67, 0.0
68, 0.0
69, 0.0
70, 0.0
71, 0.0
72, 0.0
73, 0.0
74, 0.0
75, 0.0
76, 0.0
77, 0.0
78, 0.0
79, 0.0
80, 0.0
81, 0.0
82, 0.0
83, 0.0
84, 0.0
85, 0.0
86, 0.0
87, 0.0
88, 0.0
89, 0.0
90, 0.0
91, 0.0
92, 0.0
93, 0.0
94, 0.0
95, 0.0
96, 0.0
97, 0.0
98, 0.0
99, 0.0
100, 0.0
101, 0.0
102, 0.0
103, 0.0
104, 0.0
105, 0.0
106, 0.0
107, 0.0
108, 0.0
109, 0.0
110, 0.0
111, 0.0
112, 0.0
113, 0.0
114, 0.0
115, 0.0
116, 0.0
117.0, 0.000502328886830312
118.0, 0.001067697757934745
119.0, 0.0011096283299782982
120.0, 0.0009920993016774198
121.0, 0.0012127861132947995
122.0, 0.0017064439934595327
123.0, 0.0013424399344347537
124.0, 0.0012580378059048353
125.0, 0.0015207529379002878
126.0, 0.0022717939092759083
127.0, 0.0012735889796407851
128.0, 0.0007435029022184091
129.0, 0.0006855875108771451
130.0, 0.0005701823943362004
131.0, 0.0006288536577120485
132.0, 0.0007440651977453126
133.0, 0.0008674700039096379
134.0, 0.00047426093753539193
135.0, 0.00034976529513529764
136.0, 0.00040652227364924837
137.0, 0.0004927507965085047
138.0, 0.00043404888012997896
139.0, 0.0005139728944065935
140.0, 0.0007805248566274906
141.0, 0.0007860085605248981
142.0, 0.0011240232853748189
143.0, 0.0016923670945727272
144.0, 0.0024353464074236496
145.0, 0.002985578701052654
146.0, 0.0036974646543383757
147.0, 0.004520200496338562
148.0, 0.004978812353693585
149.0, 0.005618716784171391
150.0, 0.006166715305165148
151.0, 0.006449689587346054
152.0, 0.007477155040208268
153.0, 0.008195348318183615
154.0, 0.008749737237537311
155.0, 0.009507448522937077
156.0, 0.010956130581672658
157.0, 0.012213538505708466
158.0, 0.013142586382733383
159.0, 0.015425570841153287
160.0, 0.016837531218478
161.0, 0.018488001324035976
162.0, 0.021697075707618346
163.0, 0.02349178297514305
164.0, 0.026265843113890838
165.0, 0.030030237539063868
166.0, 0.033799433255490674
167.0, 0.03778618870260445
168.0, 0.04232483957076914
169.0, 0.04764886056120699
170.0, 0.05494369935641743
171.0, 0.06320692481501432
172.0, 0.07240004209813634
173.0, 0.0826641777732772
174.0, 0.0954150278937781
175.0, 0.10927177911400157
176.0, 0.12416181059128178
177.0, 0.1416129231486518
178.0, 0.16084045903877117
179.0, 0.1830227461977071
180.0, 0.20965173153447145
181.0, 0.23516122734155695
182.0, 0.2599119597627249
183.0, 0.2855368470915044
184.0, 0.31684697939081646
185.0, 0.34418370053288455
186.0, 0.3709976577740056
187.0, 0.3976952088396493
188.0, 0.41518678655111435
189.0, 0.4286122627539013
190.0, 0.43982621943173994
191.0, 0.450330988346041
192.0, 0.4520317634151534
193.0, 0.4504181592274065
194.0, 0.4458374001791844
195.0, 0.43725719779323596
196.0, 0.41543387520126757
197.0, 0.39300680584588044
198.0, 0.3744474172456968
199.0, 0.3498857837356249
200.0, 0.3278086471422204
201.0, 0.3061223480627977
202.0, 0.28218356729380045
203.0, 0.26419784572523425
204.0, 0.2465948044539285
205.0, 0.2301117171888967
206.0, 0.22089047301713213
207.0, 0.21183669343931935
208.0, 0.20174682111956158
209.0, 0.19023569692346382
210.0, 0.18511147237214365
211.0, 0.1821668248621087
212.0, 0.17891844600695703
213.0, 0.17187321831457275
214.0, 0.16898574517938553
215.0, 0.16507213934775342
216.0, 0.1597089005132665
217.0, 0.15361460197788968
218.0, 0.14750919701060258
219.0, 0.1409750759607347
220.0, 0.13381653008804067
221.0, 0.12660602694520207
222.0, 0.11988906297823662
223.0, 0.11418519708506819
224.0, 0.11037297156120732
225.0, 0.10524969628892622
226.0, 0.10142225889962828
227.0, 0.09896580161602601
228.0, 0.09730517279249157
229.0, 0.09631009474330525
230.0, 0.09604911787626284
231.0, 0.09659270770525316
232.0, 0.09779024483852017
233.0, 0.1002994892591283
234.0, 0.10312819456128637
235.0, 0.10528778723316051
236.0, 0.11150889181576373
237.0, 0.11882376661055147
238.0, 0.12660293000623293
239.0, 0.13370092108338322
240.0, 0.14747333984534078
241.0, 0.1615620767029149
242.0, 0.17471778701814702
243.0, 0.19206005957693367
244.0, 0.21135624044831317
245.0, 0.23391676880718404
246.0, 0.2611889106328559
247.0, 0.29558640833928534
248.0, 0.33148171237185753
249.0, 0.37213691803721827
250.0, 0.4253634869612095
251.0, 0.4832664753473906
252.0, 0.5476860567954598
253.0, 0.6177499775683212
254.0, 0.6865909205428926
255.0, 0.7608709624391483
256.0, 0.8349064198964463
257.0, 0.9051130693203502
258.0, 0.9440928893561195
259.0, 0.9779246987888467
260.0, 0.9974754879970329
261.0, 0.988829898945775
262.0, 0.9644371356653618
263.0, 0.9212838269087478
264.0, 0.8623443737399312
265.0, 0.7952533324622726
266.0, 0.7247689144002362
267.0, 0.6505083921271407
268.0, 0.5741393770619063
269.0, 0.5123390188082922
270.0, 0.448380079563268
271.0, 0.3902142949000611
272.0, 0.34373767154811224
273.0, 0.30282197211148176
274.0, 0.2813901047352566
275.0, 0.2684767029859852
276.0, 0.2476649435873993
277.0, 0.20344220594783155
278.0, 0.17242188976812123
279.0, 0.15497196564063934
280.0, 0.13737485829354582
281.0, 0.1200820625892238
282.0, 0.10410948984107622
283.0, 0.0903170439909794
284.0, 0.08352972883745208
285.0, 0.07574490632169907
286.0, 0.06794885306899472
287.0, 0.06085078193633226
288.0, 0.05678959702513976
289.0, 0.05175776373527709
290.0, 0.04651266938048075
291.0, 0.04231075544051977
292.0, 0.04099202701289064
293.0, 0.03804984972350692
294.0, 0.03407399998476611
295.0, 0.03287980871399762
296.0, 0.02974531695020145
297.0, 0.027508277419143978
298.0, 0.026760543261672515
299.0, 0.025061897160422533
300.0, 0.02333315508851102
301.0, 0.021716419767750905
302.0, 0.0203008766947544
303.0, 0.01843900432672978
304.0, 0.01759944160742337
305.0, 0.017073466743902237
306.0, 0.01598208976935393
307.0, 0.013712044745632153
308.0, 0.012019658786113496
309.0, 0.011118906268079386
310.0, 0.011311076411806906
311.0, 0.00992344216475272
312.0, 0.009043696992247071
313.0, 0.008773036090173606
314.0, 0.007264391925276663
315.0, 0.006352945756755649
316.0, 0.005632858940568927
317.0, 0.004917089252685558
318.0, 0.0038471256247053325
319.0, 0.0031689350941868986
320.0, 0.0025597686978401195
321.0, 0.0017627343476623678
322.0, 0.0014118995895340998
323.0, 0.0008975947958279546
324.0, 0.0004094320480709379
325.0, 0.00026290299055518266
326.0, 0.0006950248805117614
327.0, 0.0012606703400021835
328.0, 0.001713968111662296
329.0, 0.001466304577376387
330.0, 0.002212177643543658
331.0, 0.002482280615040827
332.0, 0.002073763868105428
333.0, 0.001752177459833003
334.0, 0.0023682925220099805
335.0, 0.002325844343212661
336.0, 0.0011165369001543502
337.0, 0.0015056705775263642
338.0, 0.001121350346765002
339.0, 0.0006762174831898215
340.0, 0.0006944970854008912
341.0, 0.0006244052473289068
342.0, 0.0013334230537617282
343.0, 0.0024222297883514416
344.0, 0.003396705413011465
345.0, 0.00398037243460447
346.0, 0.004915601712706774
347.0, 0.005912863691263697
348.0, 0.006221701322083192
349.0, 0.007610799242369923
350.0, 0.009171406418449166
351.0, 0.010853014920264989
352.0, 0.013033146827310195
353.0, 0.014610040844211029
354.0, 0.016030362102331077
355.0, 0.017396150604913653
356.0, 0.018534973164027427
357.0, 0.01952409879556426
358.0, 0.02036492571651074
359.0, 0.021031257500448233
360.0, 0.02124056010711213
361.0, 0.021728468630841272
362.0, 0.022763124387216362
363.0, 0.024573940407914018
364.0, 0.024784034818269993
365.0, 0.02606368939251587
366.0, 0.027252247236187205
367.0, 0.026916636280376972
368.0, 0.027563598296991693
369.0, 0.02830590654242047
370.0, 0.02905943065226593
371.0, 0.029756359064118918
372.0, 0.030138685316814535
373.0, 0.030394879580482922
374.0, 0.030853946284156022
375.0, 0.0324025063144267
376.0, 0.03299153584005133
377.0, 0.032979501853114
378.0, 0.032932635236864786
379.0, 0.03501489640610089
380.0, 0.03508348474828817
381.0, 0.035260611963548856
382.0, 0.0361337867978529
383.0, 0.037062376942012566
384.0, 0.037166216129552176
385.0, 0.037912956477176324
386.0, 0.03983100938377813
387.0, 0.04053096523094565
388.0, 0.042107848220798653
389.0, 0.043693971592073874
390.0, 0.04480320725493407
391.0, 0.04863787242183448
392.0, 0.05096893792203453
393.0, 0.05316237193071242
394.0, 0.05648580827452297
395.0, 0.0596534111632692
396.0, 0.06294888448219264
397.0, 0.0666011794506874
398.0, 0.07093003153878753
399.0, 0.07515666226401342
400.0, 0.07971655185184418
401.0, 0.08439522444658877
402.0, 0.08878554005128085
403.0, 0.09322983169258361
404.0, 0.09773992708525904
405.0, 0.10230725351959413
406.0, 0.10691400129107333
407.0, 0.10782401723220675
408.0, 0.11004204404473733
409.0, 0.11343248477359177
410.0, 0.11526273053474596
411.0, 0.11642000607718274
412.0, 0.11619796015237258
413.0, 0.11481970473484544
414.0, 0.11379595463588354
415.0, 0.1109365524845602
416.0, 0.10820042021490621
417.0, 0.10584866572208204
418.0, 0.10229679794222016
419.0, 0.09634301043160201
420.0, 0.09205634455309258
421.0, 0.09019955336777853
422.0, 0.08537771879184547
423.0, 0.08074329258340665
424.0, 0.0770603679456516
425.0, 0.0743837168571438
426.0, 0.06948219246374293
427.0, 0.06676004007237064
428.0, 0.06469964503356226
429.0, 0.062356701768470295
430.0, 0.05777280264419273
431.0, 0.053927500412645143
432.0, 0.05090974030752887
433.0, 0.0488103579884671
434.0, 0.04760541250424453
435.0, 0.043999905049409094
436.0, 0.040346855954833234
437.0, 0.03840092170497361
438.0, 0.03551449516914641
439.0, 0.03349270511494213
440.0, 0.03182161704807427
441.0, 0.03004392075899984
442.0, 0.026739993568561046
443.0, 0.02423261028599585
444.0, 0.02217430227064678
445.0, 0.020218091239536225
446.0, 0.019034324792330245
447.0, 0.017468112994713025
448.0, 0.016106712117369335
449.0, 0.01565497180120012
450.0, 0.01385384145256954
451.0, 0.01207925503391087
452.0, 0.010859254528941919
453.0, 0.010848789206509803
454.0, 0.009685555000764616
455.0, 0.00901884678328816
456.0, 0.008662817682827015
457.0, 0.008285002039044002
458.0, 0.007936664801886368
459.0, 0.0075994456706048475
460.0, 0.007133754346409157
461.0, 0.00632739802334517
462.0, 0.006436217683727332
463.0, 0.0061927459631679225
464.0, 0.005752684023315582
465.0, 0.005467993646783456
466.0, 0.005439298231789
467.0, 0.006250931183466207
468.0, 0.0068081791187012955
469.0, 0.005250208270932758
470.0, 0.005302901713493513
471.0, 0.005278757745339782
472.0, 0.004880762925729069
473.0, 0.0037980609618432724
474.0, 0.004755183817130225
475.0, 0.004929187723968148
476.0, 0.0046275568121500014
477.0, 0.004697007333270643
478.0, 0.004277977560299312
479.0, 0.003955977280976627
480.0, 0.003752394583766747
481.0, 0.0036352751403791036
482.0, 0.0032325064689465465
483.0, 0.0028939932390096134
484.0, 0.0026478710736080584
485.0, 0.0025025752913778463
486.0, 0.0016483097034842658
487.0, 0.0014611480934078947
488.0, 0.0016010670565553282
489.0, 0.0014009447853353554
490.0, 0.0009484307436905869
491.0, 0.000589742278876371
492.0, 0.0003414593409809307
493.0, 0.0002007026750597976
494.0, 0.0011915290997824685
495.0, 0.0014705721749417896
496.0, 0.0016182206754200858
497.0, 0.0025735287263777855
498.0, 0.00216959053372369
499.0, 0.0020456557318757813
500.0, 0.0020748111595849986
501.0, 0.002009162612129634
502.0, 0.002409293006348382
503.0, 0.0022869876042953003
504.0, 0.0020341068594833182
505.0, 0.00214083904321571
506.0, 0.0022942096699055973
507.0, 0.0020025459338632616
508.0, 0.0015960842184610392
509.0, 0.0014277517362298112
510.0, 0.0010597235575481583
511.0, 0.001055376237221451
512.0, 0.0009190621958172114
513.0, 0.00020811401901116443
514.0, 0.00011899557208808491
515.0, 0.0011123660273245984
516.0, 0.0016949931208482046
517.0, 0.0007912211230958689
518.0, 0.002238908659979266
519.0, 0.0029315887987901024
520.0, 0.003231508315902822
521.0, 0.003423015824385493
522.0, 0.0040376508744126745
523.0, 0.004877885245284352
524.0, 0.005508286948027414
525.0, 0.005752419243007658
526.0, 0.006537278986527088
527.0, 0.006775438664820906
528.0, 0.00737035601263057
529.0, 0.00850816207172061
530.0, 0.008134445757487218
531.0, 0.008927716189326522
532.0, 0.009094257763504424
533.0, 0.008243679011547978
534.0, 0.00835020771971346
535.0, 0.00854421921168898
536.0, 0.008098698106400225
537.0, 0.007140066921768344
538.0, 0.007278748111129658
539.0, 0.006541158479250909
540.0, 0.005659282247917855
541.0, 0.004879743049585854
542.0, 0.004415557474163331
543.0, 0.004847021489293324
544.0, 0.004283662759364413
545.0, 0.003148357722418797
546.0, 0.0034441537164637713
547.0, 0.002935696085094964
548.0, 0.0022087232076955397
549.0, 0.0015410014229779276
550.0, 0.0013261898099513438
551.0, 0.0009160362921505973
552.0, 0.0005055655659864824
553.0, 0.00026692857401428537
554.0, 0.00043365688902727143
555.0, 0.0002623471510005106
556.0, 0.0004184436863055238
557.0, 0.0005319610728747998
558.0, 0.00016332145322821073
559.0, 0.00011448027540233705
560.0, 0.0003797577727015899
561.0, 0.0004968316745016331
562.0, 0.00011948935955412376
563.0, 0.0003105240141008755
564.0, 0.00030971533605159856
565.0, 0.0002600736537129228
566.0, 0.00034806678927232465
567.0, 0.001546941877419794
568.0, 0.0019508049025665929
569.0, 0.0021920412962605973
570.0, 0.0024976032713917027
571.0, 0.002531721182332411
572.0, 0.002515657442107192
573.0, 0.0025940771436488218
574.0, 0.0026853537000813203
575.0, 0.002299891252054639
576.0, 0.0031747269535126604
577.0, 0.0034498671800716517
578.0, 0.0032144647562773903
579.0, 0.0036843427843649417
580.0, 0.004224325332488938
581.0, 0.005026388755661045
582.0, 0.005644166286878869
583.0, 0.005258566709355039
584.0, 0.006957930014897559
585.0, 0.007829283151880372
586.0, 0.008119899418116864
587.0, 0.0083271440987247
588.0, 0.010027350500469153
589.0, 0.01057592415539968
590.0, 0.0111478583146365
591.0, 0.01260583046549075
592.0, 0.013092220169736839
593.0, 0.013716775318371146
594.0, 0.014495815180980566
595.0, 0.015409941624480939
596.0, 0.016254677825542192
597.0, 0.017632225011999368
598.0, 0.018422108379808736
599.0, 0.018671469965420018
600.0, 0.020156102361371556
601.0, 0.02144148453920547
602.0, 0.022289647161462176
603.0, 0.02282012144151375
604.0, 0.023447753964605977
605.0, 0.023947446080248794
606.0, 0.024724860844151868
607.0, 0.02579266853521619
608.0, 0.027099547174260816
609.0, 0.027994341140412937
610.0, 0.029275292417269092
611.0, 0.030773034666590662
612.0, 0.03227011270417035
613.0, 0.03318690541219513
614.0, 0.03451469710006109
615.0, 0.03575428174029591
616.0, 0.03671052865260954
617.0, 0.03829230151468529
618.0, 0.04003412721329262
619.0, 0.04150595229759275
620.0, 0.04279534889121423
621.0, 0.04489273245190938
622.0, 0.04534675926874736
623.0, 0.047291667489604346
624.0, 0.05036127269868293
625.0, 0.05225691133897874
626.0, 0.05410920036403177
627.0, 0.05483447401916289
628.0, 0.056118047869435916
629.0, 0.06029682879941609
630.0, 0.05917402332253981
631.0, 0.060377711256702375
632.0, 0.06273068646263795
633.0, 0.06492997810630324
634.0, 0.06349338679928164
635.0, 0.064631044822716
636.0, 0.06563481663099036
637.0, 0.06583010765686176
638.0, 0.0682452814961411
639.0, 0.06657681310004852
640.0, 0.06538881854459691
641.0, 0.06580481818293837
642.0, 0.06776719159771591
643.0, 0.06682062164371441
644.0, 0.06598208467124675
645.0, 0.06536819488664437
646.0, 0.06466592423738202
647.0, 0.06388724385696708
648.0, 0.06420659659871027
649.0, 0.06418381813657702
650.0, 0.06284898854481324
651.0, 0.06302803181772539
652.0, 0.06396075210089802
653.0, 0.06413811879214769
654.0, 0.0631070507481846
655.0, 0.061891692964589046
656.0, 0.06363331372584231
657.0, 0.06366874103610462
658.0, 0.06225815282647139
659.0, 0.06237579593566562
660.0, 0.06392867932563928
661.0, 0.0639181686668531
662.0, 0.06317495579601969
663.0, 0.06304651069326848
664.0, 0.06558260028472351
665.0, 0.06655413682451683
666.0, 0.06719241146478626
667.0, 0.06838984086528797
668.0, 0.07064809300335895
669.0, 0.0723952476139026
670.0, 0.07504735599444338
671.0, 0.0781367253216634
672.0, 0.07873695946943388
673.0, 0.08163928201936185
674.0, 0.08684213802325182
675.0, 0.09203748971410249
676.0, 0.09370931562679934
677.0, 0.09919117114431261
678.0, 0.10475645092128327
679.0, 0.11051368999643657
680.0, 0.11669060903945652
681.0, 0.12429937764894955
682.0, 0.13179370425051334
683.0, 0.1412106149867752
684.0, 0.1526676415783246
685.0, 0.16359431378693623
686.0, 0.17530204937562838
687.0, 0.189776737921361
688.0, 0.2055500442465579
689.0, 0.21951408845403744
690.0, 0.24121731022988957
691.0, 0.2638894405102632
692.0, 0.28650071414599004
693.0, 0.3083896911040782
694.0, 0.3302165724382163
695.0, 0.36445172355963307
696.0, 0.3940106843777846
697.0, 0.41467447770399457
698.0, 0.43692978017066864
699.0, 0.4560242259802372
700.0, 0.4668894557410127
701.0, 0.4678827248061479
702.0, 0.4581072160273594
703.0, 0.4450049652875253
704.0, 0.41857449909874106
705.0, 0.38962071271345544
706.0, 0.3661963243938646
707.0, 0.33919042249759085
708.0, 0.306924802840476
709.0, 0.2730327212525362
710.0, 0.24148455596733928
711.0, 0.2205497472834388
712.0, 0.19705401176885926
713.0, 0.17758904139411824
714.0, 0.16088444584651243
715.0, 0.14396678608077024
716.0, 0.13135459763347795
717.0, 0.12034484704539136
718.0, 0.10972483554238519
719.0, 0.09970479812798046
720.0, 0.09667884979316396
721.0, 0.09091914119247645
722.0, 0.0858784895301462
723.0, 0.08225460371898088
724.0, 0.07949295690551703
725.0, 0.07694154720275743
726.0, 0.07430871380105812
727.0, 0.07316222651466142
728.0, 0.07458589321019804
729.0, 0.07138020044582898
730.0, 0.07346911505759322
731.0, 0.07564914768311581
732.0, 0.07624429040008138
733.0, 0.07774162605590046
734.0, 0.07978207667752557
735.0, 0.08275236064193789
736.0, 0.08607011555025178
737.0, 0.0887879334476712
738.0, 0.09341992640266249
739.0, 0.09669431864789858
740.0, 0.10041402938666195
741.0, 0.10499483557150524
742.0, 0.10571629547587674
743.0, 0.1089165300046501
744.0, 0.11265039706100172
745.0, 0.11641752511773887
746.0, 0.12019998295241387
747.0, 0.11907622112792869
748.0, 0.11746836087964715
749.0, 0.11738452697006323
750.0, 0.11959681634993603
751.0, 0.11661735443662433
752.0, 0.11505979394494076
753.0, 0.11221469025559182
754.0, 0.10827973874104933
755.0, 0.10641010274170307
756.0, 0.10073283704393717
757.0, 0.09618873131711761
758.0, 0.09265405454213603
759.0, 0.08929325344859851
760.0, 0.08346836595875134
761.0, 0.07827054712596512
762.0, 0.07267986607145642
763.0, 0.0669545481334824
764.0, 0.06350889400998394
765.0, 0.05910596089857198
766.0, 0.054485490679436435
767.0, 0.05040784603889819
768.0, 0.047583589726644046
769.0, 0.04332382517893174
770.0, 0.04078828025705185
771.0, 0.03768207330393274
772.0, 0.03369910592286587
773.0, 0.0322692042650891
774.0, 0.030236230098406477
775.0, 0.02862287554394897
776.0, 0.027381676923942517
777.0, 0.026212810714186623
778.0, 0.025306718183120972
779.0, 0.024552725841347278
780.0, 0.02373306171472804
781.0, 0.022907225193178078
782.0, 0.02282978829127707
783.0, 0.022083211569115146
784.0, 0.02151311974324945
785.0, 0.021123100936966288
786.0, 0.020722636948196614
787.0, 0.020979664160564744
788.0, 0.020418616179325253
789.0, 0.020230919674068974
790.0, 0.02065471242959806
791.0, 0.019970900793765362
792.0, 0.019104440531879128
793.0, 0.019008656340363524
794.0, 0.01904148306733084
795.0, 0.01816391932820309
796.0, 0.01782653374485967
797.0, 0.017328935704704337
798.0, 0.016846801497458316
799.0, 0.016440346637206105
800.0, 0.01599360819409588
801.0, 0.014978616726860555
802.0, 0.014604126035744657
803.0, 0.014445564003127197
804.0, 0.013787762225687328
805.0, 0.013037807407057452
806.0, 0.011510689678300797
807.0, 0.010449368320943973
808.0, 0.010100585737298958
809.0, 0.009494696912829288
810.0, 0.008421830240988328
811.0, 0.00827691543476544
812.0, 0.007864639245729787
813.0, 0.006032064958236497
814.0, 0.005731791280143204
815.0, 0.0056085736500922434
816.0, 0.00543531280557222
817.0, 0.005162206416541128
818.0, 0.004870408721052701
819.0, 0.0049594031000837445
820.0, 0.004540919762566777
821.0, 0.004031978955335659
822.0, 0.0038065045585426813
823.0, 0.003652649319420862
824.0, 0.0037108226508106405
825.0, 0.003690542922127123
826.0, 0.0034573389768400922
827.0, 0.002919233493166027
828.0, 0.0031889201567392783
829.0, 0.00281896813848572
830.0, 0.0024817843282259437
831.0, 0.002435457623697457
832.0, 0.0018324265245525623
833.0, 0.0008926820891862553
834.0, 0.00039283297899982096
835.0, 0.0002850588550820282
836.0, 0.00030279286925255885
837.0, 0.00012754444927790112
838.0, 0.00022408580501159109
839.0, 0.00040803560951753806
840.0, 0.0005756200394084885
841.0, 0.0006674473879928009
842.0, 0.001088658986758627
843.0, 0.0013348096582800845
844.0, 0.0014641962655371503
845.0, 0.0015217825365610599
846.0, 0.0011188801475730957
847.0, 0.0010082877686416504
848.0, 0.0010920704333881742
849.0, 0.0013023651470446484
850.0, 0.001559978235735033
851.0, 0.0011285774036020578
852.0, 0.0012310969913869312
853.0, 0.00135165034055768
854.0, 0.0012255051018628883
855.0, 0.0010202565772616926
856.0, 0.0006277341132725722
857.0, 0.0006455411714471186
858.0, 0.0009124697137245022
859.0, 0.00108908436781122
860.0, 0.0004036459071389045
861.0, 0.00032387838818509566
862.0, 0.0003693733291461216
863.0, 0.0003432935218292447
864.0, 0.00017345349410858132
865.0, 0.0006030827926081507
866.0, 0.0006926016681792322
867.0, 0.000545519664946565
868.0, 0.0003270000050363916
869.0, 0.00035179919823281186
870.0, 0.00020525213982884483
871.0, 0.00011775184514354754
872.0, 0.0001510434837357739
873.0, 0.0003385030874050861
874.0, 0.0007799246575247493
875.0, 0.0010151175746574165
876.0, 0.0009946294808013136
877.0, 0.0007544567104794769
878.0, 0.0004061414252019541
879.0, 0.0008197538989673524
880.0, 0.0010607424295081143
881.0, 0.0009279980720014944
882.0, 0.0005595444915416472
883.0, 0.0008718555634362538
884.0, 0.0006604515567033865
885.0, 0.0004530449481103123
886.0, 0.0004675484671678612
887.0, 0.0008030134279812647
888.0, 0.001050560135111279
889.0, 0.001258074910962098
890.0, 0.0012163668840309313
891.0, 0.0009201062448488317
892.0, 0.000484880522441548
893.0, 0.0009096360598941243
894.0, 0.0006854940126480797
895.0, 0.0005686176114161438
896.0, 0.0008791887667176054
897.0, 0.0014333041367660692
898.0, 0.0010319238749179806
899.0, 0.0010552986904411633
900.0, 0.0012600243865456028
901.0, 0.001345088200810677
902.0, 0.001220344789662641
903.0, 0.0017398660862184426
904.0, 0.0017579836035247006
905.0, 0.0015084455213062243
906.0, 0.001510993938174337
907.0, 0.0012564432957347222
908.0, 0.0015956600424885216
909.0, 0.0021021256106747953
910.0, 0.002357709706368448
911.0, 0.0018761038896803247
912.0, 0.0018308755660458923
913.0, 0.002640100204206563
914.0, 0.002883754331611497
915.0, 0.0022048584064521277
916.0, 0.0018360080177052273
917.0, 0.0023003687100245883
918.0, 0.002073263888405908
919.0, 0.0021005708174426335
920.0, 0.0029162416680991008
921.0, 0.002951930600575427
922.0, 0.003115217053325095
923.0, 0.0031678671672387736
924.0, 0.0032285011844560294
925.0, 0.003440361907407795
926.0, 0.0034508157500268825
927.0, 0.0032367379628159415
928.0, 0.0033277324987648882
929.0, 0.003651527040056676
930.0, 0.003847139594765632
931.0, 0.003979522519591531
932.0, 0.0037401285737492396
933.0, 0.0036460268847246873
934.0, 0.0036907939539963268
935.0, 0.0033527458379605125
936.0, 0.004218454573529245
937.0, 0.004175101091044595
938.0, 0.00426077483330636
939.0, 0.004685059633147045
940.0, 0.003924404658256988
941.0, 0.004157066990916695
942.0, 0.004565024550968192
943.0, 0.004936446856521131
944.0, 0.0051682016272559675
945.0, 0.005316349508937324
946.0, 0.005546029575732023
947.0, 0.0057021742587951285
948.0, 0.005775415867224561
949.0, 0.005812435257079938
950.0, 0.006025323714317868
951.0, 0.005856316584257366
952.0, 0.005839913000462389
953.0, 0.006091571411010505
954.0, 0.006556047899962439
955.0, 0.006882544082604552
956.0, 0.007107073374522521
957.0, 0.007364774619483513
958.0, 0.007613574863441251
959.0, 0.0077143966814046915
960.0, 0.007910758911296365
961.0, 0.008060631696253073
962.0, 0.008264085971760034
963.0, 0.008504523112497166
964.0, 0.00865467997064942
965.0, 0.009188075349274476
966.0, 0.009476521803520235
967.0, 0.009849683880212765
968.0, 0.01045509723109388
969.0, 0.01118832076740775
970.0, 0.010876996990051629
971.0, 0.011111898300200956
972.0, 0.011449334649100824
973.0, 0.011790047761348888
974.0, 0.012979703084239038
975.0, 0.013094292135824984
976.0, 0.013203469969214841
977.0, 0.013893530884056461
978.0, 0.01496521372900796
979.0, 0.014050496798152743
980.0, 0.015217652906782763
981.0, 0.016148090240230166
982.0, 0.016556611183818497
983.0, 0.016744287996677328
984.0, 0.018212346966973797
985.0, 0.017588435975659067
986.0, 0.017506320199831896
987.0, 0.018065945784357492
988.0, 0.01884477304659283
989.0, 0.01929432785448416
990.0, 0.020051870998180246
991.0, 0.020720789536340403
992.0, 0.021061372507117544
993.0, 0.021101936178218244
994.0, 0.022334250236974645
995.0, 0.02228389458827179
996.0, 0.022854777721913494
997.0, 0.02366278380305912
998.0, 0.023906060344713546
999.0, 0.02515099894661562
1000.0, 0.02574415555292539
1001.0, 0.02689439004352464
1002.0, 0.027853527175106165
1003.0, 0.027453903569883104
1004.0, 0.027352797510692493
1005.0, 0.028865751689362482
1006.0, 0.029486390652822846
1007.0, 0.029970165785064527
1008.0, 0.03197687436417963
1009.0, 0.03246076675758516
1010.0, 0.03395097991029841
1011.0, 0.03461875973217123
1012.0, 0.03504067914949473
1013.0, 0.036542250451632924
1014.0, 0.03658934762999545
1015.0, 0.037593642514198035
1016.0, 0.03827142420872679
1017.0, 0.03876672124282624
1018.0, 0.03982780888086009
1019.0, 0.041639468869986374
1020.0, 0.04225489718105168
1021.0, 0.04304065642804173
1022.0, 0.04420612536384423
1023.0, 0.045336159873230836
1024.0, 0.04475447389269553
1025.0, 0.045488910473941324
1026.0, 0.04593165663229533
1027.0, 0.046184918514778434
1028.0, 0.04706368681572647
1029.0, 0.048992861706279686
1030.0, 0.05007308145485445
1031.0, 0.05066080570232228
1032.0, 0.05135349646343361
1033.0, 0.052729353764965875
1034.0, 0.05405498744910844
1035.0, 0.05601644775299409
1036.0, 0.058315324001009354
1037.0, 0.06092802724700941
1038.0, 0.06388670910698194
1039.0, 0.06705228484132193
1040.0, 0.0706408353748103
1041.0, 0.07442345833742027
1042.0, 0.07858428375468328
1043.0, 0.08339434313551158
1044.0, 0.08900563004844138
1045.0, 0.09414784454881053
1046.0, 0.0992990086759866
1047.0, 0.10503317160486006
1048.0, 0.11157453841638279
1049.0, 0.11733490471174929
1050.0, 0.12471460604025085
1051.0, 0.13095480781708102
1052.0, 0.13689759956485004
1053.0, 0.14327524920764131
1054.0, 0.1473085307516413
1055.0, 0.14973559131312655
1056.0, 0.1523273959181267
1057.0, 0.1564546665534729
1058.0, 0.1616657694845258
1059.0, 0.16237106436353144
1060.0, 0.16495180003170407
1061.0, 0.16617565002833745
1062.0, 0.1670748734626931
1063.0, 0.16780652707163046
1064.0, 0.16549586144317407
1065.0, 0.16455230981368477
1066.0, 0.16371255893456946
1067.0, 0.16152344863528356
1068.0, 0.15862312454976718
1069.0, 0.15891575520311224
1070.0, 0.15333859614050238
1071.0, 0.14996553811960722
1072.0, 0.14820635086924497
1073.0, 0.14668565286740948
1074.0, 0.14350762136862477
1075.0, 0.13858391241612514
1076.0, 0.13795874668159558
1077.0, 0.13522347616970892
1078.0, 0.12993507579569802
1079.0, 0.12615778924097093
1080.0, 0.12548314484047085
1081.0, 0.12082753773159502
1082.0, 0.11703611796981592
1083.0, 0.11388627108980418
1084.0, 0.1092446268011655
1085.0, 0.1068268645897726
1086.0, 0.10294918679065468
1087.0, 0.09835454855309941
1088.0, 0.09451763611845433
1089.0, 0.09237723521588188
1090.0, 0.08914794113924321
1091.0, 0.08569974991273152
1092.0, 0.08124260309853044
1093.0, 0.07697088149835055
1094.0, 0.07344961216480503
1095.0, 0.06838124112894227
1096.0, 0.06586781515638043
1097.0, 0.061935649823539655
1098.0, 0.057744597340559214
1099.0, 0.054056013599047346
1100.0, 0.05016136797971727
1101.0, 0.04848451399157421
1102.0, 0.045424573505261745
1103.0, 0.042466645477210505
1104.0, 0.039934734872609276
1105.0, 0.03696199855592776
1106.0, 0.03557987011484879
1107.0, 0.03323562442790938
1108.0, 0.031036916609091924
1109.0, 0.0290209461615505
1110.0, 0.026774522248632818
1111.0, 0.025211647049627466
1112.0, 0.024172190152054344
1113.0, 0.022712401295986298
1114.0, 0.021250334180843634
1115.0, 0.02030652502465088
1116.0, 0.01920876816777578
1117.0, 0.01784214584334661
1118.0, 0.01698811549118733
1119.0, 0.01639435716594802
1120.0, 0.015737943805605628
1121.0, 0.0148698725151965
1122.0, 0.015314625357246118
1123.0, 0.014969568249838161
1124.0, 0.014133968537966777
1125.0, 0.013009439936585697
1126.0, 0.01158428865884488
1127.0, 0.00988422541377273
1128.0, 0.009438309859204387
1129.0, 0.00935339350580764
1130.0, 0.00888748010869738
1131.0, 0.007741551678879002
1132.0, 0.008072190098695154
1133.0, 0.007352128555953789
1134.0, 0.006694480523956902
1135.0, 0.006290581310215388
1136.0, 0.006033762684104124
1137.0, 0.005610567812910994
1138.0, 0.005281335505908474
1139.0, 0.005056786112293753
1140.0, 0.004703941859466152
1141.0, 0.0043310832785611155
1142.0, 0.0045027189974367705
1143.0, 0.003981258874075945
1144.0, 0.003691802074457832
1145.0, 0.0032871648119785803
1146.0, 0.003011060413703989
1147.0, 0.0033148570598118565
1148.0, 0.0032525487581784806
1149.0, 0.00269905635329668
1150.0, 0.0024977316018221754
1151.0, 0.002200828547214228
1152.0, 0.0014068226669904451
1153.0, 0.0009147020071771969
1154.0, 0.00117989755622705
1155.0, 0.0009898920713270853
1156.0, 0.0009726845500614104
1157.0, 0.0013319479843473894
1158.0, 0.0015104414788821888
1159.0, 0.0006248970053747732
1160.0, 0.0009195372043969664
1161.0, 0.00121614628785123
1162.0, 0.0010806965420369283
1163.0, 0.0006905758874038876
1164.0, 0.0013047975701332495
1165.0, 0.000810672425227302
1166.0, 0.0004260088449120365
1167.0, 0.00028030142788578556
1168.0, 0.0002579985597607495
1169.0, 0.0002215005727928896
1170.0, 0.0002354448741487308
1171.0, 0.0001634265821081885
1172.0, 8.568202973078074e-05
1173.0, 4.665806026304307e-05
1174.0, 5.763689974195844e-05
1175.0, 0.0003047079020980381
1176.0, 0.0004964278238376105
1177.0, 0.000606131205143849
1178.0, 0.00045563046338023853
1179.0, 5.5550991967344036e-05
1180.0, 0.00022639828908170394
1181.0, 7.625568627103643e-05
1182.0, 0.00025714314319838456
1183.0, 0.0003656840231325134
1184.0, 0.00026522241755834724
1185.0, 0.00027292951037982644
1186.0, 9.134572493858526e-05
1187.0, 0.00015212591756932862
1188.0, 0.0001189889547443942
1189.0, 9.051699878911667e-05
1190.0, 0.0002526880774488741
1191.0, 0.00023804305802252847
1192.0, 0.00019987027092989437
1193.0, 0.0002455511011947574
1194.0, 0.00026414337816982694
1195.0, 0.00020604795598021394
1196.0, 0.00016292205409841737
1197.0, 0.0003692925309521221
1198.0, 0.00016701887658265413
1199.0, 6.518429272479113e-05
1200.0, 0.00011138880386032433
1201.0, 0.00011911017139129755
1202.0, 5.801982000449064e-05
1203.0, 2.6596300886979097e-05
1204.0, 0.00020846707914095542
1205.0, 0.0002397171543059011
1206.0, 0.00010029233584706384
1207.0, 0.00040857716017181323
1208.0, 0.00025135913405196966
1209.0, 0.0003778179592872807
1210.0, 0.0003150655838324876
1211.0, 0.0001733723517777027
1212.0, 0.0002873085976039582
1213.0, 0.0005304069753012612
1214.0, 0.000271036033194551
1215.0, 0.0002956047054647873
1216.0, 0.0003661516632432854
1217.0, 0.00030190098199362706
1218.0, 0.00021510938695032823
1219.0, 3.8003730421079586e-05
1220.0, 0.0002654857618600341
1221.0, 0.000394946278440912
1222.0, 0.0004886216966541307
1223.0, 0.000671466876933045
1224.0, 0.00029499978669279
1225.0, 0.00032045727078857457
1226.0, 0.000189601925098184
1227.0, 0.00022554418823624313
1228.0, 0.0004604121788195851
1229.0, 0.0005152944284068265
1230.0, 0.00015422777149941982
1231.0, 0.0005323116393814663
1232.0, 0.0003982673039415039
1233.0, 0.0001877750787514419
1234.0, 0.00038025400177777564
1235.0, 7.721501367978652e-05
1236.0, 0.00038024720762108575
1237.0, 0.00038109350855074003
1238.0, 0.00020805185985498225
1239.0, 5.261417950082827e-05
1240.0, 7.84769794809632e-05
1241.0, 0.00028741692107196314
1242.0, 9.690133115998538e-05
1243.0, 6.258928573598593e-05
1244.0, 0.0002498424201309581
1245.0, 0.000523514023793186
1246.0, 0.0006036751353586554
1247.0, 0.00012118594109758712
1248.0, 0.0006205147523680665
1249.0, 0.0006018629747492304
1250.0, 0.0002141473544052401
1251.0, 0.0002175067687475888
1252.0, 0.0006783386970271898
1253.0, 0.0002112251252505589
1254.0, 0.0004425952183659137
1255.0, 0.0005653327072046132
1256.0, 0.0004691926743394517
1257.0, 0.0007076692903415617
1258.0, 0.0001365000492318576
1259.0, 0.00027490282593177717
1260.0, 0.0004934050054022514
1261.0, 0.0004243885122811405
1262.0, 0.0001345526862581481
1263.0, 0.00028371321197936494
1264.0, 0.00034505385946129977
1265.0, 0.0003742916460161267
1266.0, 0.00032607607308928697
1267.0, 0.00027917903026862924
1268.0, 0.0003115467165526885
1269.0, 0.00031607295375675194
1270.0, 0.0007357346813097889
1271.0, 0.0005192430055204486
1272.0, 0.00041178092034539315
1273.0, 0.0005125293535499748
1274.0, 0.0003822707576121533
1275.0, 0.00026722975929815214
1276.0, 0.00045279544260865814
1277.0, 0.0002629311794539625
1278.0, 0.0001691904330639709
1279.0, 0.0004263047072443904
1280.0, 0.0007192323318209124
1281.0, 0.0007051120294353417
1282.0, 0.0007050422690117905
1283.0, 0.0005809195679415079
1284.0, 0.00046443726561310714
1285.0, 0.00043584077504323825
1286.0, 0.00028588451817393256
1287.0, 0.0004893932885990165
1288.0, 0.0004024538449079014
1289.0, 0.0004593281414157215
1290.0, 0.0004531738158847314
1291.0, 0.00010063457037926964
1292.0, 1.402958414877581e-05
1293.0, 7.88762833798481e-06
1294.0, 0.00040055879636580644
1295.0, 0.0004978813567114361
1296.0, 0.00030403411344020955
1297.0, 0.00028037098999240213
1298.0, 6.199188673099521e-05
1299.0, 5.7120898181234305e-05
1300.0, 0.0005842986094177562
1301.0, 0.0009820196570014823
1302.0, 0.0009783840696108608
1303.0, 0.0008502309366460367
1304.0, 0.00039264155863615556
1305.0, 0.0005691900299244126
1306.0, 0.0007850857903394222
1307.0, 0.0009181501846110441
1308.0, 0.000910557122751812
1309.0, 0.0006872583620241169
1310.0, 0.0007893160987664126
1311.0, 0.0009481072693180722
1312.0, 0.0007860369334034269
1313.0, 0.0006737783152352937
1314.0, 0.0007457928989479929
1315.0, 0.0003022764834425123
1316.0, 0.0010997639279898747
1317.0, 0.0009643682337450179
1318.0, 0.0008512934333688901
1319.0, 0.0009882483539597792
1320.0, 0.0012127146532420082
1321.0, 0.0012456627279985868
1322.0, 0.0013964662003041113
1323.0, 0.0006288321808736965
1324.0, 0.0007192263237709907
1325.0, 0.001085625067281418
1326.0, 0.0007759251318360562
1327.0, 0.0014883133038238472
1328.0, 0.0006018115175652356
1329.0, 0.0006646478106288685
1330.0, 0.0009223730875766713
1331.0, 0.0009432113739634283
1332.0, 0.0008075598633628643
1333.0, 0.0012572705426317089
1334.0, 0.000837130281868985
1335.0, 0.000915022717840307
1336.0, 0.0012215355048475326
1337.0, 0.001265717478272083
1338.0, 0.000912466448114529
1339.0, 0.0016292479901930583
1340.0, 0.0008588703619097828
1341.0, 0.0010665261783752461
1342.0, 0.0012981493331577147
1343.0, 0.0012931140564016092
1344.0, 0.0013269658843280525
1345.0, 0.0007257333574740241
1346.0, 0.0009635074540288038
1347.0, 0.0011883931728986787
1348.0, 0.001396184265133669
1349.0, 0.0015282926693792308
1350.0, 0.0015037165817649984
1351.0, 0.0015670704336884118
1352.0, 0.0012660078760634613
1353.0, 0.0014365705126937749
1354.0, 0.0015601433956832968
1355.0, 0.0016071058854864883
1356.0, 0.001891683911143837
1357.0, 0.002058991460761526
1358.0, 0.002084978721191345
1359.0, 0.0023044370181869436
1360.0, 0.0021734029311049194
1361.0, 0.0018054326289279035
1362.0, 0.0017363093777205273
1363.0, 0.0019065386584437047
1364.0, 0.0016693996103196462
1365.0, 0.0015263018484228217
1366.0, 0.0012917795540522228
1367.0, 0.0010572515269301858
1368.0, 0.001051905601169982
1369.0, 0.0011375615500593126
1370.0, 0.0011003027038281343
1371.0, 0.0013510122953415598
1372.0, 0.0018639922837598833
1373.0, 0.0022769243171465664
1374.0, 0.002284222570806426
1375.0, 0.0023393661184108795
1376.0, 0.0023528998444635432
1377.0, 0.002086411306056708
1378.0, 0.0018813934053718497
1379.0, 0.001648453599210875
1380.0, 0.001318790344015384
1381.0, 0.0015689594626732057
1382.0, 0.0014641739733510083
1383.0, 0.0017989323628580267
1384.0, 0.0018046748671023405
1385.0, 0.0014844901314968449
1386.0, 0.0012580783284259587
1387.0, 0.0015126129454633085
1388.0, 0.0016773611505601098
1389.0, 0.0018588050969481824
1390.0, 0.0015436172468145392
1391.0, 0.001217711873939566
1392.0, 0.0012131539660883409
1393.0, 0.000980004440652843
1394.0, 0.0014528534079786865
1395.0, 0.0018102445958090162
1396.0, 0.001718945953921152
1397.0, 0.0015254762299094847
1398.0, 0.0016063256740314164
1399.0, 0.001953884170460817
1400.0, 0.001329833654076469
1401.0, 0.001669932582294372
1402.0, 0.001343045306292383
1403.0, 0.001102305670365712
1404.0, 0.0012489279728945537
1405.0, 0.0012068537391471484
1406.0, 0.0011482993850041754
1407.0, 0.001153109882134966
1408.0, 0.001085567201516806
1409.0, 0.0010443690155622274
1410.0, 0.0010175160118580584
1411.0, 0.0009331876649264655
1412.0, 0.0009047545520611387
1413.0, 0.0008570379919646885
1414.0, 0.000832671863494933
1415.0, 0.0008807359336816528
1416.0, 0.0009485735197155077
1417.0, 0.0010231651002128104
1418.0, 0.0013067280978865895
1419.0, 0.001383525862451264
1420.0, 0.0014342931615789307
1421.0, 0.0015172330257718005
1422.0, 0.0015127806071290266
1423.0, 0.0013871916516449605
1424.0, 0.0013177237133368712
1425.0, 0.0011017992501923784
1426.0, 0.0010746731278502115
1427.0, 0.0008807434624455622
1428.0, 0.0009484442507211052
1429.0, 0.001161335717155803
1430.0, 0.0008658212151214632
1431.0, 0.0006311255860531963
1432.0, 0.001019205845102825
1433.0, 0.0012288653653621993
1434.0, 0.0013942972099642837
1435.0, 0.0015286559740743842
1436.0, 0.0015086310050457055
1437.0, 0.0012739275019767933
1438.0, 0.0013800626041351699
1439.0, 0.001573652159657989
1440.0, 0.0015238370962075837
1441.0, 0.0014352822166827015
1442.0, 0.001615050844198976
1443.0, 0.002033263128338657
1444.0, 0.0012804697001118602
1445.0, 0.00114021876211709
1446.0, 0.0008023738947978557
1447.0, 0.0007686914284084046
1448.0, 0.0010206854917721691
1449.0, 0.0010109892850021123
1450.0, 0.001882512367773557
1451.0, 0.0014117811362568224
1452.0, 0.001406402222413741
1453.0, 0.0017236574047287967
1454.0, 0.0016207436191333986
1455.0, 0.0008929293313227568
1456.0, 0.001124922758377525
1457.0, 0.0013055824468438295
1458.0, 0.0014864825055020258
1459.0, 0.001456287098203885
1460.0, 0.0013480599312528493
1461.0, 0.0014339223676390694
1462.0, 0.0018191876287761248
1463.0, 0.001290925348623297
1464.0, 0.0014487624008226677
1465.0, 0.0011462003076967917
1466.0, 0.0011237291160897467
1467.0, 0.0011792061280338404
1468.0, 0.0006635930150139468
1469.0, 0.0002915495196261955
1470.0, 0.0007440838574692534
1471.0, 0.000503354472220564
1472.0, 0.0004883033471734637
1473.0, 0.0005521267305869347
1474.0, 0.0005051604455208245
1475.0, 0.0006956474910663241
1476.0, 0.0009656956171118787
1477.0, 0.0006750327024268141
1478.0, 0.00029642268747096813
1479.0, 0.00012587531171011162
1480.0, 0.00042817315839343173
1481.0, 0.0011002693907190058
1482.0, 0.0010765566401063872
1483.0, 0.0005702665430257797
1484.0, 0.0004559718397072517
1485.0, 0.0003120250862385337
1486.0, 0.0003490797154173806
1487.0, 0.0006010530271829138
1488.0, 0.0006226586325460471
1489.0, 0.0007391006217354
1490.0, 0.0010932663537946462
1491.0, 0.0012291554560364072
1492.0, 0.001276894263262636
1493.0, 0.0011234313777543003
1494.0, 0.0008498934463407593
1495.0, 0.0014576589442677524
1496.0, 0.001193769812195413
1497.0, 0.0013376118741607972
1498.0, 0.0009312141308298254
1499.0, 0.0005077521767166037
1500.0, 0.0005396963896346937
1501.0, 0.0008145435174716523
1502.0, 0.0008308038580317148
1503.0, 0.0003843783122345212
1504.0, 0.0009005969432187795
1505.0, 0.000861944065634147
1506.0, 0.00037830808194131446
1507.0, 0.0003588977659768178
1508.0, 0.0010822768475921146
1509.0, 0.0004360449221022064
1510.0, 0.0006044658628518752
1511.0, 0.0004136812224409623
1512.0, 0.00048050986634261343
1513.0, 0.0009052845923838705
1514.0, 0.0011498906514794567
1515.0, 0.0009238443652518704
1516.0, 0.001184796112406187
1517.0, 0.000813965909348094
1518.0, 0.0007577226814597398
1519.0, 0.0006719136295083344
1520.0, 0.0003084668113673805
1521.0, 9.088483660784247e-05
1522.0, 0.000528262770002189
1523.0, 0.00018482085766517877
1524.0, 0.00011133394722736001
1525.0, 5.787415323972409e-05
1526, 0.0
1527, 0.0
1528, 0.0
1529, 0.0
1530, 0.0
1531, 0.0
1532, 0.0
1533, 0.0
1534, 0.0
1535, 0.0
1536, 0.0
1537, 0.0
1538, 0.0
1539, 0.0
1540, 0.0
1541, 0.0
1542, 0.0
1543, 0.0
1544, 0.0
1545, 0.0
1546, 0.0
1547, 0.0
1548, 0.0
1549, 0.0
1550, 0.0
1551, 0.0
1552, 0.0
1553, 0.0
1554, 0.0
1555, 0.0
1556, 0.0
1557, 0.0
1558, 0.0
1559, 0.0
1560, 0.0
1561, 0.0
1562, 0.0
1563, 0.0
1564, 0.0
1565, 0.0
1566, 0.0
1567, 0.0
1568, 0.0
1569, 0.0
1570, 0.0
1571, 0.0
1572, 0.0
1573, 0.0
1574, 0.0
1575, 0.0
1576, 0.0
1577, 0.0
1578, 0.0
1579, 0.0
1580, 0.0
1581, 0.0
1582, 0.0
1583, 0.0
1584, 0.0
1585, 0.0
1586, 0.0
1587, 0.0
1588, 0.0
1589, 0.0
1590, 0.0
1591, 0.0
1592, 0.0
1593, 0.0
1594, 0.0
1595, 0.0
1596, 0.0
1597, 0.0
1598, 0.0
1599, 0.0
