30, 0.0
31, 0.0
32, 0.0
33, 0.0
34, 0.0
35, 0.0
36, 0.0
37, 0.0
38, 0.0
39, 0.0
40, 0.0
41, 0.0
42, 0.0
43, 0.0
44, 0.0
45, 0.0
46, 0.0
47, 0.0
48, 0.0
49, 0.0
50, 0.0
51, 0.0
52, 0.0
53, 0.0
54, 0.0
55, 0.0
56, 0.0
57, 0.0
58, 0.0
59, 0.0
60, 0.0
61, 0.0
62, 0.0
63, 0.0
64, 0.0
65, 0.0
66, 0.0
67, 0.0
68, 0.0
69, 0.0
70, 0.0
71, 0.0
72, 0.0
73, 0.0
74, 0.0
75, 0.0
76, 0.0
77, 0.0
78, 0.0
79, 0.0
80, 0.0
81, 0.0
82, 0.0
83, 0.0
84, 0.0
85, 0.0
86, 0.0
87, 0.0
88, 0.0
89, 0.0
90, 0.0
91, 0.0
92, 0.0
93, 0.0
94, 0.0
95, 0.0
96, 0.0
97, 0.0
98, 0.0
99, 0.0
100, 0.0
101, 0.0
102, 0.0
103, 0.0
104, 0.0
105, 0.0
106, 0.0
107, 0.0
108, 0.0
109, 0.0
110, 0.0
111, 0.0
112, 0.0
113, 0.0
114, 0.0
115, 0.0
116, 0.0
117, 0.0
118, 0.0
119, 0.0
120, 0.0
121, 0.0
122, 0.0
123, 0.0
124, 0.0
125, 0.0
126, 0.0
127, 0.0
128, 0.0
129, 0.0
130, 0.0
131, 0.0
132, 0.0
133, 0.0
134, 0.0
135, 0.0
136, 0.0
137, 0.0
138, 0.0
139, 0.0
140, 0.0
141, 0.0
142, 0.0
143, 0.0
144, 0.0
145, 0.0
146, 0.0
147, 0.0
148, 0.0
149, 0.0
150, 0.0
151, 0.0
152, 0.0
153, 0.0
154, 0.0
155.0, 0.0006586739863614284
156.0, 0.0036650964321743983
157.0, 0.009162536337948333
158.0, 0.017900020619471213
159.0, 0.04576401291671361
160.0, 0.07418711379083646
161.0, 0.09787335542263366
162.0, 0.11603675114119466
163.0, 0.14121371879527708
164.0, 0.1682814761744216
165.0, 0.19261544465071206
166.0, 0.2054273489205806
167.0, 0.20357181004997926
168.0, 0.18544181430083784
169.0, 0.14337239065787943
170.0, 0.09533472495135079
171.0, 0.05436939777011269
172.0, 0.025613524534670598
173.0, 0.011120916656460636
174.0, 0.004771085028843019
175.0, 0.0025819343293336685
176.0, 0.0009161900647717757
177.0, 0.005866166188755647
178.0, 0.013913752547514587
179.0, 0.025589719180072943
180.0, 0.044583604412098625
181.0, 0.05727522416310485
182.0, 0.07145229535354798
183.0, 0.08985631733929289
184.0, 0.10750399076482765
185.0, 0.1167866133658207
186.0, 0.11176629360119028
187.0, 0.08267066972246118
188.0, 0.09507978900209467
189.0, 0.1066334331120158
190.0, 0.12047981722771453
191.0, 0.16141422538901246
192.0, 0.20635999489107665
193.0, 0.2531823834237206
194.0, 0.3019894225136321
195.0, 0.3643665610534692
196.0, 0.40450967198167226
197.0, 0.43239398981785454
198.0, 0.45598182866238035
199.0, 0.42514612737729673
200.0, 0.3998128760167288
201.0, 0.37574393608139456
202.0, 0.32793859167010697
203.0, 0.2966459057353157
204.0, 0.27254976481147547
205.0, 0.25341475593547574
206.0, 0.24073300826727154
207.0, 0.2414040439105318
208.0, 0.24178866480927091
209.0, 0.23077540114706335
210.0, 0.25358081203279437
211.0, 0.2708473558970351
212.0, 0.2858001644456883
213.0, 0.30836663014978144
214.0, 0.32398649141909636
215.0, 0.3345187172442168
216.0, 0.3397053605848594
217.0, 0.33574149175374735
218.0, 0.33044014852092535
219.0, 0.3183065171958155
220.0, 0.2956609774942225
221.0, 0.2713911923041048
222.0, 0.24582536887388415
223.0, 0.21762445139913172
224.0, 0.18429612847186433
225.0, 0.14991908334550866
226.0, 0.12573588635432206
227.0, 0.1092488510880027
228.0, 0.08646779939269748
229.0, 0.07348249325508023
230.0, 0.06240269601950618
231.0, 0.050594091628170176
232.0, 0.03887102745622863
233.0, 0.03504728379081691
234.0, 0.031029762889399674
235.0, 0.019646766193570368
236.0, 0.020320130078399702
237.0, 0.01650979363318119
238.0, 0.010020055233657323
239.0, 0.005698206786228898
240.0, 0.005300569477401357
241.0, 0.00532410499844441
242.0, 0.00479342970982369
243.0, 0.0019018556399579192
244.0, 0.00303386734835579
245.0, 0.003642481723295789
246.0, 0.0018009753846493903
247.0, 0.003144239849598926
248.0, 0.005952232591188094
249.0, 0.00756433596509436
250.0, 0.004910626760342397
251.0, 0.00919773444498918
252.0, 0.007323183148785199
253.0, 0.0020751035553038615
254.0, 0.0018595841496331336
255.0, 0.0019177533092089472
256.0, 0.004782488145205001
257.0, 0.009565507184980945
258.0, 0.007652987666031447
259.0, 0.007077733034871828
260.0, 0.00593272554317592
261.0, 0.0033469072023720628
262.0, 0.0017210235608285632
263.0, 0.0033083139044310507
264.0, 0.007960029027829975
265.0, 0.01594213799563883
266.0, 0.024958507956161526
267.0, 0.02625759063035551
268.0, 0.02305415478747589
269.0, 0.022982679647625754
270.0, 0.01774846675293807
271.0, 0.013616717764044297
272.0, 0.011616182519481396
273.0, 0.011206062555845702
274.0, 0.013602770866832552
275.0, 0.02147215664472847
276.0, 0.03538950657341096
277.0, 0.04392020379746181
278.0, 0.05122510079365932
279.0, 0.06049880339295683
280.0, 0.07456159073276189
281.0, 0.08134381167008851
282.0, 0.09058501222411672
283.0, 0.09973764338265154
284.0, 0.10428252326800658
285.0, 0.11238534180011651
286.0, 0.11876589078700593
287.0, 0.12565475978735924
288.0, 0.14226579109562748
289.0, 0.15336420528754638
290.0, 0.16552544398237343
291.0, 0.18091638440834512
292.0, 0.20226412930350832
293.0, 0.21379007823488
294.0, 0.2277076068681966
295.0, 0.249144158314703
296.0, 0.24851895101557603
297.0, 0.25510460110539274
298.0, 0.26169411721729297
299.0, 0.26137223703681256
300.0, 0.24806457386855177
301.0, 0.2415905870373172
302.0, 0.2356352676247667
303.0, 0.21797370526824153
304.0, 0.21935618575635998
305.0, 0.21468941358976684
306.0, 0.2068507104660978
307.0, 0.21456831122153933
308.0, 0.22383904320219625
309.0, 0.22975796164655887
310.0, 0.23334320243964807
311.0, 0.2487947774813056
312.0, 0.25677958192814293
313.0, 0.26364628442521315
314.0, 0.27200985415641027
315.0, 0.27856804240243277
316.0, 0.2709310995443053
317.0, 0.2628808480826888
318.0, 0.26504910722122976
319.0, 0.24069141297987495
320.0, 0.2264429649155284
321.0, 0.21443519175332998
322.0, 0.19416357585950655
323.0, 0.18201831900060014
324.0, 0.17562170066103813
325.0, 0.1720359754381414
326.0, 0.16548807641624716
327.0, 0.16892042717207525
328.0, 0.17047584948691014
329.0, 0.17182627072571569
330.0, 0.18596502409780405
331.0, 0.20366158439021909
332.0, 0.21511234338814061
333.0, 0.2223348782430011
334.0, 0.25629540441325194
335.0, 0.28364078482446975
336.0, 0.31619444763229343
337.0, 0.3580244868789808
338.0, 0.38854677656625136
339.0, 0.4294996182070415
340.0, 0.477310421488156
341.0, 0.5294010982254941
342.0, 0.5517181527396432
343.0, 0.5808443811175695
344.0, 0.5964639425377289
345.0, 0.5752525712054023
346.0, 0.5731052688809543
347.0, 0.5652783673345041
348.0, 0.5454825153581044
349.0, 0.5036962782969806
350.0, 0.4853250620181308
351.0, 0.4602450782724238
352.0, 0.4295284657571478
353.0, 0.4024401314442579
354.0, 0.3691714606762393
355.0, 0.34012956254826354
356.0, 0.3175166666180661
357.0, 0.3031686417551219
358.0, 0.27937693562614635
359.0, 0.26367886479806396
360.0, 0.25838999752152436
361.0, 0.2503498836295191
362.0, 0.25327429985778327
363.0, 0.25672587433254235
364.0, 0.25783777116045614
365.0, 0.26642264684706524
366.0, 0.2857666975309592
367.0, 0.29709576404539756
368.0, 0.29205796734236456
369.0, 0.30666928457657533
370.0, 0.31683261410542396
371.0, 0.3190135025862896
372.0, 0.31058695435919204
373.0, 0.3135332628299449
374.0, 0.3038459680685134
375.0, 0.2925655393985538
376.0, 0.29069737109952476
377.0, 0.2801982912727556
378.0, 0.2830583474968099
379.0, 0.28886862167688926
380.0, 0.2832908983993907
381.0, 0.2872363875171758
382.0, 0.303466534898401
383.0, 0.3227140399213691
384.0, 0.3287414753075959
385.0, 0.34718671132845214
386.0, 0.3632447310219631
387.0, 0.3774223258502802
388.0, 0.39397845369556717
389.0, 0.39831770404127287
390.0, 0.3979897956164614
391.0, 0.39431892287342196
392.0, 0.3877291952842114
393.0, 0.35976507612004094
394.0, 0.3375031386330681
395.0, 0.3213237942398668
396.0, 0.29398455967111475
397.0, 0.25618975301192287
398.0, 0.2260394779039955
399.0, 0.2035751465305628
400.0, 0.1684993589684056
401.0, 0.1557385949011148
402.0, 0.13911818076565124
403.0, 0.11311846708072751
404.0, 0.0927227149680401
405.0, 0.08815229230518368
406.0, 0.08003555074877204
407.0, 0.06412571081378626
408.0, 0.06254039562751987
409.0, 0.05542098424463695
410.0, 0.048406888979001195
411.0, 0.04401923027982259
412.0, 0.04239815890423115
413.0, 0.043797676503261995
414.0, 0.04235790033346907
415.0, 0.03569319595976206
416.0, 0.03228687492331657
417.0, 0.027391615725288365
418.0, 0.02406931770259337
419.0, 0.02356490760614375
420.0, 0.016494384722708717
421.0, 0.01686673971244725
422.0, 0.016950785129338265
423.0, 0.011985223319487051
424.0, 0.009180842855981902
425.0, 0.009015414485200697
426.0, 0.007168051192899469
427.0, 0.000997399228711295
428.0, 0.006627461065591754
429.0, 0.005148477782830882
430.0, 0.0017373581437239217
431.0, 0.00047855482206952927
432.0, 0.001682278427712962
433.0, 0.0010618345558908106
434.0, 0.0004348495236912678
435.0, 0.0013172082371895749
436.0, 0.001197201129844544
437.0, 0.0020955747760656542
438.0, 0.0025932248737141426
439.0, 0.0014242767087447592
440.0, 0.0015180772040996598
441.0, 0.0018104084442503025
442.0, 0.0028083932227823353
443.0, 0.004982868277228309
444.0, 0.005783088951992083
445.0, 0.006643185131272983
446.0, 0.006389945112081957
447.0, 0.0039087820712892
448.0, 0.008129530348542928
449.0, 0.007101701027042325
450.0, 0.0049265239839795276
451.0, 0.0056160176993333265
452.0, 0.0063779384437202165
453.0, 0.008582469095816734
454.0, 0.009852849683145495
455.0, 0.007904874707431522
456.0, 0.011850886109264004
457.0, 0.010897394316499855
458.0, 0.009856826018758133
459.0, 0.013327289594499213
460.0, 0.01933611435167404
461.0, 0.0199887401249828
462.0, 0.020292239632895438
463.0, 0.024788390763570336
464.0, 0.02438609638657929
465.0, 0.020579026984895044
466.0, 0.018573501363440433
467.0, 0.02277503892287537
468.0, 0.021782020148809644
469.0, 0.02078934977085718
470.0, 0.018443387093045566
471.0, 0.013749565870068203
472.0, 0.011807797936157825
473.0, 0.014059555342601551
474.0, 0.016208807998891454
475.0, 0.01541731483657415
476.0, 0.02328254962983645
477.0, 0.020708922439084444
478.0, 0.01772217174838968
479.0, 0.02079470574271306
480.0, 0.019081900098104725
481.0, 0.024041428788841548
482.0, 0.028471392131785726
483.0, 0.02797379609877315
484.0, 0.02515233770935677
485.0, 0.028296765937858483
486.0, 0.036657605542762026
487.0, 0.04819099184993055
488.0, 0.045295960929066174
489.0, 0.059453632243698186
490.0, 0.06889414526445227
491.0, 0.06694742484180927
492.0, 0.08667940040777927
493.0, 0.10451095613293368
494.0, 0.11966680681100512
495.0, 0.13436874779962626
496.0, 0.16518413693817985
497.0, 0.1972600030148294
498.0, 0.23576177443737314
499.0, 0.2747269191934567
500.0, 0.27412224793382234
501.0, 0.2822501537950511
502.0, 0.2863502207269298
503.0, 0.27970231891289987
504.0, 0.2501532218019221
505.0, 0.22676935819955402
506.0, 0.20193442430896247
507.0, 0.17723776813004288
508.0, 0.16374866293774976
509.0, 0.14699535686470813
510.0, 0.1317424874854364
511.0, 0.1213914502708531
512.0, 0.12257466457260216
513.0, 0.11008165580461139
514.0, 0.10618199149614956
515.0, 0.1085454891183897
516.0, 0.10635036921371382
517.0, 0.10042047603143506
518.0, 0.1005625385111788
519.0, 0.10429852403622943
520.0, 0.10626088560672217
521.0, 0.11137780838384578
522.0, 0.11461569150277856
523.0, 0.11935687554592957
524.0, 0.13011599201195534
525.0, 0.13999912345018461
526.0, 0.14944612327033152
527.0, 0.1611749395069494
528.0, 0.17772191124743403
529.0, 0.19688705310083462
530.0, 0.20999609652567944
531.0, 0.2243267139837443
532.0, 0.24421240990897497
533.0, 0.2536897701384265
534.0, 0.2700315197283756
535.0, 0.28587159063738016
536.0, 0.29960785668416556
537.0, 0.3316398151898903
538.0, 0.3783216493309206
539.0, 0.4223746791693158
540.0, 0.4633400322476181
541.0, 0.5353514856760424
542.0, 0.6022228448335422
543.0, 0.6655622584188631
544.0, 0.7246039096021996
545.0, 0.775025625940448
546.0, 0.8073655195350679
547.0, 0.831066836180112
548.0, 0.8389000355443155
549.0, 0.8084372360495835
550.0, 0.7919061733312539
551.0, 0.773013535080318
552.0, 0.7462005367452055
553.0, 0.7051853935460001
554.0, 0.7166345692275968
555.0, 0.704443659770794
556.0, 0.6921182216607815
557.0, 0.7118209460821585
558.0, 0.7161439605277363
559.0, 0.7276466836731077
560.0, 0.7507995105915503
561.0, 0.7860337968302131
562.0, 0.779775547838726
563.0, 0.7901653418473984
564.0, 0.7956910573355968
565.0, 0.7838964500312998
566.0, 0.7524850053244105
567.0, 0.7408157794580483
568.0, 0.7214732438309946
569.0, 0.6876079775302112
570.0, 0.6539472999618862
571.0, 0.6238699176466906
572.0, 0.5865993610475264
573.0, 0.5466866937050436
574.0, 0.5231938024354991
575.0, 0.49663603008078877
576.0, 0.4762918697358677
577.0, 0.4544447893981142
578.0, 0.4158968358072439
579.0, 0.42046914161731375
580.0, 0.403610817387095
581.0, 0.3735395760605847
582.0, 0.34350728346165316
583.0, 0.3354146216307008
584.0, 0.3163716563922552
585.0, 0.29510962654388057
586.0, 0.278012308924098
587.0, 0.2657056937137575
588.0, 0.24825921039683704
589.0, 0.23189764722069472
590.0, 0.21879081601228612
591.0, 0.20591632825202502
592.0, 0.19126829484547633
593.0, 0.17680021254877573
594.0, 0.16285544727907952
595.0, 0.14896242703752552
596.0, 0.1422936788749211
597.0, 0.13128737631374932
598.0, 0.11910019306752494
599.0, 0.11360410325997591
600.0, 0.10345460834639683
601.0, 0.08914900562488257
602.0, 0.07582327898939585
603.0, 0.0685093768843693
604.0, 0.06262892768436157
605.0, 0.05281930548679542
606.0, 0.04665342658717877
607.0, 0.04647613837456395
608.0, 0.034360187751725446
609.0, 0.028994689124916415
610.0, 0.024740192208883224
611.0, 0.02109320894505823
612.0, 0.023486836244628807
613.0, 0.01688172792721503
614.0, 0.013493887015058973
615.0, 0.013105543000097454
616.0, 0.010834200978157139
617.0, 0.004402664404914295
618.0, 0.007061215077219345
619.0, 0.012440748828302031
620.0, 0.012282436801537226
621.0, 0.008141781844942195
622.0, 0.005211722590170253
623.0, 0.0027848277114443628
624.0, 0.0005852648102040352
625.0, 0.0002957362816043766
626.0, 0.001872525526105089
627.0, 0.0030730206834402997
628.0, 0.003120743478879341
629.0, 0.0021009823482459593
630.0, 0.003429200639460338
631.0, 0.0023852271683411264
632.0, 0.0006095433903562001
633.0, 0.0026103529513250116
634.0, 0.003312089214839668
635.0, 0.004270206051453208
636.0, 0.005523499006905086
637.0, 0.0069405327319178945
638.0, 0.006631092305727408
639.0, 0.005808713760729263
640.0, 0.0036964295678988696
641.0, 0.0005781397442780372
642.0, 0.0005207996071488986
643.0, 0.002215689645534339
644.0, 0.00560503652206822
645.0, 0.008223554591712015
646.0, 0.003621035223576176
647.0, 0.009730268924300577
648.0, 0.017104010194469183
649.0, 0.02074544707729257
650.0, 0.01562575528629879
651.0, 0.014425026876868361
652.0, 0.0160434923140954
653.0, 0.018673055412799542
654.0, 0.020537692533167215
655.0, 0.017913853815588337
656.0, 0.017411785865219107
657.0, 0.01972822211067851
658.0, 0.022789753342898674
659.0, 0.01908837776219019
660.0, 0.025437899190649857
661.0, 0.029111448084149383
662.0, 0.0291782075990104
663.0, 0.027127157669712233
664.0, 0.031189433856866778
665.0, 0.03292848807526053
666.0, 0.03423099137928383
667.0, 0.03672927767682306
668.0, 0.04054941163463351
669.0, 0.046006106520110154
670.0, 0.051877803548099385
671.0, 0.05709732258733471
672.0, 0.05959917023529893
673.0, 0.06659442673760745
674.0, 0.07661632640190538
675.0, 0.08826353110815095
676.0, 0.09966115338251193
677.0, 0.10635007610215089
678.0, 0.10981233835082352
679.0, 0.11242100457693778
680.0, 0.11599689714277862
681.0, 0.12024053438125788
682.0, 0.11239556190045424
683.0, 0.10449474517182743
684.0, 0.09763108584212742
685.0, 0.08247105933864436
686.0, 0.07270664959193883
687.0, 0.06586756648243922
688.0, 0.06027898572788397
689.0, 0.054062827745282455
690.0, 0.048006165086682144
691.0, 0.04223699692935764
692.0, 0.03699548840229006
693.0, 0.0328130021175788
694.0, 0.03217326438486466
695.0, 0.028275515626308114
696.0, 0.027113059903846257
697.0, 0.026647958029445053
698.0, 0.018337629806794466
699.0, 0.023298434011329146
700.0, 0.024549700189911455
701.0, 0.022292972675219444
702.0, 0.01856252987280194
703.0, 0.02053664014485078
704.0, 0.022819045156300993
705.0, 0.019944501610168506
706.0, 0.013177930072020663
707.0, 0.017447706619262687
708.0, 0.0180477530672185
709.0, 0.018446648262653572
710.0, 0.01861508716887142
711.0, 0.017604251047691533
712.0, 0.0130709321238731
713.0, 0.011102481649662488
714.0, 0.009915233527048145
715.0, 0.00841797555372603
716.0, 0.008370752744864977
717.0, 0.010711146407608804
718.0, 0.011175671433008362
719.0, 0.011017449507481536
720.0, 0.01584414470056847
721.0, 0.015383654074035979
722.0, 0.013575138054161507
723.0, 0.012845854011165302
724.0, 0.014683514014652281
725.0, 0.011743481376261262
726.0, 0.01110470521958183
727.0, 0.011812484277294488
728.0, 0.013259067354291566
729.0, 0.01477045891461482
730.0, 0.012103992625624047
731.0, 0.01191614923059558
732.0, 0.012392725334281884
733.0, 0.010518827816866062
734.0, 0.014170791849315951
735.0, 0.014083457097804838
736.0, 0.013098217281028151
737.0, 0.012890268011379916
738.0, 0.014137882237244662
739.0, 0.029393999577601554
740.0, 0.03724164427139345
741.0, 0.036216461448835176
742.0, 0.030141934316143384
743.0, 0.013566762762082768
744.0, 0.009684629136007036
745.0, 0.013417766669252236
746.0, 0.01989984455693976
747.0, 0.021959091201272866
748.0, 0.01640511865810464
749.0, 0.01655705480459764
750.0, 0.019505921919985823
751.0, 0.015424529190181559
752.0, 0.01657819469519992
753.0, 0.015283033859867953
754.0, 0.01978854470714666
755.0, 0.03223276077271582
756.0, 0.0319173267476908
757.0, 0.041107376637061474
758.0, 0.05053262694759284
759.0, 0.05660081340007403
760.0, 0.056949420896635655
761.0, 0.056708071375390155
762.0, 0.051264880912946294
763.0, 0.04040976448471812
764.0, 0.02595074506184862
765.0, 0.018111430872574583
766.0, 0.016598929584185438
767.0, 0.014763358011443935
768.0, 0.011632128403496669
769.0, 0.008408963217308295
770.0, 0.003105662535750354
771.0, 0.020273865987527482
772.0, 0.029603487397922172
773.0, 0.017059971121440917
774.0, 0.025516258305543358
775.0, 0.010818521746962396
776.0, 0.0014122093468509891
777.0, 0.0012529285579299116
778.0, 0.005746871106010704
779.0, 0.0043351130422440935
780.0, 0.003681147291094291
781.0, 0.007121723784817478
782.0, 0.013208821819141662
783.0, 0.005054296821064656
784.0, 0.006560246523945592
785.0, 0.007463968217856905
786.0, 0.008774120611953045
787.0, 0.014537054168422377
788.0, 0.006673446743154751
789.0, 0.00999197194514334
790.0, 0.012024282970682554
791.0, 0.008762859727767905
792.0, 0.011507754848725097
793.0, 0.011296121086692677
794.0, 0.01016896608272711
795.0, 0.009317458214336202
796.0, 0.009581524048106523
797.0, 0.006098578755109104
798.0, 0.006328111458658328
799.0, 0.009703925065725507
800.0, 0.012832326690826361
801.0, 0.006684474239285067
802.0, 0.008261749698200059
803.0, 0.007610277770000196
804.0, 0.006386319910495727
805.0, 0.006836838249215348
806.0, 0.006521679146367142
807.0, 0.003617638441206842
808.0, 0.0029824179919448256
809.0, 0.004260811084300244
810.0, 0.003471179539891333
811.0, 0.00163262041575474
812.0, 0.0007995708363823398
813.0, 0.002426362132462727
814.0, 0.00608883114504784
815.0, 0.0046201548648487495
816.0, 0.008086464161688314
817.0, 0.012668107137446366
818.0, 0.015317711205523577
819.0, 0.01336425665277613
820.0, 0.025173735689388486
821.0, 0.02898574614840935
822.0, 0.030457375627004762
823.0, 0.032893677876189194
824.0, 0.037686212294152255
825.0, 0.03872589640920717
826.0, 0.042908730942808386
827.0, 0.047303024643814015
828.0, 0.049155253711737804
829.0, 0.05595726392221758
830.0, 0.06670849455691498
831.0, 0.07166227659438996
832.0, 0.07519721443548019
833.0, 0.09095614602504387
834.0, 0.09647657497788671
835.0, 0.10460218070583299
836.0, 0.11657136383619536
837.0, 0.13075792881101583
838.0, 0.13823554281233222
839.0, 0.15508226442021233
840.0, 0.17505316914780297
841.0, 0.1915519329890873
842.0, 0.20034450765018463
843.0, 0.22901103053798902
844.0, 0.2520883869145876
845.0, 0.2720131165346401
846.0, 0.29278847925088847
847.0, 0.3209568526993203
848.0, 0.33910177816376597
849.0, 0.36013351849233616
850.0, 0.38255643340450823
851.0, 0.40510071981367424
852.0, 0.42805235541065934
853.0, 0.4547578687042327
854.0, 0.4659049043200322
855.0, 0.47952590538246304
856.0, 0.5162273718648693
857.0, 0.5263762392283227
858.0, 0.5406174924028414
859.0, 0.5609598310521046
860.0, 0.5824623819833459
861.0, 0.5938034368371067
862.0, 0.6175240396855148
863.0, 0.6354957808838452
864.0, 0.6436487338477104
865.0, 0.649538099540894
866.0, 0.6902629758024017
867.0, 0.6781717364767494
868.0, 0.6759908248779388
869.0, 0.6816450225667026
870.0, 0.6818171045259733
871.0, 0.6537037215043833
872.0, 0.6414407536120889
873.0, 0.6215395258777502
874.0, 0.5889759445773286
875.0, 0.547463120906128
876.0, 0.5229462750307239
877.0, 0.4784151336816563
878.0, 0.4433116217198171
879.0, 0.42212127804831795
880.0, 0.3856754650506666
881.0, 0.3565592225155672
882.0, 0.3352084425683561
883.0, 0.3102579132212293
884.0, 0.27788711672340577
885.0, 0.2654962328365311
886.0, 0.24461493117798444
887.0, 0.22058341465366513
888.0, 0.2032690915496954
889.0, 0.20105090714339577
890.0, 0.189340585718076
891.0, 0.1778942859873733
892.0, 0.17345634384079675
893.0, 0.1692062438421433
894.0, 0.14911110569365268
895.0, 0.14321492282078868
896.0, 0.13104870089752932
897.0, 0.12232031659171666
898.0, 0.12045295844652035
899.0, 0.1204620649473319
900.0, 0.11635199268119104
901.0, 0.1090193096125191
902.0, 0.10442201084670666
903.0, 0.10405511667456518
904.0, 0.09353930054295329
905.0, 0.09208830422669012
906.0, 0.09035170168574193
907.0, 0.0899248687229818
908.0, 0.09291626190844815
909.0, 0.08873821872156906
910.0, 0.07975685853531575
911.0, 0.08199951302434573
912.0, 0.0868513263467373
913.0, 0.07598112051222602
914.0, 0.0818967135604266
915.0, 0.08556781071669702
916.0, 0.0800798048675676
917.0, 0.07095494692028143
918.0, 0.07572831348906972
919.0, 0.07792687439315506
920.0, 0.0788017727828098
921.0, 0.07831153372974091
922.0, 0.07747888108794208
923.0, 0.07940365264302865
924.0, 0.07722368505080282
925.0, 0.0785731932388684
926.0, 0.08077249594504186
927.0, 0.08170696117937637
928.0, 0.08336105840940648
929.0, 0.08749054936967213
930.0, 0.0904073255030671
931.0, 0.0944872967493225
932.0, 0.1008070528000449
933.0, 0.09701446657343707
934.0, 0.10408751586787339
935.0, 0.10993578439831743
936.0, 0.11336428878087891
937.0, 0.1167004258352662
938.0, 0.1251798410743361
939.0, 0.13103979562208287
940.0, 0.13929472315910396
941.0, 0.14873870954023238
942.0, 0.15556861596401894
943.0, 0.1738325779466436
944.0, 0.18925730566780158
945.0, 0.20472092921821847
946.0, 0.223524144694508
947.0, 0.24961267596244358
948.0, 0.2641022063271219
949.0, 0.2905158272594985
950.0, 0.323501190968767
951.0, 0.3522896725259818
952.0, 0.35801567670888246
953.0, 0.3845701651502973
954.0, 0.3967071257752025
955.0, 0.4019710030061903
956.0, 0.40555981700724514
957.0, 0.4062976407208497
958.0, 0.398480223141311
959.0, 0.40522780404438
960.0, 0.41512214929329083
961.0, 0.4190625507112663
962.0, 0.4183742910010797
963.0, 0.43437369766395295
964.0, 0.43601253527452505
965.0, 0.4356999579048611
966.0, 0.44550313281724185
967.0, 0.4616596428033662
968.0, 0.4555072068124286
969.0, 0.46044240204636105
970.0, 0.4778038491563168
971.0, 0.49908709840086657
972.0, 0.49630481536173054
973.0, 0.49703568561366485
974.0, 0.4804526678387885
975.0, 0.45277637797453657
976.0, 0.42405177074261696
977.0, 0.3915162411221758
978.0, 0.3439192089451032
979.0, 0.3142957592303266
980.0, 0.2904437284513416
981.0, 0.25536556454914333
982.0, 0.238485054544378
983.0, 0.2242731608307215
984.0, 0.20292201493681805
985.0, 0.18782581686623143
986.0, 0.19255471585401882
987.0, 0.17848987769128435
988.0, 0.1631406844105818
989.0, 0.15962246665398447
990.0, 0.1566326921663069
991.0, 0.13933669655826014
992.0, 0.13679166711713517
993.0, 0.14071190417196033
994.0, 0.13665125875508158
995.0, 0.13174290917470968
996.0, 0.13717561423859118
997.0, 0.12636687098176266
998.0, 0.1186827864439275
999.0, 0.12240873348639575
1000.0, 0.1271732442048062
1001.0, 0.11800387015778337
1002.0, 0.10789620874165735
1003.0, 0.11349621266689555
1004.0, 0.11547019810942741
1005.0, 0.11555355837192516
1006.0, 0.12118782233827398
1007.0, 0.11835016426112312
1008.0, 0.11956612073068983
1009.0, 0.123445190013598
1010.0, 0.12582123760548306
1011.0, 0.12372462642093206
1012.0, 0.1340637799906477
1013.0, 0.13267441273717112
1014.0, 0.13479264061765103
1015.0, 0.1408662306634555
1016.0, 0.14609043434239632
1017.0, 0.14465183639011464
1018.0, 0.145673343273068
1019.0, 0.1521055183564482
1020.0, 0.1604986480271012
1021.0, 0.16678296497147055
1022.0, 0.17690758698989822
1023.0, 0.17465868810587815
1024.0, 0.17602151636572447
1025.0, 0.1832954160839041
1026.0, 0.19466776696770696
1027.0, 0.20689321994527982
1028.0, 0.21721703988895627
1029.0, 0.237621033874212
1030.0, 0.2580363516326432
1031.0, 0.27199035559425117
1032.0, 0.3101093657714705
1033.0, 0.3339198368476104
1034.0, 0.37157237704206597
1035.0, 0.4233302912858573
1036.0, 0.48088027060041344
1037.0, 0.5251261698768721
1038.0, 0.5997049499322171
1039.0, 0.6702835967492367
1040.0, 0.7496885414943014
1041.0, 0.8463229060851918
1042.0, 0.9430859428291225
1043.0, 0.9763001641406595
1044.0, 0.9933823166807771
1045.0, 0.9803809717094553
1046.0, 0.9241213220528972
1047.0, 0.8198713910394444
1048.0, 0.7239806204533116
1049.0, 0.6178455811102441
1050.0, 0.5309510425115308
1051.0, 0.4714074385304023
1052.0, 0.41546318719940384
1053.0, 0.3602115652498655
1054.0, 0.32964599226430297
1055.0, 0.30266235886237913
1056.0, 0.2731727683838862
1057.0, 0.25073842793982976
1058.0, 0.24618255554560736
1059.0, 0.2287247606621491
1060.0, 0.21291959047733172
1061.0, 0.2041832051093892
1062.0, 0.20052178369224324
1063.0, 0.18315936168069422
1064.0, 0.18190234922946313
1065.0, 0.1744138904996137
1066.0, 0.1644772374925367
1067.0, 0.1643912018799723
1068.0, 0.16203229075190348
1069.0, 0.15353014891083372
1070.0, 0.14930670067469623
1071.0, 0.14766592801772738
1072.0, 0.14374985273154034
1073.0, 0.13404359119701786
1074.0, 0.1477999151211117
1075.0, 0.1450051903516223
1076.0, 0.1398837425372867
1077.0, 0.14523106644794825
1078.0, 0.1473418793881148
1079.0, 0.13870761701611434
1080.0, 0.13775447784514355
1081.0, 0.14175957073745357
1082.0, 0.14402010694231274
1083.0, 0.13474506836930242
1084.0, 0.1337617803903993
1085.0, 0.12414693413566613
1086.0, 0.12194006966880697
1087.0, 0.12607980777903546
1088.0, 0.12056310784353588
1089.0, 0.11599258967286259
1090.0, 0.11668858167829722
1091.0, 0.11726419562694251
1092.0, 0.11483630626225236
1093.0, 0.10981376421075904
1094.0, 0.11806780559596729
1095.0, 0.11099819973252664
1096.0, 0.10461732711295167
1097.0, 0.10626526501825573
1098.0, 0.11470060925657527
1099.0, 0.10601007349286315
1100.0, 0.10328023829452382
1101.0, 0.09864506809191487
1102.0, 0.09483712528011334
1103.0, 0.09551105346211206
1104.0, 0.10351379796844429
1105.0, 0.09675995553524376
1106.0, 0.09925270846131247
1107.0, 0.1041311123497921
1108.0, 0.10304195737659877
1109.0, 0.08938526186338493
1110.0, 0.10033147133155988
1111.0, 0.09769667617658398
1112.0, 0.09508444731633009
1113.0, 0.09695354694023119
1114.0, 0.10142240535402623
1115.0, 0.09621749107218505
1116.0, 0.09669331333723044
1117.0, 0.09948553085496417
1118.0, 0.09740552679290544
1119.0, 0.08914582119293185
1120.0, 0.09301023061160806
1121.0, 0.09322816512143968
1122.0, 0.10043058239329544
1123.0, 0.1093257420696365
1124.0, 0.1146457866829377
1125.0, 0.11350575083625546
1126.0, 0.1120827251459259
1127.0, 0.10703407079237351
1128.0, 0.09876935732763184
1129.0, 0.09550595423108162
1130.0, 0.10549400693614223
1131.0, 0.09559902643571211
1132.0, 0.09417835541402733
1133.0, 0.09537581482868258
1134.0, 0.09633814186833495
1135.0, 0.0959883252232841
1136.0, 0.09638974648348278
1137.0, 0.08794088519111266
1138.0, 0.07979900579947029
1139.0, 0.08201280966924289
1140.0, 0.08895842079193918
1141.0, 0.0755802493232706
1142.0, 0.06851950204673302
1143.0, 0.0667526934818712
1144.0, 0.06074560833775516
1145.0, 0.05344932095917736
1146.0, 0.05174584795849809
1147.0, 0.037557263403094954
1148.0, 0.03514484720770607
1149.0, 0.030624165258904136
1150.0, 0.026234340364973463
1151.0, 0.02413866167103439
1152.0, 0.017507159589299687
1153.0, 0.013446024266349376
1154.0, 0.010003803600353104
1155.0, 0.007408739940852783
1156.0, 0.004696047077538283
1157.0, 0.0001581096745338019
1158.0, 0.00030406650843476003
1159.0, 0.0010565942828465215
1160.0, 0.003348096176414973
1161.0, 0.005118407992220698
1162.0, 0.0043196426254774175
1163.0, 0.0033760219879791125
1164.0, 0.005272365817760991
1165.0, 0.002672452650252033
1166.0, 0.0028024501093321464
1167.0, 0.006764397502078944
1168.0, 0.004942109068294128
1169.0, 0.002377120287888613
1170.0, 0.005610780345353677
1171.0, 0.006998290642385077
1172.0, 0.006902554861559104
1173.0, 0.009065939348067932
1174.0, 0.011119898216320171
1175.0, 0.003486527303737352
1176.0, 0.006373051491208657
1177.0, 0.009139619080514347
1178.0, 0.005022529742510483
1179.0, 0.0036414735632402306
1180.0, 0.00691472773963855
1181.0, 0.005293581583096216
1182.0, 0.0037948376783247116
1183.0, 0.004982455204395126
1184.0, 0.007911603503908252
1185.0, 0.0009711104954743936
1186.0, 0.007919464029346998
1187.0, 0.009327422273889472
1188.0, 0.005558518074016852
1189.0, 0.0020624324656143365
1190.0, 0.005668674339159131
1191.0, 0.0040102173390718305
1192.0, 0.0016849082146849531
1193.0, 0.0034049315276885005
1194.0, 0.006425300512962257
1195.0, 0.004829030311298642
1196.0, 0.0037605547262114587
1197.0, 0.00665579614404871
1198.0, 0.0037826984044269938
1199.0, 0.0008925182079783938
1200.0, 0.002335806086436181
1201.0, 0.004511806278483981
1202.0, 0.006693774737384499
1203.0, 0.0042711940159337715
1204.0, 0.00210546903158479
1205.0, 0.0015811588172156984
1206.0, 0.002244260668780069
1207.0, 0.005967966760593895
1208.0, 0.003628065494734032
1209.0, 0.00362416642990459
1210.0, 0.0036867281222986233
1211.0, 0.0031525191002743703
1212.0, 0.005649032151745223
1213.0, 0.0029142975664367783
1214.0, 0.00158606630411059
1215.0, 0.0034670369224767527
1216.0, 0.0054582275794401985
1217.0, 0.004714707033128389
1218.0, 0.007297151896269184
1219.0, 0.0027931191720365076
1220.0, 0.00108951521564467
1221.0, 0.001317397698273576
1222.0, 0.002609762268471916
1223.0, 0.004893711704575689
1224.0, 0.003968091629673767
1225.0, 0.004555060790839005
1226.0, 0.00407255487988253
1227.0, 0.005195293558568816
1228.0, 0.008880501078500433
1229.0, 0.008816555244779384
1230.0, 0.009353450718497457
1231.0, 0.010634960387836866
1232.0, 0.010979287549730387
1233.0, 0.010676672882657818
1234.0, 0.010905832350558552
1235.0, 0.010167260227181233
1236.0, 0.010101023364912927
1237.0, 0.010048567657421487
1238.0, 0.009637231199586843
1239.0, 0.008914634092677565
1240.0, 0.00840064408001533
1241.0, 0.008386773356671264
1242.0, 0.008079970737484305
1243.0, 0.008116855080156802
1244.0, 0.008222356952285428
1245.0, 0.008083766538751891
1246.0, 0.008158273262397226
1247.0, 0.008762472182820238
1248.0, 0.00848557463694797
1249.0, 0.009353515158395104
1250.0, 0.010809645983103763
1251.0, 0.011280664445571555
1252.0, 0.014156635026238042
1253.0, 0.011634480036012857
1254.0, 0.010523191554422183
1255.0, 0.010186288422367178
1256.0, 0.010870208817958268
1257.0, 0.014675832774512704
1258.0, 0.016393195298186187
1259.0, 0.01640782905038664
1260.0, 0.014825141050300313
1261.0, 0.012706221667800926
1262.0, 0.011470107115668976
1263.0, 0.012471623233297563
1264.0, 0.011634355380480564
1265.0, 0.0074755676604200605
1266.0, 0.011645900823179647
1267.0, 0.015186721799668974
1268.0, 0.006162918734596323
1269.0, 0.0023036334328633682
1270.0, 0.014080506585748916
1271.0, 0.014018570970274577
1272.0, 0.01622200432478868
1273.0, 0.022009222875069765
1274.0, 0.02117798555795792
1275.0, 0.020037411884028113
1276.0, 0.017788160632354014
1277.0, 0.017739488539564852
1278.0, 0.016296047207522188
1279.0, 0.013737059888726397
1280.0, 0.016003375035997313
1281.0, 0.019606290773524885
1282.0, 0.018059967420996987
1283.0, 0.01859800521520385
1284.0, 0.016333211181738905
1285.0, 0.010569217067267246
1286.0, 0.013828965058481094
1287.0, 0.011763760760249348
1288.0, 0.0149472548641174
1289.0, 0.0179889411900178
1290.0, 0.019851215368676952
1291.0, 0.01983842575019293
1292.0, 0.01292266795041885
1293.0, 0.015514022493617587
1294.0, 0.012124464472670593
1295.0, 0.01586660737043695
1296.0, 0.02018583354994502
1297.0, 0.01361793298165939
1298.0, 0.012398636650520272
1299.0, 0.02076928462174693
1300.0, 0.01855641868133016
1301.0, 0.015420378965631186
1302.0, 0.01586952226839508
1303.0, 0.016798952841729983
1304.0, 0.008161815734679785
1305.0, 0.013207933667414365
1306.0, 0.01656168765792363
1307.0, 0.013437789360275803
1308.0, 0.0076297959720336
1309.0, 0.008271363834998118
1310.0, 0.015006971837106229
1311.0, 0.0074181416326507404
1312.0, 0.00954221909305386
1313.0, 0.010680761561417706
1314.0, 0.00817798631969063
1315.0, 0.013544125882285723
1316.0, 0.015983314296359213
1317.0, 0.011471144808900817
1318.0, 0.010053475358320366
1319.0, 0.012681342730068504
1320.0, 0.015192002740230278
1321.0, 0.010997291243730032
1322.0, 0.008577266198811525
1323.0, 0.007360362719015189
1324.0, 0.006012352816305977
1325.0, 0.004465112670906474
1326.0, 0.0036972177115892
1327.0, 0.005193155896704295
1328.0, 0.0030042344984828515
1329.0, 0.0036445620781093897
1330.0, 0.007152508716940134
1331.0, 0.007536010798244192
1332.0, 0.004955073351345341
1333.0, 0.010288989900212504
1334.0, 0.004175209348125991
1335.0, 0.011791516459613339
1336.0, 0.008978722199556926
1337.0, 0.0029413452500676083
1338.0, 0.004125915555805094
1339.0, 0.010760706009722381
1340.0, 0.009824550699672079
1341.0, 0.00703995086340156
1342.0, 0.01031149755602926
1343.0, 0.012894077297700517
1344.0, 0.01062571960602666
1345.0, 0.010860050418005989
1346.0, 0.011734180120016249
1347.0, 0.007092771758464987
1348.0, 0.007087821974563611
1349.0, 0.005783290770106828
1350.0, 0.002175646838454653
1351.0, 0.00909988484435433
1352.0, 0.013146982598634071
1353.0, 0.004560665257445478
1354.0, 0.00613409126817579
1355.0, 0.010166966463425842
1356.0, 0.00959159350793274
1357.0, 0.010886825232484836
1358.0, 0.007122838709348059
1359.0, 0.005495590487575569
1360.0, 0.0076888488956411505
1361.0, 0.01023364406924247
1362.0, 0.011160052158748244
1363.0, 0.011972850295703276
1364.0, 0.009035978424738182
1365.0, 0.012598410146517545
1366.0, 0.01283656148774172
1367.0, 0.01144822290151319
1368.0, 0.011632054030257558
1369.0, 0.013608138243032461
1370.0, 0.005083928108356008
1371.0, 0.011120318484740762
1372.0, 0.013811044142521376
1373.0, 0.011598841248451584
1374.0, 0.008106044830098396
1375.0, 0.007915924137764993
1376.0, 0.008913925290339705
1377.0, 0.01401111833952485
1378.0, 0.014766650163854905
1379.0, 0.009057501525602087
1380.0, 0.004947271014239611
1381.0, 0.011614187457155789
1382.0, 0.01343792928199192
1383.0, 0.010436219078480915
1384.0, 0.014533923060671824
1385.0, 0.015238096463239275
1386.0, 0.012625255239194168
1387.0, 0.01268223425728041
1388.0, 0.014591459181900687
1389.0, 0.011603095697259322
1390.0, 0.013623121203794974
1391.0, 0.0142313821157329
1392.0, 0.010970449192440314
1393.0, 0.007082650916071077
1394.0, 0.011754390825268923
1395.0, 0.011363706689383937
1396.0, 0.0052016732678735085
1397.0, 0.01051351948761357
1398.0, 0.0132681701545198
1399.0, 0.005505557158539704
1400.0, 0.004924532424152278
1401.0, 0.014783663283320946
1402.0, 0.009225581709464959
1403.0, 0.011313323375284736
1404.0, 0.014489475258471284
1405.0, 0.01200063218650862
1406.0, 0.006687363178354069
1407.0, 0.011998339356382136
1408.0, 0.013544715599094492
1409.0, 0.012763905206891397
1410.0, 0.015368802420450463
1411.0, 0.016569537389925677
1412.0, 0.009239388728458002
1413.0, 0.008034954500593034
1414.0, 0.009844073560008718
1415.0, 0.006214961892217994
1416.0, 0.007857369527981174
1417.0, 0.010880219009310674
1418.0, 0.008862539595096742
1419.0, 0.00791657633213438
1420.0, 0.013405198813948553
1421.0, 0.01253293476512121
1422.0, 0.013770390408497679
1423.0, 0.01382443984082887
1424.0, 0.010804040770361538
1425.0, 0.009409158780020865
1426.0, 0.00755803780394744
1427.0, 0.014997778235140334
1428.0, 0.010613231112276278
1429.0, 0.009558984108672309
1430.0, 0.013439994025372382
1431.0, 0.00983477086825318
1432.0, 0.0010616031218614258
1433.0, 0.01572639118216915
1434.0, 0.014436687898354762
1435.0, 0.010897969994532405
1436.0, 0.012851631931828124
1437.0, 0.01714341749558548
1438.0, 0.010634966345967601
1439.0, 0.005987702950553869
1440.0, 0.01682895374224039
1441.0, 0.015656142283527505
1442.0, 0.01133080286680208
1443.0, 0.013156011823284035
1444.0, 0.016474884715284566
1445.0, 0.01469012867460527
1446.0, 0.011665923562138287
1447.0, 0.014968152115700788
1448.0, 0.013519635528746844
1449.0, 0.011938066274032724
1450.0, 0.01741976095081551
1451.0, 0.008228073971703064
1452.0, 0.01668404606938031
1453.0, 0.01430034922405122
1454.0, 0.010744153929542147
1455.0, 0.01030631075505072
1456.0, 0.012670719492475753
1457.0, 0.014292667153503115
1458.0, 0.009422093711959963
1459.0, 0.014948412655396991
1460.0, 0.017091087993657106
1461.0, 0.013402910817449935
1462.0, 0.012639190940297284
1463.0, 0.02083179928103622
1464.0, 0.01244097979211975
1465.0, 0.00918882691316268
1466.0, 0.011516613121871442
1467.0, 0.00997131338393501
1468.0, 0.00739531442326388
1469.0, 0.009193040777061342
1470.0, 0.01430098803228437
1471.0, 0.005365678912105478
1472.0, 0.006596984632820742
1473.0, 0.009369989650307494
1474.0, 0.008144989324094729
1475.0, 0.007444172435907391
1476.0, 0.01275842003520718
1477.0, 0.009981447134534346
1478.0, 0.005777826801083614
1479.0, 0.00874926834524349
1480.0, 0.006779203677398199
1481.0, 0.004742972812720223
1482.0, 0.008302872758195242
1483.0, 0.01312042851938416
1484.0, 0.004486335483164744
1485.0, 0.010160678869180139
1486.0, 0.012062511653240253
1487.0, 0.008397593741889304
1488.0, 0.005651531686386066
1489.0, 0.007917000257981184
1490.0, 0.00458220119864825
1491.0, 0.006162695241890406
1492.0, 0.006319159353191936
1493.0, 0.0029918748616698412
1494.0, 0.0018382800012574298
1495.0, 0.005455024174293755
1496.0, 0.00977171314243587
1497.0, 0.007328951038055456
1498.0, 0.01164349965541355
1499.0, 0.008738246152950031
1500.0, 0.0035234396968636364
1501.0, 0.003970500958331102
1502.0, 0.00911962856655596
1503.0, 0.004938584875323645
1504.0, 0.0036305890563388702
1505.0, 0.015481902810750237
1506.0, 0.009776756015452604
1507.0, 0.0029663451342475
1508.0, 0.005472030259926021
1509.0, 0.011493758435511685
1510.0, 0.003772558763554696
1511.0, 0.010296317086970944
1512.0, 0.0069330347646128394
1513.0, 0.005570305756633452
1514.0, 0.008556397213190306
1515.0, 0.010668347783766564
1516.0, 0.0056188434555364914
1517.0, 0.001177201048707722
1518.0, 0.00681588511836021
1519.0, 0.003776042753736206
1520.0, 0.0011288031642607795
1521.0, 0.003507335517303115
1522.0, 0.0087729307103102
1523.0, 0.009817055030065747
1524.0, 0.003459765149779917
1525.0, 0.007276842053716039
1526.0, 0.0030249063167130832
1527, 0.0
1528, 0.0
1529, 0.0
1530, 0.0
1531, 0.0
1532, 0.0
1533, 0.0
1534, 0.0
1535, 0.0
1536, 0.0
1537, 0.0
1538, 0.0
1539, 0.0
1540, 0.0
1541, 0.0
1542, 0.0
1543, 0.0
1544, 0.0
1545, 0.0
1546, 0.0
1547, 0.0
1548, 0.0
1549, 0.0
1550, 0.0
1551, 0.0
1552, 0.0
1553, 0.0
1554, 0.0
1555, 0.0
1556, 0.0
1557, 0.0
1558, 0.0
1559, 0.0
1560, 0.0
1561, 0.0
1562, 0.0
1563, 0.0
1564, 0.0
1565, 0.0
1566, 0.0
1567, 0.0
1568, 0.0
1569, 0.0
1570, 0.0
1571, 0.0
1572, 0.0
1573, 0.0
1574, 0.0
1575, 0.0
1576, 0.0
1577, 0.0
1578, 0.0
1579, 0.0
1580, 0.0
1581, 0.0
1582, 0.0
1583, 0.0
1584, 0.0
1585, 0.0
1586, 0.0
1587, 0.0
1588, 0.0
1589, 0.0
1590, 0.0
1591, 0.0
1592, 0.0
1593, 0.0
1594, 0.0
1595, 0.0
1596, 0.0
1597, 0.0
1598, 0.0
1599, 0.0
