30, 0.0
31, 0.0
32, 0.0
33, 0.0
34, 0.0
35, 0.0
36, 0.0
37, 0.0
38, 0.0
39, 0.0
40, 0.0
41, 0.0
42, 0.0
43, 0.0
44, 0.0
45, 0.0
46, 0.0
47, 0.0
48, 0.0
49, 0.0
50, 0.0
51, 0.0
52, 0.0
53, 0.0
54, 0.0
55, 0.0
56, 0.0
57, 0.0
58, 0.0
59, 0.0
60, 0.0
61, 0.0
62, 0.0
63, 0.0
64, 0.0
65, 0.0
66, 0.0
67, 0.0
68, 0.0
69, 0.0
70, 0.0
71, 0.0
72, 0.0
73, 0.0
74, 0.0
75, 0.0
76, 0.0
77, 0.0
78, 0.0
79, 0.0
80, 0.0
81, 0.0
82, 0.0
83, 0.0
84, 0.0
85, 0.0
86, 0.0
87, 0.0
88, 0.0
89, 0.0
90, 0.0
91, 0.0
92, 0.0
93, 0.0
94, 0.0
95, 0.0
96, 0.0
97, 0.0
98, 0.0
99, 0.0
100, 0.0
101, 0.0
102, 0.0
103, 0.0
104, 0.0
105, 0.0
106, 0.0
107, 0.0
108, 0.0
109, 0.0
110, 0.0
111, 0.0
112, 0.0
113, 0.0
114, 0.0
115, 0.0
116, 0.0
117, 0.0
118, 0.0
119, 0.0
120, 0.0
121, 0.0
122, 0.0
123, 0.0
124, 0.0
125, 0.0
126, 0.0
127, 0.0
128, 0.0
129, 0.0
130, 0.0
131, 0.0
132, 0.0
133, 0.0
134.0, 7.958820008847825e-06
135.0, 0.00018782912804320135
136.0, 0.0016991383041030585
137.0, 0.003246657580384208
138.0, 0.006173918869711717
139.0, 0.00964758943500323
140.0, 0.009917404598089704
141.0, 0.004220906948189855
142.0, 0.0006944474651918335
143.0, 0.0018911888095908367
144.0, 0.0013514927038394216
145.0, 0.0016066190210573888
146.0, 0.00281306817503389
147.0, 0.004147432867377582
148.0, 0.005901029243944944
149.0, 0.0034546158002541866
150.0, 0.004090653868329578
151.0, 0.009184730301246877
152.0, 0.01239779382732135
153.0, 0.015338503353999023
154.0, 0.019238506994792123
155.0, 0.02452679949285437
156.0, 0.031372552850266654
157.0, 0.04132711476244297
158.0, 0.046621113779871166
159.0, 0.04100800241922013
160.0, 0.024859555123392624
161.0, 0.012873643067341605
162.0, 0.008719971735758373
163.0, 0.007064216380414467
164.0, 0.005877834567732592
165.0, 0.006879178833089598
166.0, 0.007661024726546806
167.0, 0.007207927985034247
168.0, 0.007165148876041991
169.0, 0.009643472139468824
170.0, 0.011994110458201498
171.0, 0.01398353212250741
172.0, 0.014300522443709832
173.0, 0.0125592413622357
174.0, 0.0125566904913666
175.0, 0.014073554886521547
176.0, 0.013081535900118083
177.0, 0.011636839067387958
178.0, 0.01326719441189906
179.0, 0.012430876011381703
180.0, 0.010744537884961436
181.0, 0.009437690733651614
182.0, 0.008723676289688887
183.0, 0.008692138018807695
184.0, 0.008857433344620816
185.0, 0.009433454109755714
186.0, 0.009879052769903949
187.0, 0.008556073457688473
188.0, 0.008953270694243487
189.0, 0.007666203184068743
190.0, 0.00501692920138338
191.0, 0.004745011074132303
192.0, 0.004396979292904687
193.0, 0.0031855182214984255
194.0, 0.0019721014491547446
195.0, 0.0018614214070346192
196.0, 0.0035919036252839566
197.0, 0.003433442839655241
198.0, 0.0023552432935066638
199.0, 0.0014204290489917629
200.0, 0.00020446123385151307
201.0, 6.152016871374456e-05
202.0, 0.00016107400561520934
203.0, 0.00045604524779181997
204.0, 0.000440397843968289
205.0, 0.0015307185415885248
206.0, 0.0017242848552047455
207.0, 0.0012840295171750097
208.0, 0.0015683401582833416
209.0, 0.0013509469012375666
210.0, 0.002009537076817873
211.0, 0.001962608194222854
212.0, 0.0011145479099698825
213.0, 0.001092485472506113
214.0, 0.0030790688951708362
215.0, 0.004137595075311799
216.0, 0.0035740510090283297
217.0, 0.0023391064018884835
218.0, 0.0019232587969686477
219.0, 0.003258411358806378
220.0, 0.0024748230035007484
221.0, 4.286632368321611e-05
222.0, 0.00022678114554320925
223.0, 0.00015129711960490413
224.0, 0.0012052773869513885
225.0, 0.0018833867287718937
226.0, 0.002623347576768884
227.0, 0.008364374396613392
228.0, 0.011130135632333739
229.0, 0.012755091802835983
230.0, 0.015743153480121112
231.0, 0.02073693549325535
232.0, 0.028089075545593277
233.0, 0.03783882823995307
234.0, 0.05095531110650837
235.0, 0.06841821356119202
236.0, 0.09024266492551704
237.0, 0.11931011536099574
238.0, 0.15573966074843712
239.0, 0.1990599161859233
240.0, 0.2446481369738444
241.0, 0.27673989530858345
242.0, 0.2804581690061838
243.0, 0.25389925145509395
244.0, 0.20615860014743123
245.0, 0.15263458786147277
246.0, 0.10862862340641734
247.0, 0.08101251603367388
248.0, 0.06456262207920657
249.0, 0.04765282668891319
250.0, 0.036576410102231775
251.0, 0.03090638099777511
252.0, 0.028735246671113768
253.0, 0.027853110300286525
254.0, 0.026174782327981032
255.0, 0.02751339444354375
256.0, 0.028345671768544238
257.0, 0.028465111065922824
258.0, 0.03066589507818678
259.0, 0.03492131966822062
260.0, 0.04145862192079169
261.0, 0.05082148170448311
262.0, 0.06405307794408974
263.0, 0.08287289524799596
264.0, 0.11072322680205501
265.0, 0.15179755298443529
266.0, 0.21219433311446922
267.0, 0.3017528737816337
268.0, 0.4332160703357807
269.0, 0.612395167302247
270.0, 0.8314079292572192
271.0, 0.9898457956287716
272.0, 0.9285742682787691
273.0, 0.6544436131409916
274.0, 0.39955061892763316
275.0, 0.2393972708847231
276.0, 0.15957346509907638
277.0, 0.11978012787637192
278.0, 0.09797589834377951
279.0, 0.08769690220636453
280.0, 0.08635821637291904
281.0, 0.09226097165946559
282.0, 0.1056199720886039
283.0, 0.12464296578729538
284.0, 0.15088147996979867
285.0, 0.18607912662771134
286.0, 0.22945697441559137
287.0, 0.27375569833303887
288.0, 0.30984071877581654
289.0, 0.3247619813541617
290.0, 0.3106836345502354
291.0, 0.2747538934153099
292.0, 0.22583404274625926
293.0, 0.18082984061810944
294.0, 0.14642335288264136
295.0, 0.11847253330560915
296.0, 0.09810273910760985
297.0, 0.08339167284566303
298.0, 0.07194854790510274
299.0, 0.06284044158670574
300.0, 0.05643742992211057
301.0, 0.049707494496159015
302.0, 0.04510324977482639
303.0, 0.04326206188797278
304.0, 0.042293976557677124
305.0, 0.038491870333030316
306.0, 0.03530757032504361
307.0, 0.03292744289806637
308.0, 0.031175874007387364
309.0, 0.029955701491152523
310.0, 0.027714406192915635
311.0, 0.02578384065943889
312.0, 0.026096675693288725
313.0, 0.028255480927897536
314.0, 0.02949891607027467
315.0, 0.02892239686426469
316.0, 0.03017982551598861
317.0, 0.032882253604747794
318.0, 0.035256977252968315
319.0, 0.03644770149768334
320.0, 0.037818244678708285
321.0, 0.03879518873823237
322.0, 0.041062479893196405
323.0, 0.04543252728660024
324.0, 0.04570892257067306
325.0, 0.04887048635544627
326.0, 0.052677175038092605
327.0, 0.0559165756234094
328.0, 0.0601031145653761
329.0, 0.067330947538376
330.0, 0.07848245916587236
331.0, 0.08772929774712997
332.0, 0.09421511368005815
333.0, 0.1047066551610977
334.0, 0.11188706522245315
335.0, 0.1104187051641498
336.0, 0.10289259164127985
337.0, 0.09263147579889054
338.0, 0.07759373457285457
339.0, 0.06630649348529012
340.0, 0.05390844934549334
341.0, 0.040650380886867156
342.0, 0.0302637182184131
343.0, 0.024644062779031695
344.0, 0.021121172366983007
345.0, 0.01695811562603465
346.0, 0.012816591069396246
347.0, 0.011252192762003897
348.0, 0.01076405061320883
349.0, 0.008961296915448943
350.0, 0.0076783700771753905
351.0, 0.007464913625839594
352.0, 0.006961687049956488
353.0, 0.007759855166178262
354.0, 0.009352043442527345
355.0, 0.010080464174503487
356.0, 0.009991507186017459
357.0, 0.011172610345325358
358.0, 0.013222634897098259
359.0, 0.017954503950362938
360.0, 0.022921321573126097
361.0, 0.025797934062365347
362.0, 0.027146872403347025
363.0, 0.026390845379099626
364.0, 0.02202535486216074
365.0, 0.016586267321490104
366.0, 0.012388325426800559
367.0, 0.008646950680790999
368.0, 0.004494330775249307
369.0, 0.002922281207488727
370.0, 0.002833503807583676
371.0, 0.0023591972466449787
372.0, 0.0012912430435603269
373.0, 0.00014187625696585022
374.0, 0.0003045470557705897
375.0, 0.000809357733886634
376.0, 0.0006236559333895035
377.0, 0.0014254907901994917
378.0, 0.001758712992612946
379.0, 0.002189806900342169
380.0, 0.0009634642062359214
381.0, 0.00330984404897602
382.0, 0.0013249411088209506
383.0, 0.001666130708923449
384.0, 0.001741248615796358
385.0, 0.00045854591729501445
386.0, 0.0004351824871646867
387.0, 0.0020412587045428644
388.0, 0.0009549032088681383
389.0, 0.0026224989728773932
390.0, 0.003578619455804298
391.0, 0.004833271406139553
392.0, 0.004820862847152216
393.0, 0.006450404414354302
394.0, 0.007067081126177721
395.0, 0.007590122253379148
396.0, 0.011129513112827961
397.0, 0.010990786474140138
398.0, 0.014430813026232179
399.0, 0.016766808913386947
400.0, 0.0167244178274936
401.0, 0.01761349627328995
402.0, 0.01869604921495558
403.0, 0.022106387246310737
404.0, 0.0233964863470947
405.0, 0.021745441576619024
406.0, 0.020491992755970256
407.0, 0.01810636819429414
408.0, 0.0154525991566003
409.0, 0.013542399951527818
410.0, 0.011050939421675303
411.0, 0.00657033986343183
412.0, 0.008163575744995589
413.0, 0.004874721029321176
414.0, 0.001269705175883917
415.0, 0.00038929005621223824
416.0, 0.000271914547497754
417.0, 0.0007786124981225891
418.0, 0.0017134555260245633
419.0, 0.003610787855808987
420.0, 0.00464470842208904
421.0, 0.0031586779483745815
422.0, 0.002626651993190345
423.0, 0.0029082424738843494
424.0, 0.002523804661383952
425.0, 0.0014986914954939427
426.0, 0.0006708340817025962
427.0, 0.0014463745776583713
428.0, 0.0007475527517249197
429.0, 4.868658505002335e-05
430.0, 0.00028711607984513264
431.0, 0.0012378531282782506
432.0, 0.003404184486637157
433.0, 0.004475295109759609
434.0, 0.0026592754853932907
435.0, 0.0012961593523548082
436.0, 0.003307317252248092
437.0, 0.0035461279921140507
438.0, 0.003074380848494055
439.0, 0.004153122030164506
440.0, 0.004876548336989995
441.0, 0.0038064749671266017
442.0, 0.005423859002980989
443.0, 0.007108585540569377
444.0, 0.008200193136385057
445.0, 0.00856614436971949
446.0, 0.00894946856348172
447.0, 0.010637442931027356
448.0, 0.012693209737891427
449.0, 0.013486447949955859
450.0, 0.015615873322032663
451.0, 0.019490781672889344
452.0, 0.020914797842156812
453.0, 0.023966544477091165
454.0, 0.027391798137595017
455.0, 0.030737815967456672
456.0, 0.03440466456394365
457.0, 0.03864383443262039
458.0, 0.04180885578617909
459.0, 0.045377015337663695
460.0, 0.04900440450271703
461.0, 0.051848006822758544
462.0, 0.053728019711051504
463.0, 0.055729413861755915
464.0, 0.05295944871213951
465.0, 0.04989497289377625
466.0, 0.04776338171096606
467.0, 0.04546973916483464
468.0, 0.043911888795930304
469.0, 0.03888440861645087
470.0, 0.035602576117404056
471.0, 0.03447247932735732
472.0, 0.03305431883353236
473.0, 0.030373361841298654
474.0, 0.027335876587964818
475.0, 0.026561530262641613
476.0, 0.025483878137562595
477.0, 0.022853546288564803
478.0, 0.021813652852499383
479.0, 0.02074996809995174
480.0, 0.020409509551101948
481.0, 0.02002304815795835
482.0, 0.020456809351445206
483.0, 0.022506022574597287
484.0, 0.020173464026047513
485.0, 0.019876186261763983
486.0, 0.019393990439322998
487.0, 0.018679435913193557
488.0, 0.01880609403676405
489.0, 0.01610575886656761
490.0, 0.01421690364344548
491.0, 0.013678907373169985
492.0, 0.014397332331304776
493.0, 0.015418731495403267
494.0, 0.014485245336570715
495.0, 0.012275927930600034
496.0, 0.011273007435368616
497.0, 0.010707798415036619
498.0, 0.010639851694002242
499.0, 0.012439363860220322
500.0, 0.014199495153887447
501.0, 0.013918360247602719
502.0, 0.014522976004878823
503.0, 0.016636567407750002
504.0, 0.018751285253488785
505.0, 0.019287908349283785
506.0, 0.020560716807435122
507.0, 0.02402560943283116
508.0, 0.029429228630109057
509.0, 0.03405721945601717
510.0, 0.03518715560308357
511.0, 0.042222236444586045
512.0, 0.04870386082651842
513.0, 0.05524154227783387
514.0, 0.0630165526984848
515.0, 0.0702248093326029
516.0, 0.07618372991614036
517.0, 0.08057455646216072
518.0, 0.08385622045510734
519.0, 0.08362306998242619
520.0, 0.0784921205672406
521.0, 0.07221882645614518
522.0, 0.06315227543992966
523.0, 0.05385078270156252
524.0, 0.043777522719291063
525.0, 0.034212325679334764
526.0, 0.028021625216591604
527.0, 0.020397861288115708
528.0, 0.01636145160523661
529.0, 0.013772342142798384
530.0, 0.010874133458300022
531.0, 0.008525477246060533
532.0, 0.008529831627292967
533.0, 0.008341757617383807
534.0, 0.007576570046527425
535.0, 0.006592120027326202
536.0, 0.0057465952132622
537.0, 0.004973631004654523
538.0, 0.003378714708150563
539.0, 0.004904379340558798
540.0, 0.00627107160665741
541.0, 0.006316883094725398
542.0, 0.006695505644804803
543.0, 0.007777993972990771
544.0, 0.009824625930444374
545.0, 0.010927742976052842
546.0, 0.013922176732315697
547.0, 0.018580537096962068
548.0, 0.02048983648774437
549.0, 0.023181168086730354
550.0, 0.028039138996309613
551.0, 0.03183764888551092
552.0, 0.03270103145303674
553.0, 0.031472599987881496
554.0, 0.030645436933886435
555.0, 0.029971397133686174
556.0, 0.026913911015036863
557.0, 0.023379742557030684
558.0, 0.020639800595184093
559.0, 0.01780906031270929
560.0, 0.015552227843764447
561.0, 0.013652423660307337
562.0, 0.012363104505181455
563.0, 0.00953705500377212
564.0, 0.005311473168258594
565.0, 0.005797640238792577
566.0, 0.0050062583680642835
567.0, 0.0037364911033145945
568.0, 0.0038166506602708605
569.0, 0.004260226241464135
570.0, 0.0030538195139673116
571.0, 0.0015375964743040136
572.0, 0.0008943915534121109
573.0, 0.0005700740637892661
574.0, 0.0007815812169832618
575.0, 0.0008135463777096572
576.0, 0.0009024594618106303
577.0, 0.0019632693971771784
578.0, 0.0009892240700724241
579.0, 0.0002713869740199462
580.0, 0.0005318091081158428
581.0, 0.0006919629024540469
582.0, 0.00016672449919263464
583.0, 0.0014269053578506354
584.0, 0.0007809580402201042
585.0, 0.0006367215103160659
586.0, 0.0009016432252370039
587.0, 0.00015691922861229464
588.0, 0.0007352255503111904
589.0, 0.0009628025091018878
590.0, 0.0018387297717034205
591.0, 0.0013987392998785443
592.0, 0.0005085206443679398
593.0, 0.002385752250930509
594.0, 0.0008541434727434647
595.0, 0.0009074243593922397
596.0, 0.0002565675730699681
597.0, 0.001050892395807682
598.0, 0.0014348612852291727
599.0, 0.001975044057270668
600.0, 8.098155707997918e-05
601.0, 0.0027073150233416243
602.0, 0.0035067744288069403
603.0, 0.003745203107958229
604.0, 0.005957276414122639
605.0, 0.0023984551661818065
606.0, 0.0026560797253178284
607.0, 0.001432633737989707
608.0, 0.001165988229914912
609.0, 0.00215942126149815
610.0, 0.00142269309414056
611.0, 6.556955276880216e-05
612.0, 0.0010629190722256593
613.0, 0.0004080908417375984
614.0, 0.0006702800242633821
615.0, 0.000601530385008861
616.0, 0.0009999968961163744
617.0, 0.0020926650175722137
618.0, 0.001314326750994306
619.0, 0.0010538793102259874
620.0, 0.0010435257458909055
621.0, 0.0008841708458288633
622.0, 0.001479726948058721
623.0, 0.0018505154099286883
624.0, 0.0022836613197787597
625.0, 0.0011190238383479917
626.0, 0.0016703751863299966
627.0, 0.0046057179732745535
628.0, 0.005321204396243868
629.0, 0.003959688184742105
630.0, 0.0029825083105389466
631.0, 0.0035479462429635006
632.0, 0.004842964221800569
633.0, 0.0056680537106224204
634.0, 0.006063294333245525
635.0, 0.005695398815499856
636.0, 0.0066650227573173005
637.0, 0.00792795054240484
638.0, 0.008416117436674572
639.0, 0.007886171130699606
640.0, 0.007145812475298425
641.0, 0.009394001722168014
642.0, 0.009097559789266038
643.0, 0.007360119983180125
644.0, 0.006732669317446646
645.0, 0.007143068822269613
646.0, 0.0060173767467206225
647.0, 0.004098818238812654
648.0, 0.0035757879287144287
649.0, 0.004424135461159636
650.0, 0.0035223718046673365
651.0, 0.0011625998326611944
652.0, 0.0025688689666287547
653.0, 0.0009727996404171377
654.0, 0.0013166410086636099
655.0, 0.002587530775293938
656.0, 0.001606944416593082
657.0, 0.0006450987481121381
658.0, 0.0012374925103404081
659.0, 0.0016258706941713907
660.0, 0.00040462674631797237
661.0, 0.00043123048007383946
662.0, 0.0014759830002964744
663.0, 0.0014861822360482417
664.0, 0.0005058509489135083
665.0, 0.0009703120679159091
666.0, 0.000874813202380562
667.0, 0.0004355532620955757
668.0, 0.00017167380080885763
669.0, 0.0001723267712230026
670.0, 0.00016027799077252114
671.0, 0.0005428088407391261
672.0, 0.0007993112306059226
673.0, 0.002361620233108283
674.0, 0.0016392269684994173
675.0, 0.00021421069034023278
676.0, 0.0018110951278942924
677.0, 0.0023057620648701703
678.0, 0.0011915322657139304
679.0, 0.0017626436270256106
680.0, 0.001630766805584062
681.0, 0.0009444293875937157
682.0, 0.0018816230866181614
683.0, 0.0009416693750524933
684.0, 0.0020226519211640447
685.0, 0.000995014387790194
686.0, 0.0008155933880599157
687.0, 0.0022249153748995056
688.0, 0.002036224099372386
689.0, 0.0004663101158465146
690.0, 0.0014147927195437345
691.0, 0.0018198380955174076
692.0, 0.002747292519325534
693.0, 0.004482725005427007
694.0, 0.0046210347161290835
695.0, 0.002966159181816697
696.0, 0.0058050681276120624
697.0, 0.0024629977152363786
698.0, 8.764061241430888e-05
699.0, 0.00029582867385540446
700.0, 0.0008410499024877167
701.0, 0.00141891642487203
702.0, 0.0015721153627280707
703.0, 0.0018062396214502247
704.0, 0.0027365582387012663
705.0, 0.0040234165627831995
706.0, 0.003985888026122019
707.0, 0.001993697198885553
708.0, 0.003870175063209296
709.0, 0.0034619645129540144
710.0, 0.0026763575365881015
711.0, 0.0022127162524675113
712.0, 0.0029231539965729413
713.0, 0.0041026593235755195
714.0, 0.0031646311219815483
715.0, 0.003597406554497826
716.0, 0.0015003360465630407
717.0, 0.0003338217733710101
718.0, 0.001213809033445956
719.0, 0.0027466807787643634
720.0, 0.0033824438169170893
721.0, 0.002455457331399962
722.0, 0.002412775664390604
723.0, 0.0034752686592988257
724.0, 0.0043842379374161786
725.0, 0.003600881314855825
726.0, 0.002444985290195443
727.0, 0.005652412865719356
728.0, 0.004680054027007324
729.0, 0.0027698995297321823
730.0, 0.002720691762281869
731.0, 0.003577012912417853
732.0, 0.0032109289129152096
733.0, 0.0011233482226001277
734.0, 0.0007465018464099779
735.0, 0.0005185556203489747
736.0, 0.0014361278472423617
737.0, 0.0019880302048532568
738.0, 0.003368205478665693
739.0, 0.004589160637564744
740.0, 0.0029893235887298226
741.0, 0.001072769406779128
742.0, 0.003563094910507391
743.0, 0.0040941080242286425
744.0, 0.003175395591598239
745.0, 0.0034939510857555276
746.0, 0.00355836929055622
747.0, 0.0038885205152731058
748.0, 0.0043590814998114595
749.0, 0.0027223067635714993
750.0, 0.0019638760737842337
751.0, 0.0028302255493721546
752.0, 0.003161493599630211
753.0, 0.0030490426254626444
754.0, 0.0034333414566617764
755.0, 0.002876015368624271
756.0, 0.0027109314131235425
757.0, 0.0033393752510743036
758.0, 0.004801036307375527
759.0, 0.0066210962737891215
760.0, 0.004298756109757285
761.0, 0.003477323754471665
762.0, 0.0053917284863868285
763.0, 0.005623062569448025
764.0, 0.00424246865610298
765.0, 0.005114551172296488
766.0, 0.007835892295781658
767.0, 0.005548199730087389
768.0, 0.005538422769192539
769.0, 0.004964895598668587
770.0, 0.004314430585822544
771.0, 0.004406144516675689
772.0, 0.004124691509359288
773.0, 0.003170080628362759
774.0, 0.004706599606993989
775.0, 0.0047370376510993475
776.0, 0.003205842035701287
777.0, 0.0028483634405375804
778.0, 0.0035420746160129066
779.0, 0.0020946582234107327
780.0, 0.0002638824736073363
781.0, 0.00010030139474592922
782.0, 0.00046873037414152483
783.0, 0.0005495785836685683
784.0, 0.00017498477849199655
785.0, 0.00014287781514060459
786.0, 0.0003847219561298222
787.0, 0.0014307401864409783
788.0, 4.610928793264248e-05
789.0, 0.001798719482060411
790.0, 0.0022013305425184243
791.0, 0.0005562228575524973
792.0, 0.0009714546667032623
793.0, 0.00030812303783280714
794.0, 0.0011981261941971433
795.0, 0.0020691787453580145
796.0, 0.0008544191766436471
797.0, 0.00056493039528358
798.0, 0.0003603702631066108
799.0, 0.0015982554633582233
800.0, 0.00020470929347733957
801.0, 0.00024394461568302389
802.0, 0.0005265068322639501
803.0, 0.0009570935074711862
804.0, 0.0003378752158846564
805.0, 0.0016327887193249308
806.0, 0.0014741982555422578
807.0, 0.0012939465337336081
808.0, 0.001379839862684394
809.0, 0.001839709238978207
810.0, 0.001429612784804036
811.0, 0.0030919529258194222
812.0, 0.004473267052484212
813.0, 0.0023939359134780985
814.0, 0.00015331218120865375
815.0, 0.0007689218284338378
816.0, 0.00025083867483850954
817.0, 0.0011875237565733964
818.0, 0.0015027722071861563
819.0, 0.000540832072112697
820.0, 0.001285624914282663
821.0, 0.0010797469072162055
822.0, 9.854658184089782e-05
823.0, 0.0008575547906572497
824.0, 0.0026698329022930376
825.0, 0.004081457949625357
826.0, 0.004830516993986659
827.0, 0.00608371551824349
828.0, 0.008726100782752499
829.0, 0.008020283216417264
830.0, 0.012582605626790281
831.0, 0.016992661737020003
832.0, 0.01983342535809905
833.0, 0.024241164486986266
834.0, 0.029956950367137008
835.0, 0.033657306638807866
836.0, 0.04020509424291387
837.0, 0.04626176129737725
838.0, 0.05124664751286699
839.0, 0.05583246667502583
840.0, 0.06020456045436071
841.0, 0.06213337358728359
842.0, 0.06006268653903607
843.0, 0.05920634565714182
844.0, 0.05793536845084262
845.0, 0.055301693093952234
846.0, 0.05180769620971379
847.0, 0.047332188462006757
848.0, 0.04375075460321997
849.0, 0.042098612949415505
850.0, 0.038643843261224546
851.0, 0.03560455935246139
852.0, 0.03341179665186344
853.0, 0.03117206673202692
854.0, 0.03002159750461082
855.0, 0.028647297188033535
856.0, 0.02626291566155531
857.0, 0.025773902474848967
858.0, 0.025064382170282583
859.0, 0.022566676364426917
860.0, 0.0197022797268538
861.0, 0.01862612448126685
862.0, 0.017447752235134322
863.0, 0.014809231209559473
864.0, 0.01262761069894981
865.0, 0.01149232894104376
866.0, 0.01329944889259903
867.0, 0.013650273285749762
868.0, 0.012632182908471087
869.0, 0.010314861089816389
870.0, 0.00902010727714458
871.0, 0.010132011079152925
872.0, 0.009375188164896277
873.0, 0.008334112202754259
874.0, 0.007548916602321673
875.0, 0.006614299715579648
876.0, 0.006457926492916851
877.0, 0.007688131737007361
878.0, 0.00935091259617467
879.0, 0.010053630491967244
880.0, 0.009671996883345082
881.0, 0.009617276889544713
882.0, 0.012475813080286146
883.0, 0.014849445406626333
884.0, 0.015558608457588328
885.0, 0.01629669365675085
886.0, 0.017274762297169715
887.0, 0.016664941565624345
888.0, 0.019441141081471033
889.0, 0.023503063761368577
890.0, 0.028356103921063355
891.0, 0.031408920956158284
892.0, 0.03408461322953113
893.0, 0.0382661499939843
894.0, 0.04358640108210698
895.0, 0.04955144182148187
896.0, 0.05240723926501035
897.0, 0.05868739799785543
898.0, 0.0662709398134987
899.0, 0.073109474177725
900.0, 0.08104087618317918
901.0, 0.09070574918656242
902.0, 0.09988320622464031
903.0, 0.11067079723900443
904.0, 0.11994959366956126
905.0, 0.1301151083181609
906.0, 0.14504707086041438
907.0, 0.15710105585100487
908.0, 0.16988244320241896
909.0, 0.1884212536980737
910.0, 0.20375046583409565
911.0, 0.21640463987521166
912.0, 0.2289476972981822
913.0, 0.23718027249192591
914.0, 0.24334942247486843
915.0, 0.24482367591802456
916.0, 0.24188199739720287
917.0, 0.2374744842292851
918.0, 0.2299276551742685
919.0, 0.22107013855097785
920.0, 0.2115884896771651
921.0, 0.20389877826772282
922.0, 0.1931700091597678
923.0, 0.18488917693515455
924.0, 0.18017357509829493
925.0, 0.1762734884226165
926.0, 0.17529732841506124
927.0, 0.17034225691910954
928.0, 0.1684361722692404
929.0, 0.16497550111003245
930.0, 0.15717991445514531
931.0, 0.14518551548244565
932.0, 0.13343201669883847
933.0, 0.12190406345902112
934.0, 0.10476804350453646
935.0, 0.09357836043027143
936.0, 0.08024458203534533
937.0, 0.06970410868906249
938.0, 0.06080012152853581
939.0, 0.05224972233304403
940.0, 0.04468837044302773
941.0, 0.03795494981264432
942.0, 0.031093586451683215
943.0, 0.02836075065944441
944.0, 0.025322023844618385
945.0, 0.020493210735806643
946.0, 0.017553328545841237
947.0, 0.015695132872752118
948.0, 0.013638630993110298
949.0, 0.011020074496979159
950.0, 0.008057704002596271
951.0, 0.008635090455421272
952.0, 0.007903120713707017
953.0, 0.0041824375438329455
954.0, 0.0018959474895952778
955.0, 0.0029245994688334555
956.0, 0.0026360920224009765
957.0, 0.0005202151858619744
958.0, 0.001184189727484306
959.0, 0.0011042992374725048
960.0, 0.0008331252863789808
961.0, 0.00142518719039578
962.0, 0.00040792325824350696
963.0, 0.0018853460965169704
964.0, 0.0014387192899062617
965.0, 0.0015638486052920136
966.0, 0.002684264611564057
967.0, 0.0022093461603279628
968.0, 0.00051476209476599
969.0, 0.00015878007993530736
970.0, 0.0013010652079512336
971.0, 0.00086113376553441
972.0, 0.00016907494751155794
973.0, 0.0005488007985678836
974.0, 0.0014760057079738207
975.0, 0.0006833102350728658
976.0, 0.0005524168360449101
977.0, 0.0006994216760385219
978.0, 0.0016341004137756581
979.0, 0.001485247140921636
980.0, 0.001562641467002703
981.0, 0.001986081815013014
982.0, 0.002527146407808757
983.0, 0.0036310474636028997
984.0, 0.00399723547220547
985.0, 0.00405356682797511
986.0, 0.006213874471011923
987.0, 0.006921038822524533
988.0, 0.007494440677780011
989.0, 0.010382734161942912
990.0, 0.01340315344422968
991.0, 0.013387032271175743
992.0, 0.012310387584653758
993.0, 0.01515929455765035
994.0, 0.018189652462118188
995.0, 0.01995885184943749
996.0, 0.02016636351214035
997.0, 0.02150129649345329
998.0, 0.023156478957734847
999.0, 0.02351501451613798
1000.0, 0.023285261163514714
1001.0, 0.023078088095533952
1002.0, 0.022138253050073137
1003.0, 0.023352029977832957
1004.0, 0.019506319856651
1005.0, 0.01675760318514782
1006.0, 0.015510075559719377
1007.0, 0.014455819964519554
1008.0, 0.013553104696396132
1009.0, 0.01270247791288652
1010.0, 0.010676104590202877
1011.0, 0.008560211404112188
1012.0, 0.010038610986430798
1013.0, 0.007823064291247104
1014.0, 0.005783309462691766
1015.0, 0.005137704063233273
1016.0, 0.004910559626382328
1017.0, 0.00562187375301672
1018.0, 0.006624257686635295
1019.0, 0.005423311976044012
1020.0, 0.00534279757133891
1021.0, 0.00292878949847371
1022.0, 0.002645545509800218
1023.0, 0.004300025523495381
1024.0, 0.00301621171157112
1025.0, 0.0011713290522023237
1026.0, 0.0009345466537882755
1027.0, 0.0007378049832112307
1028.0, 0.000716894843019557
1029.0, 0.0006634998293975698
1030.0, 0.0013590557221689016
1031.0, 0.0001692304611384102
1032.0, 0.002466022661092154
1033.0, 0.0034905343602497593
1034.0, 0.0025037907865299927
1035.0, 0.0015392639015509558
1036.0, 0.0015754030244859317
1037.0, 0.0009992723170858257
1038.0, 0.000922877829310306
1039.0, 0.00020912254867995185
1040.0, 0.0016434241408184698
1041.0, 0.0005314324168456682
1042.0, 0.00010843664495600232
1043.0, 0.0007766320691182029
1044.0, 0.0026510592798987837
1045.0, 0.0030715135941343165
1046.0, 0.0013342886903930187
1047.0, 0.00043577840225276614
1048.0, 0.00021667412971590358
1049.0, 0.001224380168032027
1050.0, 0.0003994875063686964
1051.0, 0.0010780048022305336
1052.0, 0.002548630843671655
1053.0, 0.0020219682734296286
1054.0, 0.0008651697574683242
1055.0, 0.000577812896154216
1056.0, 0.0010098012571741974
1057.0, 0.00025160083216436237
1058.0, 0.00042158147361194174
1059.0, 0.0007729951619997083
1060.0, 0.0013414079766769606
1061.0, 0.0033538415712147758
1062.0, 0.0021962585719301157
1063.0, 0.0003275164295466995
1064.0, 4.937379650504056e-05
1065.0, 0.000286672212908405
1066.0, 0.0016570775601110897
1067.0, 0.0032473945029732358
1068.0, 0.0027225399488581647
1069.0, 0.0012096279902338697
1070.0, 0.000986429406968087
1071.0, 0.00029362899094085204
1072.0, 0.0015084778157424285
1073.0, 0.003324649137075193
1074.0, 0.0026305069894532796
1075.0, 0.0016721963292576822
1076.0, 0.0011735776424012536
1077.0, 0.0029139049555789794
1078.0, 0.002661678684179081
1079.0, 0.0007911115824298227
1080.0, 0.002541035633938415
1081.0, 0.0029499744976837433
1082.0, 0.0034882618255267406
1083.0, 0.004171710222893718
1084.0, 0.003284385206262436
1085.0, 0.003848976503273592
1086.0, 0.002696801249148931
1087.0, 0.005054339172008112
1088.0, 0.004653836453793389
1089.0, 0.004316702055115652
1090.0, 0.0029685416659974866
1091.0, 0.004196495888766916
1092.0, 0.006696912465036002
1093.0, 0.007026777864542012
1094.0, 0.007019959347974343
1095.0, 0.008442789590518623
1096.0, 0.007395132499424392
1097.0, 0.006459592446738189
1098.0, 0.006176530459190174
1099.0, 0.006461642855935739
1100.0, 0.005954133065406326
1101.0, 0.005992727380059063
1102.0, 0.0055279897819476
1103.0, 0.0055081628883937245
1104.0, 0.006591691679592182
1105.0, 0.005665918340085393
1106.0, 0.003976522123914614
1107.0, 0.0052458632414139695
1108.0, 0.008192780130263116
1109.0, 0.008009101169134404
1110.0, 0.005481675656527391
1111.0, 0.005827397559293063
1112.0, 0.006967970111217124
1113.0, 0.006595667256015029
1114.0, 0.006150138193340929
1115.0, 0.006092074331014507
1116.0, 0.004572524330993641
1117.0, 0.005389705062901103
1118.0, 0.006235056689148115
1119.0, 0.006043626191555219
1120.0, 0.006943753888118924
1121.0, 0.005893040932039146
1122.0, 0.004797137230594551
1123.0, 0.005621298587251741
1124.0, 0.007639343886045839
1125.0, 0.008460315876550576
1126.0, 0.0069871260397533835
1127.0, 0.005705527559806777
1128.0, 0.004082143491267733
1129.0, 0.004777199466014209
1130.0, 0.005394612373271003
1131.0, 0.006622941658154083
1132.0, 0.005523802272422206
1133.0, 0.00557664812227394
1134.0, 0.006550186098008605
1135.0, 0.006277282825379217
1136.0, 0.005536660325719086
1137.0, 0.005031809437840362
1138.0, 0.005830417935923614
1139.0, 0.007088879402465562
1140.0, 0.006554103161885448
1141.0, 0.008676064155851742
1142.0, 0.00966738768704043
1143.0, 0.010655173377095506
1144.0, 0.013803849666626775
1145.0, 0.016186521794430198
1146.0, 0.016935588379685465
1147.0, 0.018773281277117287
1148.0, 0.021895020165121026
1149.0, 0.026196389736297683
1150.0, 0.03219630867189293
1151.0, 0.03824902228361016
1152.0, 0.044609881760507585
1153.0, 0.04650276066529049
1154.0, 0.0491499008264315
1155.0, 0.05240646381824779
1156.0, 0.05271660088709605
1157.0, 0.05200988114705825
1158.0, 0.05220496945960614
1159.0, 0.049153055029519124
1160.0, 0.0433902113697792
1161.0, 0.03901162229583058
1162.0, 0.03490079840082037
1163.0, 0.030964389469752215
1164.0, 0.029062565739563895
1165.0, 0.024791705848805492
1166.0, 0.02047348207265008
1167.0, 0.018693108922638958
1168.0, 0.01766328505866588
1169.0, 0.015486082771240903
1170.0, 0.012886791991006981
1171.0, 0.011326883239435679
1172.0, 0.012219978380739854
1173.0, 0.009247744159666785
1174.0, 0.007593324415261386
1175.0, 0.009232131885790118
1176.0, 0.006628555571129382
1177.0, 0.005362258910241176
1178.0, 0.004107957745549686
1179.0, 0.003048289315384781
1180.0, 0.003966207586919254
1181.0, 0.0040470310129348975
1182.0, 0.0015794928438448176
1183.0, 0.0012060403394287935
1184.0, 0.0011603758421118414
1185.0, 0.0012743650571967829
1186.0, 0.0004074278453022393
1187.0, 0.0008398503963496171
1188.0, 0.00260016809288513
1189.0, 0.000467985391668922
1190.0, 0.00043841345294179694
1191.0, 0.0011856378754811102
1192.0, 0.00046881128784236666
1193.0, 0.00026235018330704885
1194.0, 0.00047295589610114966
1195.0, 0.00046694862127248134
1196.0, 0.002179865152259015
1197.0, 0.0006651675438906672
1198.0, 0.000577671857777955
1199.0, 0.000512040319772838
1200.0, 0.0004534234376786759
1201.0, 0.000989292410090538
1202.0, 0.0008700568707620529
1203.0, 0.00045601569024192865
1204.0, 0.0008886967146759703
1205.0, 0.00079210223090722
1206.0, 0.0006099429668785431
1207.0, 0.0017958123008014171
1208.0, 0.002596597925760935
1209.0, 0.0020118566500946585
1210.0, 0.0016499216516084143
1211.0, 0.0012105870141678949
1212.0, 0.0021354924612126914
1213.0, 0.0005792159066756666
1214.0, 0.00044147092586540427
1215.0, 0.0007868589355481677
1216.0, 0.0005195265511017279
1217.0, 0.00018304387310576147
1218.0, 6.574826947644094e-05
1219.0, 0.000280934529558957
1220.0, 0.0007538816428278088
1221.0, 0.00023256694038761248
1222.0, 0.0011777520080913856
1223.0, 0.0004517548687940438
1224.0, 0.0016686370210042742
1225.0, 0.002303784939453746
1226.0, 0.0006675720899477334
1227.0, 0.0022432145396487062
1228.0, 0.0023485418166041268
1229.0, 0.0016374851689737676
1230.0, 0.0009819538868961844
1231.0, 0.0009047896033323242
1232.0, 0.003600959247564365
1233.0, 0.00238722265577501
1234.0, 0.0012573252226536072
1235.0, 0.0021781901727794865
1236.0, 0.0019709959807541894
1237.0, 8.239994682443002e-05
1238.0, 0.0016616199485979374
1239.0, 0.0024901208805833816
1240.0, 0.0005270188650907005
1241.0, 0.0006179663605695311
1242.0, 0.001136562947598353
1243.0, 0.002042160763949062
1244.0, 0.0017182840474889952
1245.0, 0.0019229916321791267
1246.0, 0.0011152609719945312
1247.0, 0.0029101708565973093
1248.0, 0.002123577839082747
1249.0, 0.0037293171657503277
1250.0, 0.003358102720608316
1251.0, 0.0016652983969504102
1252.0, 0.0001801126260803679
1253.0, 0.0005961042459561958
1254.0, 0.002297635645089123
1255.0, 0.0033991628234283653
1256.0, 0.002821849351288228
1257.0, 0.0022526043791396668
1258.0, 0.0044541001796362
1259.0, 0.006136050379726733
1260.0, 0.002953399888527784
1261.0, 0.0035695112202329127
1262.0, 0.002124502228878961
1263.0, 0.0017252085795336875
1264.0, 0.0010333168892230897
1265.0, 0.0037042315083681064
1266.0, 0.001273122787581437
1267.0, 0.0002488730866166937
1268.0, 0.00021846370308782848
1269.0, 0.0005802415965647223
1270.0, 0.0014253445418508435
1271.0, 0.0026618558985158085
1272.0, 0.0033312892809564325
1273.0, 0.002188780131695386
1274.0, 0.0020165461081926104
1275.0, 0.0012841758413102778
1276.0, 0.002812847495597209
1277.0, 0.0012920575267931682
1278.0, 0.0010720842740694206
1279.0, 0.002796013762736788
1280.0, 0.0029533358724965902
1281.0, 0.0017079907319743697
1282.0, 0.001221904065186542
1283.0, 0.0009441914836816046
1284.0, 0.0008050727465672446
1285.0, 0.0016548731009337013
1286.0, 0.00195850564542031
1287.0, 0.0010949651628519312
1288.0, 0.0009358203907036766
1289.0, 0.002103603774244499
1290.0, 0.001678313649987027
1291.0, 0.0006609487115401105
1292.0, 0.00021754900335971419
1293.0, 0.001212398279614874
1294.0, 0.0017784386234232087
1295.0, 0.0017700177860737795
1296.0, 0.0011230914846471307
1297.0, 0.00045164881893671686
1298.0, 7.960118030094949e-05
1299.0, 0.001278598355929644
1300.0, 0.0018167942218199797
1301.0, 0.00041285137517068596
1302.0, 6.0241870041175425e-05
1303, 0.0
1304, 0.0
1305, 0.0
1306, 0.0
1307, 0.0
1308, 0.0
1309, 0.0
1310, 0.0
1311, 0.0
1312, 0.0
1313, 0.0
1314, 0.0
1315, 0.0
1316, 0.0
1317, 0.0
1318, 0.0
1319, 0.0
1320, 0.0
1321, 0.0
1322, 0.0
1323, 0.0
1324, 0.0
1325, 0.0
1326, 0.0
1327, 0.0
1328, 0.0
1329, 0.0
1330, 0.0
1331, 0.0
1332, 0.0
1333, 0.0
1334, 0.0
1335, 0.0
1336, 0.0
1337, 0.0
1338, 0.0
1339, 0.0
1340, 0.0
1341, 0.0
1342, 0.0
1343, 0.0
1344, 0.0
1345, 0.0
1346, 0.0
1347, 0.0
1348, 0.0
1349, 0.0
1350, 0.0
1351, 0.0
1352, 0.0
1353, 0.0
1354, 0.0
1355, 0.0
1356, 0.0
1357, 0.0
1358, 0.0
1359, 0.0
1360, 0.0
1361, 0.0
1362, 0.0
1363, 0.0
1364, 0.0
1365, 0.0
1366, 0.0
1367, 0.0
1368, 0.0
1369, 0.0
1370, 0.0
1371, 0.0
1372, 0.0
1373, 0.0
1374, 0.0
1375, 0.0
1376, 0.0
1377, 0.0
1378, 0.0
1379, 0.0
1380, 0.0
1381, 0.0
1382, 0.0
1383, 0.0
1384, 0.0
1385, 0.0
1386, 0.0
1387, 0.0
1388, 0.0
1389, 0.0
1390, 0.0
1391, 0.0
1392, 0.0
1393, 0.0
1394, 0.0
1395, 0.0
1396, 0.0
1397, 0.0
1398, 0.0
1399, 0.0
1400, 0.0
1401, 0.0
1402, 0.0
1403, 0.0
1404, 0.0
1405, 0.0
1406, 0.0
1407, 0.0
1408, 0.0
1409, 0.0
1410, 0.0
1411, 0.0
1412, 0.0
1413, 0.0
1414, 0.0
1415, 0.0
1416, 0.0
1417, 0.0
1418, 0.0
1419, 0.0
1420, 0.0
1421, 0.0
1422, 0.0
1423, 0.0
1424, 0.0
1425, 0.0
1426, 0.0
1427, 0.0
1428, 0.0
1429, 0.0
1430, 0.0
1431, 0.0
1432, 0.0
1433, 0.0
1434, 0.0
1435, 0.0
1436, 0.0
1437, 0.0
1438, 0.0
1439, 0.0
1440, 0.0
1441, 0.0
1442, 0.0
1443, 0.0
1444, 0.0
1445, 0.0
1446, 0.0
1447, 0.0
1448, 0.0
1449, 0.0
1450, 0.0
1451, 0.0
1452, 0.0
1453, 0.0
1454, 0.0
1455, 0.0
1456, 0.0
1457, 0.0
1458, 0.0
1459, 0.0
1460, 0.0
1461, 0.0
1462, 0.0
1463, 0.0
1464, 0.0
1465, 0.0
1466, 0.0
1467, 0.0
1468, 0.0
1469, 0.0
1470, 0.0
1471, 0.0
1472, 0.0
1473, 0.0
1474, 0.0
1475, 0.0
1476, 0.0
1477, 0.0
1478, 0.0
1479, 0.0
1480, 0.0
1481, 0.0
1482, 0.0
1483, 0.0
1484, 0.0
1485, 0.0
1486, 0.0
1487, 0.0
1488, 0.0
1489, 0.0
1490, 0.0
1491, 0.0
1492, 0.0
1493, 0.0
1494, 0.0
1495, 0.0
1496, 0.0
1497, 0.0
1498, 0.0
1499, 0.0
1500, 0.0
1501, 0.0
1502, 0.0
1503, 0.0
1504, 0.0
1505, 0.0
1506, 0.0
1507, 0.0
1508, 0.0
1509, 0.0
1510, 0.0
1511, 0.0
1512, 0.0
1513, 0.0
1514, 0.0
1515, 0.0
1516, 0.0
1517, 0.0
1518, 0.0
1519, 0.0
1520, 0.0
1521, 0.0
1522, 0.0
1523, 0.0
1524, 0.0
1525, 0.0
1526, 0.0
1527, 0.0
1528, 0.0
1529, 0.0
1530, 0.0
1531, 0.0
1532, 0.0
1533, 0.0
1534, 0.0
1535, 0.0
1536, 0.0
1537, 0.0
1538, 0.0
1539, 0.0
1540, 0.0
1541, 0.0
1542, 0.0
1543, 0.0
1544, 0.0
1545, 0.0
1546, 0.0
1547, 0.0
1548, 0.0
1549, 0.0
1550, 0.0
1551, 0.0
1552, 0.0
1553, 0.0
1554, 0.0
1555, 0.0
1556, 0.0
1557, 0.0
1558, 0.0
1559, 0.0
1560, 0.0
1561, 0.0
1562, 0.0
1563, 0.0
1564, 0.0
1565, 0.0
1566, 0.0
1567, 0.0
1568, 0.0
1569, 0.0
1570, 0.0
1571, 0.0
1572, 0.0
1573, 0.0
1574, 0.0
1575, 0.0
1576, 0.0
1577, 0.0
1578, 0.0
1579, 0.0
1580, 0.0
1581, 0.0
1582, 0.0
1583, 0.0
1584, 0.0
1585, 0.0
1586, 0.0
1587, 0.0
1588, 0.0
1589, 0.0
1590, 0.0
1591, 0.0
1592, 0.0
1593, 0.0
1594, 0.0
1595, 0.0
1596, 0.0
1597, 0.0
1598, 0.0
1599, 0.0
