30, 0.0
31, 0.0
32, 0.0
33, 0.0
34, 0.0
35, 0.0
36, 0.0
37, 0.0
38, 0.0
39, 0.0
40, 0.0
41, 0.0
42, 0.0
43, 0.0
44, 0.0
45, 0.0
46, 0.0
47, 0.0
48, 0.0
49, 0.0
50, 0.0
51, 0.0
52, 0.0
53, 0.0
54, 0.0
55, 0.0
56, 0.0
57, 0.0
58, 0.0
59, 0.0
60, 0.0
61, 0.0
62, 0.0
63, 0.0
64, 0.0
65, 0.0
66, 0.0
67, 0.0
68, 0.0
69, 0.0
70, 0.0
71, 0.0
72, 0.0
73, 0.0
74, 0.0
75, 0.0
76, 0.0
77, 0.0
78, 0.0
79, 0.0
80, 0.0
81, 0.0
82, 0.0
83, 0.0
84, 0.0
85, 0.0
86, 0.0
87, 0.0
88, 0.0
89, 0.0
90, 0.0
91, 0.0
92, 0.0
93, 0.0
94, 0.0
95, 0.0
96, 0.0
97, 0.0
98, 0.0
99, 0.0
100, 0.0
101, 0.0
102, 0.0
103, 0.0
104, 0.0
105, 0.0
106, 0.0
107, 0.0
108, 0.0
109, 0.0
110, 0.0
111, 0.0
112, 0.0
113, 0.0
114, 0.0
115, 0.0
116, 0.0
117, 0.0
118, 0.0
119, 0.0
120, 0.0
121, 0.0
122, 0.0
123, 0.0
124, 0.0
125, 0.0
126, 0.0
127, 0.0
128, 0.0
129, 0.0
130, 0.0
131, 0.0
132, 0.0
133, 0.0
134, 0.0
135, 0.0
136, 0.0
137, 0.0
138, 0.0
139, 0.0
140, 0.0
141, 0.0
142, 0.0
143, 0.0
144, 0.0
145, 0.0
146, 0.0
147, 0.0
148, 0.0
149, 0.0
150, 0.0
151, 0.0
152, 0.0
153, 0.0
154, 0.0
155, 0.0
156, 0.0
157, 0.0
158, 0.0
159, 0.0
160, 0.0
161, 0.0
162, 0.0
163, 0.0
164, 0.0
165, 0.0
166, 0.0
167, 0.0
168, 0.0
169, 0.0
170, 0.0
171, 0.0
172, 0.0
173, 0.0
174, 0.0
175, 0.0
176, 0.0
177, 0.0
178, 0.0
179, 0.0
180, 0.0
181, 0.0
182, 0.0
183, 0.0
184, 0.0
185, 0.0
186, 0.0
187, 0.0
188, 0.0
189, 0.0
190, 0.0
191, 0.0
192, 0.0
193, 0.0
194, 0.0
195, 0.0
196, 0.0
197, 0.0
198, 0.0
199, 0.0
200, 0.0
201, 0.0
202, 0.0
203, 0.0
204, 0.0
205, 0.0
206, 0.0
207, 0.0
208, 0.0
209, 0.0
210, 0.0
211, 0.0
212, 0.0
213, 0.0
214, 0.0
215, 0.0
216, 0.0
217, 0.0
218.0, 0.0006466169877710566
219.0, 0.00355563687666111
220.0, 0.009096778972709612
221.0, 0.002592463568202123
222.0, 0.0019126184937192981
223.0, 0.004040434310073332
224.0, 0.005653433012074345
225.0, 0.0033571407707500126
226.0, 0.0032712614795378254
227.0, 0.004846938307678278
228.0, 0.003754679297884873
229.0, 0.0050807897041757364
230.0, 0.00450692063162794
231.0, 0.0009950585484026077
232.0, 0.006582719626084433
233.0, 0.010394516780229129
234.0, 0.013640777688702777
235.0, 0.017494031394469617
236.0, 0.014953509491154702
237.0, 0.018237542840952383
238.0, 0.025662062016662053
239.0, 0.030381259735119334
240.0, 0.03396755756548115
241.0, 0.04068404424875221
242.0, 0.051029256346223885
243.0, 0.05692022181051666
244.0, 0.061493008798222434
245.0, 0.06662793388308438
246.0, 0.07383256017330532
247.0, 0.07970784976005924
248.0, 0.08168075792286122
249.0, 0.08267034558419405
250.0, 0.08859113510483203
251.0, 0.08906046183618967
252.0, 0.08964514900258447
253.0, 0.09076487444008098
254.0, 0.08914405535252476
255.0, 0.08837477672697167
256.0, 0.0876881285261467
257.0, 0.08654995922533106
258.0, 0.0791788895850445
259.0, 0.07801000941586547
260.0, 0.07746750315047178
261.0, 0.07069679508078075
262.0, 0.07096511745385105
263.0, 0.06852380795992326
264.0, 0.0632100517647043
265.0, 0.05674311915080506
266.0, 0.05390781837059435
267.0, 0.048371979787312974
268.0, 0.039472579438400074
269.0, 0.03766721575749365
270.0, 0.03694275895833864
271.0, 0.034897654941225674
272.0, 0.029796423058886714
273.0, 0.029092570048477394
274.0, 0.023822846316650013
275.0, 0.018256121375385015
276.0, 0.01926610190163038
277.0, 0.016370119894307027
278.0, 0.01735663608783888
279.0, 0.020111200734469443
280.0, 0.013481115176828916
281.0, 0.014680884212405515
282.0, 0.017820085722775016
283.0, 0.01972050867316201
284.0, 0.00644554803264306
285.0, 0.00533564116931858
286.0, 0.007238789359437038
287.0, 0.005878189763048804
288.0, 0.0036997499917354785
289.0, 0.004166631445082935
290.0, 0.004871246771553614
291.0, 0.0018958192095448064
292.0, 0.000725105821651973
293.0, 0.0013349357421292918
294.0, 0.002604640182459536
295.0, 0.0007265124753987098
296.0, 0.0027875314789104224
297.0, 0.0048236614006619116
298.0, 0.005750136649258005
299.0, 0.006415992120682055
300.0, 0.0118226966735504
301.0, 0.014419508032159117
302.0, 0.009441481759804995
303.0, 0.007469968893966531
304.0, 0.010593828787413606
305.0, 0.015282059131682877
306.0, 0.017155618718866127
307.0, 0.01585176819122992
308.0, 0.017919596170434926
309.0, 0.02033373438772887
310.0, 0.014002708113400167
311.0, 0.021603713096021018
312.0, 0.024634379667567666
313.0, 0.02137044083113243
314.0, 0.02371073133121439
315.0, 0.02430836587275082
316.0, 0.02404166449844731
317.0, 0.023500621559135425
318.0, 0.026640435365610157
319.0, 0.027837532316479764
320.0, 0.02970208981013099
321.0, 0.03443234417359093
322.0, 0.03029046397363388
323.0, 0.029385807196218795
324.0, 0.03076021496018155
325.0, 0.03289170962935477
326.0, 0.03191838262287628
327.0, 0.03428100251070479
328.0, 0.03798309812551242
329.0, 0.03550096475537777
330.0, 0.041622999730931136
331.0, 0.04507036682448449
332.0, 0.04461960513472061
333.0, 0.04796067309899675
334.0, 0.05245948310864889
335.0, 0.05289541189492819
336.0, 0.04817245418207417
337.0, 0.05622874419077816
338.0, 0.056424297498105756
339.0, 0.05633000481672125
340.0, 0.06154081467184944
341.0, 0.06490964714694054
342.0, 0.06917705876548465
343.0, 0.07347018734465259
344.0, 0.07663174454125918
345.0, 0.07663276217128036
346.0, 0.08107233277606792
347.0, 0.08723249478941253
348.0, 0.08809978284203905
349.0, 0.09046050660513145
350.0, 0.0952928955466508
351.0, 0.10140468244542192
352.0, 0.10375646332420951
353.0, 0.11186278717580812
354.0, 0.11884895900397466
355.0, 0.12319464509556942
356.0, 0.12840617557549222
357.0, 0.14004908504542704
358.0, 0.1484484734340609
359.0, 0.14985959322121342
360.0, 0.16129532041695868
361.0, 0.16959151423072252
362.0, 0.1774699554321976
363.0, 0.18696841300942854
364.0, 0.19736796792558883
365.0, 0.20576735417052958
366.0, 0.21577739256101144
367.0, 0.23196664678268508
368.0, 0.23635117396762817
369.0, 0.2467877472283113
370.0, 0.25976731180330276
371.0, 0.2672505688737791
372.0, 0.2842184128734483
373.0, 0.2975963683243698
374.0, 0.30706754242895495
375.0, 0.31592263116386704
376.0, 0.33337501709161343
377.0, 0.3462461460794426
378.0, 0.3547641177937192
379.0, 0.37181986573843634
380.0, 0.3879857548459774
381.0, 0.40334766241482267
382.0, 0.4186088078207363
383.0, 0.4386338435737209
384.0, 0.45913766979784176
385.0, 0.47998440128322345
386.0, 0.5012050117899164
387.0, 0.523797851237369
388.0, 0.5485947809186671
389.0, 0.5792576394319155
390.0, 0.6178135204149131
391.0, 0.6384313007668501
392.0, 0.6778821946044911
393.0, 0.7189967726591214
394.0, 0.7458376383560293
395.0, 0.7884843429036524
396.0, 0.8216032708036576
397.0, 0.8492485044374155
398.0, 0.8767661463097525
399.0, 0.9251691780653143
400.0, 0.953840055137972
401.0, 0.9707503106531107
402.0, 0.9926930972102554
403.0, 0.9982573003416899
404.0, 0.9951864290720673
405.0, 0.9869000441157344
406.0, 0.9791057543907807
407.0, 0.9499723718680316
408.0, 0.9267673042639312
409.0, 0.9077285651519938
410.0, 0.8746632396187906
411.0, 0.8380217422448935
412.0, 0.8067863241028073
413.0, 0.7819054359085154
414.0, 0.759492115832314
415.0, 0.7113055307189934
416.0, 0.6623713775903696
417.0, 0.6211369698327011
418.0, 0.595149695917016
419.0, 0.5595543916928359
420.0, 0.5277374527878476
421.0, 0.5025312610429605
422.0, 0.4688103681087228
423.0, 0.4380389644164853
424.0, 0.40915269124381815
425.0, 0.38202881292801116
426.0, 0.35953027304007007
427.0, 0.3346869678456409
428.0, 0.3115558918624247
429.0, 0.291933426564806
430.0, 0.26854090524575575
431.0, 0.2512989631537802
432.0, 0.23886795863932125
433.0, 0.23009010103635089
434.0, 0.21438269926112857
435.0, 0.19897039189927415
436.0, 0.18722949012566156
437.0, 0.18163487144034107
438.0, 0.17027833517489724
439.0, 0.15946668518511242
440.0, 0.1512699482498347
441.0, 0.14758221188580023
442.0, 0.14063604162513138
443.0, 0.13268740428946135
444.0, 0.1281756818652893
445.0, 0.13177217629032761
446.0, 0.12236889485019192
447.0, 0.12458057954207993
448.0, 0.12837979489300388
449.0, 0.12182627923480757
450.0, 0.12490567634047564
451.0, 0.12421502898094218
452.0, 0.12214567029911157
453.0, 0.1221314613725765
454.0, 0.1409000584065549
455.0, 0.14983683870140094
456.0, 0.1563697625799469
457.0, 0.17224780414182123
458.0, 0.18728864488345223
459.0, 0.20004561497504522
460.0, 0.2159531376309178
461.0, 0.2433428297190221
462.0, 0.2533725988172947
463.0, 0.27209800029632875
464.0, 0.2937782712587979
465.0, 0.30713251632032357
466.0, 0.3268169168987947
467.0, 0.3454970401359932
468.0, 0.361087549174173
469.0, 0.37084704510149724
470.0, 0.38332094616297924
471.0, 0.3981024634036992
472.0, 0.41396995135705816
473.0, 0.42898646649893707
474.0, 0.4632418289600792
475.0, 0.4906482771734702
476.0, 0.5168914686008723
477.0, 0.5547401301771994
478.0, 0.5960841532632919
479.0, 0.6344426873291813
480.0, 0.6699140944325581
481.0, 0.7033401091637848
482.0, 0.750525314914575
483.0, 0.7825581015346378
484.0, 0.7948122653142714
485.0, 0.7823419282678863
486.0, 0.7778323110809412
487.0, 0.7560951490705137
488.0, 0.7196757098977989
489.0, 0.6746550958724276
490.0, 0.635750360628068
491.0, 0.5820496509760115
492.0, 0.5226648124144369
493.0, 0.4728525403665103
494.0, 0.42394329060382774
495.0, 0.3740039823040267
496.0, 0.3259695678911009
497.0, 0.2841305649738176
498.0, 0.2469601448449973
499.0, 0.21695399525349313
500.0, 0.19005732870744813
501.0, 0.16096445129810927
502.0, 0.1509547455594779
503.0, 0.13068016047600745
504.0, 0.10802176182593222
505.0, 0.09315559619593602
506.0, 0.0850987640994696
507.0, 0.0732644767922257
508.0, 0.0611326684298832
509.0, 0.05250508198251054
510.0, 0.048107323904376116
511.0, 0.04155817233414556
512.0, 0.035612696124868684
513.0, 0.032794018925280555
514.0, 0.029761630548132963
515.0, 0.02858566633464644
516.0, 0.02729343180331771
517.0, 0.024483680249407586
518.0, 0.025693736782751667
519.0, 0.023213876326652578
520.0, 0.018979693990109264
521.0, 0.014576518685695001
522.0, 0.013837837467311619
523.0, 0.01108821277114924
524.0, 0.009158183406319059
525.0, 0.009513075715159715
526.0, 0.009618079800019694
527.0, 0.01249002264404768
528.0, 0.012548584261909707
529.0, 0.008050241345957906
530.0, 0.007174866304637305
531.0, 0.004320284335980707
532.0, 0.0035348628243680965
533.0, 0.005219445580671001
534.0, 0.0021069773298847865
535.0, 0.005423763371846086
536.0, 0.005818773088290859
537.0, 0.0023867667133550567
538.0, 0.00456077676213659
539.0, 0.007317540897310338
540.0, 0.006972952586693284
541.0, 0.004426482219380517
542.0, 0.005829640325285716
543.0, 0.004741564254581422
544.0, 0.005463737508600946
545.0, 0.006669565226876405
546.0, 0.0028407390644430985
547.0, 0.0017194992483332142
548.0, 0.002586472468121811
549.0, 0.0066366166843557055
550.0, 0.016470670506772617
551.0, 0.005381484585514552
552.0, 0.0006966513004994145
553.0, 0.0032192853028821552
554.0, 0.010799011289584461
555.0, 0.0037120116317994048
556.0, 0.0058149401728791175
557.0, 0.009068488233584625
558.0, 0.0034772497433048647
559.0, 0.0017534610534181995
560.0, 0.0038705847008161575
561.0, 0.005544111675271099
562.0, 0.003389994879226528
563.0, 0.0037573450821674808
564.0, 0.0039981282766071175
565.0, 0.00330350310753548
566.0, 0.0016321048752255833
567.0, 0.0036810502615077277
568.0, 0.002181962915055337
569.0, 0.0016692454640013215
570.0, 0.004685791064535762
571.0, 0.01416829649043021
572.0, 0.013932645275820795
573.0, 0.010559600777067548
574.0, 0.010601891139352995
575.0, 0.03139691425983449
576.0, 0.02525856244166244
577.0, 0.017717968216173753
578.0, 0.014509123174980857
579.0, 0.016780049981039092
580.0, 0.014590227785379651
581.0, 0.01545872234273725
582.0, 0.018496007413593998
583.0, 0.020548064334251593
584.0, 0.021685623944380162
585.0, 0.026413572353645835
586.0, 0.031807973722329
587.0, 0.03411092697423438
588.0, 0.034664984937643736
589.0, 0.036132624828198824
590.0, 0.040039018664146594
591.0, 0.04725943432409045
592.0, 0.05232294673197384
593.0, 0.056375403718551785
594.0, 0.061357014248603424
595.0, 0.0679567845062597
596.0, 0.07350057625645148
597.0, 0.08563704311891639
598.0, 0.09364295234901826
599.0, 0.09644956593173903
600.0, 0.10492564180547294
601.0, 0.11501643058498418
602.0, 0.12147927509246109
603.0, 0.12773045295541882
604.0, 0.14487558591243338
605.0, 0.15024322424143352
606.0, 0.15470235381712774
607.0, 0.15878934790487403
608.0, 0.1615344515347714
609.0, 0.15836023803282864
610.0, 0.16124872184746855
611.0, 0.16323312419063427
612.0, 0.15747782917042627
613.0, 0.15258570580089476
614.0, 0.14909202311403352
615.0, 0.1468260431513197
616.0, 0.14466724336226922
617.0, 0.13445942736454394
618.0, 0.12724641663883784
619.0, 0.11976052347671831
620.0, 0.11110960621629387
621.0, 0.10254702503460293
622.0, 0.0993498620136603
623.0, 0.09241341101837106
624.0, 0.0840489063403544
625.0, 0.08376694718255015
626.0, 0.07731448383154303
627.0, 0.07114693218685293
628.0, 0.06609935081798893
629.0, 0.062475341069813194
630.0, 0.05470505871180932
631.0, 0.04791748729837115
632.0, 0.04476691075314733
633.0, 0.04636315732104375
634.0, 0.04071858846875299
635.0, 0.035672307848190955
636.0, 0.032267399526920044
637.0, 0.030327827807843658
638.0, 0.026472220728399887
639.0, 0.02755667658390723
640.0, 0.027460163276846573
641.0, 0.025472379184595162
642.0, 0.02374903811965814
643.0, 0.02578962742751531
644.0, 0.02320961049177416
645.0, 0.019005116112013422
646.0, 0.018807057812170434
647.0, 0.017326607353834626
648.0, 0.01708159174897329
649.0, 0.015772145999805136
650.0, 0.012064150435004528
651.0, 0.013047495032871753
652.0, 0.012161359724761484
653.0, 0.012931521507562077
654.0, 0.01546230445417934
655.0, 0.012947828479786032
656.0, 0.012957439510637297
657.0, 0.008778652834358615
658.0, 0.0038293958111332033
659.0, 0.009270563706998997
660.0, 0.007237098678107186
661.0, 0.004818913935577605
662.0, 0.004230736722669224
663.0, 0.00719889767523581
664.0, 0.00470306699694935
665.0, 0.005209744713165022
666.0, 0.005207936368557401
667.0, 0.0030544287549249044
668.0, 0.0038699046111170384
669.0, 0.00459754271157818
670.0, 0.004349818421700254
671.0, 0.003541601842303375
672.0, 0.004387584688156774
673.0, 0.001778593512307885
674.0, 0.002673774106118299
675.0, 0.006042896716902538
676.0, 0.00875829161795822
677.0, 0.0032777867679911607
678.0, 0.0031213668982740615
679.0, 0.0041231987387567864
680.0, 0.0029364075065423777
681.0, 0.0026048982216615437
682.0, 0.004137249575318237
683.0, 0.004274363313642305
684.0, 0.0034705456068105872
685.0, 0.008247854615494961
686.0, 0.010042938369877828
687.0, 0.008869757076066818
688.0, 0.007044071490214481
689.0, 0.008518016346459094
690.0, 0.007154164778794446
691.0, 0.008829067910201592
692.0, 0.010693730846172912
693.0, 0.01033099437631506
694.0, 0.010266825922592522
695.0, 0.011658700364107568
696.0, 0.012313247011442452
697.0, 0.010982884069137316
698.0, 0.0063892804760355614
699.0, 0.01194066936871903
700.0, 0.01323164704159022
701.0, 0.011533814922560962
702.0, 0.01290418189436061
703.0, 0.0077852798137400476
704.0, 0.006072685835212838
705.0, 0.006672888743976072
706.0, 0.008522966307603548
707.0, 0.012332163930445499
708.0, 0.01597670895054661
709.0, 0.012099627839065534
710.0, 0.004122426214858152
711.0, 0.011091997365847586
712.0, 0.011790163739754125
713.0, 0.008835344508379207
714.0, 0.006787243281662686
715.0, 0.01118887258272696
716.0, 0.0075277827269596715
717.0, 0.008413860010301576
718.0, 0.009401292957740696
719.0, 0.008081135833439371
720.0, 0.007721496153247815
721.0, 0.008527815817206024
722.0, 0.007868734155322799
723.0, 0.0062864936078181576
724.0, 0.006643360854639732
725.0, 0.009119760285051633
726.0, 0.007982601246159564
727.0, 0.008012817381729273
728.0, 0.013337249064857323
729.0, 0.007209818581901892
730.0, 0.007715942733594867
731.0, 0.00802244309545792
732.0, 0.005842599611309393
733.0, 0.004114445961040119
734.0, 0.008692485877766365
735.0, 0.00898872068007609
736.0, 0.006105487850690709
737.0, 0.004234377370234885
738.0, 0.00947430789240961
739.0, 0.010643533383444303
740.0, 0.011230571470802846
741.0, 0.01272219679911607
742.0, 0.009808292849167632
743.0, 0.00913392094851595
744.0, 0.007490962745381982
745.0, 0.005843299262726499
746.0, 0.007851342506272837
747.0, 0.0069465833100338225
748.0, 0.007848212930892315
749.0, 0.009513135487070976
750.0, 0.010799164120227358
751.0, 0.011754487142025616
752.0, 0.012636560184704501
753.0, 0.013997322582358192
754.0, 0.015112985793788614
755.0, 0.013482013059993986
756.0, 0.013745230180726016
757.0, 0.013007939958233083
758.0, 0.01259135874961114
759.0, 0.013919029730744725
760.0, 0.012152601290386372
761.0, 0.009406912686926207
762.0, 0.010956753325987178
763.0, 0.01602873119123988
764.0, 0.014130588254554124
765.0, 0.013880319240192972
766.0, 0.018496948472490313
767.0, 0.021562657774091176
768.0, 0.015134708635012198
769.0, 0.015207287776703663
770.0, 0.02240430885613886
771.0, 0.026313837399907895
772.0, 0.023888988888985833
773.0, 0.024076131350789218
774.0, 0.0216082534543603
775.0, 0.02472749811724031
776.0, 0.029218165013512168
777.0, 0.02764417633767933
778.0, 0.02671770788708417
779.0, 0.02841890493187319
780.0, 0.029723133957321617
781.0, 0.029814532249000703
782.0, 0.03231553255716209
783.0, 0.03279289843990845
784.0, 0.032562235552514765
785.0, 0.032622897265372694
786.0, 0.0340256402069755
787.0, 0.03539992249607771
788.0, 0.037365095194251546
789.0, 0.03820186378853989
790.0, 0.037255411659035134
791.0, 0.03565340579956711
792.0, 0.034404099670901175
793.0, 0.03319801545424219
794.0, 0.032077914085363896
795.0, 0.03115890644284337
796.0, 0.03027396381776886
797.0, 0.029611438652410702
798.0, 0.029611188217889335
799.0, 0.030079369575101322
800.0, 0.029492552000418146
801.0, 0.032333030834010956
802.0, 0.032243605824386255
803.0, 0.031365869304664985
804.0, 0.03309727176406485
805.0, 0.03035489303195214
806.0, 0.031275018171834534
807.0, 0.02972762167201681
808.0, 0.025828425051905256
809.0, 0.028488332370800187
810.0, 0.0317070235517268
811.0, 0.02931198513601285
812.0, 0.02732332420373719
813.0, 0.03196956533641941
814.0, 0.034089826535400526
815.0, 0.03515766976854307
816.0, 0.03195865495766248
817.0, 0.02713217043284382
818.0, 0.029864576295159824
819.0, 0.027989674811887542
820.0, 0.026747105513289893
821.0, 0.026551199906814277
822.0, 0.027144977012695932
823.0, 0.02636795692475424
824.0, 0.024760892378927906
825.0, 0.022972175875726558
826.0, 0.020843189040688055
827.0, 0.01780286398898543
828.0, 0.01508160762285117
829.0, 0.013559076008299845
830.0, 0.010608799791775298
831.0, 0.0064643236546706034
832.0, 0.009654278436265111
833.0, 0.009173455220449924
834.0, 0.007852295398904838
835.0, 0.00567019442535936
836.0, 0.0022994527817290842
837.0, 0.003466413822127718
838.0, 0.004981111098370716
839.0, 0.00486631613485466
840.0, 0.003931366693836305
841.0, 0.006844773987872711
842.0, 0.005764051777095955
843.0, 0.005196428795464822
844.0, 0.004400495379369364
845.0, 0.002512375339426513
846.0, 0.0004150195202958049
847.0, 0.0013934149858748598
848.0, 0.0015252455161891922
849.0, 0.0007821917479057447
850.0, 0.0009608795502672576
851.0, 0.0005243941958764959
852.0, 0.0014719650580040484
853.0, 0.0025696225788416995
854.0, 0.003254048642624069
855.0, 0.004203767858023722
856.0, 0.005920866985256392
857.0, 0.007756741794662405
858.0, 0.007499293758163945
859.0, 0.0037395897477188944
860.0, 0.005382039660402696
861.0, 0.007657500709504402
862.0, 0.005230288200722758
863.0, 0.001006129848150258
864.0, 0.004315427062049828
865.0, 0.004268270698681087
866.0, 0.003033869251616484
867.0, 0.0014735872640269483
868.0, 0.00042282681831374474
869.0, 0.001091049901937166
870.0, 0.0021032787585443654
871.0, 0.004677140805614798
872.0, 0.00553015207181634
873.0, 0.0016162027810506427
874.0, 0.0018202283481710364
875.0, 0.0007209745252770502
876.0, 0.0016559266587821814
877.0, 0.0033224019705668816
878.0, 0.0009834926622119477
879.0, 0.003036097295260752
880.0, 0.00175850429632306
881.0, 0.0005938535093239449
882.0, 0.0010314989987890066
883.0, 0.00026272675667709595
884.0, 0.0023067943028885892
885.0, 0.0027937713121374275
886.0, 0.002342789402354642
887.0, 0.0022774707172483846
888.0, 0.0033889798457863605
889.0, 0.0018872533232799462
890.0, 0.0023501312354800626
891.0, 0.0037196438632726594
892.0, 0.0022079090179890205
893.0, 0.002593876449741639
894.0, 0.003564334070522093
895.0, 0.0033847087470837787
896.0, 0.0030334915261470826
897.0, 0.007723230479832616
898.0, 0.002332451103496317
899.0, 0.0003521993546288765
900.0, 0.0032354191591024775
901.0, 0.008673138642053081
902.0, 0.0032080747082969866
903.0, 0.001478425176668571
904.0, 0.0008613561524447718
905.0, 0.0005955010954012633
906.0, 0.0006496220180855793
907.0, 0.005595695636893517
908.0, 0.0035491874772678395
909.0, 0.001225769486825613
910.0, 0.0016508113924243455
911.0, 0.006055791836646487
912.0, 0.0020962466029632257
913.0, 0.0016655392074740607
914.0, 0.002521531818341376
915.0, 0.0039047210594814813
916.0, 0.007391530826344838
917.0, 0.0024709677165829494
918.0, 0.002526038499842962
919.0, 0.003763972688464916
920.0, 0.002941853002831755
921.0, 0.0034620833135045014
922.0, 0.003006918377792597
923.0, 0.0019143757065530644
924.0, 0.0008467292322150439
925.0, 0.0011325457761497846
926.0, 0.009348903483878044
927.0, 0.008297983349548942
928.0, 0.008363720904416765
929.0, 0.008730884056558273
930.0, 0.003739773503472539
931.0, 0.0028019155134796953
932.0, 0.0012371095219637892
933.0, 0.002800446800078611
934.0, 0.006182879020636407
935.0, 0.004822745921525998
936.0, 0.003951127054016
937.0, 0.0038553946292242034
938.0, 0.0029563415118810743
939.0, 0.001140792583992915
940.0, 0.0011868841703473229
941.0, 0.002483581086338685
942.0, 0.0031502309304990888
943.0, 0.003141815444834894
944.0, 0.002576804636141978
945.0, 0.0014142786044587458
946.0, 0.005590929340366557
947.0, 0.0043622523518670984
948.0, 0.0017097802827240295
949.0, 0.003174725988114361
950.0, 0.004719515190632849
951.0, 0.0030716623930762163
952.0, 0.0031229144062966782
953.0, 0.0035571482631028654
954.0, 0.00150949096119718
955.0, 0.003988429679672746
956.0, 0.005363007934676777
957.0, 0.004058324189820985
958.0, 0.0028863497262699095
959.0, 0.007197845582144218
960.0, 0.008258855805144657
961.0, 0.005209829700388045
962.0, 0.0033621136074935224
963.0, 0.004019203538902724
964.0, 0.00492881491357614
965.0, 0.00433665181504314
966.0, 0.0051282435247968945
967.0, 0.005966052185736492
968.0, 0.006510635820766481
969.0, 0.007906040881003556
970.0, 0.008013478838640961
971.0, 0.007644012646947445
972.0, 0.008652646746202038
973.0, 0.010339509653729007
974.0, 0.006423311672316268
975.0, 0.010607928866232035
976.0, 0.010019602945957036
977.0, 0.006796764054219477
978.0, 0.006034604257533709
979.0, 0.018298155335018943
980.0, 0.00842820105922897
981.0, 0.007581800278572568
982.0, 0.012588511650751439
983.0, 0.015452677789599417
984.0, 0.007670634780273793
985.0, 0.010074999397818703
986.0, 0.011848594649219715
987.0, 0.012709342223632453
988.0, 0.014335818945686765
989.0, 0.018415092130421206
990.0, 0.012910604554070358
991.0, 0.014836957834549054
992.0, 0.018117793680758748
993.0, 0.014270456528518967
994.0, 0.01711929177593952
995.0, 0.017492358134424953
996.0, 0.016900377581418307
997.0, 0.017299021865247836
998.0, 0.02025570146233648
999.0, 0.022776034858185377
1000.0, 0.02273981735287917
1001.0, 0.02579059520756592
1002.0, 0.030318412981810535
1003.0, 0.03239553000921452
1004.0, 0.03171906582384095
1005.0, 0.02960241017653343
1006.0, 0.029087347994634645
1007.0, 0.029577457357884022
1008.0, 0.029149778014191857
1009.0, 0.02795961606245386
1010.0, 0.02558580506587903
1011.0, 0.03192204582006975
1012.0, 0.03927007214364698
1013.0, 0.03432136175835694
1014.0, 0.03255722472519759
1015.0, 0.03845468023559182
1016.0, 0.03809940806844046
1017.0, 0.034702931951782125
1018.0, 0.03774421584057014
1019.0, 0.03604980405236653
1020.0, 0.03511846573386301
1021.0, 0.03857661791279742
1022.0, 0.042628835687678314
1023.0, 0.040965726011335045
1024.0, 0.03966041127624682
1025.0, 0.045881032633394304
1026.0, 0.04524060161270061
1027.0, 0.038830912431510205
1028.0, 0.03491429432776402
1029.0, 0.04328990827575359
1030.0, 0.04417437126240079
1031.0, 0.0453859566267746
1032.0, 0.04627585707450677
1033.0, 0.04370973923120811
1034.0, 0.04294455875500252
1035.0, 0.049301422576367965
1036.0, 0.04997024967062521
1037.0, 0.04872970073407843
1038.0, 0.05314078508984918
1039.0, 0.05148199408178154
1040.0, 0.04587531267108754
1041.0, 0.04603727137583938
1042.0, 0.04729166193160448
1043.0, 0.04330835226203889
1044.0, 0.04734618787031454
1045.0, 0.05006241036813434
1046.0, 0.04764381832288831
1047.0, 0.04649399540604291
1048.0, 0.05108789080052868
1049.0, 0.04194044257779771
1050.0, 0.04262404413589972
1051.0, 0.044501562782003644
1052.0, 0.04544466788118434
1053.0, 0.04533122322187924
1054.0, 0.046678161376141676
1055.0, 0.043127958551032866
1056.0, 0.046680061592001054
1057.0, 0.0521714764080924
1058.0, 0.05296164462799341
1059.0, 0.04589283197601787
1060.0, 0.05158500207690393
1061.0, 0.05072076751320135
1062.0, 0.05016972414754222
1063.0, 0.05412645757026211
1064.0, 0.054771994399558044
1065.0, 0.051554922796838154
1066.0, 0.0499556834827556
1067.0, 0.05388178284491556
1068.0, 0.060685459664165255
1069.0, 0.05778119603348745
1070.0, 0.061665282809599126
1071.0, 0.06444625681641208
1072.0, 0.06615779288263071
1073.0, 0.0674747866144101
1074.0, 0.06949173248999722
1075.0, 0.07161436534136699
1076.0, 0.07415637662336198
1077.0, 0.07555351229201483
1078.0, 0.07671367848561672
1079.0, 0.08034612861446763
1080.0, 0.08767309391559168
1081.0, 0.08825027092779607
1082.0, 0.09016017762506613
1083.0, 0.09549712771416788
1084.0, 0.10250599972737826
1085.0, 0.10233360695370775
1086.0, 0.09890478841216857
1087.0, 0.10219123494433414
1088.0, 0.10449825983973514
1089.0, 0.09933777265481131
1090.0, 0.11414587623715707
1091.0, 0.11798072066010407
1092.0, 0.11835300513220781
1093.0, 0.11892125944177825
1094.0, 0.11986870115848054
1095.0, 0.11315332305081177
1096.0, 0.1226436112866729
1097.0, 0.12531174155113078
1098.0, 0.11878649240809103
1099.0, 0.11014013761520347
1100.0, 0.1183892362337889
1101.0, 0.12557928041165042
1102.0, 0.1289956836745879
1103.0, 0.12983990007748591
1104.0, 0.12831315106260077
1105.0, 0.12381061306292275
1106.0, 0.12441008157378333
1107.0, 0.12379811411782622
1108.0, 0.12377958325341441
1109.0, 0.12605620057383257
1110.0, 0.13059928095562587
1111.0, 0.12313162368639348
1112.0, 0.12194169407223568
1113.0, 0.12352196454274941
1114.0, 0.123469310068292
1115.0, 0.12105669375777306
1116.0, 0.13147322478123
1117.0, 0.12317329973097398
1118.0, 0.12106274388834905
1119.0, 0.12693968241652262
1120.0, 0.1331102196870063
1121.0, 0.11989242441443287
1122.0, 0.12655867057522474
1123.0, 0.12854249058799594
1124.0, 0.1261897140635873
1125.0, 0.12441778721558722
1126.0, 0.13070651320256538
1127.0, 0.12940792859775518
1128.0, 0.12580471489175218
1129.0, 0.125829842239463
1130.0, 0.12750456630369147
1131.0, 0.12631751273051142
1132.0, 0.12970466370305128
1133.0, 0.1274370432974584
1134.0, 0.12867085502040762
1135.0, 0.1306061837679211
1136.0, 0.13024552868324346
1137.0, 0.13265214223465763
1138.0, 0.12386575077743997
1139.0, 0.12938333354818432
1140.0, 0.1349344608163991
1141.0, 0.13094374287777005
1142.0, 0.11962371780172538
1143.0, 0.13765942815381124
1144.0, 0.1316863058669021
1145.0, 0.1286720310008821
1146.0, 0.13132341136919126
1147.0, 0.12896570847764127
1148.0, 0.1337937580866341
1149.0, 0.13575288105896124
1150.0, 0.13200201282748786
1151.0, 0.1279800628132584
1152.0, 0.128384734907793
1153.0, 0.12863827737789604
1154.0, 0.11977526625867743
1155.0, 0.12513607772894558
1156.0, 0.12707994082181912
1157.0, 0.12177728826837597
1158.0, 0.12710064330853774
1159.0, 0.1250087081464215
1160.0, 0.11583325774496711
1161.0, 0.1116972152227494
1162.0, 0.11141968530092124
1163.0, 0.10792355735569881
1164.0, 0.10521907779599846
1165.0, 0.10723413015656309
1166.0, 0.10453471775954838
1167.0, 0.09955519274919877
1168.0, 0.09620103796997354
1169.0, 0.09575981790636355
1170.0, 0.09298854047863836
1171.0, 0.09713647171955103
1172.0, 0.0958679611623995
1173.0, 0.08991042282662616
1174.0, 0.09078658765984517
1175.0, 0.08244648222225326
1176.0, 0.08061226817492104
1177.0, 0.0768318976632806
1178.0, 0.07400475991642451
1179.0, 0.07550175683169837
1180.0, 0.07263829919368382
1181.0, 0.07166163452708962
1182.0, 0.06903745868196019
1183.0, 0.0641412423089424
1184.0, 0.06087260814056963
1185.0, 0.06694474011288482
1186.0, 0.055670557018410255
1187.0, 0.04934127170399525
1188.0, 0.051861744095883996
1189.0, 0.05262883114481551
1190.0, 0.04218372079110916
1191.0, 0.0474146571450704
1192.0, 0.04160092317826769
1193.0, 0.03609962985193885
1194.0, 0.035758541190974595
1195.0, 0.038085135627954264
1196.0, 0.031796721451881775
1197.0, 0.0307225337722381
1198.0, 0.033975190983751756
1199.0, 0.02989063666358369
1200.0, 0.023862593280201422
1201.0, 0.026506143080885412
1202.0, 0.027050811370306
1203.0, 0.021603277805887017
1204.0, 0.02542585257745845
1205.0, 0.024485488969709906
1206.0, 0.015494211286386327
1207.0, 0.018472430122637506
1208.0, 0.024310106291397366
1209.0, 0.01784745955171578
1210.0, 0.01871547481463289
1211.0, 0.02123403525420913
1212.0, 0.012734237266925963
1213.0, 0.013885956469334106
1214.0, 0.01935476506909092
1215.0, 0.01733575610199143
1216.0, 0.013717166838043715
1217.0, 0.01273686370010726
1218.0, 0.01240193241654072
1219.0, 0.010901779708233243
1220.0, 0.013116919512386933
1221.0, 0.013682842640306185
1222.0, 0.011154059897393157
1223.0, 0.007889513945981823
1224.0, 0.013300257134582515
1225.0, 0.014103794680014898
1226.0, 0.007856595843104608
1227.0, 0.005296581425653009
1228.0, 0.008192926773155097
1229.0, 0.007872512603682002
1230.0, 0.01433124043534576
1231.0, 0.009117009484485083
1232.0, 0.008116486545003089
1233.0, 0.010422617518556903
1234.0, 0.011644543661643388
1235.0, 0.013436517785403505
1236.0, 0.005046367449041992
1237.0, 0.010590190519223898
1238.0, 0.012126377662492414
1239.0, 0.009130536436631625
1240.0, 0.013320964990161692
1241.0, 0.01338175472901909
1242.0, 0.004626699909098591
1243.0, 0.00878039404428971
1244.0, 0.010798485108694609
1245.0, 0.0033569811158900885
1246.0, 0.003542429532514645
1247.0, 0.01826336859661193
1248.0, 0.011914105590793471
1249.0, 0.010516679154126941
1250.0, 0.013545594038768117
1251.0, 0.010499872716095822
1252.0, 0.0017624765148548382
1253.0, 0.009928371308718108
1254.0, 0.008943408337039093
1255.0, 0.0056677882238029545
1256.0, 0.006883719752444822
1257.0, 0.014163375295926123
1258.0, 0.01128810991460776
1259.0, 0.006635969494063445
1260.0, 0.005573670121684231
1261.0, 0.005046886604553422
1262.0, 0.0046366342344328765
1263.0, 0.011250742576589845
1264.0, 0.007410044149209985
1265.0, 0.002331407876950317
1266.0, 0.007937146766559985
1267.0, 0.012531704236980109
1268.0, 0.004292137611020849
1269.0, 0.006078783038893782
1270.0, 0.02508187838951508
1271.0, 0.013819836770561676
1272.0, 0.007384418847275689
1273.0, 0.01307045793998895
1274.0, 0.0126055584477371
1275.0, 0.005131484074209771
1276.0, 0.013498917026477996
1277.0, 0.010603705096100823
1278.0, 0.006625522574828374
1279.0, 0.010189302423575275
1280.0, 0.01747341229359656
1281.0, 0.004968452818111532
1282.0, 0.006476628899697139
1283.0, 0.01103771219243084
1284.0, 0.010331895295378923
1285.0, 0.0054025060092211565
1286.0, 0.014026971111238743
1287.0, 0.002902871444759021
1288.0, 0.004542436497591581
1289.0, 0.013717283919163163
1290.0, 0.017469990693648133
1291.0, 0.008788806037737601
1292.0, 0.011322958613347235
1293.0, 0.016587793587943604
1294.0, 0.014528245481275567
1295.0, 0.011622089664439476
1296.0, 0.010253533511509013
1297.0, 0.008427863761123621
1298.0, 0.0038048073478130426
1299.0, 0.020892918466026505
1300.0, 0.011953112421796377
1301.0, 0.0044734035882178485
1302.0, 0.009804509604189078
1303.0, 0.010908150548123958
1304.0, 0.003349351851490416
1305.0, 0.010122795684059481
1306.0, 0.010271474407712889
1307.0, 0.008256266284957908
1308.0, 0.010724188409135464
1309.0, 0.01786853880408526
1310.0, 0.01394643746002798
1311.0, 0.013129278192050195
1312.0, 0.012110280859066352
1313.0, 0.009854139688363472
1314.0, 0.008706447622001363
1315.0, 0.01519617970800015
1316.0, 0.018148146808678475
1317.0, 0.009547394682173894
1318.0, 0.008919610931500994
1319.0, 0.012661056010377333
1320.0, 0.010575847020947977
1321.0, 0.001456642438581894
1322.0, 0.01639450885222231
1323.0, 0.01231253859093371
1324.0, 0.00921717950005274
1325.0, 0.012938038976115625
1326.0, 0.016494978151985952
1327.0, 0.0012381887757907193
1328.0, 0.013280073878378824
1329.0, 0.011664001401129923
1330.0, 0.006425973609781236
1331.0, 0.006077399573468436
1332.0, 0.011228234370076763
1333.0, 0.005258488861991242
1334.0, 0.0038012897946448887
1335.0, 0.008695430547548358
1336.0, 0.00887843500645287
1337.0, 0.006647039232181212
1338.0, 0.01003948928371826
1339.0, 0.010694565746312069
1340.0, 0.005496316208494849
1341.0, 0.00649399208884733
1342.0, 0.010615771392529004
1343.0, 0.009985520841621878
1344.0, 0.0012484300243235128
1345.0, 0.0096618072614609
1346.0, 0.00233981343864915
1347.0, 3.239637499040071e-05
1348, 0.0
1349, 0.0
1350, 0.0
1351, 0.0
1352, 0.0
1353, 0.0
1354, 0.0
1355, 0.0
1356, 0.0
1357, 0.0
1358, 0.0
1359, 0.0
1360, 0.0
1361, 0.0
1362, 0.0
1363, 0.0
1364, 0.0
1365, 0.0
1366, 0.0
1367, 0.0
1368, 0.0
1369, 0.0
1370, 0.0
1371, 0.0
1372, 0.0
1373, 0.0
1374, 0.0
1375, 0.0
1376, 0.0
1377, 0.0
1378, 0.0
1379, 0.0
1380, 0.0
1381, 0.0
1382, 0.0
1383, 0.0
1384, 0.0
1385, 0.0
1386, 0.0
1387, 0.0
1388, 0.0
1389, 0.0
1390, 0.0
1391, 0.0
1392, 0.0
1393, 0.0
1394, 0.0
1395, 0.0
1396, 0.0
1397, 0.0
1398, 0.0
1399, 0.0
1400, 0.0
1401, 0.0
1402, 0.0
1403, 0.0
1404, 0.0
1405, 0.0
1406, 0.0
1407, 0.0
1408, 0.0
1409, 0.0
1410, 0.0
1411, 0.0
1412, 0.0
1413, 0.0
1414, 0.0
1415, 0.0
1416, 0.0
1417, 0.0
1418, 0.0
1419, 0.0
1420, 0.0
1421, 0.0
1422, 0.0
1423, 0.0
1424, 0.0
1425, 0.0
1426, 0.0
1427, 0.0
1428, 0.0
1429, 0.0
1430, 0.0
1431, 0.0
1432, 0.0
1433, 0.0
1434, 0.0
1435, 0.0
1436, 0.0
1437, 0.0
1438, 0.0
1439, 0.0
1440, 0.0
1441, 0.0
1442, 0.0
1443, 0.0
1444, 0.0
1445, 0.0
1446, 0.0
1447, 0.0
1448, 0.0
1449, 0.0
1450, 0.0
1451, 0.0
1452, 0.0
1453, 0.0
1454, 0.0
1455, 0.0
1456, 0.0
1457, 0.0
1458, 0.0
1459, 0.0
1460, 0.0
1461, 0.0
1462, 0.0
1463, 0.0
1464, 0.0
1465, 0.0
1466, 0.0
1467, 0.0
1468, 0.0
1469, 0.0
1470, 0.0
1471, 0.0
1472, 0.0
1473, 0.0
1474, 0.0
1475, 0.0
1476, 0.0
1477, 0.0
1478, 0.0
1479, 0.0
1480, 0.0
1481, 0.0
1482, 0.0
1483, 0.0
1484, 0.0
1485, 0.0
1486, 0.0
1487, 0.0
1488, 0.0
1489, 0.0
1490, 0.0
1491, 0.0
1492, 0.0
1493, 0.0
1494, 0.0
1495, 0.0
1496, 0.0
1497, 0.0
1498, 0.0
1499, 0.0
1500, 0.0
1501, 0.0
1502, 0.0
1503, 0.0
1504, 0.0
1505, 0.0
1506, 0.0
1507, 0.0
1508, 0.0
1509, 0.0
1510, 0.0
1511, 0.0
1512, 0.0
1513, 0.0
1514, 0.0
1515, 0.0
1516, 0.0
1517, 0.0
1518, 0.0
1519, 0.0
1520, 0.0
1521, 0.0
1522, 0.0
1523, 0.0
1524, 0.0
1525, 0.0
1526, 0.0
1527, 0.0
1528, 0.0
1529, 0.0
1530, 0.0
1531, 0.0
1532, 0.0
1533, 0.0
1534, 0.0
1535, 0.0
1536, 0.0
1537, 0.0
1538, 0.0
1539, 0.0
1540, 0.0
1541, 0.0
1542, 0.0
1543, 0.0
1544, 0.0
1545, 0.0
1546, 0.0
1547, 0.0
1548, 0.0
1549, 0.0
1550, 0.0
1551, 0.0
1552, 0.0
1553, 0.0
1554, 0.0
1555, 0.0
1556, 0.0
1557, 0.0
1558, 0.0
1559, 0.0
1560, 0.0
1561, 0.0
1562, 0.0
1563, 0.0
1564, 0.0
1565, 0.0
1566, 0.0
1567, 0.0
1568, 0.0
1569, 0.0
1570, 0.0
1571, 0.0
1572, 0.0
1573, 0.0
1574, 0.0
1575, 0.0
1576, 0.0
1577, 0.0
1578, 0.0
1579, 0.0
1580, 0.0
1581, 0.0
1582, 0.0
1583, 0.0
1584, 0.0
1585, 0.0
1586, 0.0
1587, 0.0
1588, 0.0
1589, 0.0
1590, 0.0
1591, 0.0
1592, 0.0
1593, 0.0
1594, 0.0
1595, 0.0
1596, 0.0
1597, 0.0
1598, 0.0
1599, 0.0
