30, 0.0
31, 0.0
32, 0.0
33, 0.0
34, 0.0
35, 0.0
36, 0.0
37, 0.0
38, 0.0
39, 0.0
40, 0.0
41, 0.0
42, 0.0
43, 0.0
44, 0.0
45, 0.0
46, 0.0
47, 0.0
48, 0.0
49, 0.0
50, 0.0
51, 0.0
52, 0.0
53, 0.0
54, 0.0
55, 0.0
56, 0.0
57, 0.0
58, 0.0
59, 0.0
60, 0.0
61, 0.0
62, 0.0
63, 0.0
64, 0.0
65, 0.0
66, 0.0
67, 0.0
68, 0.0
69, 0.0
70, 0.0
71, 0.0
72, 0.0
73, 0.0
74, 0.0
75, 0.0
76, 0.0
77, 0.0
78, 0.0
79, 0.0
80, 0.0
81, 0.0
82, 0.0
83, 0.0
84, 0.0
85, 0.0
86, 0.0
87, 0.0
88, 0.0
89, 0.0
90, 0.0
91, 0.0
92, 0.0
93, 0.0
94, 0.0
95, 0.0
96, 0.0
97, 0.0
98, 0.0
99, 0.0
100, 0.0
101, 0.0
102, 0.0
103, 0.0
104, 0.0
105, 0.0
106, 0.0
107, 0.0
108, 0.0
109, 0.0
110, 0.0
111, 0.0
112, 0.0
113, 0.0
114, 0.0
115, 0.0
116, 0.0
117, 0.0
118, 0.0
119, 0.0
120, 0.0
121, 0.0
122, 0.0
123, 0.0
124, 0.0
125, 0.0
126, 0.0
127, 0.0
128, 0.0
129, 0.0
130, 0.0
131, 0.0
132, 0.0
133, 0.0
134, 0.0
135, 0.0
136, 0.0
137, 0.0
138, 0.0
139, 0.0
140, 0.0
141, 0.0
142, 0.0
143, 0.0
144, 0.0
145, 0.0
146, 0.0
147, 0.0
148, 0.0
149, 0.0
150, 0.0
151, 0.0
152, 0.0
153, 0.0
154, 0.0
155, 0.0
156, 0.0
157, 0.0
158, 0.0
159, 0.0
160, 0.0
161, 0.0
162, 0.0
163, 0.0
164, 0.0
165, 0.0
166, 0.0
167, 0.0
168, 0.0
169, 0.0
170, 0.0
171, 0.0
172, 0.0
173, 0.0
174, 0.0
175, 0.0
176, 0.0
177, 0.0
178, 0.0
179, 0.0
180, 0.0
181, 0.0
182, 0.0
183, 0.0
184, 0.0
185, 0.0
186, 0.0
187, 0.0
188, 0.0
189, 0.0
190, 0.0
191.0, 0.0017938348242719968
192.0, 0.005156224373047975
193.0, 0.0068053866966958105
194.0, 0.007335995708069852
195.0, 0.0049959934585773755
196.0, 0.0012832746637925102
197.0, 0.0004892697288270961
198.0, 0.0006780532195915893
199.0, 0.0049533724951823475
200.0, 0.010128168412528372
201.0, 0.017812711671652555
202.0, 0.025803967404707445
203.0, 0.03809457303935098
204.0, 0.05056661802804217
205.0, 0.06345831159665591
206.0, 0.07627064915050041
207.0, 0.08841157625961352
208.0, 0.10057076582530732
209.0, 0.11281469607362335
210.0, 0.12436156623546037
211.0, 0.13380380803329786
212.0, 0.1418680540818707
213.0, 0.14700809247894442
214.0, 0.15101318206828465
215.0, 0.15325720411492838
216.0, 0.1553201378725126
217.0, 0.1571733781128129
218.0, 0.15875441279468178
219.0, 0.16009876247893154
220.0, 0.16128543588978214
221.0, 0.16236980820651475
222.0, 0.16329217059841886
223.0, 0.16413759022366395
224.0, 0.16482279332700212
225.0, 0.16545444841334536
226.0, 0.16593850697470286
227.0, 0.1663904074331253
228.0, 0.16635742573184514
229.0, 0.16626610172275402
230.0, 0.16585588182980449
231.0, 0.16546618348506856
232.0, 0.16595154581555596
233.0, 0.166485685795408
234.0, 0.16742606351175976
235.0, 0.16854812561261281
236.0, 0.17050520385779125
237.0, 0.1728876119423186
238.0, 0.17654397040862732
239.0, 0.1808993244074224
240.0, 0.18672782560986032
241.0, 0.19224356466244008
242.0, 0.19727684046478106
243.0, 0.20146016217080143
244.0, 0.20466518652913165
245.0, 0.20699949703195805
246.0, 0.20858126662611254
247.0, 0.21034797641204714
248.0, 0.21223397399070587
249.0, 0.21499774611047678
250.0, 0.21817553845162588
251.0, 0.22085353355815082
252.0, 0.2233658169317578
253.0, 0.22467403076078202
254.0, 0.22572239979447076
255.0, 0.22531734264281694
256.0, 0.22474013714866478
257.0, 0.22293890437879774
258.0, 0.2210238528001763
259.0, 0.21728650120808166
260.0, 0.21340149813063025
261.0, 0.2083058072068269
262.0, 0.2034133104758825
263.0, 0.19944522328603526
264.0, 0.19577779810061818
265.0, 0.19300423615681828
266.0, 0.19064036364261402
267.0, 0.189134013049249
268.0, 0.18809374655706868
269.0, 0.1877679534641715
270.0, 0.18826687984545826
271.0, 0.1897097324188359
272.0, 0.19154106217195985
273.0, 0.19370612552753924
274.0, 0.19685338261254268
275.0, 0.200630184939937
276.0, 0.20485392598494576
277.0, 0.20928712237551297
278.0, 0.21248738835197725
279.0, 0.2152821390095173
280.0, 0.21538858231006075
281.0, 0.21492082403920693
282.0, 0.2139134328306457
283.0, 0.21284306938088915
284.0, 0.2126036014336587
285.0, 0.2124808026685487
286.0, 0.2145598279525141
287.0, 0.21644704022146413
288.0, 0.21678389461518988
289.0, 0.21664443741410047
290.0, 0.21435987411484214
291.0, 0.21156067235813614
292.0, 0.20724357170718874
293.0, 0.20265687242424585
294.0, 0.19750947108960434
295.0, 0.19148570034943452
296.0, 0.18412692024737362
297.0, 0.17691363566876184
298.0, 0.16986587635218434
299.0, 0.1637386693870613
300.0, 0.15839784934631249
301.0, 0.15450280399054706
302.0, 0.1515286146340074
303.0, 0.1479650470244397
304.0, 0.1441271732408366
305.0, 0.138518513121863
306.0, 0.1323318048305393
307.0, 0.12517786294097968
308.0, 0.1178194604058814
309.0, 0.11154596911715904
310.0, 0.10539705515104172
311.0, 0.10120383047980111
312.0, 0.0970957529009483
313.0, 0.09350327404513296
314.0, 0.08992921988885672
315.0, 0.08650183690704742
316.0, 0.08309990494743999
317.0, 0.07981152263303579
318.0, 0.0765698460443407
319.0, 0.07346483917441665
320.0, 0.07043534621617728
321.0, 0.06756183509022834
322.0, 0.06473606634829741
323.0, 0.061982601448192134
324.0, 0.05922288443762602
325.0, 0.05645609733325731
326.0, 0.0532300603087167
327.0, 0.0496140684703023
328.0, 0.046397593188015424
329.0, 0.04343408633429401
330.0, 0.041235926664310835
331.0, 0.03939151205176246
332.0, 0.038280357891882145
333.0, 0.037406634903199336
334.0, 0.03722168472070003
335.0, 0.03718091953366613
336.0, 0.03845940798622106
337.0, 0.03988692731737169
338.0, 0.04186071642956901
339.0, 0.043833667486284124
340.0, 0.04539705040367988
341.0, 0.04684264496114997
342.0, 0.04736457465197008
343.0, 0.04802824568961219
344.0, 0.049318004994852706
345.0, 0.051260505844047295
346.0, 0.05509904118971759
347.0, 0.059670897674734755
348.0, 0.0657472149531084
349.0, 0.07094733101719071
350.0, 0.07482875547419329
351.0, 0.07686188534030858
352.0, 0.07681745042839162
353.0, 0.0761470040318377
354.0, 0.07494820532748676
355.0, 0.07394879730297363
356.0, 0.07307484493266928
357.0, 0.07156750029135958
358.0, 0.0697694273038896
359.0, 0.06743397993277993
360.0, 0.06492593946791571
361.0, 0.0617405598969881
362.0, 0.058414872032240495
363.0, 0.054509351209341306
364.0, 0.05053940450220304
365.0, 0.04732506044143265
366.0, 0.04421054509580137
367.0, 0.04282446737883578
368.0, 0.04142825939024299
369.0, 0.03995378488769972
370.0, 0.03815739383078767
371.0, 0.03495311516720863
372.0, 0.031222415269571844
373.0, 0.025974575914775054
374.0, 0.02131329987807339
375.0, 0.017847244600114696
376.0, 0.01604626682056776
377.0, 0.016735633300562328
378.0, 0.018403832503362864
379.0, 0.021166118769054155
380.0, 0.023052548749251
381.0, 0.024204212937902043
382.0, 0.023510374490615486
383.0, 0.02166268448466612
384.0, 0.01986127030749698
385.0, 0.018080959201926507
386.0, 0.017048283658921137
387.0, 0.016253778938589467
388.0, 0.016199852145202195
389.0, 0.01629771750192124
390.0, 0.016819471683844383
391.0, 0.017387593114674908
392.0, 0.018450422043536748
393.0, 0.01954504982466973
394.0, 0.02102769865195435
395.0, 0.02255690598419431
396.0, 0.024440921233507846
397.0, 0.026421535062573876
398.0, 0.028820468114406136
399.0, 0.03123556962283216
400.0, 0.033696905054416505
401.0, 0.0362371862351484
402.0, 0.03893731703620505
403.0, 0.041647617224300985
404.0, 0.044373032428737254
405.0, 0.04669822722288995
406.0, 0.04857876083500289
407.0, 0.04963323842055594
408.0, 0.04999862891718859
409.0, 0.05010961765183375
410.0, 0.05006255392993935
411.0, 0.05015911577400459
412.0, 0.050320719153606086
413.0, 0.05077907383527607
414.0, 0.05133124223470975
415.0, 0.05131159342359727
416.0, 0.05117598552937426
417.0, 0.04930873683407867
418.0, 0.047255263394310645
419.0, 0.04458589334530856
420.0, 0.041947034561477574
421.0, 0.040276536731100154
422.0, 0.03883305120220199
423.0, 0.03909457295888196
424.0, 0.039548258734901656
425.0, 0.04082652133464884
426.0, 0.042337704499449555
427.0, 0.04450975284383801
428.0, 0.046983505173815845
429.0, 0.05006402682621198
430.0, 0.053553670639007095
431.0, 0.057647874552054855
432.0, 0.06297448633891342
433.0, 0.06966214116486284
434.0, 0.07637633074942002
435.0, 0.0831125218084182
436.0, 0.08881010739676455
437.0, 0.09386625078405159
438.0, 0.09710252811119308
439.0, 0.09952041974413743
440.0, 0.1013789138428818
441.0, 0.10306201297063768
442.0, 0.10477497930814898
443.0, 0.10649394204031822
444.0, 0.10739482903463639
445.0, 0.10820924097307381
446.0, 0.1063219103013879
447.0, 0.10407507136225656
448.0, 0.09594405197070348
449.0, 0.0879269640796413
450.0, 0.08075335225523853
451.0, 0.0742918398164865
452.0, 0.07085628250993581
453.0, 0.06869911591111132
454.0, 0.07014291245084378
455.0, 0.07171241678141851
456.0, 0.07353303523614584
457.0, 0.0757144836424389
458.0, 0.07842582031875533
459.0, 0.08121362956514697
460.0, 0.08408542064783184
461.0, 0.08662416557863495
462.0, 0.08888842993406379
463.0, 0.09054354069825124
464.0, 0.0918248236251802
465.0, 0.09320117814182781
466.0, 0.09462000677147472
467.0, 0.09724873722204291
468.0, 0.10025369828603858
469.0, 0.10393123251521463
470.0, 0.10774234624033985
471.0, 0.10865969735816024
472.0, 0.10927610738787276
473.0, 0.1052970909231753
474.0, 0.10115201926678147
475.0, 0.09584389973061681
476.0, 0.0905449535588593
477.0, 0.08531302475697339
478.0, 0.08007070997855187
479.0, 0.07478468754887634
480.0, 0.06962105138296493
481.0, 0.06479949295239423
482.0, 0.06008380003544385
483.0, 0.05557825806344131
484.0, 0.05132597881785005
485.0, 0.04744331615330266
486.0, 0.044092483832501875
487.0, 0.04132220423372865
488.0, 0.039313771477405
489.0, 0.03792967608978458
490.0, 0.036690257211902964
491.0, 0.03553906026236821
492.0, 0.0346058345473238
493.0, 0.0337693066240491
494.0, 0.03300008268125784
495.0, 0.0322516259179981
496.0, 0.03052619148074276
497.0, 0.028608821491836217
498.0, 0.02448298091087912
499.0, 0.020131498068395478
500.0, 0.015764040936971535
501.0, 0.0114501501729055
502.0, 0.008152036679933807
503.0, 0.004976731643433934
504.0, 0.0026860706235700142
505.0, 0.001100522890636316
506.0, 0.00245574236162158
507.0, 0.004052516590220929
508.0, 0.006319263448429202
509.0, 0.008560579404217611
510.0, 0.010751751515264326
511.0, 0.012868495798088516
512.0, 0.014877246761531012
513.0, 0.016860010162955796
514.0, 0.018814575217270455
515.0, 0.020655413102584726
516.0, 0.022403614213875645
517.0, 0.024322822917798657
518.0, 0.026345690898077832
519.0, 0.02813534517416323
520.0, 0.029822267167415956
521.0, 0.030358649472623057
522.0, 0.030542972944202065
523.0, 0.028614594205837403
524.0, 0.026275384220723223
525.0, 0.02360011292234949
526.0, 0.020891117161201497
527.0, 0.018634890822233255
528.0, 0.016417622595576813
529.0, 0.01474692958296249
530.0, 0.013042330786689345
531.0, 0.011096874535348633
532.0, 0.009010394622132052
533.0, 0.006341369043567657
534.0, 0.0038724335462502237
535.0, 0.001954496861255575
536.0, 0.001231841405866324
537.0, 0.0028502397197045747
538.0, 0.0037894626927642864
539.0, 0.0037493131658734237
540.0, 0.004544083924757552
541.0, 0.006239735407793923
542.0, 0.009710537216265618
543.0, 0.014618549042109397
544.0, 0.020711191534384447
545.0, 0.027517345751561784
546.0, 0.033928888520153036
547.0, 0.04016774623275005
548.0, 0.045448926052200966
549.0, 0.050439507053189406
550.0, 0.055704146134625515
551.0, 0.06102149246343996
552.0, 0.0676150892771106
553.0, 0.07433460049809838
554.0, 0.08190472836312904
555.0, 0.08942715962499338
556.0, 0.0958223463620866
557.0, 0.10203405415149827
558.0, 0.10695905701293874
559.0, 0.11164209106786736
560.0, 0.11533507352955326
561.0, 0.11857746982925477
562.0, 0.12058853305994294
563.0, 0.12175943758905199
564.0, 0.12129507742086204
565.0, 0.12146975209160821
566.0, 0.12256059961126485
567.0, 0.12487949142747662
568.0, 0.1285155084736726
569.0, 0.13287170505090157
570.0, 0.13780768514950367
571.0, 0.142680883280827
572.0, 0.14751649252846383
573.0, 0.15161236245993923
574.0, 0.15538680499381702
575.0, 0.1607625599123227
576.0, 0.1666204169461067
577.0, 0.17474162750707675
578.0, 0.18329363229373072
579.0, 0.19395147663396142
580.0, 0.20481327581962466
581.0, 0.21685593803294198
582.0, 0.22900026092891465
583.0, 0.2425527386870788
584.0, 0.25616050983807137
585.0, 0.2701507816803874
586.0, 0.28436709018643175
587.0, 0.2995001156370803
588.0, 0.3148805590696173
589.0, 0.3309323293471817
590.0, 0.34582442124687707
591.0, 0.3584743775676537
592.0, 0.3703674732361385
593.0, 0.38118217094321044
594.0, 0.3897233769049946
595.0, 0.3958398069012005
596.0, 0.3979930234195544
597.0, 0.3969749557058561
598.0, 0.39124701805724654
599.0, 0.3827183939172829
600.0, 0.3722856925052919
601.0, 0.3610315068536947
602.0, 0.3465190521126816
603.0, 0.3310338976396117
604.0, 0.3142620188674793
605.0, 0.29724814359238655
606.0, 0.28073124598567173
607.0, 0.2642615862913696
608.0, 0.24724229483134827
609.0, 0.23036775491053196
610.0, 0.2160626866131059
611.0, 0.20225992661602402
612.0, 0.19188528320392076
613.0, 0.18206368913696627
614.0, 0.17446400480739574
615.0, 0.166927164999777
616.0, 0.15955946487822342
617.0, 0.15207242414624916
618.0, 0.14435618252229873
619.0, 0.137202687363354
620.0, 0.13084606512815855
621.0, 0.12584377347458434
622.0, 0.12227670959494244
623.0, 0.12000533357698862
624.0, 0.1187644597542373
625.0, 0.11653285211540852
626.0, 0.11371563172769714
627.0, 0.10757969320098405
628.0, 0.10002212409308754
629.0, 0.09345669250126344
630.0, 0.0871849418434348
631.0, 0.08461291669257352
632.0, 0.08272940646525982
633.0, 0.08463696893758096
634.0, 0.08689806645011058
635.0, 0.08871083738129307
636.0, 0.09044400878169406
637.0, 0.09097969080874041
638.0, 0.0914659664440038
639.0, 0.09161954180606195
640.0, 0.09179987054366272
641.0, 0.0920866798476662
642.0, 0.09238571555049165
643.0, 0.09271742532758351
644.0, 0.09322244017487522
645.0, 0.09405809025496174
646.0, 0.09524437870276806
647.0, 0.09692412692373042
648.0, 0.09882446487864648
649.0, 0.10095726246077891
650.0, 0.10338505973112061
651.0, 0.10604605729214164
652.0, 0.10961966204745276
653.0, 0.11372924245655329
654.0, 0.11621269405106682
655.0, 0.11800420059760575
656.0, 0.11681215589654653
657.0, 0.11474445762146064
658.0, 0.11029741852740961
659.0, 0.10541259875224665
660.0, 0.09941986613004061
661.0, 0.09332566654149153
662.0, 0.08332186904346574
663.0, 0.07337255180935547
664.0, 0.0650627560417701
665.0, 0.057229125146577735
666.0, 0.05256251891528023
667.0, 0.04843876696436349
668.0, 0.04645557289510585
669.0, 0.044269139295692365
670.0, 0.04154365329745076
671.0, 0.03826180552269504
672.0, 0.03392507777376075
673.0, 0.029709151844734435
674.0, 0.025662186196802706
675.0, 0.02208438506410135
676.0, 0.018998034721719202
677.0, 0.016477710354301296
678.0, 0.01440230120671156
679.0, 0.012630709443690604
680.0, 0.011036404626376084
681.0, 0.010183802941245755
682.0, 0.009644552366014046
683.0, 0.009037565471101629
684.0, 0.00841085676845777
685.0, 0.006738948307345165
686.0, 0.004876924915576177
687.0, 0.0030175432465747672
688.0, 0.0011583988028959912
689.0, 0.00273918498299477
690.0, 0.0041748322376360175
691.0, 0.002777919428395252
692.0, 0.001637847782973326
693.0, 0.0021837576955087844
694.0, 0.00295207514599813
695.0, 0.004589823732828429
696.0, 0.006214967795965163
697.0, 0.007806931698111248
698.0, 0.008861988311314538
699.0, 0.008905776639807947
700.0, 0.0076067794549156825
701.0, 0.004440466149688008
702.0, 0.0032279471150384914
703.0, 0.0040497829638790365
704.0, 0.005290267743519863
705.0, 0.006857826661117525
706.0, 0.006904265613911451
707.0, 0.006068411725688513
708.0, 0.004642749057824625
709.0, 0.0029696932112753473
710.0, 0.0027698449035693075
711.0, 0.002995252380271739
712.0, 0.005780978521500508
713.0, 0.009027410971095487
714.0, 0.011365571701071574
715.0, 0.013623785545923943
716.0, 0.015001617514094462
717.0, 0.01629667718624849
718.0, 0.01646779468722267
719.0, 0.016312020686159574
720.0, 0.014038175569053466
721.0, 0.01153392721496914
722.0, 0.008137259305571468
723.0, 0.0052391230583299
724.0, 0.0036441597465328634
725.0, 0.0029951240759384544
726.0, 0.004116002398372371
727.0, 0.005235989143619859
728.0, 0.006354743651888866
729.0, 0.006924614654144304
730.0, 0.006926162758966246
731.0, 0.0064450124467438676
732.0, 0.005589039824892672
733.0, 0.0050726796658710025
734.0, 0.0047520356424269805
735.0, 0.00529397124778887
736.0, 0.006195284482888351
737.0, 0.00685070629284235
738.0, 0.007435760460230614
739.0, 0.006991105898827508
740.0, 0.006363311151267229
741.0, 0.00499214187420189
742.0, 0.003556770234186312
743.0, 0.003089566529035746
744.0, 0.0027416819799389834
745.0, 0.004037057593748926
746.0, 0.005357418367073848
747.0, 0.006837732245243419
748.0, 0.008249332826139088
749.0, 0.009397216625576592
750.0, 0.010469309441477366
751.0, 0.011344759799014304
752.0, 0.011990037189636938
753.0, 0.012207286326372293
754.0, 0.012031004048478058
755.0, 0.011314164852363622
756.0, 0.01058201018100301
757.0, 0.009834092504275395
758.0, 0.00915116123485233
759.0, 0.008518406427705702
760.0, 0.007937785068086114
761.0, 0.007387013980906528
762.0, 0.007380777742309377
763.0, 0.007599776019820813
764.0, 0.009204313112051807
765.0, 0.011202151824432316
766.0, 0.013075692941431518
767.0, 0.014927385157184976
768.0, 0.01552033510872707
769.0, 0.016006797102993187
770.0, 0.014629172395926456
771.0, 0.013262408223261543
772.0, 0.012226756203471943
773.0, 0.01130395750179327
774.0, 0.011094464472566576
775.0, 0.01090095345648284
776.0, 0.010768260105982542
777.0, 0.010469300773011864
778.0, 0.009742163437991174
779.0, 0.008798275662819866
780.0, 0.007453967370650401
781.0, 0.006318236428162989
782.0, 0.005467368755066321
783.0, 0.004958646149420235
784.0, 0.0047999594746052044
785.0, 0.004938273615901857
786.0, 0.005304508850085943
787.0, 0.006005853714625574
788.0, 0.006897916079447593
789.0, 0.008463980138074785
790.0, 0.010306813688967055
791.0, 0.011448991258487317
792.0, 0.012394008328892633
793.0, 0.012024888743214494
794.0, 0.011427310842281093
795.0, 0.010317602759316568
796.0, 0.009165471331549244
797.0, 0.008369962707859757
798.0, 0.007606162024458468
799.0, 0.007262308120211559
800.0, 0.006897660494359827
801.0, 0.0064032365567688165
802.0, 0.005817726718915998
803.0, 0.004888732646488169
804.0, 0.003969400981434576
805.0, 0.003074780467790932
806.0, 0.002300560068130866
807.0, 0.0017473064781718525
808.0, 0.001292663804817154
809.0, 0.0009718734788946925
810.0, 0.0010246702006206244
811.0, 0.0014575354075776284
812.0, 0.002900102519129148
813.0, 0.005112805386220885
814.0, 0.007399529395487683
815.0, 0.009728107563417032
816.0, 0.01054485592064343
817.0, 0.010744995667197256
818.0, 0.008665696112382904
819.0, 0.0059505790468529305
820.0, 0.004540548122799501
821.0, 0.0033547094044415414
822.0, 0.006355904409668379
823.0, 0.009697078042467182
824.0, 0.013622590488908163
825.0, 0.01731615068468201
826.0, 0.017802471091337133
827.0, 0.017536727949602447
828.0, 0.012631911808660301
829.0, 0.00823339076766342
830.0, 0.005726940803629357
831.0, 0.004643923839966479
832.0, 0.007174391782412156
833.0, 0.010307619365858217
834.0, 0.014540317302656779
835.0, 0.01788400915281692
836.0, 0.02002836768008199
837.0, 0.020713616548818103
838.0, 0.019923321700119984
839.0, 0.019555005805692322
840.0, 0.019506717206810326
841.0, 0.020911973810135667
842.0, 0.02313378548020148
843.0, 0.025556489392868312
844.0, 0.028060532367515482
845.0, 0.02946039951952851
846.0, 0.03055479635267936
847.0, 0.030240152839993765
848.0, 0.029686356497525976
849.0, 0.028443829716817567
850.0, 0.027146585146542505
851.0, 0.02429179234934438
852.0, 0.021430954189958443
853.0, 0.01853306167739633
854.0, 0.01584667487610991
855.0, 0.01444882286904955
856.0, 0.013493318859500976
857.0, 0.014177104487790422
858.0, 0.014914268057083506
859.0, 0.0157859380254069
860.0, 0.016907113611974004
861.0, 0.018480430425752183
862.0, 0.019960565604933575
863.0, 0.02131570954445096
864.0, 0.022116451944700778
865.0, 0.022359902402630874
866.0, 0.021872159836207637
867.0, 0.020833265460126274
868.0, 0.01992082781058501
869.0, 0.019078998615335963
870.0, 0.018716392256885896
871.0, 0.018546402171126512
872.0, 0.01852395080488334
873.0, 0.018541956029414743
874.0, 0.018286976766909196
875.0, 0.017986186607770228
876.0, 0.016704656850813352
877.0, 0.015346921333534626
878.0, 0.015515023132344374
879.0, 0.01590432818103997
880.0, 0.01918035869569105
881.0, 0.022510857650078868
882.0, 0.026169122829549037
883.0, 0.029407669829346735
884.0, 0.031104635103805862
885.0, 0.03223896379308171
886.0, 0.031965222989840766
887.0, 0.031830689938770036
888.0, 0.031946777621024006
889.0, 0.03239690892714441
890.0, 0.0332923797728759
891.0, 0.03446833748836074
892.0, 0.035924669901285525
893.0, 0.03760315761384113
894.0, 0.039448077222202046
895.0, 0.04147605493177468
896.0, 0.0436055797969946
897.0, 0.04629226460466714
898.0, 0.0492013612376954
899.0, 0.05277164147006457
900.0, 0.056521617664762575
901.0, 0.060780303321539116
902.0, 0.06512331922488546
903.0, 0.07010874983081508
904.0, 0.0751436308351426
905.0, 0.08081824518277816
906.0, 0.08648195081853297
907.0, 0.09200589235013576
908.0, 0.09754147624054647
909.0, 0.1031463236707449
910.0, 0.10863020923920287
911.0, 0.1136737487262901
912.0, 0.11836779458149235
913.0, 0.12219358622229061
914.0, 0.12555029159608744
915.0, 0.1280676138728652
916.0, 0.13118777893822767
917.0, 0.13510673522705996
918.0, 0.14027297450007783
919.0, 0.14667853960905652
920.0, 0.15316330625320573
921.0, 0.15970706981824884
922.0, 0.1654943775523095
923.0, 0.1708647956373115
924.0, 0.17571074681926113
925.0, 0.18034887378020223
926.0, 0.18699793136173407
927.0, 0.19418897265629306
928.0, 0.2046155692510747
929.0, 0.21557194896088192
930.0, 0.22702986025529792
931.0, 0.23852130616305087
932.0, 0.24845334670318692
933.0, 0.25833336010637054
934.0, 0.26756137984877415
935.0, 0.277103873947998
936.0, 0.2884947159518893
937.0, 0.3006250199843537
938.0, 0.31542352110609384
939.0, 0.3305576840716091
940.0, 0.34651965778875715
941.0, 0.36264720478243934
942.0, 0.3790691042677377
943.0, 0.3958143113604982
944.0, 0.4129853016879239
945.0, 0.43103822440946427
946.0, 0.44996221094860667
947.0, 0.46986113423097176
948.0, 0.4904818432609298
949.0, 0.5119783120363992
950.0, 0.5339542667263873
951.0, 0.5571107788271712
952.0, 0.5807316511858173
953.0, 0.6052101407179852
954.0, 0.6299177048829185
955.0, 0.6552652477255165
956.0, 0.6807162815438708
957.0, 0.7073018736672504
958.0, 0.7339667319444123
959.0, 0.7598133803097348
960.0, 0.7856314519543711
961.0, 0.811099098719082
962.0, 0.8363214672147574
963.0, 0.8601194184788865
964.0, 0.8833062444913222
965.0, 0.9043060032110676
966.0, 0.9249181643843679
967.0, 0.9445813798405097
968.0, 0.9619860194594739
969.0, 0.9754014456011545
970.0, 0.9863496250959178
971.0, 0.9940670220299374
972.0, 0.9984422530094526
973.0, 0.9995362532837326
974.0, 0.996270138779629
975.0, 0.9897958092875773
976.0, 0.9788592916224284
977.0, 0.9654946159705602
978.0, 0.9461771286154774
979.0, 0.9245354622750461
980.0, 0.8933263021822428
981.0, 0.8595846058021357
982.0, 0.8218826505930242
983.0, 0.7835477521379878
984.0, 0.7429040409592881
985.0, 0.7020821423210613
986.0, 0.6585372973226928
987.0, 0.615485853989896
988.0, 0.5783655098453181
989.0, 0.5424209453898177
990.0, 0.5132236449721734
991.0, 0.4850372602464438
992.0, 0.46043712077429455
993.0, 0.4370525369362652
994.0, 0.4166238306628811
995.0, 0.3976790631974458
996.0, 0.3813383426208897
997.0, 0.36638267920375084
998.0, 0.35322966210111256
999.0, 0.3421192183373312
1000.0, 0.3330029074379677
1001.0, 0.32453608697681063
1002.0, 0.31654346195669714
1003.0, 0.3082370782159789
1004.0, 0.2997610037034082
1005.0, 0.29171922516878884
1006.0, 0.28384550291412564
1007.0, 0.2780838936681056
1008.0, 0.27287698076778977
1009.0, 0.27090792774407474
1010.0, 0.2694485378490838
1011.0, 0.26812619984840314
1012.0, 0.26680971622459815
1013.0, 0.2649721494783833
1014.0, 0.263137380532183
1015.0, 0.26133568301692367
1016.0, 0.2595898895840469
1017.0, 0.25816088595133757
1018.0, 0.25684244386407173
1019.0, 0.2559137187175318
1020.0, 0.2551129449654488
1021.0, 0.25462091399794257
1022.0, 0.25443012441191304
1023.0, 0.25476567965725466
1024.0, 0.2552081749452361
1025.0, 0.2557890055177334
1026.0, 0.25600802720847354
1027.0, 0.2558752307952566
1028.0, 0.25538786427651783
1029.0, 0.2546426842613634
1030.0, 0.2551629088983474
1031.0, 0.25636151483117814
1032.0, 0.2602016222307871
1033.0, 0.2650588174527843
1034.0, 0.27003666990068537
1035.0, 0.27504582636437513
1036.0, 0.2785876596705266
1037.0, 0.2819004887844612
1038.0, 0.28378475228276995
1039.0, 0.28557774944762465
1040.0, 0.2879640249880759
1041.0, 0.2904121404683467
1042.0, 0.2935714152565433
1043.0, 0.2968107473193737
1044.0, 0.30050020273428396
1045.0, 0.30438239361134833
1046.0, 0.3089361336099092
1047.0, 0.31359471740570194
1048.0, 0.31850506895947334
1049.0, 0.32330937115626895
1050.0, 0.3279299703685765
1051.0, 0.3325711121818663
1052.0, 0.3372387196344077
1053.0, 0.34141268574746436
1054.0, 0.3451104673856939
1055.0, 0.3481270342895124
1056.0, 0.35065030776496414
1057.0, 0.3523729092250399
1058.0, 0.3536681581370317
1059.0, 0.35387308401953405
1060.0, 0.3536623618963194
1061.0, 0.35201702659243783
1062.0, 0.3500017595878813
1063.0, 0.34850983714922956
1064.0, 0.34709819709496686
1065.0, 0.3473002302248882
1066.0, 0.34760951319454014
1067.0, 0.34797712091105726
1068.0, 0.3482848280578479
1069.0, 0.3479129225678646
1070.0, 0.3474222346860631
1071.0, 0.3462739736940004
1072.0, 0.34501213480688975
1073.0, 0.3433568296405054
1074.0, 0.3412520757609523
1075.0, 0.3380783627798085
1076.0, 0.3350985230232801
1077.0, 0.3324530749593444
1078.0, 0.3304921718531281
1079.0, 0.32940605171110426
1080.0, 0.328795557247041
1081.0, 0.3286420364735673
1082.0, 0.328214557390422
1083.0, 0.327590317871808
1084.0, 0.3266989676640045
1085.0, 0.32566567655398243
1086.0, 0.32413713696477237
1087.0, 0.32242074450414615
1088.0, 0.3194340000750702
1089.0, 0.3161236904645699
1090.0, 0.31269609054497366
1091.0, 0.3092506538502614
1092.0, 0.3072801127018164
1093.0, 0.3054293430213892
1094.0, 0.3058828713334316
1095.0, 0.30629891736149145
1096.0, 0.30630085189061185
1097.0, 0.3060501232937983
1098.0, 0.3044113881739975
1099.0, 0.3028618746250483
1100.0, 0.30161792521698044
1101.0, 0.3009697106138708
1102.0, 0.30173160229993834
1103.0, 0.30323327081015417
1104.0, 0.30599997773781645
1105.0, 0.3081596438390568
1106.0, 0.3095467125248512
1107.0, 0.30910892674180135
1108.0, 0.3069318265431339
1109.0, 0.3054869050500226
1110.0, 0.3045656859929607
1111.0, 0.30688035131542746
1112.0, 0.31089941375382935
1113.0, 0.3164597509182313
1114.0, 0.3225988611227954
1115.0, 0.32589321945498473
1116.0, 0.32846747768915435
1117.0, 0.32661902269658327
1118.0, 0.32410970250921123
1119.0, 0.32233786486057664
1120.0, 0.3206596429868878
1121.0, 0.3225783655888863
1122.0, 0.32456251895193194
1123.0, 0.32726017918544364
1124.0, 0.329698232042849
1125.0, 0.33073174242952486
1126.0, 0.3313852587174185
1127.0, 0.3307447862900761
1128.0, 0.3296130347198148
1129.0, 0.3273294882358873
1130.0, 0.3244491801165503
1131.0, 0.32055276434773156
1132.0, 0.3159646412655888
1133.0, 0.3105032768240914
1134.0, 0.30415728594314406
1135.0, 0.2969715034910227
1136.0, 0.2887318037559852
1137.0, 0.2797444532988789
1138.0, 0.2698724640431218
1139.0, 0.2595365788319744
1140.0, 0.24793964679564373
1141.0, 0.2358715544070469
1142.0, 0.2232204078240572
1143.0, 0.21042349769246924
1144.0, 0.1963017736015136
1145.0, 0.18198383711014662
1146.0, 0.16754720397441147
1147.0, 0.1531254556880844
1148.0, 0.14025732746059968
1149.0, 0.12753294403180718
1150.0, 0.11633626695190576
1151.0, 0.10534485825959558
1152.0, 0.09545562313887461
1153.0, 0.08575642137086051
1154.0, 0.0766970262182916
1155.0, 0.06815502815108367
1156.0, 0.06082028994971833
1157.0, 0.05456732688545412
1158.0, 0.05014058636446759
1159.0, 0.047087632712807644
1160.0, 0.04576199121964647
1161.0, 0.04403205257224231
1162.0, 0.04192136806113375
1163.0, 0.03882422601463483
1164.0, 0.03503016686975437
1165.0, 0.03155331275591711
1166.0, 0.028241328126299953
1167.0, 0.025927222559609147
1168.0, 0.02398407066377292
1169.0, 0.022705528508329915
1170.0, 0.021592101631711266
1171.0, 0.020260263290724986
1172.0, 0.01889665146064973
1173.0, 0.01722116946248764
1174.0, 0.015530623707565461
1175.0, 0.014051454431909138
1176.0, 0.012624434506797415
1177.0, 0.011744683053492865
1178.0, 0.010869761258633478
1179.0, 0.01002038501567585
1180.0, 0.00901790275229814
1181.0, 0.007502848159688031
1182.0, 0.005794302249028457
1183.0, 0.0036385479277775343
1184.0, 0.0018533779466716536
1185.0, 0.0006911473255413621
1186.0, 0.0001013915890685358
1187.0, 0.00022562138289902449
1188.0, 0.0006601011940015238
1189.0, 0.0013855907112272927
1190.0, 0.003868012868489627
1191.0, 0.007581483066049867
1192.0, 0.011929905078313794
1193.0, 0.016606883340674623
1194.0, 0.019046260233016702
1195.0, 0.020662224309305345
1196.0, 0.01772718482748889
1197.0, 0.013668580876214406
1198.0, 0.010679940720436546
1199.0, 0.0078455516381513
1200.0, 0.0074648435250907206
1201.0, 0.007232193028236094
1202.0, 0.007461869924639579
1203.0, 0.0075565361428876
1204.0, 0.006269239127430954
1205.0, 0.004782664643485512
1206.0, 0.0022498834499745267
1207.0, 0.000502372508650693
1208.0, 0.0013543768849123335
1209.0, 0.0017855210049217806
1210.0, 0.00124854763777735
1211.0, 0.0012742090577779644
1212.0, 0.0022375951230203203
1213.0, 0.002261725477642567
1214.0, 0.001119157034767674
1215.0, 0.002055471247596913
1216.0, 0.004926189784845603
1217.0, 0.006955312492516303
1218.0, 0.008397175631500015
1219.0, 0.008740844565503121
1220.0, 0.008521294383790144
1221.0, 0.007831687758702554
1222.0, 0.00696998396582205
1223.0, 0.004868997314027457
1224.0, 0.0024658969304579546
1225.0, 0.0019775868791335367
1226.0, 0.001762818303844131
1227.0, 0.0017923639856837347
1228.0, 0.001835187950122727
1229.0, 0.0018576143328284881
1230.0, 0.001913254508856935
1231.0, 0.002304723039592873
1232.0, 0.0025900443459046197
1233.0, 0.002326283096244456
1234.0, 0.0026315397663763465
1235.0, 0.004809915511532417
1236.0, 0.006920929335880398
1237.0, 0.008878446324288683
1238.0, 0.010458781290616323
1239.0, 0.011413154603278153
1240.0, 0.01103268455506762
1241.0, 0.00900749679435426
1242.0, 0.00654984538343195
1243.0, 0.003691394327518311
1244.0, 0.004422781492986492
1245.0, 0.007638506784589706
1246.0, 0.008012225318054542
1247.0, 0.006934889041473121
1248.0, 0.005053335635498531
1249.0, 0.0028803356948936074
1250.0, 0.0018849628726909737
1251.0, 0.001174853762399338
1252.0, 0.002431873673217678
1253.0, 0.003964785111512225
1254.0, 0.0052603359390284415
1255.0, 0.006539788167693596
1256.0, 0.007668378289219915
1257.0, 0.00875233706983251
1258.0, 0.009395803920557985
1259.0, 0.009964138859702003
1260.0, 0.010146673737535129
1261.0, 0.010190558941408563
1262.0, 0.009783095206647012
1263.0, 0.009054794662793061
1264.0, 0.007598844623808122
1265.0, 0.005581496302947241
1266.0, 0.0026403656240785818
1267.0, 0.0012413223893453732
1268.0, 0.0017346849045417772
1269.0, 0.0015356979976383182
1270.0, 0.0007001748658099268
1271.0, 0.0008666405085774797
1272.0, 0.0017236659824852003
1273.0, 0.0017122658795760525
1274.0, 0.0012614215088800308
1275.0, 0.0027807254993694346
1276.0, 0.005010355089470276
1277.0, 0.0038975952678647484
1278.0, 0.001985478375058154
1279.0, 0.0067258434770247864
1280.0, 0.012390585348197421
1281.0, 0.017147065504024683
1282.0, 0.021714525512061447
1283.0, 0.019698588152343766
1284.0, 0.017607459391026595
1285.0, 0.014783012336691397
1286.0, 0.012509536670617157
1287.0, 0.0130243101511976
1288.0, 0.014047897812857198
1289.0, 0.016718663586144978
1290.0, 0.018860783596864477
1291.0, 0.01981516702415131
1292.0, 0.01968863948693364
1293.0, 0.017791015092308137
1294.0, 0.016159849139983636
1295.0, 0.014853041690593136
1296.0, 0.014834601439470406
1297.0, 0.015995930385229198
1298.0, 0.017382407610261698
1299.0, 0.01892277406321525
1300.0, 0.019318921153403803
1301.0, 0.01913865698565801
1302.0, 0.01732963505721048
1303.0, 0.014939387496382506
1304.0, 0.014155918069275304
1305.0, 0.013754257307606717
1306.0, 0.017270454909623503
1307.0, 0.021320905924869557
1308.0, 0.024523045211021718
1309.0, 0.027621577210673542
1310.0, 0.028175734873127536
1311.0, 0.02858590689949657
1312.0, 0.027608302475941128
1313.0, 0.02666491398061117
1314.0, 0.025893429606606923
1315.0, 0.025234319507066384
1316.0, 0.024934995950136426
1317.0, 0.024432202980272166
1318.0, 0.023474402358829836
1319.0, 0.02178031957068767
1320.0, 0.01889001982404935
1321.0, 0.01627379354359462
1322.0, 0.013989851023026188
1323.0, 0.012906749156271758
1324.0, 0.012914487272753442
1325.0, 0.013792377455101652
1326.0, 0.015262556018417764
1327.0, 0.016349778439347075
1328.0, 0.01724580986265292
1329.0, 0.017697227023570256
1330.0, 0.017990800096756222
1331.0, 0.017843343154857468
1332.0, 0.017592434727938804
1333.0, 0.01637368334551468
1334.0, 0.015024201756841911
1335.0, 0.01374966171278545
1336.0, 0.012502739722659487
1337.0, 0.01222864943643923
1338.0, 0.012031295649505358
1339.0, 0.012556543897518266
1340.0, 0.012992602214423672
1341.0, 0.012983779018678828
1342.0, 0.012616120743208352
1343.0, 0.011105895540243495
1344.0, 0.01001761255706288
1345.0, 0.009864114748903
1346.0, 0.011195057195325627
1347.0, 0.014927528639998907
1348.0, 0.018707790983906812
1349.0, 0.022545528726453736
1350.0, 0.024448477565457993
1351.0, 0.02460090311078143
1352.0, 0.022232003064622717
1353.0, 0.018161102661064698
1354.0, 0.015270393135883567
1355.0, 0.012966245544267282
1356.0, 0.013118752683265593
1357.0, 0.014134408781668988
1358.0, 0.014999944775952989
1359.0, 0.015830495937094475
1360.0, 0.015560472236808929
1361.0, 0.015144619251373989
1362.0, 0.01434771352599174
1363.0, 0.01354717432326939
1364.0, 0.01329882324948068
1365.0, 0.013101404048309938
1366.0, 0.013378123826252976
1367.0, 0.013736365028851493
1368.0, 0.014495460100613658
1369.0, 0.015418921425133675
1370.0, 0.016862875883386863
1371.0, 0.01833102408254491
1372.0, 0.01985252258215986
1373.0, 0.021589997123105123
1374.0, 0.02367393323035108
1375.0, 0.025590308339127864
1376.0, 0.027305978515672288
1377.0, 0.02790973694449015
1378.0, 0.02751551765665797
1379.0, 0.025778146325827006
1380.0, 0.023137853387495022
1381.0, 0.021350041037520053
1382.0, 0.01998210718628795
1383.0, 0.0209057668513135
1384.0, 0.02263040184793254
1385.0, 0.024100453039495137
1386.0, 0.025511946824482677
1387.0, 0.024742098394368
1388.0, 0.023686010488063486
1389.0, 0.021391630068289362
1390.0, 0.019062591700573263
1391.0, 0.017538425942747772
1392.0, 0.016094952699482013
1393.0, 0.0153858628463008
1394.0, 0.014798634430265132
1395.0, 0.014806376560292711
1396.0, 0.015302035660593577
1397.0, 0.01732596361819705
1398.0, 0.01909913070684264
1399.0, 0.02032190572847871
1400.0, 0.020407003515905162
1401.0, 0.01867477273439931
1402.0, 0.016195324855842366
1403.0, 0.012828045721927504
1404.0, 0.01064496293829139
1405.0, 0.009520479922328613
1406.0, 0.01069646121405438
1407.0, 0.01340608537757309
1408.0, 0.01553455626470825
1409.0, 0.01737808016536033
1410.0, 0.01804302702949047
1411.0, 0.018300309965779107
1412.0, 0.018380735657421824
1413.0, 0.018420749251393625
1414.0, 0.019067443572240314
1415.0, 0.019792198392933235
1416.0, 0.02086106003476872
1417.0, 0.021927129084136063
1418.0, 0.02238200293743901
1419.0, 0.022742240570088505
1420.0, 0.022250752216856035
1421.0, 0.021672525296099754
1422.0, 0.020676742945635904
1423.0, 0.019200956343401646
1424.0, 0.016229847853964415
1425.0, 0.01366761540740273
1426.0, 0.011994526101697158
1427.0, 0.012230836682588194
1428.0, 0.015504379207444208
1429.0, 0.019991761778828814
1430.0, 0.02591561008213105
1431.0, 0.029500358359015915
1432.0, 0.03101081038605874
1433.0, 0.02917445270023616
1434.0, 0.025116169764109644
1435.0, 0.021737171064092793
1436.0, 0.01868822577448881
1437.0, 0.017818680470408656
1438.0, 0.01769903623661661
1439.0, 0.0182190391612189
1440.0, 0.018883276248988508
1441.0, 0.019369621662650525
1442.0, 0.019833304439137604
1443.0, 0.019994479080371785
1444.0, 0.02012503717497034
1445.0, 0.019683830179618198
1446.0, 0.019151081900721574
1447.0, 0.017812411341208624
1448.0, 0.01649409615566121
1449.0, 0.015273086717336308
1450.0, 0.014150033350550767
1451.0, 0.01332884461238669
1452.0, 0.01258778033634403
1453.0, 0.012020150022614789
1454.0, 0.011558982535201818
1455.0, 0.011265740949091881
1456.0, 0.011076613973616398
1457.0, 0.011010201604574957
1458.0, 0.011067582608990031
1459.0, 0.011234302769998549
1460.0, 0.011663972945748051
1461.0, 0.01226676278294389
1462.0, 0.012733896168436098
1463.0, 0.01313541530577491
1464.0, 0.013618120517603758
1465.0, 0.014128468173025712
1466.0, 0.014217152515916754
1467.0, 0.014211388405695004
1468.0, 0.01297964702626027
1469.0, 0.011594830869679548
1470.0, 0.0095873655054639
1471.0, 0.007594136561516295
1472.0, 0.006816356769468993
1473.0, 0.006275877701394015
1474.0, 0.0078019884333483825
1475.0, 0.009110016075149016
1476.0, 0.009389937720510293
1477.0, 0.009107390237754724
1478.0, 0.007100852012723198
1479.0, 0.0052222839709762875
1480.0, 0.0036181677059592948
1481.0, 0.0025449510901887984
1482.0, 0.0023056154144947823
1483.0, 0.002559997310381692
1484.0, 0.0033916325057959454
1485.0, 0.004720627881608919
1486.0, 0.006487150634163757
1487.0, 0.00926076295715425
1488.0, 0.012694652548178602
1489.0, 0.01470873885976691
1490.0, 0.01604232774156613
1491.0, 0.013979563233437145
1492.0, 0.010766494297394489
1493.0, 0.008063185960050866
1494.0, 0.005472535337438075
1495.0, 0.005942459590792667
1496.0, 0.006790657143423741
1497.0, 0.008637693434469037
1498.0, 0.010432317637441298
1499.0, 0.009534952838324007
1500.0, 0.008356698384956004
1501.0, 0.004784194021546702
1502.0, 0.0019094502527603177
1503.0, 0.0023014947224373316
1504.0, 0.002579956918385645
1505.0, 0.0025140083488341147
1506.0, 0.0024633989009038067
1507.0, 0.0024455353521084665
1508.0, 0.0028265551294935055
1509.0, 0.003828853540238578
1510.0, 0.0047284918557683004
1511.0, 0.005508582268211743
1512.0, 0.005465056976315438
1513.0, 0.004702795882504973
1514.0, 0.0031524458467226736
1515.0, 0.00108755840254558
1516.0, 0.000931360351628888
1517.0, 0.001685807314040662
1518.0, 0.0016473400814153785
1519.0, 0.0013431566098658276
1520.0, 0.0011631204368806197
1521.0, 0.001010336109921743
1522.0, 0.001563859997416034
1523.0, 0.0022029010229830835
1524.0, 0.0029404851597473335
1525.0, 0.0036469759398088182
1526.0, 0.0033917879570067163
1527.0, 0.0030793109786013454
1528.0, 0.0022836607731268658
1529.0, 0.0018673485530771269
1530.0, 0.003202810625268402
1531.0, 0.005400955042912539
1532.0, 0.010201004847845897
1533.0, 0.014384453469645432
1534.0, 0.017263627314659812
1535.0, 0.01858474675075357
1536.0, 0.01748929200158322
1537.0, 0.01593048799855485
1538.0, 0.013836435719517955
1539.0, 0.011869632270312729
1540.0, 0.010013428271334992
1541.0, 0.008362550477096215
1542.0, 0.006844610406848247
1543.0, 0.005448282027578255
1544.0, 0.0041097102331089826
1545.0, 0.0024931794442705855
1546.0, 0.0007839956573091455
1547.0, 0.0010462151372225535
1548.0, 0.0017353321615447073
1549.0, 0.007596211426248517
1550.0, 0.014076775528265506
1551.0, 0.019000770884847105
1552.0, 0.023664416006807715
1553.0, 0.0228682229080692
1554.0, 0.021807722963645523
1555.0, 0.01856424425670982
1556.0, 0.01580624150072266
1557.0, 0.015274918944336165
1558.0, 0.015598304558295433
1559.0, 0.01847219383595613
1560.0, 0.020972601487456388
1561.0, 0.022686609938531478
1562.0, 0.023807760288733323
1563.0, 0.024017052747744357
1564.0, 0.02397209758714707
1565.0, 0.02363462097173151
1566.0, 0.022881057873487817
1567.0, 0.02176874609451898
1568.0, 0.020611169824781606
1569.0, 0.019424409870206615
1570.0, 0.018476471707383958
1571.0, 0.01764092027009178
1572.0, 0.017071577659495397
1573.0, 0.016590498694501226
1574.0, 0.01661759970908928
1575.0, 0.01675399338028244
1576.0, 0.017691955172466453
1577.0, 0.018723955682755554
1578.0, 0.019874626165114512
1579.0, 0.021089948820508114
1580.0, 0.023836253543495178
1581.0, 0.026428565818224673
1582.0, 0.027762095786554194
1583.0, 0.02835265276554516
1584.0, 0.025581359588358703
1585.0, 0.022256425574207414
1586.0, 0.017288144948747395
1587.0, 0.012950068302490268
1588.0, 0.009926861686915303
1589.0, 0.007858257332713914
1590.0, 0.007251765302894954
1591.0, 0.006935044967329643
1592.0, 0.006949049070816011
1593.0, 0.007523366626494056
1594.0, 0.008578845548180548
1595.0, 0.00960449776548363
1596.0, 0.010611080450475999
1597.0, 0.011346204439448395
1598.0, 0.011954169362296919
1599.0, 0.012335529267824412
