30, 0.0
31, 0.0
32, 0.0
33, 0.0
34, 0.0
35, 0.0
36, 0.0
37, 0.0
38, 0.0
39, 0.0
40, 0.0
41, 0.0
42, 0.0
43, 0.0
44, 0.0
45, 0.0
46, 0.0
47, 0.0
48, 0.0
49, 0.0
50, 0.0
51, 0.0
52, 0.0
53, 0.0
54, 0.0
55, 0.0
56, 0.0
57, 0.0
58, 0.0
59, 0.0
60, 0.0
61, 0.0
62, 0.0
63, 0.0
64, 0.0
65, 0.0
66, 0.0
67, 0.0
68, 0.0
69, 0.0
70, 0.0
71, 0.0
72, 0.0
73, 0.0
74, 0.0
75, 0.0
76, 0.0
77, 0.0
78, 0.0
79, 0.0
80, 0.0
81, 0.0
82, 0.0
83, 0.0
84, 0.0
85, 0.0
86, 0.0
87, 0.0
88, 0.0
89, 0.0
90, 0.0
91, 0.0
92, 0.0
93, 0.0
94, 0.0
95, 0.0
96, 0.0
97, 0.0
98, 0.0
99, 0.0
100, 0.0
101, 0.0
102, 0.0
103, 0.0
104, 0.0
105, 0.0
106, 0.0
107, 0.0
108, 0.0
109, 0.0
110, 0.0
111, 0.0
112, 0.0
113, 0.0
114, 0.0
115, 0.0
116, 0.0
117, 0.0
118, 0.0
119, 0.0
120, 0.0
121, 0.0
122, 0.0
123, 0.0
124, 0.0
125, 0.0
126, 0.0
127, 0.0
128, 0.0
129, 0.0
130, 0.0
131, 0.0
132, 0.0
133.0, 0.00046897267063436294
134.0, 0.005066743951363237
135.0, 0.004642538515967954
136.0, 0.002347999791637274
137.0, 0.0011750896309942894
138.0, 0.0023270027167745354
139.0, 0.002846905826639567
140.0, 0.007104982144229382
141.0, 0.0071163087941527045
142.0, 0.007097983042883759
143.0, 0.009835813742725536
144.0, 0.015920522521793382
145.0, 0.028158221896078754
146.0, 0.045438365798104195
147.0, 0.0666201303993478
148.0, 0.09267898424480459
149.0, 0.12569075439738997
150.0, 0.1701031890072859
151.0, 0.23261386695092473
152.0, 0.2999457746817606
153.0, 0.36799989629813684
154.0, 0.42818842696980436
155.0, 0.4640908100366752
156.0, 0.4607511064380569
157.0, 0.4290439481443688
158.0, 0.3799584972219365
159.0, 0.3215927472847782
160.0, 0.26081228317717764
161.0, 0.21384121482178636
162.0, 0.17635306491435046
163.0, 0.1458605926017977
164.0, 0.12354741539999113
165.0, 0.1083572245632992
166.0, 0.09298545640709013
167.0, 0.07798765776910435
168.0, 0.07006964438417176
169.0, 0.06510455478744712
170.0, 0.06259552716861998
171.0, 0.06478633835727701
172.0, 0.06290345100460498
173.0, 0.06560698721411852
174.0, 0.06775516782617963
175.0, 0.0719098861064324
176.0, 0.07972952411050259
177.0, 0.08313270722179263
178.0, 0.09124715707460719
179.0, 0.10004584960594545
180.0, 0.10457298399911018
181.0, 0.10485416401438363
182.0, 0.10566310914785505
183.0, 0.10254296800057433
184.0, 0.09812810882539899
185.0, 0.0946968460029635
186.0, 0.09086843682353904
187.0, 0.08482478713530645
188.0, 0.07777197983249058
189.0, 0.07017820140682535
190.0, 0.06551450660102336
191.0, 0.06270449045840956
192.0, 0.060316467411343104
193.0, 0.057410235336732805
194.0, 0.058266188813466305
195.0, 0.0592069980014047
196.0, 0.06311027141224729
197.0, 0.06729403832888434
198.0, 0.06919340091528102
199.0, 0.07369002956101825
200.0, 0.08182302224980938
201.0, 0.09352344444046222
202.0, 0.10483342243005549
203.0, 0.11309118832992411
204.0, 0.11784228703434535
205.0, 0.1209789141580065
206.0, 0.12882188902468894
207.0, 0.1389612441214761
208.0, 0.15313019316098503
209.0, 0.17321572171887573
210.0, 0.19799575496039634
211.0, 0.22871098579116866
212.0, 0.26029182202501655
213.0, 0.29729294218572694
214.0, 0.3398256396630976
215.0, 0.38369697391398905
216.0, 0.42789054331686616
217.0, 0.482796660623033
218.0, 0.5363751128472332
219.0, 0.5893058585767184
220.0, 0.6418783185138012
221.0, 0.6861844581567409
222.0, 0.721448566833354
223.0, 0.7406817103053621
224.0, 0.7421190734930184
225.0, 0.7310762170302771
226.0, 0.7135029475432161
227.0, 0.6692503645678654
228.0, 0.634237547005613
229.0, 0.5946078537999403
230.0, 0.5528455151160822
231.0, 0.5122227458977879
232.0, 0.4725946549874733
233.0, 0.43887033325387226
234.0, 0.4082907479593448
235.0, 0.38001586844985674
236.0, 0.353781765516743
237.0, 0.32963308173526445
238.0, 0.3079426439859953
239.0, 0.28405492793132225
240.0, 0.2623336988304093
241.0, 0.24364552292738856
242.0, 0.22633001335219463
243.0, 0.20750038149127553
244.0, 0.19282007591913317
245.0, 0.18076567834537208
246.0, 0.16925391572063933
247.0, 0.15756074847763304
248.0, 0.147080915369218
249.0, 0.14243826122979533
250.0, 0.132383003203696
251.0, 0.1263629508388674
252.0, 0.11997662225117796
253.0, 0.11426420058412057
254.0, 0.11176384942345312
255.0, 0.10759487238594337
256.0, 0.10521675420116645
257.0, 0.10254632015405829
258.0, 0.10604768887263118
259.0, 0.11059572758658417
260.0, 0.10163867037699673
261.0, 0.10477784234333944
262.0, 0.09148886017057137
263.0, 0.08218263953933241
264.0, 0.07556329929574701
265.0, 0.07078558301039424
266.0, 0.07910117900070793
267.0, 0.07519389974953186
268.0, 0.07672235775981702
269.0, 0.0788595027991524
270.0, 0.07878693971504115
271.0, 0.07719048657431934
272.0, 0.08267287976231433
273.0, 0.08641253822302808
274.0, 0.0901634368245036
275.0, 0.09539694197944919
276.0, 0.10228087145829666
277.0, 0.10958748104557503
278.0, 0.11439013122254242
279.0, 0.11850999330377357
280.0, 0.12313581971075804
281.0, 0.1283685848091278
282.0, 0.13535134363954435
283.0, 0.1464396926814246
284.0, 0.1521374779896688
285.0, 0.16083106315847454
286.0, 0.16751820688095037
287.0, 0.172570234626673
288.0, 0.17832933811371393
289.0, 0.1867794797243095
290.0, 0.19426767885127993
291.0, 0.19982449519831236
292.0, 0.20322954340814953
293.0, 0.20689459598065216
294.0, 0.21261119296694656
295.0, 0.2141374322270889
296.0, 0.21973325799346602
297.0, 0.21881352891312636
298.0, 0.21862643305986976
299.0, 0.21974635488652317
300.0, 0.21611386240151848
301.0, 0.20669861327277533
302.0, 0.20262472913036686
303.0, 0.19851240216194813
304.0, 0.19284627007893826
305.0, 0.18598486961286964
306.0, 0.17957227120833189
307.0, 0.17288526472177204
308.0, 0.1664020782782947
309.0, 0.15989636927357437
310.0, 0.15352724535473553
311.0, 0.14627654297944767
312.0, 0.13541239034081615
313.0, 0.13144249625250154
314.0, 0.1233542617342172
315.0, 0.11534484434173607
316.0, 0.10911688988875182
317.0, 0.10442157277422245
318.0, 0.09911640105194647
319.0, 0.0931880669532178
320.0, 0.08783239564826685
321.0, 0.0805588890159181
322.0, 0.07429503643317711
323.0, 0.07185985801229754
324.0, 0.0666531345613012
325.0, 0.06261833063956306
326.0, 0.059764041548664625
327.0, 0.055862494423783486
328.0, 0.05126095056838173
329.0, 0.0480550240419563
330.0, 0.04782124540743891
331.0, 0.04405248069713734
332.0, 0.04313513755414627
333.0, 0.041575509272471355
334.0, 0.03890635453105774
335.0, 0.037562667631097016
336.0, 0.037389524862499864
337.0, 0.03571814732451342
338.0, 0.03540231152177178
339.0, 0.03474139977207471
340.0, 0.03429078705772759
341.0, 0.036393478935472415
342.0, 0.03660311152606508
343.0, 0.03746704347840407
344.0, 0.037332664002997486
345.0, 0.03717795682772179
346.0, 0.03766412345688992
347.0, 0.038519541654718555
348.0, 0.03930991354525576
349.0, 0.04028383826943088
350.0, 0.04096970427344209
351.0, 0.04175395124519343
352.0, 0.04292920729392428
353.0, 0.04441942470055795
354.0, 0.04602337650673181
355.0, 0.050904155508871826
356.0, 0.05344083726974023
357.0, 0.055004922598838005
358.0, 0.05616800599716338
359.0, 0.05506243876846134
360.0, 0.05872573754118398
361.0, 0.05776809374443798
362.0, 0.05931286511795425
363.0, 0.06057265330395029
364.0, 0.059644774056065775
365.0, 0.059076379419532976
366.0, 0.059161033360345755
367.0, 0.05888550183084219
368.0, 0.05873361664865837
369.0, 0.059063544345398886
370.0, 0.05964185487125579
371.0, 0.059602513956419946
372.0, 0.05921131400444204
373.0, 0.060874247613451817
374.0, 0.060330555311489995
375.0, 0.059268121207315
376.0, 0.05861374554730542
377.0, 0.05656132699273522
378.0, 0.05477667452632879
379.0, 0.05460362023626026
380.0, 0.05190521891489122
381.0, 0.04875215986009112
382.0, 0.0469336886887835
383.0, 0.04558149686418355
384.0, 0.040491285584022964
385.0, 0.03721235368269397
386.0, 0.033453681160779694
387.0, 0.031004763078234042
388.0, 0.029042602488630647
389.0, 0.024087454544880114
390.0, 0.023207696472708268
391.0, 0.01761765570056964
392.0, 0.01607867507514996
393.0, 0.014251028244420887
394.0, 0.01083634467042806
395.0, 0.009151192076114123
396.0, 0.004944690362918119
397.0, 0.0026168171291904227
398.0, 0.0014054067691873953
399.0, 0.0007495739691763281
400.0, 0.0009592794277340513
401.0, 0.002818259796996173
402.0, 0.005716748080686184
403.0, 0.005507949241935576
404.0, 0.007563298642898713
405.0, 0.00906609072558314
406.0, 0.009408950163769894
407.0, 0.010367152952115313
408.0, 0.013378000871028323
409.0, 0.01314465339483298
410.0, 0.013296653141616691
411.0, 0.013758691416141873
412.0, 0.014533047472188962
413.0, 0.015285534711796545
414.0, 0.014169737525492871
415.0, 0.014107853512113059
416.0, 0.01451376647931414
417.0, 0.013497817945458632
418.0, 0.011760225922517338
419.0, 0.009997171245797463
420.0, 0.006073847906835136
421.0, 0.005668435096741313
422.0, 0.003798517318972554
423.0, 0.0030901593831234456
424.0, 0.004869495597337115
425.0, 0.00839417756560301
426.0, 0.010833855265368352
427.0, 0.014141774559250229
428.0, 0.017438220186319197
429.0, 0.021233579617765133
430.0, 0.023637898977153664
431.0, 0.024752492455254294
432.0, 0.027020751046740933
433.0, 0.025892156326418985
434.0, 0.02598213912124409
435.0, 0.0265771793009671
436.0, 0.025335969513230455
437.0, 0.02352888805424804
438.0, 0.024749672335420383
439.0, 0.027404828215941604
440.0, 0.024932803420665877
441.0, 0.02477990493259141
442.0, 0.025406610160001324
443.0, 0.025651818942595946
444.0, 0.025239594435288972
445.0, 0.024131040803139193
446.0, 0.02441323793482817
447.0, 0.02635649392496828
448.0, 0.026549176915498796
449.0, 0.02514205596138564
450.0, 0.02466566017006485
451.0, 0.02805735659597692
452.0, 0.026253832273358774
453.0, 0.02583076016482733
454.0, 0.025577401163828884
455.0, 0.024387036519557606
456.0, 0.022757023367112505
457.0, 0.022659739086040163
458.0, 0.023762943529781262
459.0, 0.02059785483324004
460.0, 0.019787633649305136
461.0, 0.019972098938238862
462.0, 0.019562987337811737
463.0, 0.018366590431092827
464.0, 0.01821446822235785
465.0, 0.01659012952018536
466.0, 0.01754885158883282
467.0, 0.01737253132144237
468.0, 0.016401255204689855
469.0, 0.01585936011830196
470.0, 0.014415621984427895
471.0, 0.013559142241319789
472.0, 0.012674963997098034
473.0, 0.011907142605733428
474.0, 0.010811623823349959
475.0, 0.009706728122592378
476.0, 0.009624166727834043
477.0, 0.009418816063997032
478.0, 0.008321857188539417
479.0, 0.008790181686273837
480.0, 0.008666523010711517
481.0, 0.007950332090989703
482.0, 0.008122201206479019
483.0, 0.009133052527200472
484.0, 0.0071619016778098
485.0, 0.007491074665629977
486.0, 0.007302196550159897
487.0, 0.007181751722346335
488.0, 0.007597219893302828
489.0, 0.006990938511444973
490.0, 0.008424163673397888
491.0, 0.01009847245949352
492.0, 0.012422832106319183
493.0, 0.013343561729780826
494.0, 0.013526065846079583
495.0, 0.015402251376173539
496.0, 0.017560714539498996
497.0, 0.017278978269649005
498.0, 0.019771192317358695
499.0, 0.02041523555657936
500.0, 0.02092768634349487
501.0, 0.023443168368015667
502.0, 0.025095337012386136
503.0, 0.026733420480019802
504.0, 0.02860916301701827
505.0, 0.028947408193555846
506.0, 0.029296422658991652
507.0, 0.030277985650048776
508.0, 0.03129482704804582
509.0, 0.03346263711112364
510.0, 0.03488092662218529
511.0, 0.036328239139030216
512.0, 0.03862152390946582
513.0, 0.042056692623907654
514.0, 0.04546312592700346
515.0, 0.04617208502351753
516.0, 0.04758716986084784
517.0, 0.05174870466155315
518.0, 0.05672810473495768
519.0, 0.0615964292015004
520.0, 0.06771111575053301
521.0, 0.0761407603463695
522.0, 0.08054114554050815
523.0, 0.09136180522362312
524.0, 0.09966791528683347
525.0, 0.10811717456131494
526.0, 0.11694224440952723
527.0, 0.1256776865907934
528.0, 0.13462367363796504
529.0, 0.14242654540172464
530.0, 0.1499814139542361
531.0, 0.155479130325247
532.0, 0.1595666460312202
533.0, 0.16240888328155564
534.0, 0.16379849785230577
535.0, 0.16436478808774965
536.0, 0.16140447388141504
537.0, 0.15844303313310207
538.0, 0.15512087368175778
539.0, 0.15180062231003183
540.0, 0.14836810523325017
541.0, 0.14397704646091294
542.0, 0.138327846299527
543.0, 0.1338688542829956
544.0, 0.13061584989077984
545.0, 0.12686052977402748
546.0, 0.12307693420606132
547.0, 0.11947059201353248
548.0, 0.11376857797954398
549.0, 0.10829820956925912
550.0, 0.1070235649266009
551.0, 0.10272173659577273
552.0, 0.09596203956370968
553.0, 0.08985651355027578
554.0, 0.08589440894852454
555.0, 0.07910855367426485
556.0, 0.0746333648746509
557.0, 0.07110404320455484
558.0, 0.06635461579901218
559.0, 0.06168706519381896
560.0, 0.057843377649037686
561.0, 0.053878535644284076
562.0, 0.05060174893568596
563.0, 0.047768527236571344
564.0, 0.04535551091832729
565.0, 0.043068284559108445
566.0, 0.04113836684806874
567.0, 0.03941561453306891
568.0, 0.0370917903087209
569.0, 0.0363450140829688
570.0, 0.03435499831201126
571.0, 0.03359609097527281
572.0, 0.03148529934511559
573.0, 0.029781087371802288
574.0, 0.03058409532323487
575.0, 0.02992108064760983
576.0, 0.027448337383660686
577.0, 0.02811919354514327
578.0, 0.027507642242394006
579.0, 0.02643037622562352
580.0, 0.025870374283433174
581.0, 0.025521889038240847
582.0, 0.024034910625440612
583.0, 0.023110341979153442
584.0, 0.020548176219130788
585.0, 0.018079355658684116
586.0, 0.015343193016227833
587.0, 0.012280717000358238
588.0, 0.009782626898040032
589.0, 0.008638344251336005
590.0, 0.003486722686281816
591.0, 0.0020348578214467255
592.0, 0.001953501339847096
593.0, 0.00310060601642764
594.0, 0.00441193967686677
595.0, 0.0040872443323929
596.0, 0.0069134613152820506
597.0, 0.005518383852808311
598.0, 0.006485096322770019
599.0, 0.0060424972087160045
600.0, 0.004116948866795173
601.0, 0.0027014651934072972
602.0, 0.002966991020197686
603.0, 0.0010365844874271589
604.0, 0.00133442040685164
605.0, 0.0023439481253592085
606.0, 0.00404492503126779
607.0, 0.007078658607959599
608.0, 0.01062182392026934
609.0, 0.012556319174628537
610.0, 0.01856210032710933
611.0, 0.01979755420370081
612.0, 0.02208116481653531
613.0, 0.023806349431012185
614.0, 0.02592988049567061
615.0, 0.030321706303392926
616.0, 0.03665734075206733
617.0, 0.03850046622474616
618.0, 0.0440984371988491
619.0, 0.05142481714339255
620.0, 0.056519609661954004
621.0, 0.061575007310560696
622.0, 0.06910922851956137
623.0, 0.07665841777612224
624.0, 0.08217292185794818
625.0, 0.0885729232788422
626.0, 0.0970348318974584
627.0, 0.10483749142444296
628.0, 0.11181334716802355
629.0, 0.11907960152579258
630.0, 0.126885030556116
631.0, 0.13352337861682434
632.0, 0.14116404224913395
633.0, 0.1498097174399795
634.0, 0.15709224925010593
635.0, 0.16385554992409923
636.0, 0.17143169110151152
637.0, 0.17940035190414386
638.0, 0.18822660785817147
639.0, 0.19801863300417175
640.0, 0.20758500049197912
641.0, 0.2186627944215168
642.0, 0.23269545530066849
643.0, 0.24724836765118172
644.0, 0.257225235629026
645.0, 0.2665469612840482
646.0, 0.28408565393219354
647.0, 0.30164817217467776
648.0, 0.3165993195562995
649.0, 0.3325377488778113
650.0, 0.3503540648663958
651.0, 0.3672458355263018
652.0, 0.3886996939830511
653.0, 0.4105685196601802
654.0, 0.4344255270677523
655.0, 0.4632788196856258
656.0, 0.49584084706503667
657.0, 0.5303353843543229
658.0, 0.5679297026029557
659.0, 0.6146619902519518
660.0, 0.6517170200617866
661.0, 0.6992734312047124
662.0, 0.7516789067156946
663.0, 0.8026119163652498
664.0, 0.8494964581121117
665.0, 0.893480343748821
666.0, 0.9361398647515795
667.0, 0.9707977384079451
668.0, 0.9836858423840482
669.0, 0.994994414327142
670.0, 0.9927649745089634
671.0, 0.9755236479815196
672.0, 0.9485153820110157
673.0, 0.9111144269639913
674.0, 0.865349012804511
675.0, 0.8125725176808252
676.0, 0.7525692780542721
677.0, 0.6940422127224244
678.0, 0.6364489789893502
679.0, 0.5789283638867649
680.0, 0.5262231352220118
681.0, 0.48095506428211426
682.0, 0.44067702562868016
683.0, 0.3989789984221761
684.0, 0.36488179039041957
685.0, 0.3348918852931426
686.0, 0.306399019676969
687.0, 0.28161803170390964
688.0, 0.26133602601535477
689.0, 0.2388854394542669
690.0, 0.2199405866715969
691.0, 0.1992995557385951
692.0, 0.1817302443445507
693.0, 0.16615811852190127
694.0, 0.1496872032138239
695.0, 0.1355712399769583
696.0, 0.12478955438602936
697.0, 0.11171418178832869
698.0, 0.10087165527284388
699.0, 0.09139787330891921
700.0, 0.08246240094859222
701.0, 0.07398322045441943
702.0, 0.06693741433786829
703.0, 0.06384337112892013
704.0, 0.05736757046130479
705.0, 0.05544885148466991
706.0, 0.04993910323424097
707.0, 0.04521106875887352
708.0, 0.042864116600129606
709.0, 0.04055768561590278
710.0, 0.0384489339376875
711.0, 0.035142588061912186
712.0, 0.034835105541963514
713.0, 0.03282622635008281
714.0, 0.03159847127772361
715.0, 0.03142223495140809
716.0, 0.03074841119809388
717.0, 0.02879022300127963
718.0, 0.028554178601254577
719.0, 0.028285561229804912
720.0, 0.02698386990365963
721.0, 0.026139807631545227
722.0, 0.02577850142028039
723.0, 0.025270357552678886
724.0, 0.024437714129749682
725.0, 0.024272127209766476
726.0, 0.025057848016337547
727.0, 0.02346459330667105
728.0, 0.022944140554655143
729.0, 0.022292040119705064
730.0, 0.021157621532838206
731.0, 0.020104081533755536
732.0, 0.019189022137672405
733.0, 0.016042917041578418
734.0, 0.017778896825989134
735.0, 0.016650543088221902
736.0, 0.01507840095514308
737.0, 0.012716766294250318
738.0, 0.010913769346769077
739.0, 0.010533095667833345
740.0, 0.009355694111385123
741.0, 0.007466543781642574
742.0, 0.008146181846084006
743.0, 0.005793502753825399
744.0, 0.0045366937793124016
745.0, 0.004262794823009898
746.0, 0.0038144358478007213
747.0, 0.00299081483957819
748.0, 0.0021779377148475787
749.0, 0.0006306269440601201
750.0, 0.00017483401675476995
751.0, 0.00018632592592592124
752.0, 0.001134531460848311
753.0, 0.0016687493586997537
754.0, 0.0012052507675481786
755.0, 0.001184557294264804
756.0, 0.002712191324524961
757.0, 0.001639861240839798
758.0, 0.002190981504174814
759.0, 0.0021170888941956048
760.0, 0.0020808372314679397
761.0, 0.001895306934162706
762.0, 0.0013034821266605762
763.0, 0.001110228302804819
764.0, 0.001432169473336973
765.0, 0.001310534957972557
766.0, 0.0018791283296680844
767.0, 0.002234930492110141
768.0, 0.0035265446075552153
769.0, 0.004373890807572544
770.0, 0.00401787752104192
771.0, 0.005723753924187386
772.0, 0.006983147381303236
773.0, 0.007406626271490999
774.0, 0.009144240790554297
775.0, 0.010035852989493067
776.0, 0.0104241319102857
777.0, 0.010976370368273316
778.0, 0.011621082337176406
779.0, 0.011978113269746009
780.0, 0.01288922548180025
781.0, 0.012872580277233201
782.0, 0.01417800120328084
783.0, 0.01520846259943912
784.0, 0.016068597926025018
785.0, 0.016356778491182847
786.0, 0.01567109872884184
787.0, 0.015735676576260054
788.0, 0.01669194163301133
789.0, 0.0163723031082487
790.0, 0.016980272844389514
791.0, 0.016902542820090967
792.0, 0.016362411462028447
793.0, 0.016166798832016143
794.0, 0.016790421597084215
795.0, 0.018228769107805347
796.0, 0.018064882696434054
797.0, 0.017663182371246294
798.0, 0.016805349713933188
799.0, 0.017110649637011668
800.0, 0.01782112129635675
801.0, 0.017674916468055128
802.0, 0.01699582112802564
803.0, 0.017913774627747337
804.0, 0.01829977320285369
805.0, 0.018147256325113756
806.0, 0.019136794869548897
807.0, 0.019922856868234765
808.0, 0.019090767108698233
809.0, 0.017801899722293305
810.0, 0.018161858622187957
811.0, 0.019674312620647547
812.0, 0.020833587992581806
813.0, 0.019300141080686624
814.0, 0.019470192151547598
815.0, 0.019575606484245906
816.0, 0.01978817658932591
817.0, 0.019882811251070227
818.0, 0.019486864324577892
819.0, 0.01920988419203123
820.0, 0.018250528050629374
821.0, 0.017384590553445645
822.0, 0.01658683162349503
823.0, 0.0148384074052467
824.0, 0.014582647217720148
825.0, 0.014135000694695586
826.0, 0.012707696797418828
827.0, 0.013471242350039915
828.0, 0.010859547105904286
829.0, 0.00891729831117738
830.0, 0.00857264652082966
831.0, 0.006749697305751946
832.0, 0.005792321548123218
833.0, 0.005663170305306144
834.0, 0.005063796022687627
835.0, 0.0038798684967644506
836.0, 0.0029175012896434514
837.0, 0.001146745633862285
838.0, 0.0005337327029008744
839.0, 0.00045403764856834027
840.0, 0.0006305644973976762
841.0, 0.001277370605408095
842.0, 0.0018922343334271774
843.0, 0.002097659688773707
844.0, 0.0029653693679726444
845.0, 0.001539926516373544
846.0, 0.0015225270469349833
847.0, 0.002543533561670741
848.0, 0.0023479529626800415
849.0, 0.0018997580971828578
850.0, 0.002022119594060873
851.0, 0.002234930366647088
852.0, 0.0018606669094214994
853.0, 0.0020824808173664664
854.0, 0.001995464599430026
855.0, 0.0022604802939510766
856.0, 0.002846091440157723
857.0, 0.0033760018560919165
858.0, 0.00381603829825213
859.0, 0.003779068485360272
860.0, 0.0027691537329393983
861.0, 0.0015777732319973928
862.0, 0.001799502411886176
863.0, 0.0007835490989579687
864.0, 0.0008712858380344737
865.0, 0.0005356654633569602
866.0, 0.0010680443223123623
867.0, 0.0012361820120311848
868.0, 0.0001281249160739343
869.0, 0.0006908408605414392
870.0, 0.0027065779329162563
871.0, 0.002219267727819111
872.0, 0.002555869901215571
873.0, 0.0034424819392185144
874.0, 0.004602768679776419
875.0, 0.0061502465080887124
876.0, 0.00745142791201194
877.0, 0.008250394136209706
878.0, 0.010543485964286241
879.0, 0.012108542760439035
880.0, 0.012182165499315525
881.0, 0.015062367027294191
882.0, 0.017057345387727966
883.0, 0.0188071937516037
884.0, 0.021563044611140766
885.0, 0.024470706100027315
886.0, 0.02590325774635101
887.0, 0.028201154906810535
888.0, 0.0318985953219616
889.0, 0.033050209533553615
890.0, 0.036060207674272524
891.0, 0.037269200459314915
892.0, 0.03961794357202363
893.0, 0.04155898268522673
894.0, 0.04193786304676222
895.0, 0.04625376168782328
896.0, 0.048673424462586705
897.0, 0.04980934999984844
898.0, 0.052785526895563546
899.0, 0.05606795451439583
900.0, 0.05767285379846159
901.0, 0.059738779338495814
902.0, 0.06359672220472519
903.0, 0.0677852570267428
904.0, 0.07070949378506483
905.0, 0.07315484875837902
906.0, 0.07578599164843865
907.0, 0.07960818794762824
908.0, 0.08255468208188536
909.0, 0.08437163527520793
910.0, 0.08747043733900903
911.0, 0.09205277687416508
912.0, 0.09545900057543347
913.0, 0.0967926327567163
914.0, 0.09905841391480572
915.0, 0.100543192028333
916.0, 0.10156472081242629
917.0, 0.10389089397122678
918.0, 0.10465296804530083
919.0, 0.10468393733117234
920.0, 0.10580981603537629
921.0, 0.10711248686395741
922.0, 0.10621680301052362
923.0, 0.10709771890799302
924.0, 0.10442344803409573
925.0, 0.10329650906854877
926.0, 0.10265285442513519
927.0, 0.10004878948764817
928.0, 0.09627921728692702
929.0, 0.0927798722390038
930.0, 0.08981243737955763
931.0, 0.08759249328778498
932.0, 0.08636203223562983
933.0, 0.08465358651088145
934.0, 0.08276212210065427
935.0, 0.08071277555440422
936.0, 0.07979429599647923
937.0, 0.07801467447421187
938.0, 0.07551931715862026
939.0, 0.07440390529376131
940.0, 0.0742600296992232
941.0, 0.07591416239170556
942.0, 0.07398543025513657
943.0, 0.07254889290822211
944.0, 0.06979852168361085
945.0, 0.0688710314666245
946.0, 0.07002302443423705
947.0, 0.07021674678826832
948.0, 0.06866773374985322
949.0, 0.0687680164686639
950.0, 0.06865436998340665
951.0, 0.06849562374585168
952.0, 0.06811227633221541
953.0, 0.06937570598904061
954.0, 0.06928977425329941
955.0, 0.06891241491085899
956.0, 0.0687036640500743
957.0, 0.06830802413753183
958.0, 0.06788043675962255
959.0, 0.06720616206779514
960.0, 0.06740597516144288
961.0, 0.06842393717732136
962.0, 0.06828800768997169
963.0, 0.06730421669034778
964.0, 0.06628947548580122
965.0, 0.06636553966703038
966.0, 0.06680780607558903
967.0, 0.06645301292440675
968.0, 0.06657939776626408
969.0, 0.06692785346733557
970.0, 0.07101492851291179
971.0, 0.06999081004095516
972.0, 0.06907056969213891
973.0, 0.06868499631047828
974.0, 0.06751218680378114
975.0, 0.06575734587238684
976.0, 0.06591753415165434
977.0, 0.06866487109406048
978.0, 0.0680051768168196
979.0, 0.06807374061423092
980.0, 0.06808958298236543
981.0, 0.0679517809096392
982.0, 0.0710631493067455
983.0, 0.0728120466858701
984.0, 0.07337722134439904
985.0, 0.07522412754710207
986.0, 0.07783697300758347
987.0, 0.07868536821287567
988.0, 0.08026376478112662
989.0, 0.08175656267892192
990.0, 0.08539245152501077
991.0, 0.0882096470732013
992.0, 0.09154446802479825
993.0, 0.09405669088570691
994.0, 0.09623589583944038
995.0, 0.10042099725478731
996.0, 0.1061815368654486
997.0, 0.10890201421199536
998.0, 0.11360244139952479
999.0, 0.12049652650272952
1000.0, 0.12320406220284509
1001.0, 0.129842992989713
1002.0, 0.1359386582356185
1003.0, 0.1399590899360875
1004.0, 0.14479215670475246
1005.0, 0.15100894641184534
1006.0, 0.15587486497026018
1007.0, 0.1613568430830699
1008.0, 0.16788588500350463
1009.0, 0.17477042599307946
1010.0, 0.18175657658638072
1011.0, 0.1854586586808349
1012.0, 0.19089263759170963
1013.0, 0.19686914526136592
1014.0, 0.2032469848281425
1015.0, 0.20989046992219457
1016.0, 0.21440752551754347
1017.0, 0.21834020533333715
1018.0, 0.22063552465457228
1019.0, 0.22514991450522678
1020.0, 0.23100599302706254
1021.0, 0.2340486273911021
1022.0, 0.23738182039413794
1023.0, 0.23897262708413436
1024.0, 0.2417253910312254
1025.0, 0.2448722655703861
1026.0, 0.2427741404289216
1027.0, 0.24446018634757719
1028.0, 0.24654983268859137
1029.0, 0.2448672191913419
1030.0, 0.24996409482717274
1031.0, 0.24881384419700522
1032.0, 0.2521070698833457
1033.0, 0.2540547674493443
1034.0, 0.2532939091567333
1035.0, 0.25254265655342256
1036.0, 0.2521801748298802
1037.0, 0.25529644950756775
1038.0, 0.2567971523811521
1039.0, 0.2553490065592775
1040.0, 0.25885879928955025
1041.0, 0.2588913851591244
1042.0, 0.2613099375171063
1043.0, 0.2605183322539748
1044.0, 0.2596343391130653
1045.0, 0.26196574420616875
1046.0, 0.26326873174668464
1047.0, 0.262219195658212
1048.0, 0.2671906771423802
1049.0, 0.26219358173052315
1050.0, 0.2657653895113631
1051.0, 0.2645555382962601
1052.0, 0.26498425293734656
1053.0, 0.26730159983899987
1054.0, 0.26613001475701475
1055.0, 0.2626495210219849
1056.0, 0.2601937340950595
1057.0, 0.2568550104994001
1058.0, 0.2540852549638897
1059.0, 0.2541631462429231
1060.0, 0.24601080921136714
1061.0, 0.24158368482080925
1062.0, 0.2353149521606025
1063.0, 0.22714903322919872
1064.0, 0.22028689447145722
1065.0, 0.21282857516631565
1066.0, 0.20395314368634893
1067.0, 0.1953821716685325
1068.0, 0.1864057837774915
1069.0, 0.18051970486659635
1070.0, 0.17193182697222878
1071.0, 0.16647891980991203
1072.0, 0.15843466021568492
1073.0, 0.15023725427386603
1074.0, 0.14609248197416505
1075.0, 0.13953503243615464
1076.0, 0.13147239232043093
1077.0, 0.12609432708011167
1078.0, 0.12162372472099417
1079.0, 0.11688119802804423
1080.0, 0.1106530713937673
1081.0, 0.10627543915432724
1082.0, 0.10129054084661121
1083.0, 0.09738970941892124
1084.0, 0.09401554227751287
1085.0, 0.09056596800740865
1086.0, 0.08787581801810644
1087.0, 0.08478311060144876
1088.0, 0.08162279776697282
1089.0, 0.0804182433074527
1090.0, 0.07759883527331685
1091.0, 0.07373089208126643
1092.0, 0.0721432654093612
1093.0, 0.07066219561453235
1094.0, 0.06857978730579697
1095.0, 0.06665611679461736
1096.0, 0.06526236034575912
1097.0, 0.06317187751679691
1098.0, 0.06101350441039082
1099.0, 0.059637738693738965
1100.0, 0.05786624775265484
1101.0, 0.05548674418257875
1102.0, 0.05402858801934126
1103.0, 0.052613625661246645
1104.0, 0.05077297901296901
1105.0, 0.048420025277201385
1106.0, 0.046845920336469525
1107.0, 0.04487753894229809
1108.0, 0.042748770828023405
1109.0, 0.040802295850986464
1110.0, 0.038938320331089724
1111.0, 0.03757959456245043
1112.0, 0.03700748417380495
1113.0, 0.03463229233305119
1114.0, 0.03388589247133904
1115.0, 0.032900506450120395
1116.0, 0.03092037698872939
1117.0, 0.029241649578514203
1118.0, 0.02680989916675551
1119.0, 0.025902160172511454
1120.0, 0.02524262664387272
1121.0, 0.023419123006437125
1122.0, 0.02190351357240772
1123.0, 0.021263212283129794
1124.0, 0.019812931526584365
1125.0, 0.019206460418367724
1126.0, 0.018231760001381415
1127.0, 0.016828207976765177
1128.0, 0.01609939356158628
1129.0, 0.014370088828246837
1130.0, 0.012884487751568603
1131.0, 0.011930342443812933
1132.0, 0.010432666962634533
1133.0, 0.009144681607287063
1134.0, 0.009041963303302508
1135.0, 0.0073753999172341675
1136.0, 0.005864072651644738
1137.0, 0.004263019241183995
1138.0, 0.0042865913267953176
1139.0, 0.003893692284727262
1140.0, 0.004479327539707614
1141.0, 0.003180607143022216
1142.0, 0.002171531873920931
1143.0, 0.002061155214915344
1144.0, 0.0017990861933852229
1145.0, 0.0013452469616792948
1146.0, 0.0012187313432860405
1147.0, 0.000861085676514788
1148.0, 0.0010288494289790897
1149.0, 0.0008913081929775457
1150.0, 0.0009411986227871971
1151.0, 0.0003644228236097175
1152.0, 0.00017669135491785382
1153.0, 0.0001735717205569934
1154.0, 0.0007113034250567461
1155.0, 0.001070653766952982
1156.0, 0.001030554153222408
1157.0, 0.0008332704253306224
1158.0, 0.000535927966037942
1159.0, 0.00107692962329641
1160.0, 0.0003621441971195846
1161.0, 0.0013521755381420337
1162.0, 0.0012249375573920957
1163.0, 0.001681325975049405
1164.0, 0.0021463262353574983
1165.0, 0.0018768851703188406
1166.0, 0.0010099812877559441
1167.0, 0.00034691308975474727
1168.0, 0.00021960489914615906
1169.0, 0.0004952498364688701
1170.0, 0.0009652979854556603
1171.0, 0.0012141317147064197
1172.0, 0.0015849259336500937
1173.0, 0.0020717968609309956
1174.0, 0.001688459588285647
1175.0, 0.0019143499290923606
1176.0, 0.0016188148329280493
1177.0, 0.001674232816626455
1178.0, 0.0010887279483429429
1179.0, 0.0008934385311999586
1180.0, 0.0012495310977548222
1181.0, 0.0012895413860541673
1182.0, 0.0011854702657058376
1183.0, 0.001545274562652408
1184.0, 0.0015842810399966502
1185.0, 0.0010785130497044833
1186.0, 0.0019054821295143352
1187.0, 0.0013755427832715054
1188.0, 0.0008104599269212789
1189.0, 0.0009461715489032891
1190.0, 0.0005030769859106995
1191.0, 0.0008592632930595595
1192.0, 0.0006815291449384487
1193.0, 8.338111482573073e-05
1194.0, 0.0005771204903563601
1195.0, 0.0010442121164850801
1196.0, 0.00031890800920501134
1197.0, 0.0008416661549921723
1198.0, 0.00047787937124510086
1199.0, 0.00010477263328957342
1200.0, 0.00017632173009557065
1201.0, 0.0003362006390282718
1202.0, 0.00010948033286088094
1203.0, 0.0008020432890875281
1204.0, 0.0006229723869655608
1205.0, 0.0011886970270035247
1206.0, 0.002207417407575356
1207.0, 0.0020240908795864905
1208.0, 0.0016039701617869004
1209.0, 0.0009132692734406763
1210.0, 0.0013015716574910966
1211.0, 0.0012856847025787357
1212.0, 0.0015101852556427347
1213.0, 0.0013853729482290271
1214.0, 0.0013001748005191454
1215.0, 0.0018153406700847968
1216.0, 0.0024409236017300744
1217.0, 0.0028679715216134503
1218.0, 0.002635103387558264
1219.0, 0.0024021078587917275
1220.0, 0.002589687865298703
1221.0, 0.0024656946595434195
1222.0, 0.002168484395513888
1223.0, 0.002224501210556838
1224.0, 0.0020113199805242717
1225.0, 0.0033953299584475434
1226.0, 0.003109236688876864
1227.0, 0.0039026368800639207
1228.0, 0.004378332202813273
1229.0, 0.0034582204260669882
1230.0, 0.0033023028543130092
1231.0, 0.003182117877652828
1232.0, 0.003190670679941299
1233.0, 0.003714133231592346
1234.0, 0.004051528676314366
1235.0, 0.004205939426013533
1236.0, 0.00455744906478872
1237.0, 0.004479480613030059
1238.0, 0.004628484661385749
1239.0, 0.004154153482030347
1240.0, 0.00463380781653063
1241.0, 0.00451125465067693
1242.0, 0.004338718518496253
1243.0, 0.0047798011012642125
1244.0, 0.004479572728803473
1245.0, 0.004369856796521926
1246.0, 0.004511887579149924
1247.0, 0.004465248186284645
1248.0, 0.0045729676648472726
1249.0, 0.004912769423005149
1250.0, 0.005636487875872774
1251.0, 0.0050788870077260965
1252.0, 0.005788796357104889
1253.0, 0.00533374911715891
1254.0, 0.005265046242760039
1255.0, 0.005374603819429803
1256.0, 0.006030876366849666
1257.0, 0.004655380464781371
1258.0, 0.004865584010319219
1259.0, 0.005439427381804927
1260.0, 0.0047616508364797154
1261.0, 0.0049733047730327485
1262.0, 0.005894081877663725
1263.0, 0.005414984786856845
1264.0, 0.006783049074082465
1265.0, 0.0068445494625852706
1266.0, 0.005131882859218549
1267.0, 0.006612412178567705
1268.0, 0.005007084931694328
1269.0, 0.005545281118037561
1270.0, 0.004704207733693537
1271.0, 0.00531053495511936
1272.0, 0.00521004458267019
1273.0, 0.00553343164379379
1274.0, 0.005691674911504062
1275.0, 0.005952904067587522
1276.0, 0.0066110840281305506
1277.0, 0.00619240229498103
1278.0, 0.005236109935197043
1279.0, 0.005661109918398298
1280.0, 0.006029004765721636
1281.0, 0.006169106599296873
1282.0, 0.00634290165696368
1283.0, 0.0062063327214552325
1284.0, 0.006208345452353461
1285.0, 0.00588226484182725
1286.0, 0.005467667429073453
1287.0, 0.005549936860031264
1288.0, 0.005594701296428133
1289.0, 0.005850377453628649
1290.0, 0.006052769317250417
1291.0, 0.005784829665197395
1292.0, 0.005676371823936169
1293.0, 0.005782921083455196
1294.0, 0.005356325024277532
1295.0, 0.0062740971507323825
1296.0, 0.0064807270865645744
1297.0, 0.006305839528839969
1298.0, 0.005884898266673223
1299.0, 0.0052245922809886014
1300.0, 0.005728705032565683
1301.0, 0.005746515835486568
1302.0, 0.0057623587412007305
1303.0, 0.005304877708914599
1304.0, 0.005537818906809555
1305.0, 0.005318152431017034
1306.0, 0.00502931211728191
1307.0, 0.005214517561114549
1308.0, 0.004982741794121426
1309.0, 0.0058994375896510125
1310.0, 0.005053893122607797
1311.0, 0.005738351312081458
1312.0, 0.004811976993657196
1313.0, 0.004310419260214273
1314.0, 0.004851072848149343
1315.0, 0.004008820197253205
1316.0, 0.0037896997752174272
1317.0, 0.0038161470178721207
1318.0, 0.0043862160777822096
1319.0, 0.004639107149288672
1320.0, 0.005324308059568644
1321.0, 0.0050476157302781375
1322.0, 0.0040933471937936545
1323.0, 0.0035398354854501634
1324.0, 0.002719766472295559
1325.0, 0.0028884851749850183
1326.0, 0.003279851725032935
1327.0, 0.0036974321676693624
1328.0, 0.0027674121419161406
1329.0, 0.003211568521519899
1330.0, 0.0041216875522138005
1331.0, 0.002681571148292039
1332.0, 0.003673914106415557
1333.0, 0.0037955001682352984
1334.0, 0.004348905426693816
1335.0, 0.0087538524293138
1336.0, 0.006879567450509914
1337.0, 0.004118337018848043
1338.0, 0.008730036175962847
1339.0, 0.013491965601636772
1340.0, 0.01332933464647973
1341.0, 0.010985890326499303
1342.0, 0.0033772539279934483
1343.0, 0.0017213050952590715
1344.0, 0.002261912741123711
1345.0, 0.0037662551773816155
1346.0, 0.0029721966901384246
1347.0, 0.0037984196415553214
1348.0, 0.0025649757906544774
1349.0, 0.003298869154457677
1350.0, 0.0028116950208029075
1351.0, 0.0027565765352910564
1352.0, 0.002202697083677321
1353.0, 0.0023160666510368064
1354.0, 0.0025460773103601346
1355.0, 0.0025582245327190117
1356.0, 0.002758523645522842
1357.0, 0.003278035173915915
1358.0, 0.0031042549612480728
1359.0, 0.0016201845279960282
1360.0, 0.002318461419164985
1361.0, 0.0029095238007783874
1362.0, 0.004103516779758323
1363.0, 0.0032599369573898074
1364.0, 0.003161691386355297
1365.0, 0.002277808973430809
1366.0, 0.001938714343002288
1367.0, 0.002555715778218366
1368.0, 0.0021409563062525223
1369.0, 0.0018965063469838937
1370.0, 0.002323036948981344
1371.0, 0.0028998486009334788
1372.0, 0.002227162200169902
1373.0, 0.0013920802051819903
1374.0, 0.0014314220649351366
1375.0, 0.001369624926804033
1376.0, 0.0013578976241003285
1377.0, 0.001840164632684654
1378.0, 0.001345877344487559
1379.0, 0.0017688640978258969
1380.0, 0.0020259879266053948
1381.0, 0.0011046436136759135
1382.0, 0.001256233613484968
1383.0, 0.0016962136747676866
1384.0, 0.0012454041376078401
1385.0, 0.001626238921619561
1386.0, 0.001170929767181009
1387.0, 0.0014179908183357046
1388.0, 0.0022524957217950566
1389.0, 0.00170039842687834
1390.0, 0.0016928027100245975
1391.0, 0.0019997139157946296
1392.0, 0.0017255271779857693
1393.0, 0.002111857110931319
1394.0, 0.0019620447856108425
1395.0, 0.000742386638366463
1396.0, 0.0013788371998177684
1397.0, 0.0007145858931176621
1398.0, 0.00033798786279272083
1399.0, 0.001569799419869892
1400.0, 0.0013801887129618676
1401.0, 0.0007267151021028621
1402.0, 0.0007865409489886325
1403.0, 0.001097868685749294
1404.0, 0.001304885524660752
1405.0, 0.0012917727166283568
1406.0, 0.0008977639259496479
1407.0, 0.0005635107479668917
1408.0, 0.0005925715637558266
1409.0, 0.0016385546335726117
1410.0, 0.0021110817152864606
1411.0, 0.001192164426083218
1412.0, 0.0008963816789786513
1413.0, 0.001219465437031572
1414.0, 0.0009921580203772942
1415.0, 0.0009099274235320452
1416.0, 0.0009494462547057564
1417.0, 0.001272934853747041
1418.0, 0.0015623035201907472
1419.0, 0.0012507773232829824
1420.0, 0.0016903171618944414
1421.0, 0.00043741888297186074
1422.0, 0.00012895901063969507
1423.0, 0.0005350597159154247
1424.0, 0.0012525067936207195
1425.0, 0.0008321498153593277
1426.0, 0.0016637196192612386
1427.0, 0.0011529323626713979
1428.0, 0.002359529547233303
1429.0, 0.0009772988211962687
1430.0, 0.0011346822700369808
1431.0, 0.0007542278875286318
1432.0, 0.0006566833412205559
1433.0, 0.0011257139466597378
1434.0, 0.0012257236640877713
1435.0, 0.0014992936263575208
1436.0, 0.0012140902270006307
1437.0, 0.0009498038736213573
1438.0, 0.0016909448077921697
1439.0, 0.0009094914181747092
1440.0, 0.0014229354140727203
1441.0, 0.0015076145290695946
1442.0, 0.0012678288855280033
1443.0, 0.0003382031651194338
1444.0, 0.0024475914027145187
1445.0, 0.00130812258166492
1446.0, 0.00014877998973210197
1447.0, 0.002297554978687371
1448.0, 0.0005208581958696031
1449.0, 0.0007316376824630423
1450.0, 0.0011799238661458916
1451.0, 0.0013888273312326524
1452.0, 0.0019241638426402859
1453.0, 0.0009372887095823155
1454.0, 0.00040829260445450217
1455.0, 0.00041656970792770765
1456.0, 0.0011667220300649345
1457.0, 0.0015955035033357358
1458.0, 0.0012737984762645506
1459.0, 0.0016851250199229617
1460.0, 0.0011288585871457124
1461.0, 0.000663773554800731
1462.0, 0.0011650791865504546
1463.0, 0.0010070005029542584
1464.0, 0.0005052541120784933
1465.0, 0.0009502494195698676
1466.0, 0.001683664437990458
1467.0, 0.0017803194458702444
1468.0, 0.0015946346834706966
1469.0, 0.0008801721047536396
1470.0, 0.0008445207242164409
1471.0, 0.0008957412277017921
1472.0, 0.0010411528272487086
1473.0, 0.0010400950027790877
1474.0, 0.0006996156997636502
1475.0, 0.0007533020998488429
1476.0, 0.0011478109889626925
1477.0, 0.000971223768856741
1478.0, 0.0016012457800329703
1479.0, 0.0017139289036068976
1480.0, 0.0015748561435952593
1481.0, 0.001354406760032711
1482.0, 0.0008322122518666271
1483.0, 0.0005858040255440318
1484.0, 0.00025304905110196867
1485.0, 0.0001880599586762672
1486.0, 0.00042767486928397473
1487.0, 0.0012044184059220224
1488.0, 0.0006990516943472251
1489.0, 0.0012578924401085555
1490.0, 0.001884219988362293
1491.0, 0.0014691739315965916
1492.0, 0.0015832253745393784
1493.0, 0.000408215873521448
1494.0, 0.0010042793112577135
1495.0, 0.0010714912272940312
1496.0, 0.0006886578832043387
1497.0, 0.0013785144619703578
1498.0, 0.0007853451311035445
1499.0, 0.0003820457143233546
1500.0, 0.0009017842114412682
1501.0, 0.0005184092692474331
1502.0, 0.0007117015881500301
1503.0, 0.0013931580191304364
1504.0, 0.0016498466959666317
1505.0, 0.001788766831661483
1506.0, 0.0016737967488188064
1507.0, 0.0013757106671964845
1508.0, 0.0014452452387557543
1509.0, 0.0014020685724128838
1510.0, 0.0013081913512262159
1511.0, 0.001419744716830623
1512.0, 0.0012202595501756832
1513.0, 0.001189000826815092
1514.0, 0.000957855411576259
1515.0, 0.0016098375550143954
1516.0, 0.002019678571969171
1517.0, 0.0012906662532076265
1518.0, 0.00038847604358353805
1519.0, 0.0004638694166047524
1520.0, 0.0004804503471211919
1521.0, 0.00236535981352196
1522.0, 0.001359568174080335
1523.0, 0.0011092668011796578
1524.0, 0.0007567497886552365
1525.0, 0.0016735842530545449
1526.0, 0.0017695289343262477
1527.0, 0.0011213730211153846
1528.0, 0.001755968287813201
1529.0, 0.0007697726541419285
1530.0, 0.0007880504401046648
1531.0, 0.0005090534196893085
1532.0, 0.0005888030228788864
1533.0, 0.0009814988402804701
1534.0, 0.0009304551910755678
1535.0, 0.0008749829003318226
1536.0, 0.0009220058260553481
1537.0, 0.0008331054503676365
1538.0, 0.0007758921478467893
1539.0, 0.0007532091488369823
1540.0, 0.0006681664399021683
1541.0, 0.0006681470684662315
1542.0, 0.0006372708139919158
1543.0, 0.0006125009549979858
1544.0, 0.0005794559339392789
1545.0, 0.00018343468864029253
1546.0, 0.00033155632453901
1547.0, 0.0006646389207968734
1548.0, 0.0020175867114616114
1549.0, 0.0021658816943172054
1550.0, 0.002675513602729538
1551.0, 0.0030511659567482364
1552.0, 0.003985196840351786
1553.0, 0.007768761350337734
1554.0, 0.008422730432457864
1555.0, 0.011278629609853992
1556.0, 0.008762874111595922
1557.0, 0.0042908859585141495
1558.0, 0.00044474492667371016
1559.0, 0.0010923368224164615
1560.0, 0.00033882970802752313
1561.0, 0.0002136761084782544
1562.0, 0.001146059831647047
1563.0, 0.0009766601130191035
1564.0, 0.000713283221908196
1565.0, 0.0006545393133472975
1566.0, 0.00048463948485436345
1567.0, 0.0005433944860249677
1568.0, 0.0006853606671727101
1569.0, 0.0005972406559649023
1570.0, 0.00022708692756562258
1571.0, 1.908538041841033e-05
1572, 0.0
1573, 0.0
1574, 0.0
1575, 0.0
1576, 0.0
1577, 0.0
1578, 0.0
1579, 0.0
1580, 0.0
1581, 0.0
1582, 0.0
1583, 0.0
1584, 0.0
1585, 0.0
1586, 0.0
1587, 0.0
1588, 0.0
1589, 0.0
1590, 0.0
1591, 0.0
1592, 0.0
1593, 0.0
1594, 0.0
1595, 0.0
1596, 0.0
1597, 0.0
1598, 0.0
1599, 0.0
