30, 0.0
31, 0.0
32, 0.0
33, 0.0
34, 0.0
35, 0.0
36, 0.0
37, 0.0
38, 0.0
39, 0.0
40, 0.0
41, 0.0
42, 0.0
43, 0.0
44, 0.0
45, 0.0
46, 0.0
47, 0.0
48, 0.0
49, 0.0
50, 0.0
51, 0.0
52, 0.0
53, 0.0
54, 0.0
55, 0.0
56, 0.0
57, 0.0
58, 0.0
59, 0.0
60, 0.0
61, 0.0
62, 0.0
63, 0.0
64, 0.0
65, 0.0
66, 0.0
67, 0.0
68, 0.0
69, 0.0
70, 0.0
71, 0.0
72, 0.0
73, 0.0
74, 0.0
75, 0.0
76, 0.0
77, 0.0
78, 0.0
79, 0.0
80, 0.0
81, 0.0
82, 0.0
83, 0.0
84, 0.0
85, 0.0
86, 0.0
87, 0.0
88, 0.0
89, 0.0
90, 0.0
91, 0.0
92, 0.0
93, 0.0
94, 0.0
95.0, 5.5784195968105966e-05
96.0, 0.0002962333165202875
97.0, 0.00039030201922567257
98.0, 0.00045201585438059796
99.0, 0.0004882838288467038
100.0, 0.00016455143340879706
101.0, 0.00040569277134601585
102.0, 0.0006629629942313378
103.0, 0.00016947797137788022
104.0, 0.00029433760300672543
105.0, 0.000589031760266253
106.0, 0.0009325185203728174
107.0, 0.0008915322025180315
108.0, 0.000838028752785466
109.0, 0.000726719913412691
110.0, 0.0004981403133801566
111.0, 0.000689392900757112
112.0, 0.0009138899252465807
113.0, 0.0011017987623183653
114.0, 0.001081537811092321
115.0, 0.0013236838364192173
116.0, 0.0015939728812801818
117.0, 0.0017535482261833546
118.0, 0.0015445797527370833
119.0, 0.0014175998164788852
120.0, 0.0014348322163598853
121.0, 0.0017751394333075483
122.0, 0.0016067999279941018
123.0, 0.0013142953803320075
124.0, 0.0010360530659071895
125.0, 0.0010904008384353726
126.0, 0.0012704151938008439
127.0, 0.0015017136331162179
128.0, 0.0016634640654134502
129.0, 0.0022936913417991806
130.0, 0.0025865691351352814
131.0, 0.0024293426895212714
132.0, 0.0026060478451594036
133.0, 0.003178090503357258
134.0, 0.003703966911498402
135.0, 0.003719399472584476
136.0, 0.004066989843369225
137.0, 0.004914599832435919
138.0, 0.006074113270826943
139.0, 0.006605264424105888
140.0, 0.007771927957174894
141.0, 0.0092208774996062
142.0, 0.010803121449202764
143.0, 0.01340931339924104
144.0, 0.016827866532220966
145.0, 0.021200017504691256
146.0, 0.027127359638240138
147.0, 0.03495914510660976
148.0, 0.04382279839629538
149.0, 0.053595469096899065
150.0, 0.06513887361458251
151.0, 0.07616146955628544
152.0, 0.08598431715075318
153.0, 0.09347809667780921
154.0, 0.09181115760033311
155.0, 0.08618598628133352
156.0, 0.0775930809601752
157.0, 0.06766492845798737
158.0, 0.056129604385372046
159.0, 0.04533017289998665
160.0, 0.0366813894621596
161.0, 0.030455823802633956
162.0, 0.024671865858687473
163.0, 0.019540897641264546
164.0, 0.015764840918742994
165.0, 0.01270725131530536
166.0, 0.010149417962989578
167.0, 0.008090848262089325
168.0, 0.006877442457695537
169.0, 0.0056638336826818104
170.0, 0.0046723853457682485
171.0, 0.004173318956711202
172.0, 0.00390355438460118
173.0, 0.003490747351337664
174.0, 0.002973099452194916
175.0, 0.0025920177409432836
176.0, 0.0023773121271568427
177.0, 0.0020032010188953163
178.0, 0.0013449148077817324
179.0, 0.00124571102251693
180.0, 0.001297775999401143
181.0, 0.001323638407475461
182.0, 0.0010484615402004266
183.0, 0.0011262394321873213
184.0, 0.0010413836124440173
185.0, 0.0008022449466271316
186.0, 0.0008902425358820362
187.0, 0.0008553148905602592
188.0, 0.0007488604532307888
189.0, 0.0005907581250159615
190.0, 0.0004211629453430163
191.0, 0.0003162696524891938
192.0, 0.0002743555239082346
193.0, 0.00030429594700145506
194.0, 0.00024397095456551386
195.0, 0.00021779531936421374
196.0, 0.0002516256658052184
197.0, 0.00034438862665681547
198.0, 0.00035810083790255705
199.0, 0.00037044487472519835
200.0, 0.00043640390700772866
201.0, 0.000559497451558253
202.0, 0.0004886719903811982
203.0, 0.0004025423758923333
204.0, 0.0007391685114291194
205.0, 0.0009472671203198256
206.0, 0.0008190284458720493
207.0, 0.00040361372607798315
208.0, 0.0006934545741306445
209.0, 0.0007312930976950927
210.0, 0.0008206051115214417
211.0, 0.0012048244774285066
212.0, 0.0009312128581871448
213.0, 0.0008141995682803511
214.0, 0.0008175209745114341
215.0, 0.0008024475542564351
216.0, 0.0006488582319963286
217.0, 0.0005734943332930148
218.0, 0.0006566949024321453
219.0, 0.0011240992214650064
220.0, 0.0012361793937584167
221.0, 0.0012664290224188273
222.0, 0.0014044893167136144
223.0, 0.0012447148993321429
224.0, 0.0011897145040527446
225.0, 0.0012581906908926425
226.0, 0.0014905205558589912
227.0, 0.0016122912659191607
228.0, 0.0015505412591089562
229.0, 0.0013889200176147982
230.0, 0.0018570763847361809
231.0, 0.0021342969337807666
232.0, 0.0023476386001102163
233.0, 0.0025683543542645232
234.0, 0.002191432621202925
235.0, 0.0024206728230213585
236.0, 0.002837657265887208
237.0, 0.002716647328509832
238.0, 0.0033020127243886307
239.0, 0.0035138131002398062
240.0, 0.0033477695627392935
241.0, 0.0036285734643927248
242.0, 0.003974564281878495
243.0, 0.004342240996986793
244.0, 0.0047083680739736155
245.0, 0.004921900827786678
246.0, 0.005136752408920067
247.0, 0.005457891145529305
248.0, 0.006036335385728734
249.0, 0.006658859022954164
250.0, 0.007146988062804152
251.0, 0.007562029861480324
252.0, 0.008150273192125388
253.0, 0.009127530530383085
254.0, 0.010084032339733755
255.0, 0.010973001161886216
256.0, 0.012647597871462227
257.0, 0.01361808791684744
258.0, 0.014520515755560525
259.0, 0.01584077234216187
260.0, 0.017893702444690043
261.0, 0.019699119437896692
262.0, 0.021563050224309314
263.0, 0.0241442414372093
264.0, 0.026497978582820263
265.0, 0.029371189531274707
266.0, 0.0329746517173584
267.0, 0.03776039434842906
268.0, 0.04229858823582201
269.0, 0.04775524555425988
270.0, 0.05471637418083739
271.0, 0.06341462285768364
272.0, 0.07449606638180149
273.0, 0.08730739637899054
274.0, 0.10144273002121584
275.0, 0.12014962694980251
276.0, 0.13915481975451308
277.0, 0.15802024875458368
278.0, 0.17626649679157252
279.0, 0.1887443873953555
280.0, 0.19565919045560132
281.0, 0.19651487859312
282.0, 0.18838519847349325
283.0, 0.172283633728314
284.0, 0.15228082816946403
285.0, 0.13031037759776526
286.0, 0.11312920810290125
287.0, 0.09575188158145259
288.0, 0.0792969256969292
289.0, 0.06510712900608492
290.0, 0.055859354099431664
291.0, 0.047111821968642796
292.0, 0.039065945951216145
293.0, 0.03292069981522954
294.0, 0.02829764470499899
295.0, 0.024502389764339546
296.0, 0.021329630881755653
297.0, 0.018395209795476878
298.0, 0.01616706686772733
299.0, 0.014547766063895726
300.0, 0.013449579903814991
301.0, 0.01145015969234286
302.0, 0.010313404413860694
303.0, 0.00947429183608413
304.0, 0.008461503298475259
305.0, 0.007828461606059624
306.0, 0.0071710918382890555
307.0, 0.006607207177742273
308.0, 0.006390054559480422
309.0, 0.005611309230957872
310.0, 0.005348849819758633
311.0, 0.0054231380588001974
312.0, 0.004650137073699027
313.0, 0.004320135899922403
314.0, 0.004054780655077957
315.0, 0.0037337867145768033
316.0, 0.003302729131432389
317.0, 0.0031437718377729648
318.0, 0.0029953924079974188
319.0, 0.0027090683830067104
320.0, 0.002529708763551943
321.0, 0.0023642316704889947
322.0, 0.0021704805652337355
323.0, 0.001897048218251318
324.0, 0.0019022670090722545
325.0, 0.0019441202158194564
326.0, 0.0019083257939924501
327.0, 0.0015711698356914525
328.0, 0.0014959625072697058
329.0, 0.0014822283943382824
330.0, 0.0014731803488030667
331.0, 0.001370754278653349
332.0, 0.0014647076347125195
333.0, 0.0013829354817579862
334.0, 0.0010344087890206135
335.0, 0.0006856931498468315
336.0, 0.0008331927541720392
337.0, 0.001018112337307946
338.0, 0.0009917171871118543
339.0, 0.000976767288186725
340.0, 0.0008726882633636751
341.0, 0.0007531254078951704
342.0, 0.0006898309593316278
343.0, 0.0005105593022646862
344.0, 0.0006216194479200614
345.0, 0.0007857832657772606
346.0, 0.0005791121451988201
347.0, 0.000968721201798328
348.0, 0.0010236518725747108
349.0, 0.0008505048543077127
350.0, 0.001037415116109949
351.0, 0.0005468599980349661
352.0, 0.00040747265890279976
353.0, 0.0007051714214251328
354.0, 0.0007247821458589315
355.0, 0.0007640725244449777
356.0, 0.00075601875345606
357.0, 0.0006843072966715632
358.0, 0.0006564815919414112
359.0, 0.0006211235931289039
360.0, 0.0005452405677885938
361.0, 0.0004145827320780887
362.0, 0.0004823473512039007
363.0, 0.00046900650194851596
364.0, 0.00045250856576913934
365.0, 0.0005080987160739855
366.0, 0.0004939083947699176
367.0, 0.00043335211854086774
368.0, 0.00043223485471862566
369.0, 0.0006558169542859412
370.0, 0.0005679308786562386
371.0, 0.00036605529572609433
372.0, 0.00018564518767834602
373.0, 0.000301665692580509
374.0, 0.000241448857400002
375.0, 0.00016128085770682492
376.0, 0.00016228819401583065
377.0, 0.0005170842651468172
378.0, 0.00033501132314298993
379.0, 0.0002510529707431819
380.0, 0.0003466637678304123
381.0, 0.00016301556856166468
382.0, 9.134236424745187e-05
383.0, 5.229101923805611e-05
384.0, 3.333682257992675e-05
385.0, 0.00019213933678894523
386.0, 0.00022067817914607447
387.0, 0.00024062682504983433
388.0, 0.00030210987940255344
389.0, 7.23888158031165e-05
390.0, 8.734927404750686e-05
391.0, 0.00014909252399894303
392.0, 0.00010729976828166141
393.0, 0.0002568585025299678
394.0, 0.0003418329242142577
395.0, 0.0004414625242682739
396.0, 0.000644989975486662
397.0, 0.00024150981196698144
398.0, 0.00015956972562703567
399.0, 0.0002609605037143831
400.0, 0.0003049055962579103
401.0, 9.984053374059003e-05
402.0, 4.593920929762245e-06
403.0, 1.3587513137214517e-05
404.0, 6.857177930440644e-05
405.0, 4.266900206081774e-05
406.0, 3.667290568503684e-05
407.0, 7.699077142190264e-05
408.0, 0.00020372764045220983
409.0, 0.0001397802532504204
410.0, 0.00013059431888298847
411.0, 0.0001854094715923172
412.0, 0.0001798521031895076
413.0, 0.0001714567169407163
414.0, 0.00022249690048242537
415.0, 0.0003206561904125302
416.0, 0.00033412458304082703
417.0, 0.0002352066279763549
418.0, 0.00022224086254187016
419.0, 0.00033038068310859396
420.0, 0.00037207487531479554
421.0, 0.00025319137336405224
422.0, 0.00023207917399781767
423.0, 0.00035395871930390434
424.0, 9.378150013008259e-05
425.0, 0.00011537086858159365
426.0, 0.0001781787656615239
427.0, 0.00016993397732084222
428.0, 0.00016201328629645927
429.0, 0.00013617808989218005
430.0, 0.0001464005865490511
431.0, 0.0002242253523225692
432.0, 0.00032484614467954655
433.0, 0.0002028136820433623
434.0, 0.00013308799725617846
435.0, 0.00030586777230279797
436.0, 0.0004906891054102885
437.0, 0.00044205929962322235
438.0, 0.0002976372725835287
439.0, 0.00017162095388452447
440.0, 0.00024074376543960048
441.0, 0.00021790155583472173
442.0, 0.00018080983207308275
443.0, 0.00020373105041281378
444.0, 0.0002675029625382639
445.0, 0.0002364362457779494
446.0, 0.0001750938940293238
447.0, 0.00015429926210382193
448.0, 4.259189513955443e-05
449.0, 5.6898390286754713e-05
450.0, 0.00015012514709906294
451.0, 0.0002628701593795756
452.0, 0.0001704956702101984
453.0, 0.0002313363564714158
454.0, 0.00028807606987603916
455.0, 0.00011504077110575425
456.0, 0.00014112452112742744
457.0, 0.00011756609528378231
458.0, 0.0001282511389056957
459.0, 0.0003114355545436578
460.0, 0.00015034609818451026
461.0, 0.00022381989339930036
462.0, 0.00040168745099470536
463.0, 0.0004411661484261731
464.0, 0.00027352225756936655
465.0, 0.00027843126405454824
466.0, 0.0003157190390989279
467.0, 0.00012435634682529196
468.0, 0.0001947432653518412
469.0, 0.0001932379304016275
470.0, 0.0001736699182741099
471.0, 0.00026218788215934047
472.0, 9.719030052441358e-05
473.0, 9.797708942678926e-05
474.0, 0.0001545939577218234
475.0, 3.3936119764354204e-05
476.0, 0.00016356656197794806
477.0, 0.00023065614726567267
478.0, 0.0002543591243438272
479.0, 0.0003037815372011111
480.0, 0.00014100111298487853
481.0, 0.0002682244333727095
482.0, 0.0004118272031391748
483.0, 6.0182187584797156e-05
484.0, 0.00039124043478045323
485.0, 0.0004147880517109765
486.0, 0.00023940672151880356
487.0, 0.00014401964365327115
488.0, 0.00013641938480499154
489.0, 0.00015210659052070902
490.0, 0.0001470682539841677
491.0, 5.929819657562309e-05
492.0, 0.000275401754788502
493.0, 0.000319223895813478
494.0, 0.00026368048024392283
495.0, 0.0002507080997689268
496.0, 0.0003186562434891197
497.0, 0.00033467171162318424
498.0, 0.0003293244374547975
499.0, 0.00035165883162689314
500.0, 0.00039828672159818905
501.0, 0.00046957474975220276
502.0, 0.0005481669769150513
503.0, 0.0006128223718086725
504.0, 0.00048787968346985605
505.0, 0.0004894576278816411
506.0, 0.0005136118129200593
507.0, 0.00043811766791350935
508.0, 0.0001940392612469271
509.0, 0.00040249949784861055
510.0, 0.0006072812800437312
511.0, 0.0003567387385995055
512.0, 0.000281309484220954
513.0, 0.0005883004043371574
514.0, 0.0007679736632107199
515.0, 0.0004035510344281196
516.0, 0.000584724975414747
517.0, 0.0006131601834211112
518.0, 0.0005754497492514822
519.0, 0.0005382894741791891
520.0, 0.000536460640480198
521.0, 0.0005638253046416815
522.0, 0.0005732493860157565
523.0, 0.0005470089874892402
524.0, 0.0006541786422501239
525.0, 0.0005893711945154384
526.0, 0.00046994961651528
527.0, 0.0003800819343348751
528.0, 0.0005110154403779295
529.0, 0.0006603277718939286
530.0, 0.0006757659926120397
531.0, 0.0005262194572517594
532.0, 0.0004735305373767271
533.0, 0.00025672328118726096
534.0, 0.00028090037137122847
535.0, 0.0006291619699458378
536.0, 0.0009668106402550545
537.0, 0.0006052479894394589
538.0, 0.0005345833263489576
539.0, 0.0007958375909662595
540.0, 0.000449184278300245
541.0, 0.0006203185346433173
542.0, 0.0007113278929402111
543.0, 0.0006573804739830087
544.0, 0.0006516817064391567
545.0, 0.0006252345973360689
546.0, 0.0005972449020778287
547.0, 0.0005742245716059453
548.0, 0.0005640377188934373
549.0, 0.0005476498244298644
550.0, 0.0005118031090852461
551.0, 0.0004864781531974813
552.0, 0.0005256898982668674
553.0, 0.0003836081836494951
554.0, 0.00031208139589667484
555.0, 0.0003060374022721457
556.0, 0.00033905653092295834
557.0, 0.0007736996459972347
558.0, 0.0006833293743471519
559.0, 0.00046819364587846843
560.0, 0.0005324675662010445
561.0, 0.0005623640648704828
562.0, 0.0004544886793675682
563.0, 0.0002536850799037939
564.0, 5.1662712347873784e-05
565.0, 0.000674241185080259
566.0, 0.0005829572007239718
567.0, 0.0004632050392255515
568.0, 0.0006422234379501191
569.0, 0.0008383220516691524
570.0, 0.0009517325024018444
571.0, 0.0009638231065220604
572.0, 0.0009457688075962176
573.0, 0.0012692536887308618
574.0, 0.0007787599205423883
575.0, 0.00044549530908082773
576.0, 0.0003914855075539862
577.0, 0.00021566138022968435
578.0, 0.0002528369986397379
579.0, 0.0002718013837871754
580.0, 0.0002979576467225911
581.0, 0.0004649786823846366
582.0, 0.00040249476066183857
583.0, 0.0004405892165336582
584.0, 0.0005733502491404063
585.0, 0.0007501049694048378
586.0, 0.0006620100567524041
587.0, 0.0006815615330887797
588.0, 0.0006921399885011567
589.0, 0.0005762185699011909
590.0, 0.0005934788132964874
591.0, 0.0004964542196786456
592.0, 0.0005625250284355921
593.0, 0.0008974763578795323
594.0, 0.0006832128163120643
595.0, 0.0006081499342164203
596.0, 0.0005527510800421747
597.0, 0.00046651481390951396
598.0, 0.0003587970657615154
599.0, 0.0004030883891575166
600.0, 0.00046821061484922865
601.0, 0.0005216943530990085
602.0, 0.0005743659327473858
603.0, 0.0004309030486653288
604.0, 0.0005264135223962528
605.0, 0.0006335901793062555
606.0, 0.00018203773964970262
607.0, 0.00036256234213287756
608.0, 0.0003694700983427821
609.0, 0.0003735020800809635
610.0, 0.0006442090362444565
611.0, 0.0003285850134738066
612.0, 0.00019293676074253892
613.0, 0.00024963408058559987
614.0, 0.000485986099977777
615.0, 0.0006716835319740952
616.0, 0.0008395185222038666
617.0, 0.0007392207189827358
618.0, 0.00044904154514060845
619.0, 0.0010792296263861132
620.0, 0.0005459279528693306
621.0, 0.0003316784333627109
622.0, 0.0005591597287655831
623.0, 0.00034977999286646606
624.0, 0.00032794316488044196
625.0, 0.0002935665813027251
626.0, 0.0003588913311440168
627.0, 0.0007661982275022544
628.0, 0.0004778231307334475
629.0, 0.00046780865838150925
630.0, 0.0006417401283232677
631.0, 0.0008393685343602876
632.0, 0.0007164927607881147
633.0, 0.0004932781792777856
634.0, 0.0002677267620106749
635.0, 0.0001409335103083667
636.0, 0.0004163017128980674
637.0, 0.00019269549674860628
638.0, 0.00028539540518927875
639.0, 0.0007330647193798692
640.0, 0.0006589664740090745
641.0, 0.0006648025605825431
642.0, 0.0005470419850783049
643.0, 0.0004256740873481905
644.0, 0.0005993413667537864
645.0, 0.00018518542773662548
646.0, 0.00023323886708103632
647.0, 0.00044835343837766655
648.0, 0.00045965520628612
649.0, 0.0008585664061313836
650.0, 0.0005851025969629061
651.0, 0.0003661070452520317
652.0, 0.0005313477623220789
653.0, 0.0002461370860013691
654.0, 9.626273782273208e-05
655.0, 0.0001014293204594315
656.0, 0.0002571477035796095
657.0, 0.0005279492988570334
658.0, 0.000370580089000525
659.0, 0.0004904574680444916
660.0, 0.0007250387412199957
661.0, 0.0006386295021042146
662.0, 0.000588152309985216
663.0, 0.0003667577530799408
664.0, 0.00029226121703573014
665.0, 0.00059327209374157
666.0, 0.0004277598390232001
667.0, 0.0001914261877254701
668.0, 0.00035115735811105584
669.0, 0.0008451910827801537
670.0, 0.00035943993961125347
671.0, 0.0004088835993055177
672.0, 0.00042043299963407434
673.0, 0.0002856812373132517
674.0, 4.8281261905762195e-05
675.0, 0.00038169520828319596
676.0, 0.0004290818363083374
677.0, 0.000360519633201022
678.0, 0.00042252436199418026
679.0, 0.00017384978134214792
680.0, 0.0003123683581477053
681.0, 0.0004993301889140744
682.0, 0.0005195894763106066
683.0, 0.00026876036592398447
684.0, 0.0004680704072617176
685.0, 0.0006660321225259399
686.0, 0.0007289829734892091
687.0, 0.0006280020919657064
688.0, 0.0006863606755771993
689.0, 0.0008664864759837167
690.0, 0.0009629051606662502
691.0, 0.0007518613114445843
692.0, 0.0008784356232852395
693.0, 0.0009252508477138461
694.0, 0.0008904132616211865
695.0, 0.0008168190068893546
696.0, 0.0009623459072665348
697.0, 0.0008088924268207136
698.0, 0.0010697801675984475
699.0, 0.0015762149194860347
700.0, 0.0014418354317193168
701.0, 0.0016847720072374478
702.0, 0.0021515790117765028
703.0, 0.0028690966239335544
704.0, 0.003886004909368245
705.0, 0.005625228462317447
706.0, 0.008034925420549871
707.0, 0.011688507574933078
708.0, 0.017428277828405905
709.0, 0.028084327434370726
710.0, 0.03878883926848505
711.0, 0.047311460536863234
712.0, 0.05030493869469832
713.0, 0.042116683398759215
714.0, 0.030254417603936868
715.0, 0.020715307452603315
716.0, 0.013683720278142932
717.0, 0.008952537830634206
718.0, 0.006813855393328402
719.0, 0.004778238801216118
720.0, 0.0034026229254183965
721.0, 0.0027322688607591557
722.0, 0.002083308677265756
723.0, 0.0018700743156798484
724.0, 0.0018712314280536495
725.0, 0.0018069563675065714
726.0, 0.0013177392826701124
727.0, 0.0008244637705535345
728.0, 0.0010693683276616615
729.0, 0.0013048670899901474
730.0, 0.001059982436082914
731.0, 0.0006908176271663043
732.0, 0.0005706390617765326
733.0, 0.0005091928390233338
734.0, 0.0004634671106907551
735.0, 0.000456190134726899
736.0, 0.0006134093379633614
737.0, 0.0006604869212408405
738.0, 0.0007260033964299259
739.0, 0.0008935140340841717
740.0, 0.0003115435079025892
741.0, 0.0005287728203869348
742.0, 0.0005844231094459839
743.0, 0.00035644891488068617
744.0, 0.0008003501681081897
745.0, 0.000426861494413367
746.0, 0.0003868909808645521
747.0, 0.0005859292647947917
748.0, 0.0006740692450642822
749.0, 0.00014575882596085883
750.0, 0.00034181477490364317
751.0, 0.0006599370665809106
752.0, 0.0007505892583225201
753.0, 0.0006173565400921833
754.0, 0.0006014189568477365
755.0, 0.0005549353761135628
756.0, 0.00046676578308642633
757.0, 0.0003696892488551979
758.0, 0.0007064375948003846
759.0, 0.0007433630418329604
760.0, 0.000682528577832751
761.0, 0.0007162725895419915
762.0, 0.001073562110531258
763.0, 0.0008042932153264179
764.0, 0.000460297167265051
765.0, 0.00028546193803524674
766.0, 0.00047774500198250055
767.0, 0.0006318953586478817
768.0, 0.0005389383120018379
769.0, 0.00054177334183114
770.0, 0.0007967428860411315
771.0, 0.00026019559135621493
772.0, 0.00046898320035771357
773.0, 0.0005005684025244964
774.0, 0.0003043198827016192
775.0, 0.00039747734617605774
776.0, 0.00022659193815728772
777.0, 0.0004489849066542952
778.0, 0.0006464789784220671
779.0, 0.0004592968163094702
780.0, 0.00027332729665385976
781.0, 0.0006562353319039992
782.0, 0.0005441279321883644
783.0, 7.85661568995496e-05
784.0, 0.00039491422643339635
785.0, 0.0003565463008826345
786.0, 0.00038538712598738285
787.0, 0.000432842308074398
788.0, 0.0004567407457164303
789.0, 0.000684624696488462
790.0, 0.000280381326463844
791.0, 0.00022792865190807436
792.0, 0.0004831361223377642
793.0, 0.0002315420460422296
794.0, 0.0005840759377139037
795.0, 0.0004058670512527373
796.0, 0.0004135455684926743
797.0, 0.0010253478571458318
798.0, 0.0003635890443398303
799.0, 0.0005220639031028227
800.0, 0.0004134088591679172
801.0, 5.177077915333457e-05
802.0, 0.00011626192685676613
803.0, 0.0006801927341381499
804.0, 0.0005805902682204772
805.0, 0.00048012227851439263
806.0, 0.0007539054733198635
807.0, 0.00035171155921315603
808.0, 0.00045430785381606753
809.0, 0.0003591149738820511
810.0, 0.00021885295405887236
811.0, 0.0005882197287422645
812.0, 0.0002874376477056277
813.0, 0.0004439986424428491
814.0, 0.00048297031249186994
815.0, 0.00015809790940156864
816.0, 6.946397672298927e-05
817.0, 0.00011322750788987396
818.0, 0.0001618519511277829
819.0, 0.0002583625622619316
820.0, 0.0004765671889032791
821.0, 0.0003106923724621582
822.0, 0.0003587349508080308
823.0, 0.00034058127644418277
824.0, 0.00027004276693140105
825.0, 0.0006597292788147573
826.0, 0.0006613434903141036
827.0, 0.0005027230170489846
828.0, 0.0002944311586771838
829.0, 0.000151590998302729
830.0, 0.0003391345052868464
831.0, 0.0004360629178703862
832.0, 0.0004648940992264232
833.0, 0.0003748358191863084
834.0, 3.549558323726431e-05
835.0, 0.00040652552931909694
836.0, 0.00035289952541880666
837.0, 0.00024708085713753293
838.0, 0.0003325219840503489
839.0, 6.674945495761193e-05
840.0, 5.7839916116365277e-05
841.0, 0.00015904874874235673
842.0, 0.00022281073462335156
843.0, 8.879363998631716e-05
844.0, 0.00040292036511792263
845.0, 0.00042162281628624755
846.0, 0.0004071410763494388
847.0, 0.00046796015595119994
848.0, 0.0005043863381297765
849.0, 0.0005858459799495237
850.0, 0.000808746728695196
851.0, 0.0008214557665827954
852.0, 0.0003490588633341938
853.0, 0.00014489957371448378
854.0, 4.73381118145842e-05
855.0, 0.00011584190320512139
856.0, 0.0002658165240052373
857.0, 0.0003003202709719602
858.0, 0.0003722549267626942
859.0, 0.00020070983157927482
860.0, 0.0002027901321512582
861.0, 0.0004380924382437095
862.0, 8.11518738156175e-05
863.0, 0.0004205339909438602
864.0, 0.00042422446138342746
865.0, 0.0002403624918713871
866.0, 0.0002050225541774062
867.0, 0.0002617527169261883
868.0, 0.0002918873760307833
869.0, 0.0002688531946501299
870.0, 0.0002790878001852174
871.0, 0.0005126688556611227
872.0, 0.0006744681573959369
873.0, 0.0007357644628948232
874.0, 0.0005197983524280513
875.0, 8.203410390091089e-05
876.0, 7.259070830734262e-05
877.0, 6.65445088019932e-05
878.0, 5.1928457390059355e-05
879.0, 0.0002735736197477344
880.0, 0.0008656007194063428
881.0, 0.0005289093249647394
882.0, 0.0001719486878001256
883.0, 0.00022012604330619726
884.0, 0.0004154673195159807
885.0, 4.44556400695538e-05
886.0, 0.00027333480412823413
887.0, 0.00046109400825588393
888.0, 0.000516240746061519
889.0, 0.0004043474481901911
890.0, 0.0001688327788807993
891.0, 0.00037691773757705363
892.0, 0.0004436583281618541
893.0, 0.0005028386618723697
894.0, 0.0006497061297973446
895.0, 0.00029924515719383343
896.0, 0.0003868304403294816
897.0, 0.0004411673700302137
898.0, 0.0004007239352186905
899.0, 0.0003385198335878632
900.0, 0.0001993417814282456
901.0, 0.0002432056448186394
902.0, 0.0002425035524848501
903.0, 0.0002649849209480769
904.0, 0.0006911936473957297
905.0, 0.00045213610497379887
906.0, 0.00044793734547140385
907.0, 0.0006321000409813275
908.0, 0.0008839359084914683
909.0, 0.000964936237678035
910.0, 0.0006671304405417671
911.0, 0.0003593147979116301
912.0, 0.00013138609222023608
913.0, 5.9603057859482266e-05
914.0, 0.0004474040945540355
915.0, 0.0004519247962597373
916.0, 0.0005105205285823451
917.0, 0.0005865314810401288
918.0, 0.0004826520693346098
919.0, 0.0005844843054736531
920.0, 0.000591408450225851
921.0, 0.0005912696577955727
922.0, 0.000613702162422456
923.0, 0.0006436697439363403
924.0, 0.0003335864550541656
925.0, 0.00038299713625055207
926.0, 0.00033624039696415937
927.0, 4.9432619274467254e-05
928.0, 6.866630679415222e-06
929.0, 0.0006731447341284764
930.0, 0.001150773009034428
931.0, 0.0010436397530163611
932.0, 0.0003196264407178008
933.0, 0.00011364259886821494
934.0, 0.0005939912346892317
935.0, 0.0006444502146013161
936.0, 0.00032888138996698947
937.0, 2.999488432255782e-05
938.0, 0.0003705500357308189
939.0, 0.00029251648069461024
940.0, 0.0003687397325838705
941.0, 0.0005336021133556875
942.0, 0.00043880596928924393
943.0, 0.00012436573006251506
944.0, 4.1810344353685426e-05
945.0, 4.068920286215363e-05
946.0, 4.260840288709223e-05
947.0, 1.4560131998684e-05
948.0, 0.00025118537862412095
949.0, 0.0002009925491146383
950.0, 0.00018085659983203264
951.0, 0.0002473311025817368
952.0, 5.677992647755081e-05
953.0, 0.0002779159071718318
954.0, 0.00035959502128487636
955.0, 0.0003561105216714386
956.0, 0.000359482212605155
957.0, 0.0004754754742877678
958.0, 0.0004991465234039696
959.0, 0.0005963999584160214
960.0, 0.0006673978120665311
961.0, 0.0005771277175221793
962.0, 0.00014679029688572734
963.0, 0.0001666691677962484
964.0, 0.00041318467173513397
965.0, 0.0007424528396266552
966.0, 0.0009508306009596813
967.0, 0.0003751375549987769
968.0, 0.0002809474672929515
969.0, 0.0006926303727767975
970.0, 0.0008657280668079707
971.0, 5.9966467237348965e-05
972.0, 0.0006514534199572621
973.0, 0.0005609636588066163
974.0, 0.0004092321367553065
975.0, 0.00043984104041638796
976.0, 0.0006888380467730076
977.0, 0.00023866224475826227
978.0, 0.0005902354399470997
979.0, 0.0009094270401042977
980.0, 0.0009649220979277659
981.0, 0.0009085528557891838
982.0, 0.0013068509185698454
983.0, 0.0006303813789345506
984.0, 0.0005977292096202186
985.0, 0.0011798870634609187
986.0, 0.0008294584531623212
987.0, 0.0008931333089929167
988.0, 0.0011780876950561357
989.0, 0.0008353586975781616
990.0, 8.183834373994873e-05
991.0, 0.00035211161315331247
992.0, 0.0006846731117281626
993.0, 0.0009526448167990635
994.0, 0.0012631938184428772
995.0, 0.0015768748043465692
996.0, 0.0016406133806446254
997.0, 0.0016652343282190787
998.0, 0.0009540790337264293
999.0, 0.0007307416170820926
1000.0, 0.0013029835487928985
1001.0, 0.0014459953665434486
1002.0, 0.001046937780398036
1003.0, 0.001412645019646931
1004.0, 0.0016755694227375585
1005.0, 0.0014896166154845908
1006.0, 0.001616846939906037
1007.0, 0.0015984782538963555
1008.0, 0.0018699982565874213
1009.0, 0.002046086453772826
1010.0, 0.001948803186319268
1011.0, 0.0018846267073113988
1012.0, 0.002220877417673953
1013.0, 0.0020712921561354134
1014.0, 0.0020204499703156504
1015.0, 0.002341831556010133
1016.0, 0.0024828715034897276
1017.0, 0.002550176206166391
1018.0, 0.0023893589789354334
1019.0, 0.0022303895625524115
1020.0, 0.0022561172924675885
1021.0, 0.0025145935281741176
1022.0, 0.002007592362815576
1023.0, 0.0025869035056588483
1024.0, 0.002925598839422979
1025.0, 0.0024387136119747945
1026.0, 0.0024495346847975587
1027.0, 0.002558132279322478
1028.0, 0.0023360994364817786
1029.0, 0.002032193333362096
1030.0, 0.0018643914573260065
1031.0, 0.0019169208952593212
1032.0, 0.0019455135816002522
1033.0, 0.002152942279509673
1034.0, 0.0023541100124954964
1035.0, 0.0023644320990273346
1036.0, 0.002021452891104159
1037.0, 0.0024409928888705387
1038.0, 0.0024762789994639094
1039.0, 0.002688326053579068
1040.0, 0.003064673006410957
1041.0, 0.0026202522096025072
1042.0, 0.002859737156724083
1043.0, 0.0034056095928755945
1044.0, 0.0032671582161844445
1045.0, 0.002621043764405981
1046.0, 0.0031245788071055445
1047.0, 0.003515253483733877
1048.0, 0.0032962539340162075
1049.0, 0.003401949556448808
1050.0, 0.003837630176342861
1051.0, 0.0036437854526130656
1052.0, 0.0032365616235085068
1053.0, 0.003286057420467209
1054.0, 0.003313079304474921
1055.0, 0.0034169808128339282
1056.0, 0.004104542879544146
1057.0, 0.0037247573141798848
1058.0, 0.0037827281182064507
1059.0, 0.004224593509098198
1060.0, 0.004676212992246529
1061.0, 0.004628286803737103
1062.0, 0.004689546700297575
1063.0, 0.0053182609206020234
1064.0, 0.006841088706590693
1065.0, 0.008847733017714235
1066.0, 0.010628154298606708
1067.0, 0.01214615112395007
1068.0, 0.011167840222714406
1069.0, 0.009621161311689936
1070.0, 0.008809267390377042
1071.0, 0.009320569000080705
1072.0, 0.008850297342855296
1073.0, 0.00924024480991221
1074.0, 0.010830012002261401
1075.0, 0.012867470291179461
1076.0, 0.014854433468733368
1077.0, 0.01828920061128149
1078.0, 0.02252527708529785
1079.0, 0.029723589137930845
1080.0, 0.04249765625468098
1081.0, 0.06491654806928122
1082.0, 0.10536265436002254
1083.0, 0.19563454229555255
1084.0, 0.3650187604814674
1085.0, 0.6155443776757483
1086.0, 0.8809352535482773
1087.0, 0.9978947294340527
1088.0, 0.7363719271477733
1089.0, 0.4428550086293589
1090.0, 0.2297342752887207
1091.0, 0.12349537104410288
1092.0, 0.07048198469572169
1093.0, 0.04525723561155818
1094.0, 0.03060223910858266
1095.0, 0.021574333042171094
1096.0, 0.01579945702643114
1097.0, 0.01237289239094024
1098.0, 0.011350108074473191
1099.0, 0.009601856460463043
1100.0, 0.00796951274981722
1101.0, 0.00675225322406429
1102.0, 0.006021462332441324
1103.0, 0.005715820548140664
1104.0, 0.005523205477301864
1105.0, 0.0051177969528512866
1106.0, 0.004737880790773821
1107.0, 0.004505750918617968
1108.0, 0.003950413018581331
1109.0, 0.003910965558707365
1110.0, 0.0033211884880463833
1111.0, 0.00267287558547365
1112.0, 0.0023387199115720465
1113.0, 0.0023194530597748413
1114.0, 0.0027168036645149824
1115.0, 0.0026002940780050334
1116.0, 0.0024404525219249695
1117.0, 0.0023934318622723365
1118.0, 0.002309645116141236
1119.0, 0.001528869422909699
1120.0, 0.0021162434005761203
1121.0, 0.0025001029576723153
1122.0, 0.0028010397348333556
1123.0, 0.003510106922445624
1124.0, 0.0032653370650837323
1125.0, 0.002432331381417775
1126.0, 0.0020354625330032306
1127.0, 0.0018463449974406574
1128.0, 0.0017163121429223896
1129.0, 0.0023495459001202446
1130.0, 0.001619719986748097
1131.0, 0.0015873332351452212
1132.0, 0.0014263171295165438
1133.0, 0.0009989758723935934
1134.0, 0.0012359657139417689
1135.0, 0.002027487195218453
1136.0, 0.001218007448658177
1137.0, 0.001143088611148466
1138.0, 0.001416757235473527
1139.0, 0.00048243789364529703
1140.0, 0.00078643316264055
1141.0, 0.0009132406349386872
1142.0, 0.0009679232722815151
1143.0, 0.0009920321332626651
1144.0, 0.0009916454937511792
1145.0, 0.0009056628551083742
1146.0, 0.0005735227982000617
1147.0, 0.0003132478200456232
1148.0, 0.0003130015560718447
1149.0, 0.0004702878609434485
1150.0, 0.0003292500164739314
1151.0, 0.0003832053685355023
1152.0, 0.00034958622898366827
1153.0, 0.00033141453958659663
1154.0, 0.00039419944690308336
1155.0, 0.0005156115666760052
1156.0, 0.0001921027600949476
1157.0, 0.0008039086502757377
1158.0, 0.0005379418301247652
1159.0, 0.00029408851344576287
1160.0, 0.0007694750129402985
1161.0, 0.0002424844300654332
1162.0, 9.965676092631092e-05
1163.0, 0.0003949020896158659
1164.0, 0.0007011377404847351
1165.0, 0.0007618036818485963
1166.0, 0.0006050669583204323
1167.0, 0.0010916929773268338
1168.0, 0.000848965116832526
1169.0, 0.0004727144892395153
1170.0, 0.0003999227798082663
1171.0, 0.0007011926959349542
1172.0, 6.846862486015821e-05
1173.0, 4.8174130143566025e-05
1174.0, 0.0003991635025488674
1175.0, 0.0007221128492648397
1176.0, 0.0007470867908967382
1177.0, 0.0004966054910329194
1178.0, 0.0005537714291023252
1179.0, 0.0002621808007253829
1180.0, 0.00018834491399991144
1181.0, 0.000438507609562356
1182.0, 0.0007798247550310945
1183.0, 0.001038112267043311
1184.0, 0.0009823368268279974
1185.0, 0.0010551321484483735
1186.0, 0.0011474607283969963
1187.0, 0.0010971086136376325
1188.0, 0.0009328266173406895
1189.0, 0.0006009032210189542
1190.0, 0.0002678116636297094
1191.0, 8.479311853579865e-05
1192.0, 0.00021307665022335154
1193.0, 0.0006954124767444459
1194.0, 0.0003073145858636798
1195.0, 0.0003981902206145013
1196.0, 0.000535928966011301
1197.0, 0.0006065537507370897
1198.0, 0.0007120358049218485
1199.0, 0.0012827587700253893
1200.0, 0.0007221245543610362
1201.0, 0.00113448985461586
1202.0, 0.00104812409923504
1203.0, 0.00052102998066134
1204.0, 0.0010096596882440655
1205.0, 0.001276109084780452
1206.0, 0.0004258699747343202
1207.0, 0.0003209848672381045
1208.0, 0.0006485161321609218
1209.0, 0.0007760922248809237
1210.0, 0.0010556827630537515
1211.0, 0.0008437464088451949
1212.0, 0.0009369387972017501
1213.0, 0.0010360261023362187
1214.0, 0.0009366115260379816
1215.0, 0.0006572742246862345
1216.0, 0.0009227160046604248
1217.0, 0.0007002617331484234
1218.0, 0.00042634872814345065
1219.0, 0.00032566276901927437
1220.0, 0.0004063856669743841
1221.0, 0.000328559319124131
1222.0, 0.0003756364268752815
1223.0, 0.0003953199269942871
1224.0, 0.0003133052547489725
1225.0, 0.00026966605770260637
1226.0, 0.0004425369541463269
1227.0, 0.00025287464727606894
1228.0, 0.0002986824288282541
1229.0, 0.00025842733683756927
1230.0, 0.0003665776979938449
1231.0, 0.0005516534927103728
1232.0, 9.166284121419634e-05
1233.0, 0.0003632347355780761
1234.0, 0.0003908382031852838
1235.0, 0.0002892180351550629
1236.0, 0.0004970615424077325
1237.0, 0.001195678481580082
1238.0, 0.0008706137356223266
1239.0, 0.0006313074647634286
1240.0, 0.0013138225129403032
1241.0, 0.0012912481401353947
1242.0, 0.0005596729001080275
1243.0, 0.0009716778789620739
1244.0, 0.0003088220979600425
1245.0, 0.0007311630440474891
1246.0, 0.0007745463086963926
1247.0, 0.00044863534278313425
1248.0, 0.00019116336043416415
1249.0, 0.0002913448534795771
1250.0, 0.0008544832019962197
1251.0, 0.0007547881793168129
1252.0, 0.000774335878586741
1253.0, 0.0008298704094679198
1254.0, 0.00043325757440301304
1255.0, 0.000329517811376771
1256.0, 0.0001276170475563039
1257.0, 0.00011822622856880172
1258.0, 0.00018721579443867586
1259.0, 0.0002411066304084816
1260.0, 0.0003180297935263535
1261.0, 0.0008370496009872639
1262.0, 0.001011985703042793
1263.0, 0.0006240847863652339
1264.0, 0.0004972621991175665
1265.0, 0.0009845105626571555
1266.0, 0.0005564011888332147
1267.0, 0.0009107355713113749
1268.0, 0.0005351449273410183
1269.0, 0.0002092802830314675
1270.0, 0.00037971574476523937
1271.0, 0.0009231283994721899
1272.0, 0.0004391087898368772
1273.0, 0.000542578032346498
1274.0, 0.0006889735066024264
1275.0, 0.0008113487863685596
1276.0, 0.0007388967648427165
1277.0, 0.00031614439972862626
1278.0, 0.0010447891979879767
1279.0, 0.0005075135730366149
1280.0, 0.000418264075005007
1281.0, 0.00056690669148396
1282.0, 0.00047025564481759986
1283.0, 5.485807869247622e-05
1284.0, 0.0009740192553184602
1285.0, 0.0007087189887466476
1286.0, 0.0004043541885059797
1287.0, 0.00038614055359186504
1288.0, 0.0005099083207975443
1289.0, 0.0003891313567210308
1290.0, 0.00017178505644332672
1291.0, 0.00024294322428707662
1292.0, 0.00033812311472008176
1293.0, 0.0004838602518619724
1294.0, 0.000752912431810889
1295.0, 0.0005250502899054605
1296.0, 0.000583374680134195
1297.0, 0.0002577025001331517
1298.0, 0.00018258293915156726
1299.0, 0.00030749828760304025
1300.0, 2.9844266273562858e-05
1301.0, 0.00019598685310720013
1302.0, 0.00038261180450673
1303.0, 0.0005606551079716498
1304.0, 0.0005482621517349092
1305.0, 0.00043232874134340946
1306.0, 0.0006145229496778301
1307.0, 0.0009719238216508569
1308.0, 0.0006771435264683963
1309.0, 0.0004686406567281616
1310.0, 0.00035571190116688697
1311.0, 0.0002863418142278879
1312.0, 0.0004097591144215031
1313.0, 0.00015083417379070494
1314.0, 0.000539709374713665
1315.0, 0.000418529866677849
1316.0, 0.00014147189189478475
1317.0, 0.0002791910528570353
1318.0, 0.0006296033602298648
1319.0, 0.00039031997321729053
1320.0, 0.0006861559460872107
1321.0, 0.0007830017671147649
1322.0, 0.0008735715899390268
1323.0, 0.0011454701256215683
1324.0, 0.0005975683187758997
1325.0, 0.001083809459842322
1326.0, 0.001210932884044097
1327.0, 0.0010344791160355512
1328.0, 0.0005963764269030225
1329.0, 0.00011200739821911454
1330.0, 0.0004366621997004451
1331.0, 0.000310617049321624
1332.0, 0.0004798792529391694
1333.0, 0.0003600408175228468
1334.0, 0.00015890578651716887
1335.0, 0.00035532469518457333
1336.0, 0.0003337554031745752
1337.0, 0.0002146815970190069
1338.0, 0.0002016685014994547
1339.0, 0.00028443155873988485
1340.0, 0.00034738691495333053
1341.0, 0.00028837508282601574
1342.0, 0.00029908127613688905
1343.0, 0.00011171633219889547
1344.0, 0.00033241012891435136
1345.0, 0.00028822605920368225
1346.0, 0.00043714166469500194
1347.0, 0.0015179092926248389
1348.0, 0.0013912686550820313
1349.0, 0.001090790911210705
1350.0, 0.00116211479259216
1351.0, 0.0007510091857682388
1352.0, 0.00025127756422392
1353.0, 0.0006408197598281397
1354.0, 0.0007292795923926155
1355.0, 0.00037927206837599253
1356.0, 0.0008145645441738509
1357.0, 0.00100474692539431
1358.0, 0.000715806012706786
1359.0, 0.00048461528025280597
1360.0, 0.0006280408080730974
1361.0, 0.0010655461778640955
1362.0, 0.0014014307072243294
1363.0, 0.0011557136595410885
1364.0, 0.0005660529354245574
1365.0, 0.0003511991250948871
1366.0, 0.0010159039071225505
1367.0, 0.0016677038943777316
1368.0, 0.0015129545798214124
1369.0, 0.0007573377279091782
1370.0, 0.0003782839514150405
1371.0, 0.000981146330319595
1372.0, 0.0004287033081456366
1373.0, 0.0005819358728809781
1374.0, 0.0008726026915958623
1375.0, 0.0006870546522641587
1376.0, 0.0005356166321378165
1377.0, 0.0009079179513861255
1378.0, 0.00023997938066433244
1379.0, 0.00037090482978722
1380.0, 0.0003482197229336495
1381.0, 0.0006090325203070013
1382.0, 0.0008350299016410064
1383.0, 0.0007291421031406092
1384.0, 0.0010458237422684257
1385.0, 0.0008868971555568676
1386.0, 0.000648300855842081
1387.0, 0.00029692944714266955
1388.0, 0.00027290017252918264
1389.0, 0.0008019238295248527
1390.0, 0.001312699641809157
1391.0, 0.0011051974745533396
1392.0, 0.0005903055233563226
1393.0, 0.0008816834516441272
1394.0, 0.000971088492123196
1395.0, 0.00045080651546005603
1396.0, 0.0007599920894481491
1397.0, 0.0006474737853766637
1398.0, 0.0008912614648227167
1399.0, 0.0015297937861474984
1400.0, 0.0014433745638126058
1401.0, 0.0008871379152882127
1402.0, 0.0015246360062114595
1403.0, 0.0007297481094717371
1404.0, 0.0013797901270861078
1405.0, 0.0017333600091790698
1406.0, 0.0015262262352057142
1407.0, 0.0012470793829830618
1408.0, 0.001504750150106172
1409.0, 0.0014183638467327399
1410.0, 0.0018704227932408294
1411.0, 0.0019139665486770268
1412.0, 0.002258874642822116
1413.0, 0.002792884391183788
1414.0, 0.002805870361945335
1415.0, 0.0017979394976572955
1416.0, 0.0019758526023320277
1417.0, 0.0024034871098990596
1418.0, 0.0021130356868807295
1419.0, 0.0021690087746031824
1420.0, 0.0030902194768933963
1421.0, 0.0026829172923606794
1422.0, 0.0017068311254873018
1423.0, 0.0029287645948530704
1424.0, 0.0028963849658095392
1425.0, 0.002681079751355615
1426.0, 0.003000716568881802
1427.0, 0.0025932364995878854
1428.0, 0.00253392617684626
1429.0, 0.0030518077073451648
1430.0, 0.003547748012136223
1431.0, 0.0038930133793078567
1432.0, 0.004304034726968927
1433.0, 0.0052381974710060215
1434.0, 0.007233365873265335
1435.0, 0.011049354405484617
1436.0, 0.016495900763603136
1437.0, 0.02015980937787121
1438.0, 0.020849012138424966
1439.0, 0.01882634898062405
1440.0, 0.014361993849304505
1441.0, 0.00940099232336462
1442.0, 0.006905608312448542
1443.0, 0.0053013203059382305
1444.0, 0.003943002346887557
1445.0, 0.0028458694337640407
1446.0, 0.0024463903826251942
1447.0, 0.00309250708947735
1448.0, 0.001882442643414482
1449.0, 0.0010908582514408936
1450.0, 0.0017381979428094218
1451.0, 0.0027341146371837335
1452.0, 0.0023819120783308886
1453.0, 0.0021340606953801347
1454.0, 0.0023189740758089473
1455.0, 0.002366301179371917
1456.0, 0.00250413574222459
1457.0, 0.0026136711710061265
1458.0, 0.0025502256200469007
1459.0, 0.002396064630187034
1460.0, 0.0014121919514045909
1461.0, 0.0014552531726831073
1462.0, 0.0011600712012724346
1463.0, 0.0014285924282846944
1464.0, 0.0021900640983932417
1465.0, 0.002319569660063365
1466.0, 0.0026655110386816024
1467.0, 0.0016905553321989377
1468.0, 0.0014826214954244822
1469.0, 0.0014747385855065297
1470.0, 0.0017002048452948863
1471.0, 0.00207629967574481
1472.0, 0.001575410816724413
1473.0, 0.0025522356414390073
1474.0, 0.0019548130363335986
1475.0, 0.0017566615256690559
1476.0, 0.0014312180795181234
1477.0, 0.0012632934665592688
1478.0, 0.0021856287902735135
1479.0, 0.0008383879653499992
1480.0, 0.0017798370703452306
1481.0, 0.0017456861388974818
1482.0, 0.0020488127770235095
1483.0, 0.0020416745954789342
1484.0, 0.0009910945251462163
1485.0, 0.0004751645410154069
1486.0, 0.0014814438312002113
1487.0, 0.0020834296770365465
1488.0, 0.0014178676462780666
1489.0, 0.0007765372077365033
1490.0, 0.0010469419009008672
1491.0, 0.0017524314311890025
1492.0, 0.0008845434586913599
1493.0, 0.0011258810945122316
1494.0, 0.0012489664423642067
1495.0, 0.001751223855340591
1496.0, 0.0017996068639687733
1497.0, 0.001258638904731308
1498.0, 0.001837114858251531
1499.0, 0.0013688377358010686
1500.0, 0.0010477013110286918
1501.0, 0.000402444517480185
1502.0, 4.763741541750054e-05
1503.0, 4.667083049709771e-05
1504.0, 1.7318993526627128e-05
1505.0, 1.0134923007273824e-05
1506.0, 0.000664035484210143
1507.0, 0.0006451365684818826
1508.0, 0.001080582751046269
1509.0, 0.0015174132424448869
1510.0, 0.0016969858903145313
1511.0, 0.0019840348340973532
1512.0, 0.0011815966795481025
1513.0, 0.0018989540479967938
1514.0, 0.0007692566669640897
1515.0, 0.0011717402992879671
1516.0, 0.0022173858409260984
1517.0, 0.001929308332349753
1518.0, 0.0012618760734883483
1519.0, 0.0014673813224523517
1520.0, 0.0015588375562020239
1521.0, 0.0017227274969248269
1522.0, 0.0012658768077375428
1523.0, 0.00042455769122875815
1524, 0.0
1525, 0.0
1526, 0.0
1527, 0.0
1528, 0.0
1529, 0.0
1530, 0.0
1531, 0.0
1532, 0.0
1533, 0.0
1534, 0.0
1535, 0.0
1536, 0.0
1537, 0.0
1538, 0.0
1539, 0.0
1540, 0.0
1541, 0.0
1542, 0.0
1543, 0.0
1544, 0.0
1545, 0.0
1546, 0.0
1547, 0.0
1548, 0.0
1549, 0.0
1550, 0.0
1551, 0.0
1552, 0.0
1553, 0.0
1554, 0.0
1555, 0.0
1556, 0.0
1557, 0.0
1558, 0.0
1559, 0.0
1560, 0.0
1561, 0.0
1562, 0.0
1563, 0.0
1564, 0.0
1565, 0.0
1566, 0.0
1567, 0.0
1568, 0.0
1569, 0.0
1570, 0.0
1571, 0.0
1572, 0.0
1573, 0.0
1574, 0.0
1575, 0.0
1576, 0.0
1577, 0.0
1578, 0.0
1579, 0.0
1580, 0.0
1581, 0.0
1582, 0.0
1583, 0.0
1584, 0.0
1585, 0.0
1586, 0.0
1587, 0.0
1588, 0.0
1589, 0.0
1590, 0.0
1591, 0.0
1592, 0.0
1593, 0.0
1594, 0.0
1595, 0.0
1596, 0.0
1597, 0.0
1598, 0.0
1599, 0.0
