30, 0.0
31, 0.0
32, 0.0
33, 0.0
34, 0.0
35, 0.0
36, 0.0
37, 0.0
38, 0.0
39, 0.0
40, 0.0
41, 0.0
42, 0.0
43, 0.0
44, 0.0
45, 0.0
46, 0.0
47, 0.0
48, 0.0
49, 0.0
50, 0.0
51, 0.0
52, 0.0
53, 0.0
54, 0.0
55, 0.0
56, 0.0
57, 0.0
58, 0.0
59, 0.0
60, 0.0
61, 0.0
62, 0.0
63, 0.0
64, 0.0
65, 0.0
66, 0.0
67, 0.0
68, 0.0
69, 0.0
70, 0.0
71, 0.0
72, 0.0
73, 0.0
74, 0.0
75, 0.0
76, 0.0
77, 0.0
78, 0.0
79, 0.0
80, 0.0
81, 0.0
82, 0.0
83, 0.0
84, 0.0
85, 0.0
86, 0.0
87, 0.0
88, 0.0
89, 0.0
90, 0.0
91.0, 0.0006070737433404539
92.0, 0.002024106918038744
93.0, 0.0007109119305798337
94.0, 0.0005329505447268557
95.0, 0.001405139596505583
96.0, 0.0034988799089788677
97.0, 0.0044078059428910455
98.0, 0.005968981383578719
99.0, 0.008623272473670712
100.0, 0.011286614886343398
101.0, 0.013485191367112567
102.0, 0.01499613067605891
103.0, 0.015282848335757781
104.0, 0.01406456352320068
105.0, 0.012924952647565767
106.0, 0.011972111417303028
107.0, 0.009793195450500851
108.0, 0.009782081292783998
109.0, 0.010373313293678894
110.0, 0.010233937443890109
111.0, 0.011275930311483372
112.0, 0.012540093608363667
113.0, 0.014026333538381034
114.0, 0.016258305625070177
115.0, 0.01714986383733918
116.0, 0.016795650449941957
117.0, 0.015013450214802862
118.0, 0.013528989576149139
119.0, 0.012713841756042638
120.0, 0.012311427392052281
121.0, 0.01159493804751819
122.0, 0.01082556204421499
123.0, 0.011329937125509264
124.0, 0.013654527714771249
125.0, 0.01352570042235235
126.0, 0.014105356513609611
127.0, 0.01498879056365756
128.0, 0.015526008917464976
129.0, 0.019623181665109582
130.0, 0.022034033206484716
131.0, 0.02206482275224503
132.0, 0.025047813917826667
133.0, 0.026407976432948396
134.0, 0.02878542087591212
135.0, 0.035153361177905074
136.0, 0.037679964262123486
137.0, 0.0434016318115972
138.0, 0.05212120506980417
139.0, 0.05997909481241432
140.0, 0.07195320055801031
141.0, 0.08506334041605068
142.0, 0.09785799068384782
143.0, 0.11713778314664833
144.0, 0.13838346976226823
145.0, 0.16080005962719224
146.0, 0.18294112656477732
147.0, 0.19928299621537288
148.0, 0.20715042319864518
149.0, 0.204797146590697
150.0, 0.1849007947766623
151.0, 0.1605479208255776
152.0, 0.13541836188480957
153.0, 0.11370521517497216
154.0, 0.09276947387130993
155.0, 0.07661372227739778
156.0, 0.06517437624417834
157.0, 0.0561307258126468
158.0, 0.05140842087936949
159.0, 0.047505374327790714
160.0, 0.04258371182815044
161.0, 0.04104849256497903
162.0, 0.03971481540139272
163.0, 0.03832302469587092
164.0, 0.036363702566135386
165.0, 0.03765067124927221
166.0, 0.03939949273102943
167.0, 0.041026928952754955
168.0, 0.04354029321683827
169.0, 0.047905779369760336
170.0, 0.05455725486576897
171.0, 0.06444688528175092
172.0, 0.0756104041972232
173.0, 0.08731835109595731
174.0, 0.09982261317934799
175.0, 0.11445351087509818
176.0, 0.12994265635787067
177.0, 0.14853878222050076
178.0, 0.1713179738214533
179.0, 0.19324408403690976
180.0, 0.20776450688240689
181.0, 0.21729947205274802
182.0, 0.22427583268375043
183.0, 0.22079062734979846
184.0, 0.20568745301678512
185.0, 0.18055173399101562
186.0, 0.15511430007753033
187.0, 0.12782807156803233
188.0, 0.10204684932416958
189.0, 0.07988312499115288
190.0, 0.06579169128004328
191.0, 0.05202893633989164
192.0, 0.040154053997943064
193.0, 0.033883103080684616
194.0, 0.029115225827729803
195.0, 0.02514979222672256
196.0, 0.02180434845227447
197.0, 0.018655943866390814
198.0, 0.016686359993902524
199.0, 0.015314109238763227
200.0, 0.014223256861186643
201.0, 0.012614557646454215
202.0, 0.01102189942653645
203.0, 0.009653093062861553
204.0, 0.009010348115336662
205.0, 0.008035650446115695
206.0, 0.007181122868304169
207.0, 0.0065668745698585045
208.0, 0.006264219822910182
209.0, 0.005904694373985159
210.0, 0.005646675133091173
211.0, 0.005629701382167005
212.0, 0.005496326757431535
213.0, 0.005303354369121822
214.0, 0.00521422760633146
215.0, 0.0056416959817150916
216.0, 0.005481659983026398
217.0, 0.005349722623402524
218.0, 0.005319518007375963
219.0, 0.004732349253771876
220.0, 0.0037724389018600085
221.0, 0.0032487921952259065
222.0, 0.003825110610959073
223.0, 0.003758227344759139
224.0, 0.0041425363214583465
225.0, 0.004595063881838286
226.0, 0.004215083567862301
227.0, 0.00393423165365456
228.0, 0.005532411625099567
229.0, 0.008511646645043834
230.0, 0.006421936021941996
231.0, 0.007687432357693548
232.0, 0.009481267840106913
233.0, 0.010116280351895672
234.0, 0.013869816862884875
235.0, 0.01652308884876026
236.0, 0.018848324923052003
237.0, 0.022209972534901767
238.0, 0.02552889954906122
239.0, 0.02659419356727607
240.0, 0.02572804352747289
241.0, 0.026264105257201707
242.0, 0.026665707814340172
243.0, 0.027412820908955197
244.0, 0.028767780515847066
245.0, 0.0309820783748291
246.0, 0.03042099563779909
247.0, 0.028496257069440208
248.0, 0.026732531396856826
249.0, 0.023922539215780678
250.0, 0.021206902185564907
251.0, 0.018550570001078848
252.0, 0.01549462093306973
253.0, 0.013998182608053238
254.0, 0.013023144746779325
255.0, 0.012161607933042377
256.0, 0.010208896567858304
257.0, 0.009042128978700747
258.0, 0.008431953177247787
259.0, 0.008275987351600282
260.0, 0.00861816406342556
261.0, 0.008055715316618745
262.0, 0.00728221138178558
263.0, 0.007691474351227111
264.0, 0.006113885672179786
265.0, 0.004977757503388777
266.0, 0.004623793611972144
267.0, 0.004751468626758429
268.0, 0.002839229377943982
269.0, 0.002022419543098856
270.0, 0.0035010948454884424
271.0, 0.002193868814970567
272.0, 0.0013801229099565302
273.0, 0.0010302109955172487
274.0, 0.001186306983360433
275.0, 0.0007066155238324177
276.0, 0.00043739289218142297
277.0, 0.00030747939158458153
278.0, 5.112263272176722e-05
279.0, 0.0007959457414504573
280.0, 0.0008408007077768052
281.0, 0.00032353048722381277
282.0, 0.002196311636273874
283.0, 0.001493286972460001
284.0, 0.0005623789540831252
285.0, 0.0005427193652647911
286.0, 0.001844771304630119
287.0, 0.0015349899999354143
288.0, 0.000976960352445818
289.0, 0.0016095497526176096
290.0, 0.0006098455686395347
291.0, 0.00040177259490734225
292.0, 0.0006193522130265832
293.0, 0.00012438663812398045
294.0, 0.00047262343312120674
295.0, 0.0007916979454777932
296.0, 0.0009762507166476218
297.0, 0.001370208944170741
298.0, 0.0006336224936205254
299.0, 0.0002590497019314739
300.0, 0.0008087997522797501
301.0, 0.00041729777176681795
302.0, 0.00022043032812358438
303.0, 0.00014055210468583875
304.0, 0.0001217596150282593
305.0, 0.00030360021188268735
306.0, 0.00046946699171372317
307.0, 0.0007253348651602969
308.0, 0.0012915034744885134
309.0, 0.000916757973730982
310.0, 0.001115227367824865
311.0, 0.0017513003386685957
312.0, 0.0015896743078654615
313.0, 0.000750541363442839
314.0, 0.0009418503318415381
315.0, 0.002277108329838409
316.0, 0.0010453355366077989
317.0, 0.0004035550164878861
318.0, 0.00020326929983122713
319.0, 0.0003756281915523586
320.0, 0.00028364970125889364
321.0, 0.0004298162298797235
322.0, 0.0007355076783565324
323.0, 0.0011292751420869036
324.0, 0.001140656519096278
325.0, 0.0010217732359362548
326.0, 0.001079100505612803
327.0, 0.001956198191289754
328.0, 0.0018767095879492729
329.0, 0.0014576887288294065
330.0, 0.0010256309798340616
331.0, 0.0014843205110014247
332.0, 0.0007764250697644148
333.0, 0.0008122422599662602
334.0, 0.001903278251650982
335.0, 0.0014452905973381433
336.0, 0.0008514982169969159
337.0, 0.0005628430302222796
338.0, 0.0008119764569898056
339.0, 0.0005452725080065603
340.0, 0.0005370311412986837
341.0, 0.00048011594152862967
342.0, 6.389923770329234e-05
343.0, 1.9384774465712064e-05
344.0, 0.0002918664065646031
345.0, 0.0006697623846962465
346.0, 0.0008053282223567229
347.0, 0.0009411499437132658
348.0, 0.0007565345856776876
349.0, 0.0003936580394263398
350.0, 0.00034771472250617354
351.0, 0.0006394065658578555
352.0, 0.0006765947270898469
353.0, 0.0004338233818134966
354.0, 0.0004442669494166084
355.0, 0.0012932210647513456
356.0, 0.0014750270288003576
357.0, 0.0005551581735970012
358.0, 0.00011963988848085922
359.0, 0.000778809283391804
360.0, 0.0015950308011047078
361.0, 0.001998536922448287
362.0, 0.0017237105515296419
363.0, 0.0011367842389154357
364.0, 0.0008097177916752635
365.0, 0.001317337579908931
366.0, 0.0016783805805683216
367.0, 0.0023580101094788936
368.0, 0.0027148799814271387
369.0, 0.001729509167682973
370.0, 0.0017887356422457118
371.0, 0.0013657667288019904
372.0, 0.0009807715384028911
373.0, 0.0021342087802656453
374.0, 0.0023252610888085325
375.0, 0.0016547218633578395
376.0, 0.0007132048292203734
377.0, 0.0015012202257146464
378.0, 0.0010473345013522328
379.0, 0.0009806208278986372
380.0, 0.0016502370898511442
381.0, 0.0026353099160887983
382.0, 0.001965674285977329
383.0, 0.001198598750984251
384.0, 0.0009614563386076884
385.0, 0.0014482327597236972
386.0, 0.0018118294884216968
387.0, 0.00145085305313146
388.0, 0.00018761509979839505
389.0, 0.0017392496608583429
390.0, 0.0011583468722539804
391.0, 0.0004450938891420187
392.0, 0.0011520455112516302
393.0, 0.0020866510421792524
394.0, 0.001595669289430603
395.0, 0.0012311160420549743
396.0, 0.002731402896901617
397.0, 0.0010123004556597428
398.0, 0.0007418724903772028
399.0, 0.0011532693304064992
400.0, 0.00090719207888431
401.0, 0.0014836871267327734
402.0, 0.002676778248176738
403.0, 0.0032900728027187463
404.0, 0.0008802144554277704
405.0, 0.0010131573754754728
406.0, 0.0018469340380031511
407.0, 0.0025148924550749763
408.0, 0.0013017385089131367
409.0, 0.0017032928813261055
410.0, 0.0019113218141607099
411.0, 0.0016686372029523426
412.0, 0.0012208865809235174
413.0, 0.002386949661417282
414.0, 0.0029781040587099875
415.0, 0.00264385189179183
416.0, 0.0022951287228630828
417.0, 0.0009226872684490422
418.0, 0.000964540906302939
419.0, 0.002627666427973628
420.0, 0.002165575714550947
421.0, 0.0010508260966010535
422.0, 0.0009172676573720817
423.0, 0.0022075709757017102
424.0, 0.002826392940253798
425.0, 0.002744783280261793
426.0, 0.0032150346429991577
427.0, 0.004499334127241927
428.0, 0.0021161228390860136
429.0, 0.0012585491651069876
430.0, 0.001403403299994419
431.0, 0.0022733605184119287
432.0, 0.0037716982756028535
433.0, 0.002278131232777652
434.0, 0.0013494081007109078
435.0, 0.0033604148311614426
436.0, 0.0028787144216488422
437.0, 0.0033999676892621
438.0, 0.003156664311475375
439.0, 0.000708085321875363
440.0, 0.0003739052990824448
441.0, 0.0001526199011001248
442.0, 0.0007754802543176984
443.0, 0.00296563827985311
444.0, 0.0016229207565559918
445.0, 0.001671812899671683
446.0, 0.0019894290449085717
447.0, 0.0013293328524522858
448.0, 0.001365672142336985
449.0, 0.0015248776446266277
450.0, 0.001752073973996262
451.0, 0.0019959583449904814
452.0, 0.0027803836709754063
453.0, 0.0017808609156013764
454.0, 0.0010264618193095375
455.0, 0.003338057871231621
456.0, 0.0012696238532614087
457.0, 0.0016898547306032391
458.0, 0.002872709930012811
459.0, 0.001927310722430092
460.0, 0.0021792441602673067
461.0, 0.0022353843251524115
462.0, 0.0023029166600068724
463.0, 0.00281644118032435
464.0, 0.001906234162433724
465.0, 0.0032130603861721474
466.0, 0.00485905446177771
467.0, 0.0034885103663114697
468.0, 0.001321453985460698
469.0, 0.00205475128003467
470.0, 0.003216992841115952
471.0, 0.00032784770594931857
472.0, 0.0025059297349647493
473.0, 0.0024366496527549286
474.0, 0.00116137751741152
475.0, 0.001268950107384834
476.0, 0.001773790780046685
477.0, 0.0015697723356954195
478.0, 0.0013559236838804512
479.0, 0.0024385165887601625
480.0, 0.0027398429305421587
481.0, 0.0031436001328833062
482.0, 0.0031774505982641275
483.0, 0.0019402183508443424
484.0, 0.002075058048348222
485.0, 0.002064390274962663
486.0, 0.0019756067137763917
487.0, 0.0020857431285031384
488.0, 0.0018858878028911597
489.0, 0.0019095340169534003
490.0, 0.002096979219725949
491.0, 0.002309045190976102
492.0, 0.001575341801552325
493.0, 0.001607948283230047
494.0, 0.0017308543645707453
495.0, 0.000828304684329427
496.0, 0.0014874470804543466
497.0, 0.001423452149012455
498.0, 0.0013186290551972194
499.0, 0.0022342388649629684
500.0, 0.0015925629666274526
501.0, 0.0015239134384657182
502.0, 0.0013837036062804887
503.0, 0.00029106692009184395
504.0, 0.001110426573963441
505.0, 0.0016164087522772261
506.0, 0.0019293181185313724
507.0, 0.002233483091194452
508.0, 0.0024811875455199588
509.0, 0.0024197233763892084
510.0, 0.0025834345980067265
511.0, 0.003474918186923452
512.0, 0.002027256322078883
513.0, 0.0023354864458177338
514.0, 0.002765679469507977
515.0, 0.0019759007582795594
516.0, 0.0032917085823206895
517.0, 0.0032637435979504183
518.0, 0.0024347088375606812
519.0, 0.001384405541980812
520.0, 0.003594907137867886
521.0, 0.002348113671626189
522.0, 0.0013185768922070185
523.0, 0.0026441415952608467
524.0, 0.0031748037311816416
525.0, 0.0027227950334169615
526.0, 0.0021871772011640843
527.0, 0.002087764094120928
528.0, 0.0027102756953594808
529.0, 0.0036813910067581097
530.0, 0.003704745873516524
531.0, 0.0024571789993736003
532.0, 0.0017607123811607915
533.0, 0.0024806329709986
534.0, 0.002834713983626848
535.0, 0.0023306685397741275
536.0, 0.0017658932484344823
537.0, 0.002018873740829766
538.0, 0.0027119412933892945
539.0, 0.003397811780832147
540.0, 0.0027669340431856998
541.0, 0.0031664947667147023
542.0, 0.0027424623126559716
543.0, 0.001949566881369281
544.0, 0.0033313371273194304
545.0, 0.0029875205625490417
546.0, 0.002462218470148594
547.0, 0.001978913173576868
548.0, 0.0014865578692404647
549.0, 0.0018071242331409358
550.0, 0.0017877426516904732
551.0, 0.0018212556273182715
552.0, 0.0027933635591486593
553.0, 0.0018434222850180935
554.0, 0.0019895458758199228
555.0, 0.002475647542577417
556.0, 0.002086706122371842
557.0, 0.003055213647352494
558.0, 0.003349654237270416
559.0, 0.0030512051481142435
560.0, 0.0023342293862698748
561.0, 0.003396241558586562
562.0, 0.002646438757742476
563.0, 0.0018492652775753467
564.0, 0.0022710765984697468
565.0, 0.003469630136321063
566.0, 0.0032435499491289656
567.0, 0.002823872277386462
568.0, 0.002791507396006632
569.0, 0.0025962074154302164
570.0, 0.002933310619968197
571.0, 0.0027892415178604724
572.0, 0.0021685268723241414
573.0, 0.002906958270391407
574.0, 0.002517515758125708
575.0, 0.0016384374342193523
576.0, 0.0006679458511930351
577.0, 0.0003376941485397276
578.0, 0.0011071858174702023
579.0, 0.001806631548965992
580.0, 0.001976096434559805
581.0, 0.001037514973925389
582.0, 0.002590723340814855
583.0, 0.0018820922027375086
584.0, 0.0005452721769701292
585.0, 0.0015208694850548936
586.0, 0.0017482533850589834
587.0, 0.0021897535783458382
588.0, 0.0028312573872727076
589.0, 0.0035322116068743402
590.0, 0.0009981683340098601
591.0, 0.0005868385874859853
592.0, 0.0010845444808209297
593.0, 0.0016202667862334603
594.0, 0.001724407819904891
595.0, 0.002765110031623225
596.0, 0.003369516343647601
597.0, 0.0030994378680917947
598.0, 0.002825655256894724
599.0, 0.002431607830941213
600.0, 0.0026118760464097805
601.0, 0.0030430208203416514
602.0, 0.002119785733979972
603.0, 0.0020521862377972243
604.0, 0.0028748968058895205
605.0, 0.0036061435623923367
606.0, 0.0023381698162269174
607.0, 0.0022072140889798793
608.0, 0.002663940478540816
609.0, 0.0030036733233056853
610.0, 0.002423226488244376
611.0, 0.0016501384798465633
612.0, 0.0007212606679131724
613.0, 0.0004037257180424629
614.0, 0.0012661826012896425
615.0, 0.0030218673785679436
616.0, 0.0016582919590894388
617.0, 0.0012997953855086739
618.0, 0.003167762296122619
619.0, 0.0029975900695379887
620.0, 0.0012613189330251064
621.0, 0.0008946832975592206
622.0, 0.0016296725734508159
623.0, 0.00018159203282733358
624.0, 0.0019120619269566304
625.0, 0.0017438076767405128
626.0, 0.0006767080988048897
627.0, 0.0017029278890681751
628.0, 0.0015437608716344085
629.0, 0.0007738911483401893
630.0, 0.001281805194314204
631.0, 0.004678493622805414
632.0, 0.0022690571180762832
633.0, 0.002298519158170306
634.0, 0.001981150127462979
635.0, 0.0003446464315008495
636.0, 0.00321209604937222
637.0, 0.002158394534241642
638.0, 0.0013197174812957816
639.0, 0.0020783578190464534
640.0, 0.004239198599754357
641.0, 0.003195510073396758
642.0, 0.0022162812005335794
643.0, 0.001769401166251493
644.0, 0.0016536141094911883
645.0, 0.0018956297398834364
646.0, 0.0020354402397094132
647.0, 0.0015600720524880443
648.0, 0.00010558225704473023
649.0, 0.002387526832667374
650.0, 0.001905239464037787
651.0, 0.0016260751810110213
652.0, 0.0028732037073008264
653.0, 0.002073039320992012
654.0, 0.002113693449325131
655.0, 0.0021582856441682012
656.0, 0.001800054059469887
657.0, 0.0006048362427179922
658.0, 0.0005165148187135508
659.0, 0.001101466011712168
660.0, 0.0017395839817113364
661.0, 0.0015229671501362054
662.0, 0.0006415418953223118
663.0, 0.0010960964971019318
664.0, 0.0016922846781528508
665.0, 0.0015117471931930394
666.0, 0.0036293148859077107
667.0, 0.002342201389680275
668.0, 0.0019078588728010755
669.0, 0.003515161257597709
670.0, 0.003323559613181879
671.0, 0.0019408496281228516
672.0, 0.002271484669392117
673.0, 0.0033854308807965043
674.0, 0.0018357148822134317
675.0, 0.0019299058889892336
676.0, 0.0022942527837472556
677.0, 0.0021821427904149364
678.0, 0.0010416725671916118
679.0, 0.0033996311712840323
680.0, 0.0021296099226013852
681.0, 0.0017845595598774875
682.0, 0.00413593551298597
683.0, 0.004113765199425102
684.0, 0.0036834284914483125
685.0, 0.004110824459547893
686.0, 0.004636001860998672
687.0, 0.0025130029851287237
688.0, 0.004029276576791
689.0, 0.003963223555103736
690.0, 0.0038209584291489965
691.0, 0.005851931333412253
692.0, 0.0043474591209025585
693.0, 0.011734036112236052
694.0, 0.02000128659191803
695.0, 0.025357255255035238
696.0, 0.03468608630190307
697.0, 0.03876285244447697
698.0, 0.04132221954703811
699.0, 0.04282130012340018
700.0, 0.04191493997133908
701.0, 0.0378130695327002
702.0, 0.02874406023584752
703.0, 0.019482605095207692
704.0, 0.015523351310285764
705.0, 0.01347695127509008
706.0, 0.009782687213814659
707.0, 0.006536558601960804
708.0, 0.005364891005099521
709.0, 0.008721293843948867
710.0, 0.009468721558933252
711.0, 0.011138877300642584
712.0, 0.011559508338634113
713.0, 0.004678860236960716
714.0, 0.00541369636727109
715.0, 0.003953381862812811
716.0, 0.001955100307874675
717.0, 0.0015933716899297935
718.0, 0.004103655138620491
719.0, 0.004065259636044294
720.0, 0.0026779658386574205
721.0, 0.0012324716719529366
722.0, 0.0025158234530655876
723.0, 0.0017262738369193493
724.0, 0.0014706917663247928
725.0, 0.0017606562557777596
726.0, 0.0019893690484066176
727.0, 0.0014259747730497976
728.0, 0.0012192979521568974
729.0, 0.0012788920221343284
730.0, 0.001374803283359256
731.0, 0.00047254117325769187
732.0, 0.0010255127376211975
733.0, 0.0014705474455584085
734.0, 0.0012526549209857835
735.0, 0.00010898530273193362
736.0, 0.0019501576741592212
737.0, 0.0023196225109369615
738.0, 0.002007953738598472
739.0, 0.0020322596713450596
740.0, 0.0011092420563103458
741.0, 0.0010684618425040387
742.0, 0.0015497505613098956
743.0, 0.0021843028678583615
744.0, 0.0022539616323537736
745.0, 0.0034727579514792564
746.0, 0.0024901835781412822
747.0, 0.001213147335020919
748.0, 0.0026429046453790984
749.0, 0.0015997270829379768
750.0, 0.002603878208867319
751.0, 0.00270425884295548
752.0, 0.0010733196122406775
753.0, 0.0017916466647509143
754.0, 0.0008522176920407166
755.0, 0.000697967907357226
756.0, 0.001518097953726733
757.0, 0.002765035727982326
758.0, 0.0006720166491541113
759.0, 0.0008811641617467755
760.0, 0.0014872543210763347
761.0, 0.0012884976905902167
762.0, 0.0018232993004888409
763.0, 0.0017381282338302904
764.0, 0.001291700823613547
765.0, 0.001171569085152885
766.0, 0.002609950196111527
767.0, 0.001198408192038866
768.0, 0.0009616880110292198
769.0, 0.0015473411599329983
770.0, 0.002323105178319527
771.0, 0.0018669819578421298
772.0, 0.0020178343304972147
773.0, 0.001297754783531408
774.0, 0.0007342978096350316
775.0, 0.003633098752461164
776.0, 0.002398919798341609
777.0, 0.003403772745148312
778.0, 0.003935369545210186
779.0, 0.0018563251486789787
780.0, 0.0022747487272953646
781.0, 0.000997091747082115
782.0, 0.0003400881491691571
783.0, 0.0006055896462633475
784.0, 0.0007395018956512959
785.0, 0.002401176924064758
786.0, 0.002209216551266799
787.0, 0.0017368705775105504
788.0, 0.0022748111902311306
789.0, 0.0009788949960850947
790.0, 0.0013195904668193603
791.0, 0.0029236812992747
792.0, 0.004105373106777324
793.0, 0.0013393225764781747
794.0, 0.0017938675682801272
795.0, 0.002749899774580837
796.0, 0.003065942696784926
797.0, 0.0020688249424575286
798.0, 0.0009263570350814882
799.0, 0.0015068044884174012
800.0, 0.0021295333900854655
801.0, 0.0019281342883310218
802.0, 0.00015760116742137955
803.0, 0.004202890636416165
804.0, 0.003407500884919222
805.0, 0.00193611329595804
806.0, 0.002785858625593315
807.0, 0.002635587600634122
808.0, 0.0014022350926037157
809.0, 0.0009489307768775282
810.0, 0.001164468822418969
811.0, 0.0010468951000774383
812.0, 0.0010458851966519877
813.0, 0.0015836325034174566
814.0, 0.0022273767087350165
815.0, 0.0025524474929507616
816.0, 0.0019100036172353366
817.0, 0.0005966253018453453
818.0, 0.0014299878737536994
819.0, 0.0023863527715813648
820.0, 0.0001328566051928072
821.0, 0.0009063215383387565
822.0, 0.0011925716901927147
823.0, 0.0018795733692738266
824.0, 0.002942487270684
825.0, 0.002832370768221488
826.0, 0.0031472176775950472
827.0, 0.003051290702961755
828.0, 0.0028457705154415476
829.0, 0.0029177453312601077
830.0, 0.0027790937135264873
831.0, 0.0010748261379188706
832.0, 0.0004405138471257396
833.0, 0.001704347151586494
834.0, 0.004579386569840289
835.0, 0.002882951073175628
836.0, 0.0024249520165862794
837.0, 0.001923361567728777
838.0, 0.0006541207246548806
839.0, 0.0015159306726803645
840.0, 0.003433218409543983
841.0, 0.0028473793100732944
842.0, 0.0012899967389070903
843.0, 0.002264766519991253
844.0, 0.003688826595987436
845.0, 0.0028656467826881898
846.0, 0.0019642783750157557
847.0, 0.0017150809615609688
848.0, 0.0007538119132789939
849.0, 0.0017604724196083063
850.0, 0.0020184211198148788
851.0, 0.0014306950823071648
852.0, 0.0006263690673880004
853.0, 0.003366998188229037
854.0, 0.0027201488510619396
855.0, 0.004011749344754069
856.0, 0.0056163562300766134
857.0, 0.001420951620278371
858.0, 0.0014381079682739533
859.0, 0.002448614312611805
860.0, 0.0032230038526045285
861.0, 0.0028730463151604873
862.0, 0.0008173222948667774
863.0, 0.0019250934144967775
864.0, 0.0013726545500605328
865.0, 0.0004474526830566579
866.0, 0.0012973737286709852
867.0, 0.0029160904461652116
868.0, 0.0025309418989459317
869.0, 0.0012481098656671023
870.0, 0.0003094907849190654
871.0, 0.0014326713993749853
872.0, 0.002387366301703763
873.0, 0.0036374795018157
874.0, 0.004274637010950974
875.0, 0.003986804487896858
876.0, 0.0038384356482909056
877.0, 0.003085492736007184
878.0, 0.0026729375064979293
879.0, 0.0022360973209833196
880.0, 0.0014321221697947881
881.0, 0.002362640876421555
882.0, 0.0023392298066792975
883.0, 0.0016921488670622114
884.0, 0.0015005838682681685
885.0, 0.003499241237416321
886.0, 0.0033639309116691245
887.0, 0.002990080802380885
888.0, 0.002203796586160711
889.0, 0.0012037221492510854
890.0, 0.0009631460979695229
891.0, 0.0029257056676588087
892.0, 0.003365923140552172
893.0, 0.002795876760086739
894.0, 0.0020817195948177707
895.0, 0.0011957324038564204
896.0, 0.00173656746352297
897.0, 0.0015758423214392574
898.0, 0.0010905483113655984
899.0, 0.0014963724628511929
900.0, 0.0014024361677572202
901.0, 0.0017062551120620537
902.0, 0.0019504955607677055
903.0, 0.0018732645011696012
904.0, 0.0013270926567929874
905.0, 0.002087906556758028
906.0, 0.003032790311519678
907.0, 0.0037981073873034022
908.0, 0.003908734604764272
909.0, 0.00229662252862208
910.0, 0.002766442718540616
911.0, 0.0025728419772109382
912.0, 0.0025499398927447004
913.0, 0.0037709269653582195
914.0, 0.005356580159671171
915.0, 0.004379088233489439
916.0, 0.0028299008091999416
917.0, 0.0021067035630873907
918.0, 0.0033120831745578967
919.0, 0.002514623256300194
920.0, 0.0042832741635893635
921.0, 0.004407103015150783
922.0, 0.002875367615056242
923.0, 0.0034223754729599517
924.0, 0.0030835271809697548
925.0, 0.0033971054882389355
926.0, 0.0036643030369670946
927.0, 0.0034301093168006684
928.0, 0.002684649790975647
929.0, 0.002787560700689605
930.0, 0.0021565973579750963
931.0, 0.0010468680753221132
932.0, 0.00032428470238261777
933.0, 0.0027458592000391855
934.0, 0.004501507620512817
935.0, 0.0030379857993761863
936.0, 0.0017134248993129013
937.0, 0.004125974815742952
938.0, 0.0024922090891589606
939.0, 0.0036497009262196423
940.0, 0.003648353278132509
941.0, 0.0021108439719143093
942.0, 0.00031847375192273447
943.0, 0.00017166763469469366
944.0, 0.0011450420886612057
945.0, 0.0022123545228152556
946.0, 0.0030949084010694215
947.0, 0.004089233450285082
948.0, 0.0015799911744002102
949.0, 0.003148925261654093
950.0, 0.0032413761284354335
951.0, 0.0007944955854538979
952.0, 0.00152612517434703
953.0, 0.000890525836082211
954.0, 0.0030658837364412874
955.0, 0.004581684985029245
956.0, 0.003671978477488477
957.0, 0.0036150147344792224
958.0, 0.003525230686649476
959.0, 0.003334481736848089
960.0, 0.0023246567782573913
961.0, 0.0006490552291116273
962.0, 0.0023257786792105937
963.0, 0.003643984379139232
964.0, 0.0024535084918726417
965.0, 0.0007500830465130317
966.0, 0.0008606996944045146
967.0, 0.0010217870770884122
968.0, 0.0010510602064888646
969.0, 0.0012697190905855285
970.0, 0.0012523042788181408
971.0, 0.0006669670252622464
972.0, 0.002937054783824885
973.0, 0.002240863295920986
974.0, 0.002818745384818482
975.0, 0.003968056129448436
976.0, 0.0028922984260171163
977.0, 0.0024566296022297983
978.0, 0.0033458395004869897
979.0, 0.0031617502666120103
980.0, 0.002107244851811503
981.0, 0.002099822779994734
982.0, 0.004004678025222698
983.0, 0.0020782208171126783
984.0, 0.0014343468706725562
985.0, 0.002589163446361963
986.0, 0.0021134577913955468
987.0, 0.0007401631126643553
988.0, 0.0021939136320672996
989.0, 0.0031028103983526912
990.0, 0.002490380018313365
991.0, 0.00201106520067565
992.0, 0.0028398639745796533
993.0, 0.0030052055668409253
994.0, 0.003220486816669663
995.0, 0.003989944698307014
996.0, 0.005524615480983896
997.0, 0.004569987856536092
998.0, 0.004307447983493464
999.0, 0.004280046890721305
1000.0, 0.003881194803193753
1001.0, 0.0024005817206291824
1002.0, 0.0033920387100262626
1003.0, 0.0030952882316623957
1004.0, 0.002583618113463882
1005.0, 0.002863809541179599
1006.0, 0.0044950394586497225
1007.0, 0.005624338488181792
1008.0, 0.005053681964297364
1009.0, 0.005703817824130801
1010.0, 0.007654050415460715
1011.0, 0.004864653221177393
1012.0, 0.00535427403847435
1013.0, 0.004838452530631221
1014.0, 0.003646454413448066
1015.0, 0.0029487730000123794
1016.0, 0.005094896311253338
1017.0, 0.005909493372511112
1018.0, 0.00451113129390801
1019.0, 0.002883704394364934
1020.0, 0.0028551563679953392
1021.0, 0.005698412623113451
1022.0, 0.005478858162501151
1023.0, 0.005616189525952482
1024.0, 0.005276120843068812
1025.0, 0.0043849449362891105
1026.0, 0.005013373937672138
1027.0, 0.003927661461795794
1028.0, 0.003663513637321211
1029.0, 0.004918445398726428
1030.0, 0.006655425226994214
1031.0, 0.004785840429309031
1032.0, 0.005240423864992893
1033.0, 0.0065498478077969935
1034.0, 0.00611425369923551
1035.0, 0.004135779589455513
1036.0, 0.00567903679089838
1037.0, 0.005723557649100084
1038.0, 0.005789600684448992
1039.0, 0.0059047127203743395
1040.0, 0.006054603332465975
1041.0, 0.006266122496978727
1042.0, 0.006472168798889142
1043.0, 0.006789633003830593
1044.0, 0.0071426792857338835
1045.0, 0.0074530916154204934
1046.0, 0.007647082956485798
1047.0, 0.00837532301215337
1048.0, 0.010877349383282789
1049.0, 0.01122401941368905
1050.0, 0.01003919808461662
1051.0, 0.01259294870199046
1052.0, 0.011337822017769335
1053.0, 0.008392833335155607
1054.0, 0.006213516500943993
1055.0, 0.006688398959336119
1056.0, 0.010861081648653908
1057.0, 0.009933140194331964
1058.0, 0.010481973406265603
1059.0, 0.01035687326107233
1060.0, 0.009922141687853266
1061.0, 0.010836165836509763
1062.0, 0.01016272230618738
1063.0, 0.012403954940621749
1064.0, 0.01611054715855645
1065.0, 0.021049316189759998
1066.0, 0.02811289034412015
1067.0, 0.04424651555861803
1068.0, 0.06312350282781791
1069.0, 0.10563988100525475
1070.0, 0.19828580219601366
1071.0, 0.37449035962378885
1072.0, 0.7145376220668758
1073.0, 0.9277396787605632
1074.0, 0.847123663320116
1075.0, 0.566212792613056
1076.0, 0.2557086788421435
1077.0, 0.12074425251446354
1078.0, 0.0694136450822284
1079.0, 0.04222317199737937
1080.0, 0.026865520029621576
1081.0, 0.018416441635042805
1082.0, 0.015920618158709574
1083.0, 0.012646833420221775
1084.0, 0.008635019980278918
1085.0, 0.0061700894696763535
1086.0, 0.006439803910535735
1087.0, 0.008762069248884743
1088.0, 0.00411885130876379
1089.0, 0.0044405970984450404
1090.0, 0.005722450072035476
1091.0, 0.0056876683945829365
1092.0, 0.00419524364666615
1093.0, 0.0019205192268600523
1094.0, 0.0037602580571058273
1095.0, 0.0042036612657375015
1096.0, 0.0036621526793557267
1097.0, 0.005290493143219151
1098.0, 0.0037504043953921033
1099.0, 0.00567869148531678
1100.0, 0.004393335650436465
1101.0, 0.002132742571070852
1102.0, 0.0027142019522296197
1103.0, 0.00217177026504795
1104.0, 0.003073752143047135
1105.0, 0.003201011110291309
1106.0, 0.0036010259886285483
1107.0, 0.0043997901614769115
1108.0, 0.0016093819577039218
1109.0, 0.0036267726810429017
1110.0, 0.002508182992994592
1111.0, 0.0008662371584863926
1112.0, 0.001048410426531594
1113.0, 0.0036690018578746987
1114.0, 0.0038130260333596217
1115.0, 0.0033445355765081087
1116.0, 0.0024354800507839732
1117.0, 0.0018430407708527059
1118.0, 0.002462150279537798
1119.0, 0.0004791571270392602
1120.0, 0.002199888002161681
1121.0, 0.0026910663309692644
1122.0, 0.002015311913566888
1123.0, 0.002090989907247366
1124.0, 0.0034640022879619896
1125.0, 0.0013060918403298269
1126.0, 0.002264739649107668
1127.0, 0.0032983467110340482
1128.0, 0.001889777814289462
1129.0, 0.0016957496241387197
1130.0, 0.0035016438129721757
1131.0, 0.0018813238444904258
1132.0, 0.0005638209790126221
1133.0, 0.001070985445467393
1134.0, 0.0013975531280233508
1135.0, 0.0025990298345893994
1136.0, 0.0014784924090305268
1137.0, 0.0028620614016383094
1138.0, 0.00464438520181993
1139.0, 0.0019875170959074108
1140.0, 0.001833168659741148
1141.0, 0.0020745837400187035
1142.0, 0.0020391944525924898
1143.0, 0.0023070886716431258
1144.0, 0.0031937233221952816
1145.0, 0.003144261888176598
1146.0, 0.0014781525314271505
1147.0, 0.0015429950601590033
1148.0, 0.002089663818021385
1149.0, 0.0024796908388472296
1150.0, 0.0034909405288323214
1151.0, 0.000771533645780095
1152.0, 0.0027295218468478748
1153.0, 0.003034961669275961
1154.0, 0.0024163572091555367
1155.0, 0.004518232841446402
1156.0, 0.0006625929622564629
1157.0, 0.0034994702567036455
1158.0, 0.003731037332502365
1159.0, 0.0033004187422057433
1160.0, 0.004404216580371301
1161.0, 0.0021873006214271178
1162.0, 0.0006864417819927192
1163.0, 0.0011593214053154958
1164.0, 0.0024486319560437456
1165.0, 0.0028133001808795894
1166.0, 0.000574068420495271
1167.0, 0.0035310010980982584
1168.0, 0.002866230143256631
1169.0, 0.002892714474655987
1170.0, 0.002973911006902718
1171.0, 0.0014061508624409768
1172.0, 0.0025211534356755346
1173.0, 0.0027083197319142747
1174.0, 0.0037283830768038697
1175.0, 0.005590959228150797
1176.0, 0.006423538713032004
1177.0, 0.0018164736528233387
1178.0, 0.0037578923329900475
1179.0, 0.0035023660123900983
1180.0, 0.002430764000815912
1181.0, 0.0026163695814290866
1182.0, 0.005325762879231409
1183.0, 0.0033451044625972203
1184.0, 0.0030894711302084273
1185.0, 0.004274870002782817
1186.0, 0.005575965852780497
1187.0, 0.0054556138988105934
1188.0, 0.0025692193673527235
1189.0, 0.005253644331820493
1190.0, 0.005257185482588076
1191.0, 0.005979581409206215
1192.0, 0.006547864772508278
1193.0, 0.0030717846883024148
1194.0, 0.0033327304153827537
1195.0, 0.0017578375989388377
1196.0, 0.0029840614261360337
1197.0, 0.004660399001526385
1198.0, 0.0046156755609444225
1199.0, 0.006845472499461748
1200.0, 0.004259800288264873
1201.0, 0.006482426692688011
1202.0, 0.007119074230825964
1203.0, 0.005252329720810249
1204.0, 0.005565733970534961
1205.0, 0.006957667817003093
1206.0, 0.007375449999934516
1207.0, 0.005278306791053893
1208.0, 0.0034084297946288212
1209.0, 0.004006798370123226
1210.0, 0.00443664743675185
1211.0, 0.006144365516908099
1212.0, 0.007250449634787246
1213.0, 0.0067427862497443
1214.0, 0.005495294269064654
1215.0, 0.005556435086573483
1216.0, 0.0050498410673331245
1217.0, 0.005596414103618027
1218.0, 0.0060114015810760505
1219.0, 0.005096188312352577
1220.0, 0.0032608622477304796
1221.0, 0.004404825643096921
1222.0, 0.004000726282552265
1223.0, 0.005278395873614638
1224.0, 0.006438498547483501
1225.0, 0.00627982238503393
1226.0, 0.004576981448557006
1227.0, 0.003158761062300465
1228.0, 0.004887123090862642
1229.0, 0.005767382355553471
1230.0, 0.0048510563411393445
1231.0, 0.0034905158355817744
1232.0, 0.005563082450937918
1233.0, 0.007858164861336104
1234.0, 0.0073397659796935275
1235.0, 0.006166720459037167
1236.0, 0.005786361111715718
1237.0, 0.006487269059112368
1238.0, 0.0057584907195840605
1239.0, 0.006770404423101147
1240.0, 0.0068032760698193365
1241.0, 0.005565850368658994
1242.0, 0.004384460889632623
1243.0, 0.005477538147000779
1244.0, 0.004045207946144614
1245.0, 0.004116709793546631
1246.0, 0.004646646923288016
1247.0, 0.004886329668733463
1248.0, 0.005046534469659304
1249.0, 0.007305900651280014
1250.0, 0.0067249607673028275
1251.0, 0.0044224353469864445
1252.0, 0.0038092099236252883
1253.0, 0.004293747077512069
1254.0, 0.003657948642483597
1255.0, 0.0060758497441677235
1256.0, 0.0038849244865263896
1257.0, 0.0053707651722227885
1258.0, 0.005693342869799686
1259.0, 0.002679489456757968
1260.0, 0.00013670540312423862
1261.0, 0.0025460663566172358
1262.0, 0.00437915104366436
1263.0, 0.005399081908074886
1264.0, 0.0049362459693010514
1265.0, 0.003796368515701889
1266.0, 0.006311783632613624
1267.0, 0.003997950154022724
1268.0, 0.005056679981503305
1269.0, 0.0043696278449286904
1270.0, 0.0030320477294833227
1271.0, 0.004272030166847412
1272.0, 0.002095489035565942
1273.0, 0.0019126060019822792
1274.0, 0.002818109616240193
1275.0, 0.004208892206143438
1276.0, 0.004430684541786661
1277.0, 0.0016811132201814479
1278.0, 0.0021403993305926447
1279.0, 0.003109217015938167
1280.0, 0.0032085155967806252
1281.0, 0.003295548130954488
1282.0, 0.003593149938532279
1283.0, 0.0025240873788488338
1284.0, 0.004047774825619544
1285.0, 0.004363080760677114
1286.0, 0.0037553335841939567
1287.0, 0.0034812513296250563
1288.0, 0.004152839625264811
1289.0, 0.0037128383814055803
1290.0, 0.004795194596335277
1291.0, 0.003762085853313935
1292.0, 0.003200184740212928
1293.0, 0.002757359513239145
1294.0, 0.0013818668124988226
1295.0, 0.0039783430584118835
1296.0, 0.0023169361472931234
1297.0, 0.0010163888389193177
1298.0, 0.0015753227239662408
1299.0, 0.0029102028932010923
1300.0, 0.0025975753143735922
1301.0, 0.003066744639544591
1302.0, 0.0020760642898391833
1303.0, 0.0011982944044402343
1304.0, 0.0007039427530020955
1305.0, 0.0008877813220374077
1306.0, 0.0022163995590971583
1307.0, 0.003820731667878689
1308.0, 0.0016235131657473994
1309.0, 0.0027907849097198512
1310.0, 0.0040901359263919934
1311.0, 0.002659930925009643
1312.0, 0.0010659334046669183
1313.0, 0.001575495229007802
1314.0, 0.0006774325263848938
1315.0, 0.0004036232846416296
1316.0, 0.0016917545037206591
1317.0, 0.003397377646022343
1318.0, 0.0012447939467600808
1319.0, 0.0032859212081699637
1320.0, 0.0017437740384606197
1321.0, 0.0014898252668389621
1322.0, 0.002119286914813534
1323.0, 0.0016346264006411818
1324.0, 0.0008150143837589014
1325.0, 0.00547407798525602
1326.0, 0.003949718486890603
1327.0, 0.0013822479320964437
1328.0, 0.0001144644123348638
1329.0, 0.00034319794788750693
1330.0, 0.002169010919788209
1331.0, 0.004005740823978815
1332.0, 0.003256510422412105
1333.0, 0.0021486562989011387
1334.0, 0.002276491179716002
1335.0, 0.0033572500130617244
1336.0, 0.0008276588508470894
1337.0, 0.00035818241771733936
1338.0, 0.0007665097372399367
1339.0, 0.002152150565314984
1340.0, 0.003584834008518938
1341.0, 0.003969513431892533
1342.0, 0.004625065371879926
1343.0, 0.0024008359406076443
1344.0, 0.0017934155159917552
1345.0, 0.0024600629531718343
1346.0, 0.00354742577779974
1347.0, 0.004195805691757574
1348.0, 0.0035441213357057296
1349.0, 0.0038656304800935384
1350.0, 0.0046840031450613405
1351.0, 0.0035892665326512723
1352.0, 0.002624545872148953
1353.0, 0.005302702609688213
1354.0, 0.005892217009145207
1355.0, 0.0024050406991134067
1356.0, 0.0042292206075882945
1357.0, 0.006457837211475884
1358.0, 0.0059301266478304585
1359.0, 0.00341325678698357
1360.0, 0.0049228728144372
1361.0, 0.003496854082534825
1362.0, 0.0027893204210629055
1363.0, 0.004350479396499816
1364.0, 0.005770696991955012
1365.0, 0.003774439175346956
1366.0, 0.002322810881635531
1367.0, 0.0036563433477058756
1368.0, 0.004783610865082675
1369.0, 0.003764313882615269
1370.0, 0.0038508334307576714
1371.0, 0.008119443047575104
1372.0, 0.007273838990458149
1373.0, 0.004738885880580541
1374.0, 0.0038150676130643563
1375.0, 0.004208138719814107
1376.0, 0.0044474646179693935
1377.0, 0.0037379995329713213
1378.0, 0.004783119070217479
1379.0, 0.004686187320225765
1380.0, 0.0052068599614410495
1381.0, 0.005559333635034038
1382.0, 0.005799396378555416
1383.0, 0.006501295355478431
1384.0, 0.00821911504854034
1385.0, 0.00901444916983093
1386.0, 0.006103545257426499
1387.0, 0.005704095004677074
1388.0, 0.006290029898425303
1389.0, 0.005933941722213409
1390.0, 0.00838656436064721
1391.0, 0.004083320811334692
1392.0, 0.005132955053365416
1393.0, 0.008165213336447201
1394.0, 0.009207610006232507
1395.0, 0.0067818161757284895
1396.0, 0.0036480304574618245
1397.0, 0.004444896176100835
1398.0, 0.007103855694960378
1399.0, 0.006771616766714587
1400.0, 0.005596486729526714
1401.0, 0.005157103231518272
1402.0, 0.004564637386206926
1403.0, 0.006439141616947995
1404.0, 0.004478513141801381
1405.0, 0.005802028651295478
1406.0, 0.006061363896074218
1407.0, 0.00444879011413985
1408.0, 0.0047274531603601015
1409.0, 0.008670244322393465
1410.0, 0.00525856596956536
1411.0, 0.006345919660402511
1412.0, 0.006169452423812736
1413.0, 0.005211639075230455
1414.0, 0.006890386263208664
1415.0, 0.007643089864767929
1416.0, 0.007396752086600382
1417.0, 0.004759296189214156
1418.0, 0.007376861069856558
1419.0, 0.008594287643330777
1420.0, 0.004169186550493085
1421.0, 0.006570600770839352
1422.0, 0.006376938815945179
1423.0, 0.0047054753433979435
1424.0, 0.005525540137736881
1425.0, 0.006873635870038277
1426.0, 0.006113697123491577
1427.0, 0.0031757234922762147
1428.0, 0.005460500285087888
1429.0, 0.0039059014416472407
1430.0, 0.004416467667880986
1431.0, 0.005563473248909679
1432.0, 0.006033544505003603
1433.0, 0.00579860030502536
1434.0, 0.0050015713128507685
1435.0, 0.009032290642010344
1436.0, 0.008216878575897188
1437.0, 0.0071453454953281465
1438.0, 0.008707593829056634
1439.0, 0.0115915939164561
1440.0, 0.009373904490665138
1441.0, 0.008076620911246946
1442.0, 0.006051214710080377
1443.0, 0.007916157097191998
1444.0, 0.008939442014682362
1445.0, 0.008902064684421757
1446.0, 0.015161124116765507
1447.0, 0.01535559017072533
1448.0, 0.0178209789930107
1449.0, 0.016409763876433628
1450.0, 0.01590485900991382
1451.0, 0.016138207561561847
1452.0, 0.01364706255122599
1453.0, 0.012462796469400409
1454.0, 0.013131970498998502
1455.0, 0.01226637874047188
1456.0, 0.010044135447446029
1457.0, 0.009789568570958222
1458.0, 0.01157285509501008
1459.0, 0.008548795953193642
1460.0, 0.009938797807847895
1461.0, 0.009641567943972838
1462.0, 0.007258199737581582
1463.0, 0.007624060365852517
1464.0, 0.008973349497900483
1465.0, 0.006018309146298751
1466.0, 0.012384511238834503
1467.0, 0.006530591384324644
1468.0, 0.006715985237026509
1469.0, 0.00846387356021681
1470.0, 0.008159076975918354
1471.0, 0.005597551317767034
1472.0, 0.004182789280516106
1473.0, 0.004313869088756314
1474.0, 0.006376144512422461
1475.0, 0.005453676403108798
1476.0, 0.004299863464924266
1477.0, 0.004932796902852692
1478.0, 0.005708912224494466
1479.0, 0.0023031468198107937
1480.0, 0.006128357428716329
1481.0, 0.004089257861486673
1482.0, 0.005421954130706858
1483.0, 0.007920541193867188
1484.0, 0.006438324611405485
1485.0, 0.004727414371771854
1486.0, 0.005887248505531356
1487.0, 0.005294800216107096
1488.0, 0.005022341141442967
1489.0, 0.0057514158134447935
1490.0, 0.006316956480323836
1491.0, 0.005619849752945036
1492.0, 0.008451565391049382
1493.0, 0.004086220914455158
1494.0, 0.0045947451595256044
1495.0, 0.005547950165763042
1496.0, 0.0038514297703244574
1497.0, 0.001862702321225022
1498.0, 0.0064891869042621505
1499.0, 0.001322883475508786
1500.0, 0.0021872107405278233
1501.0, 0.0017441514078042225
1502.0, 0.001190657051416427
1503.0, 0.0017871286617066131
1504.0, 0.002983726946455716
1505.0, 0.002560341545560332
1506.0, 0.0013624366522562823
1507.0, 0.00036449484081220966
1508.0, 0.0013089270207202518
1509.0, 0.0014279342681995683
1510.0, 0.0010564995344303886
1511.0, 0.004075477069381425
1512.0, 0.003793173116602111
1513.0, 0.003133112704401337
1514.0, 0.001526324570613473
1515.0, 0.0033600660402016403
1516.0, 0.003988491024379083
1517.0, 0.0008717113392942096
1518.0, 0.002928644424660993
1519.0, 0.002784328934408156
1520.0, 0.0026071922205030585
1521.0, 0.001006767941341038
1522, 0.0
1523, 0.0
1524, 0.0
1525, 0.0
1526, 0.0
1527, 0.0
1528, 0.0
1529, 0.0
1530, 0.0
1531, 0.0
1532, 0.0
1533, 0.0
1534, 0.0
1535, 0.0
1536, 0.0
1537, 0.0
1538, 0.0
1539, 0.0
1540, 0.0
1541, 0.0
1542, 0.0
1543, 0.0
1544, 0.0
1545, 0.0
1546, 0.0
1547, 0.0
1548, 0.0
1549, 0.0
1550, 0.0
1551, 0.0
1552, 0.0
1553, 0.0
1554, 0.0
1555, 0.0
1556, 0.0
1557, 0.0
1558, 0.0
1559, 0.0
1560, 0.0
1561, 0.0
1562, 0.0
1563, 0.0
1564, 0.0
1565, 0.0
1566, 0.0
1567, 0.0
1568, 0.0
1569, 0.0
1570, 0.0
1571, 0.0
1572, 0.0
1573, 0.0
1574, 0.0
1575, 0.0
1576, 0.0
1577, 0.0
1578, 0.0
1579, 0.0
1580, 0.0
1581, 0.0
1582, 0.0
1583, 0.0
1584, 0.0
1585, 0.0
1586, 0.0
1587, 0.0
1588, 0.0
1589, 0.0
1590, 0.0
1591, 0.0
1592, 0.0
1593, 0.0
1594, 0.0
1595, 0.0
1596, 0.0
1597, 0.0
1598, 0.0
1599, 0.0
