30, 0.0
31, 0.0
32, 0.0
33, 0.0
34, 0.0
35, 0.0
36, 0.0
37, 0.0
38, 0.0
39, 0.0
40, 0.0
41, 0.0
42, 0.0
43, 0.0
44, 0.0
45, 0.0
46, 0.0
47, 0.0
48, 0.0
49, 0.0
50, 0.0
51, 0.0
52, 0.0
53, 0.0
54, 0.0
55, 0.0
56, 0.0
57, 0.0
58, 0.0
59, 0.0
60, 0.0
61, 0.0
62, 0.0
63, 0.0
64, 0.0
65, 0.0
66, 0.0
67, 0.0
68, 0.0
69, 0.0
70, 0.0
71, 0.0
72, 0.0
73, 0.0
74, 0.0
75, 0.0
76, 0.0
77, 0.0
78, 0.0
79, 0.0
80, 0.0
81, 0.0
82, 0.0
83, 0.0
84, 0.0
85, 0.0
86, 0.0
87, 0.0
88, 0.0
89, 0.0
90, 0.0
91, 0.0
92, 0.0
93, 0.0
94, 0.0
95, 0.0
96, 0.0
97, 0.0
98, 0.0
99, 0.0
100, 0.0
101, 0.0
102.0, 0.0018514283226300115
103.0, 0.004027057666883925
104.0, 0.006048571611229655
105.0, 0.006498578795748335
106.0, 0.006445189194495623
107.0, 0.006593239832374658
108.0, 0.007237865114836432
109.0, 0.004451727778211044
110.0, 0.002086413008204393
111.0, 0.0004025733921740909
112.0, 0.00016751081441329367
113.0, 0.0003418008775568893
114.0, 0.0008545662469175597
115.0, 0.0016951371594620358
116.0, 0.0026015413429837705
117.0, 0.004576371981470771
118.0, 0.006358588694440849
119.0, 0.00614865453504974
120.0, 0.007739418289500629
121.0, 0.00830621494139025
122.0, 0.007793541780007853
123.0, 0.009274594198686462
124.0, 0.010012136440829995
125.0, 0.010152847284371831
126.0, 0.009672535706125307
127.0, 0.008279371880902754
128.0, 0.00676780821108644
129.0, 0.00536518302551227
130.0, 0.004781413024485547
131.0, 0.004236104583213379
132.0, 0.0035474822667818364
133.0, 0.0026117849165135615
134.0, 0.0010109715777023953
135.0, 0.00026789400274033896
136.0, 0.00014066011115405604
137.0, 0.0002440025070580421
138.0, 0.0015349720372552207
139.0, 0.0021681339228456146
140.0, 0.0018078685003702394
141.0, 0.0028651876685358048
142.0, 0.0029821703692998153
143.0, 0.0031506129660124247
144.0, 0.004537509847224036
145.0, 0.00494889137679241
146.0, 0.00572747233453839
147.0, 0.00670842678661606
148.0, 0.006215634838763564
149.0, 0.005907440455671701
150.0, 0.005491671543636371
151.0, 0.004781702694377031
152.0, 0.005973462318535539
153.0, 0.006257858345312632
154.0, 0.006182903175754432
155.0, 0.007141346139763163
156.0, 0.006601679969311056
157.0, 0.005438698228574151
158.0, 0.003991252542073314
159.0, 0.004198972080020323
160.0, 0.004111562682521799
161.0, 0.004075341280855259
162.0, 0.004496419863005668
163.0, 0.004570350877188672
164.0, 0.004523931272566366
165.0, 0.0045051542887595145
166.0, 0.005093713448903492
167.0, 0.005348467696395953
168.0, 0.005563896671074696
169.0, 0.005880564572955825
170.0, 0.005897795960686352
171.0, 0.006551352034563666
172.0, 0.007351251236757106
173.0, 0.007375305129611857
174.0, 0.008979046758805924
175.0, 0.009963916704868743
176.0, 0.01016361167267657
177.0, 0.012058595459923315
178.0, 0.013620792533217109
179.0, 0.014205106100438514
180.0, 0.013117791156833623
181.0, 0.012828995107639993
182.0, 0.011425603761681339
183.0, 0.009501274900343207
184.0, 0.008908140527419317
185.0, 0.00802359768755623
186.0, 0.007799780725025884
187.0, 0.00840558169790219
188.0, 0.007414723537116624
189.0, 0.007058118253564194
190.0, 0.006795856471813734
191.0, 0.006064966734043518
192.0, 0.00568883041687176
193.0, 0.00502766179949067
194.0, 0.004167960920769953
195.0, 0.003616737508323523
196.0, 0.0028381890276861586
197.0, 0.002125151912781441
198.0, 0.0016173128833239106
199.0, 0.0018239352035603052
200.0, 0.0019052568445081439
201.0, 0.0019264414605268962
202.0, 0.0019588037008096085
203.0, 0.002054160756979447
204.0, 0.0022076031493119736
205.0, 0.0023203524197394966
206.0, 0.0019580519968508555
207.0, 0.0024302876560750876
208.0, 0.002990385415959681
209.0, 0.0032611025987905034
210.0, 0.0011430755653576196
211.0, 0.0006678054234051468
212.0, 0.0008142921137188745
213.0, 0.00030839826722430625
214.0, 0.0014273148948790362
215.0, 0.0016763219263840464
216.0, 0.00100738605186463
217.0, 0.0004248562175536699
218.0, 0.0006910372898134574
219.0, 0.0008450207491154113
220.0, 0.0005304359462537512
221.0, 0.0015581888398770523
222.0, 0.0023597673015367544
223.0, 0.0030324867433057217
224.0, 0.0036756852668302573
225.0, 0.005185271307504216
226.0, 0.0061462016487498095
227.0, 0.006782153832248211
228.0, 0.008471589584071976
229.0, 0.00987530750833918
230.0, 0.010932724878053541
231.0, 0.011581829419973197
232.0, 0.0115779340784944
233.0, 0.00994534388450262
234.0, 0.008025148006611645
235.0, 0.0071807851000960845
236.0, 0.005936211118523778
237.0, 0.0046686813587666735
238.0, 0.0035060197205161727
239.0, 0.00276376296938959
240.0, 0.0016856494087732785
241.0, 0.0011756109142620624
242.0, 0.001343332069414468
243.0, 0.0005512579487302223
244.0, 0.0001974513310129063
245.0, 0.00031838330508688093
246.0, 0.0010073351950957321
247.0, 0.0006953089857881585
248.0, 0.0005080215175028268
249.0, 0.00041523634675710126
250.0, 0.00031187325394925816
251.0, 0.0008310363968939529
252.0, 0.0013210512582759015
253.0, 0.0017988590269066764
254.0, 0.0030203406928860127
255.0, 0.002925114405734588
256.0, 0.0028189126054628403
257.0, 0.0033413583333859386
258.0, 0.004549573375409515
259.0, 0.00511213016489775
260.0, 0.005591876487561469
261.0, 0.006677305560394055
262.0, 0.0075461230117735536
263.0, 0.009013303351103808
264.0, 0.010733283028208187
265.0, 0.011463947959633835
266.0, 0.01316696722577187
267.0, 0.014621191525771331
268.0, 0.015603589057852661
269.0, 0.01721522868019586
270.0, 0.018928742341459765
271.0, 0.020356824741566318
272.0, 0.02121195500607202
273.0, 0.022991593191873813
274.0, 0.023553428634491887
275.0, 0.023522622002589134
276.0, 0.023827587888147858
277.0, 0.023271664474379353
278.0, 0.02426429394497157
279.0, 0.026362088105609534
280.0, 0.026960089443176356
281.0, 0.027245304735691287
282.0, 0.028275058208707352
283.0, 0.030246883106613248
284.0, 0.03127301917657447
285.0, 0.03355234847352339
286.0, 0.03588639758970518
287.0, 0.03741766264778414
288.0, 0.03929789210567144
289.0, 0.04266845880751611
290.0, 0.04638903006516322
291.0, 0.04864455559104798
292.0, 0.053133304252677434
293.0, 0.05874277133090516
294.0, 0.06451456889354851
295.0, 0.0676032655821985
296.0, 0.07029053346333644
297.0, 0.0719809965035719
298.0, 0.07276437716180106
299.0, 0.0752131478621122
300.0, 0.0758650810306419
301.0, 0.07567091412924347
302.0, 0.07514183703037078
303.0, 0.07401670351277707
304.0, 0.07171030458464753
305.0, 0.06865926367572292
306.0, 0.06533010319863988
307.0, 0.06145383379137232
308.0, 0.05697163120977849
309.0, 0.05192696075017676
310.0, 0.04636407734266589
311.0, 0.042387629739751756
312.0, 0.039086334897909275
313.0, 0.03615933998796835
314.0, 0.03298331082821414
315.0, 0.031104998442472078
316.0, 0.0307909012468004
317.0, 0.03210517958227186
318.0, 0.03286434163442171
319.0, 0.03331276503456655
320.0, 0.034682605699564995
321.0, 0.038071251670872844
322.0, 0.041224594549212845
323.0, 0.04548522218120342
324.0, 0.05035837798462909
325.0, 0.055109131871456385
326.0, 0.05971998091112514
327.0, 0.06529436910252266
328.0, 0.07242919026269709
329.0, 0.08269852995610577
330.0, 0.08970015677902606
331.0, 0.09736193328371912
332.0, 0.10614778751982189
333.0, 0.1136038437656715
334.0, 0.12202673606206124
335.0, 0.12872664622228555
336.0, 0.13305831852062855
337.0, 0.14293096220661858
338.0, 0.1444222033289762
339.0, 0.1412170285120585
340.0, 0.13569376587438625
341.0, 0.12505082994822014
342.0, 0.11070866985339882
343.0, 0.09546858075942263
344.0, 0.08296641503662913
345.0, 0.07171785980072712
346.0, 0.06225836670983123
347.0, 0.05436682583413113
348.0, 0.04764901276584074
349.0, 0.04156331330888345
350.0, 0.03762144132270165
351.0, 0.035618078308002094
352.0, 0.03396180982233667
353.0, 0.03354991493408999
354.0, 0.032549832626466726
355.0, 0.03091185676734978
356.0, 0.032047838301849506
357.0, 0.03397035416372056
358.0, 0.036111943144411005
359.0, 0.038332147808344874
360.0, 0.04248503772149448
361.0, 0.046906485258570996
362.0, 0.05224860941525813
363.0, 0.05907412821999734
364.0, 0.06933840686204558
365.0, 0.07904582861879235
366.0, 0.08951977988355886
367.0, 0.10244930364277086
368.0, 0.11437994952003655
369.0, 0.126327500654599
370.0, 0.13848871219061537
371.0, 0.1511521136426071
372.0, 0.1579985769968532
373.0, 0.1625772600392735
374.0, 0.16363762665402407
375.0, 0.15609697754675964
376.0, 0.14576372247999236
377.0, 0.13338889483734695
378.0, 0.11886178040139937
379.0, 0.10098511191599972
380.0, 0.08858971084831967
381.0, 0.07619335169146398
382.0, 0.06278587007608853
383.0, 0.05353506249777733
384.0, 0.045980508351470495
385.0, 0.03887411183151515
386.0, 0.0319106847645214
387.0, 0.028365551060262773
388.0, 0.025487488525168776
389.0, 0.022862261666510942
390.0, 0.02020386951997303
391.0, 0.01666973947590473
392.0, 0.014769944251356354
393.0, 0.013340159112879097
394.0, 0.011321025028025442
395.0, 0.009523557777578118
396.0, 0.009187940125040867
397.0, 0.008984464356968902
398.0, 0.0071600488186650615
399.0, 0.007244946194379474
400.0, 0.006297235599413549
401.0, 0.005019035997589501
402.0, 0.004893066836700692
403.0, 0.0046898481962636095
404.0, 0.004471480159040032
405.0, 0.00434862045137475
406.0, 0.00457360853884286
407.0, 0.0030612843937473737
408.0, 0.0022476032848063824
409.0, 0.002478772024915174
410.0, 0.0037290914720282684
411.0, 0.003055777738503098
412.0, 0.0030338896514358286
413.0, 0.0035880795688764205
414.0, 0.002167217152360345
415.0, 0.00124267030947855
416.0, 0.001958939195904647
417.0, 0.003739292952255548
418.0, 0.001613707594021205
419.0, 0.0005481366487965125
420.0, 0.0008381525063168207
421.0, 0.002249749592840897
422.0, 0.0020939848785409285
423.0, 0.002154033097629899
424.0, 0.0016930427876763678
425.0, 0.0006882923544136838
426.0, 0.002408347414000274
427.0, 0.002473844361735761
428.0, 0.0025210964176021512
429.0, 0.0033694342495543443
430.0, 0.003862018412318527
431.0, 0.003916869572693582
432.0, 0.003619739428992871
433.0, 0.003081417758454427
434.0, 0.0038404472228099245
435.0, 0.0052127642357722975
436.0, 0.0057112367253418
437.0, 0.004264412461207545
438.0, 0.005685468162855542
439.0, 0.0053950203904776055
440.0, 0.004562887578432999
441.0, 0.0042172577453120355
442.0, 0.0027466258634729667
443.0, 0.0020468526365229325
444.0, 0.0013873828400596403
445.0, 1.5225919971051274e-05
446.0, 0.0003038375149958596
447.0, 0.0008771994759662685
448.0, 0.0010717384251475279
449.0, 0.00012147948129229971
450.0, 0.0008803137074071197
451.0, 0.001110503498625964
452.0, 0.0008328129499026373
453.0, 0.00012438442666910728
454.0, 0.0006974515299694509
455.0, 0.00099267435550745
456.0, 0.0010801554398343807
457.0, 0.0011315515945348666
458.0, 0.0008436437220849434
459.0, 0.0009514163556283323
460.0, 0.0010608194600892503
461.0, 0.000532383308460271
462.0, 0.0008210625804856504
463.0, 0.0006013804127594054
464.0, 0.00026326526184030307
465.0, 0.0005359707772113763
466.0, 0.00031613032513486594
467.0, 0.0007472794331606178
468.0, 0.0011755199272693547
469.0, 0.00040941801856763044
470.0, 0.0001340887040625986
471.0, 0.0002946066366202481
472.0, 0.0004995220959728809
473.0, 0.00010434204414483302
474.0, 0.00041789315099401825
475.0, 0.0008986518389934685
476.0, 0.001070388167653287
477.0, 0.0001851101372672742
478.0, 0.0006710893545879795
479.0, 0.0012208833077435933
480.0, 0.0013592572042696533
481.0, 0.000436225413917219
482.0, 0.0005091216272123443
483.0, 0.0013768890056200685
484.0, 0.0027141319357165605
485.0, 0.004030597803580054
486.0, 0.004507592961901114
487.0, 0.004887519001506996
488.0, 0.005307614875586394
489.0, 0.0059054313055254375
490.0, 0.0068303889642861056
491.0, 0.007087353334828217
492.0, 0.006837843536812814
493.0, 0.006395192068135796
494.0, 0.007048296446770993
495.0, 0.006685453440382932
496.0, 0.005931940227466744
497.0, 0.005801123692509412
498.0, 0.004276868340420559
499.0, 0.0033254167111569197
500.0, 0.0030580224279651495
501.0, 0.0035232283472972983
502.0, 0.0032972879259737966
503.0, 0.002356564886448237
504.0, 0.0016355249489660554
505.0, 0.002228400796044838
506.0, 0.0025410921016357302
507.0, 0.0034011839225308663
508.0, 0.003841625920629456
509.0, 0.0028437726456838923
510.0, 0.003919866989542351
511.0, 0.004546028003503339
512.0, 0.005179455417543504
513.0, 0.006238480112271566
514.0, 0.007120151659465039
515.0, 0.007798545722869606
516.0, 0.008743911121043462
517.0, 0.010331340184589
518.0, 0.012275268609669352
519.0, 0.01402828204966447
520.0, 0.014743073349911859
521.0, 0.01393783075057407
522.0, 0.013575486866409865
523.0, 0.013784812025351431
524.0, 0.013267049132502888
525.0, 0.011431205531276186
526.0, 0.010370393322645844
527.0, 0.009738130243564591
528.0, 0.009106039142527035
529.0, 0.00825399328126793
530.0, 0.007120518314968512
531.0, 0.005742927700197123
532.0, 0.005651971322340387
533.0, 0.006786724225731304
534.0, 0.005139538969714951
535.0, 0.004901827835059066
536.0, 0.00568543783292544
537.0, 0.007029745547865904
538.0, 0.007435391248172822
539.0, 0.008945782339493153
540.0, 0.010540120433545165
541.0, 0.012078771630768148
542.0, 0.013954322730287017
543.0, 0.01597751320586275
544.0, 0.019372950142375174
545.0, 0.0235770877692315
546.0, 0.026553377876926344
547.0, 0.03280249236830069
548.0, 0.0390425507095591
549.0, 0.044976349912969574
550.0, 0.050870218574039
551.0, 0.054981857105619716
552.0, 0.05704124446573119
553.0, 0.05579528842276234
554.0, 0.049394529966038325
555.0, 0.04343478631879475
556.0, 0.03713200153203759
557.0, 0.03124109275359873
558.0, 0.026626642849730188
559.0, 0.020605627874356755
560.0, 0.016957496913730007
561.0, 0.014337622195695864
562.0, 0.011561471713720411
563.0, 0.008362866970249358
564.0, 0.007295574802360871
565.0, 0.006891278150043
566.0, 0.006178185703402158
567.0, 0.004633638085616348
568.0, 0.00512561729255361
569.0, 0.004932872917856108
570.0, 0.003540354853469791
571.0, 0.005191545736321289
572.0, 0.00419090239787533
573.0, 0.003694232320604455
574.0, 0.004175017570514897
575.0, 0.0036489788953951723
576.0, 0.004110065576739822
577.0, 0.004194660536389341
578.0, 0.0037928558583387602
579.0, 0.0033436348002880505
580.0, 0.004127030067001445
581.0, 0.0040482846898674835
582.0, 0.003458914505292746
583.0, 0.003418549423627375
584.0, 0.002332011360067169
585.0, 0.0021619002741323987
586.0, 0.002590527067310408
587.0, 0.003100003829999673
588.0, 0.0027803535901251954
589.0, 0.0036143200244511454
590.0, 0.004212965708840508
591.0, 0.0035595722394482212
592.0, 0.0038157023117491203
593.0, 0.0031695812097617083
594.0, 0.002740546694152324
595.0, 0.0030267684955783514
596.0, 0.003210432498642882
597.0, 0.0038961258297119184
598.0, 0.004746471752631328
599.0, 0.0053195259126016916
600.0, 0.00431219095396248
601.0, 0.005347536061909062
602.0, 0.005693262186646917
603.0, 0.005020889554737264
604.0, 0.0039286758038267105
605.0, 0.005400984513837634
606.0, 0.0060805566073250834
607.0, 0.00648344206807915
608.0, 0.007951669726257004
609.0, 0.007299765427311791
610.0, 0.007676182364675367
611.0, 0.008065532634845702
612.0, 0.007429950606104184
613.0, 0.007112550063060418
614.0, 0.007776678320234657
615.0, 0.008332348936321926
616.0, 0.008244936563717798
617.0, 0.008624030554302995
618.0, 0.009335495175925182
619.0, 0.009912112116710671
620.0, 0.010117027824672145
621.0, 0.009689879057608161
622.0, 0.010837048198789938
623.0, 0.011049420043891124
624.0, 0.011017376139313355
625.0, 0.013482899561917018
626.0, 0.013335766740041423
627.0, 0.013863983927537845
628.0, 0.014622985945731255
629.0, 0.0146290262099808
630.0, 0.01729927985972203
631.0, 0.01728105859009711
632.0, 0.017397631665773988
633.0, 0.019833300654995834
634.0, 0.022705945295305244
635.0, 0.023729805808413967
636.0, 0.024793915948454093
637.0, 0.026593204261269012
638.0, 0.028157656970878773
639.0, 0.03200519520121208
640.0, 0.03556618183566121
641.0, 0.038963531497395586
642.0, 0.044200193854838254
643.0, 0.0496818202804945
644.0, 0.0570526713534302
645.0, 0.06507608778704808
646.0, 0.07171235198999186
647.0, 0.08546830357666833
648.0, 0.10160422855808526
649.0, 0.11957196342674994
650.0, 0.1392860479440113
651.0, 0.16541825026354384
652.0, 0.1968965927417681
653.0, 0.2295690358905509
654.0, 0.2627557289497674
655.0, 0.3019502655839626
656.0, 0.32999719613949796
657.0, 0.35246540237697055
658.0, 0.36311418267479545
659.0, 0.34508663166914666
660.0, 0.32139512032988976
661.0, 0.2924676383520269
662.0, 0.256945305933929
663.0, 0.2137130436006796
664.0, 0.17882717636400547
665.0, 0.15063783109185502
666.0, 0.1262183764291965
667.0, 0.10384060943729723
668.0, 0.085741188820778
669.0, 0.07217971980989403
670.0, 0.060361167047858294
671.0, 0.05043691434379778
672.0, 0.04577135987964115
673.0, 0.03942578996517508
674.0, 0.03400925640582531
675.0, 0.02997369753256115
676.0, 0.02740578018173388
677.0, 0.024767385985971842
678.0, 0.021840867365252873
679.0, 0.01917120933216418
680.0, 0.017235326545442336
681.0, 0.01642287248396009
682.0, 0.014504490628635019
683.0, 0.013000325975968575
684.0, 0.012279193790614823
685.0, 0.01145263022379373
686.0, 0.010903726927335891
687.0, 0.009395665732928242
688.0, 0.007702197101265885
689.0, 0.007497846050325358
690.0, 0.006474224195949668
691.0, 0.006451905341701726
692.0, 0.006746048779369207
693.0, 0.006604781573290668
694.0, 0.004874349549421664
695.0, 0.002940493962850567
696.0, 0.003021023612668461
697.0, 0.0046730189581602345
698.0, 0.0028826522115712227
699.0, 0.0039703419303886356
700.0, 0.004164802512839731
701.0, 0.003637087689291459
702.0, 0.0037071462138004965
703.0, 0.002978684565658702
704.0, 0.0022834202209847613
705.0, 0.0014823923787058223
706.0, 0.0006937126164235889
707.0, 0.002203597424902204
708.0, 0.0030020318125007243
709.0, 0.002893769024303494
710.0, 0.001889582809271755
711.0, 0.00024061777816144646
712.0, 0.0022132580605859127
713.0, 0.002233749005447358
714.0, 0.001640237455971463
715.0, 0.0031972714655912025
716.0, 0.0015463637898248635
717.0, 0.0012544672956109255
718.0, 0.0011240566877908256
719.0, 0.0004953769561945423
720.0, 0.00020624662412140136
721.0, 0.0003212298160610269
722.0, 0.0012196940311567479
723.0, 0.00209124276174203
724.0, 0.0008608847773858647
725.0, 0.001439834050750027
726.0, 0.0012967738438850716
727.0, 0.0010562930557078568
728.0, 0.0014928913888332081
729.0, 0.002012355718536858
730.0, 0.0018490952337654855
731.0, 0.0019284244299897632
732.0, 0.0024379961418002126
733.0, 0.0025330770573483265
734.0, 0.0012065172763907166
735.0, 0.00034484437376672083
736.0, 5.5558923791857435e-05
737.0, 3.482760974870313e-05
738.0, 0.00033897132130657735
739.0, 0.001063683479136035
740.0, 0.0017044158262333098
741.0, 0.001961559350111922
742.0, 0.002053630232622464
743.0, 0.0007490436805284164
744.0, 0.0003372718233738501
745.0, 0.0009376384128497307
746.0, 0.0015724380495097776
747.0, 0.0032010730255877438
748.0, 0.0027999397923606393
749.0, 0.0020962788360668685
750.0, 0.002586258972133135
751.0, 0.002626047316950986
752.0, 0.0020289924840164843
753.0, 0.0021747071781896016
754.0, 0.002600851372224677
755.0, 0.0007175062322164331
756.0, 0.0014390906227476628
757.0, 0.001687085231392364
758.0, 0.0012653736413048794
759.0, 0.0005002352164114625
760.0, 0.0027303293633007177
761.0, 0.0021335522463567583
762.0, 0.0017558940634574177
763.0, 0.0022434476325009422
764.0, 0.0011787765604986252
765.0, 0.0009146730597670806
766.0, 0.0009041244128032019
767.0, 0.0010996076518161807
768.0, 0.0015515907855494268
769.0, 0.003215083826444607
770.0, 0.0017446839706485402
771.0, 0.0003732171375400135
772.0, 0.00045887254245667483
773.0, 0.0007718736541541352
774.0, 0.001041283634701872
775.0, 0.0015118908941923006
776.0, 0.0015592642309370562
777.0, 0.00035199938330173907
778.0, 0.0001369587714257706
779.0, 0.00022197300519657338
780.0, 0.0004767926724278172
781.0, 0.0006620407517140829
782.0, 9.464395344821957e-05
783.0, 0.00020835129682966695
784.0, 0.0007740377986126073
785.0, 0.0010810664770199594
786.0, 0.00024044959095186261
787.0, 0.0003090816398350324
788.0, 0.0006791911767680056
789.0, 0.0006697422337193894
790.0, 0.00038312099769164114
791.0, 0.0017695030815020043
792.0, 0.0006389275288756588
793.0, 0.00037294585452346524
794.0, 0.0008393439363382329
795.0, 0.00106505878742084
796.0, 0.0004139437739100116
797.0, 0.0005112996320566323
798.0, 0.0004982342491887402
799.0, 0.0002396919430104816
800.0, 0.0008918443447516362
801.0, 0.0013665108488551934
802.0, 0.0008780603134626549
803.0, 0.00010910686606869238
804.0, 4.557617935896884e-05
805.0, 0.00077083047098501
806.0, 0.00048324099964253207
807.0, 0.0003486623253743296
808.0, 0.0005667114232835749
809.0, 0.0001208759807697072
810.0, 0.0004310255754864593
811.0, 0.0005411585493335364
812.0, 0.00048006132514541954
813.0, 0.00037829122555041667
814.0, 9.352972143038943e-05
815.0, 0.00010166463346326339
816.0, 0.00019560476127499798
817.0, 0.000368261638196071
818.0, 0.0007829319419799207
819.0, 0.00033866957847855796
820.0, 0.00012434759915383963
821.0, 6.23835761680871e-05
822.0, 0.00012205850625026174
823.0, 0.0010176423327406404
824.0, 0.00048521376881322073
825.0, 0.0002498646122521185
826.0, 0.00044410257408281117
827.0, 0.00046942508640549326
828.0, 0.0005372128169848424
829.0, 0.0004512741326928802
830.0, 0.0008466457671150881
831.0, 0.0019935932428785563
832.0, 0.0033394554906017154
833.0, 0.0035474860679711156
834.0, 0.0033547721267517465
835.0, 0.0027797061522405126
836.0, 0.0018001386690358165
837.0, 0.0024223769993232296
838.0, 0.003021686876530581
839.0, 0.004419089431794656
840.0, 0.006430099636980464
841.0, 0.00754051910428475
842.0, 0.008664721396092886
843.0, 0.012175303265498448
844.0, 0.015281924177097008
845.0, 0.01614504926944434
846.0, 0.02120828684652195
847.0, 0.025831467465634625
848.0, 0.029702631607913744
849.0, 0.03328666236493069
850.0, 0.03753921632484126
851.0, 0.03504651000942142
852.0, 0.03415202050362607
853.0, 0.032233446323119926
854.0, 0.028028921936317026
855.0, 0.02255052736942403
856.0, 0.01762733210169283
857.0, 0.015209597054004697
858.0, 0.014128932130531575
859.0, 0.012719003858921381
860.0, 0.01034544386291332
861.0, 0.009008529539517224
862.0, 0.007295470047531348
863.0, 0.00592150738727417
864.0, 0.007213917949912817
865.0, 0.005032967927735875
866.0, 0.005654806003317812
867.0, 0.006140461018707611
868.0, 0.005280225375810507
869.0, 0.006425554316740344
870.0, 0.005552643753412095
871.0, 0.0054501882936359505
872.0, 0.00544947542078059
873.0, 0.0045735576638929005
874.0, 0.005621532427261657
875.0, 0.005082100159885425
876.0, 0.005488579976930263
877.0, 0.006589120333881387
878.0, 0.006218258414460094
879.0, 0.005996706603308314
880.0, 0.006242549751316199
881.0, 0.006372769638275739
882.0, 0.006218072727025944
883.0, 0.00651932303164188
884.0, 0.007926719726959085
885.0, 0.008502433831456468
886.0, 0.008607556477674094
887.0, 0.008760938919489286
888.0, 0.007875003505687369
889.0, 0.008587750508068898
890.0, 0.010108144481865523
891.0, 0.011012677690146041
892.0, 0.009458153988187536
893.0, 0.011710196690778482
894.0, 0.012833374494222845
895.0, 0.01294452220288946
896.0, 0.012890588099754241
897.0, 0.01483411769138384
898.0, 0.014899530309790713
899.0, 0.014245677410171643
900.0, 0.01532263517079123
901.0, 0.018856544851534908
902.0, 0.018832194136705994
903.0, 0.018782069910418774
904.0, 0.01996019945213318
905.0, 0.021705926305713358
906.0, 0.022757635849003248
907.0, 0.0212731715011339
908.0, 0.02116664978692018
909.0, 0.021981135791736904
910.0, 0.02264703514685748
911.0, 0.02150468158894752
912.0, 0.01945039922819728
913.0, 0.017069389384879334
914.0, 0.01572612466907054
915.0, 0.015075584524291682
916.0, 0.011932102849723042
917.0, 0.013830898002393704
918.0, 0.012154362377715134
919.0, 0.009496478800225652
920.0, 0.008694900244609534
921.0, 0.010727858786138494
922.0, 0.008841136514473052
923.0, 0.007580327474650038
924.0, 0.006798776360010468
925.0, 0.0056784572284267806
926.0, 0.006506103082520542
927.0, 0.00682019016292807
928.0, 0.006249682243216312
929.0, 0.005165117897148596
930.0, 0.004362656239836669
931.0, 0.004591111954237487
932.0, 0.004544556887282777
933.0, 0.0048121876437827804
934.0, 0.0050191306857039954
935.0, 0.0037670197251044647
936.0, 0.0042826437265650755
937.0, 0.005423998536911712
938.0, 0.004961172088058048
939.0, 0.0032649728957449197
940.0, 0.005873938389697004
941.0, 0.0039893269720226365
942.0, 0.004431247930209888
943.0, 0.005517189390295935
944.0, 0.005376989328375749
945.0, 0.004079117387021066
946.0, 0.003985567062632701
947.0, 0.0050897147050029635
948.0, 0.006241216983274131
949.0, 0.006368857966213784
950.0, 0.006646125094310466
951.0, 0.0072489775994994034
952.0, 0.00760330504912818
953.0, 0.007942043837041496
954.0, 0.008597591245139157
955.0, 0.007174708801386298
956.0, 0.006882524378817191
957.0, 0.00780748946667489
958.0, 0.008979544911804126
959.0, 0.008793690577202485
960.0, 0.010319279062842074
961.0, 0.011026014309536132
962.0, 0.011856806502593518
963.0, 0.012309277236412723
964.0, 0.010481843133289254
965.0, 0.009755736770176429
966.0, 0.011212478593781201
967.0, 0.011864762482724592
968.0, 0.011360437465503364
969.0, 0.01316986893508873
970.0, 0.012135155655191968
971.0, 0.011851459450038525
972.0, 0.012724309480861966
973.0, 0.01400527536960589
974.0, 0.012780795842374114
975.0, 0.01495160177822417
976.0, 0.015254048045639235
977.0, 0.015451701670475073
978.0, 0.01671260530986345
979.0, 0.016736079687332796
980.0, 0.016543044912194292
981.0, 0.01814437054384692
982.0, 0.01967762846734547
983.0, 0.01991728570010154
984.0, 0.022214509346000666
985.0, 0.024485265089586702
986.0, 0.024484754551971945
987.0, 0.02573636273407847
988.0, 0.03082175824773737
989.0, 0.03195266473771603
990.0, 0.032310788569855524
991.0, 0.03604351474845568
992.0, 0.04133903526690156
993.0, 0.04525129795225157
994.0, 0.04769598059740379
995.0, 0.05320900647319265
996.0, 0.05925559332343701
997.0, 0.06573437305646491
998.0, 0.07343131893503035
999.0, 0.08487290690648083
1000.0, 0.0985750416768096
1001.0, 0.11263772364362241
1002.0, 0.13171114085169253
1003.0, 0.160973354623432
1004.0, 0.1889398203563064
1005.0, 0.239833740791532
1006.0, 0.30390039501541644
1007.0, 0.38462491746603683
1008.0, 0.4897912032087548
1009.0, 0.626903956673877
1010.0, 0.7698057736532402
1011.0, 0.8994630623187072
1012.0, 0.9854220789214201
1013.0, 0.9946577429131632
1014.0, 0.9137144537187056
1015.0, 0.7863369518126335
1016.0, 0.6482902671767939
1017.0, 0.5198538127132996
1018.0, 0.4145877039059408
1019.0, 0.3388977355741107
1020.0, 0.2807023478893022
1021.0, 0.2343730411960698
1022.0, 0.20042077296425706
1023.0, 0.18066989084608207
1024.0, 0.16895140424253877
1025.0, 0.15914705375802074
1026.0, 0.1538433212418525
1027.0, 0.15035939137174376
1028.0, 0.14436843055852797
1029.0, 0.14108378563410678
1030.0, 0.13345761837760323
1031.0, 0.1269493210249304
1032.0, 0.11960500019649689
1033.0, 0.10738141350272627
1034.0, 0.09471769360451997
1035.0, 0.0840100788508778
1036.0, 0.07616744240185246
1037.0, 0.06934926244119233
1038.0, 0.06118734120432996
1039.0, 0.05403148894677479
1040.0, 0.04887041270378247
1041.0, 0.0436214540115502
1042.0, 0.03976269019636783
1043.0, 0.038368170245814605
1044.0, 0.030913616268854482
1045.0, 0.029976569923521084
1046.0, 0.029886176534689973
1047.0, 0.02886518797473192
1048.0, 0.026514256110040414
1049.0, 0.024283828078832174
1050.0, 0.022124206336478255
1051.0, 0.021783233292178093
1052.0, 0.0209610027057061
1053.0, 0.0182588245006697
1054.0, 0.019198091004674997
1055.0, 0.01853733645048598
1056.0, 0.017690164556932078
1057.0, 0.016599652143062773
1058.0, 0.01558646526784763
1059.0, 0.01679612704401715
1060.0, 0.015792307851898342
1061.0, 0.014603439193485944
1062.0, 0.014036848151816517
1063.0, 0.014041756503683016
1064.0, 0.01300868154431957
1065.0, 0.011446696651216892
1066.0, 0.01186793443218212
1067.0, 0.01192193673264325
1068.0, 0.010567168402263285
1069.0, 0.009306096244329772
1070.0, 0.011467165010075374
1071.0, 0.009950040085297545
1072.0, 0.00887743544038203
1073.0, 0.009921461368421107
1074.0, 0.011648589975787722
1075.0, 0.010265720869206308
1076.0, 0.009399097249299732
1077.0, 0.009143698107100551
1078.0, 0.009013611628200949
1079.0, 0.008149824766272625
1080.0, 0.006949062693589353
1081.0, 0.009027641745618433
1082.0, 0.009625145111125343
1083.0, 0.008529727456627828
1084.0, 0.007587748683108913
1085.0, 0.006170350384045731
1086.0, 0.006002487937245607
1087.0, 0.0059044351748830555
1088.0, 0.005876672390930025
1089.0, 0.006203427786833451
1090.0, 0.006791967061794578
1091.0, 0.006723719795672265
1092.0, 0.006468273432755591
1093.0, 0.005990369969512333
1094.0, 0.005496252610184883
1095.0, 0.006138962451391048
1096.0, 0.005654065616163635
1097.0, 0.006579963148705746
1098.0, 0.0062416820305258225
1099.0, 0.004197563996769657
1100.0, 0.004449977063544832
1101.0, 0.005988530088803381
1102.0, 0.006819992781916179
1103.0, 0.005416595053019782
1104.0, 0.0038009533892007312
1105.0, 0.0068806682597208416
1106.0, 0.0046730676335748995
1107.0, 0.005723156178932007
1108.0, 0.005527214177054719
1109.0, 0.004231206830420941
1110.0, 0.004175550303475747
1111.0, 0.004024929987510555
1112.0, 0.004618106687838517
1113.0, 0.003822565649482819
1114.0, 0.0028763848045607558
1115.0, 0.003144426722215786
1116.0, 0.002479057121926461
1117.0, 0.003960595610387511
1118.0, 0.003754499618033255
1119.0, 0.0026657888278399894
1120.0, 0.0023137247335823946
1121.0, 0.004568252999949465
1122.0, 0.003155654686866387
1123.0, 0.004035481690892089
1124.0, 0.0049278908161909055
1125.0, 0.004589056721610942
1126.0, 0.0033000521503697786
1127.0, 0.0021611924908764017
1128.0, 0.002604975066363081
1129.0, 0.0034137702770160815
1130.0, 0.0029091273228861146
1131.0, 0.00028595790430923046
1132.0, 0.0022934940538609245
1133.0, 0.002752069618488582
1134.0, 0.00265340053768801
1135.0, 0.0017227460537333381
1136.0, 0.0001413111176318141
1137.0, 0.00022319650108885785
1138.0, 0.0018964353754938423
1139.0, 0.0014564944264915574
1140.0, 0.000995790121787011
1141.0, 0.0012409931854020888
1142.0, 0.00041758415679553893
1143.0, 0.0006418856865029978
1144.0, 0.0003997627628395063
1145.0, 0.00021800250886097868
1146.0, 0.00022393569162669307
1147.0, 0.0003207350139213441
1148.0, 0.000820553665991385
1149.0, 0.001082840067297048
1150.0, 0.0007451319004034688
1151.0, 0.00045559578660688894
1152.0, 0.0006209897919882848
1153.0, 5.722370839303273e-05
1154.0, 0.0012165916801256962
1155.0, 0.002389104384388959
1156.0, 0.0024733777585494604
1157.0, 0.001516022152059919
1158.0, 0.0009317916545989825
1159.0, 0.0016148726042494684
1160.0, 0.0016731069110331944
1161.0, 0.0014597955731244824
1162.0, 0.001132557892283742
1163.0, 0.0007280237040769603
1164.0, 0.00023492649516566796
1165.0, 0.00021875046460271262
1166.0, 0.0007808175737075848
1167.0, 0.0015408976978373398
1168.0, 0.0020418825684764275
1169.0, 0.0019222324357206035
1170.0, 0.0011771291645733544
1171.0, 0.0014157646592420086
1172.0, 0.001030877239657329
1173.0, 0.00016287577769661
1174.0, 0.0004811513536503188
1175.0, 0.0010918226062040645
1176.0, 0.000634144958457455
1177.0, 0.0003519898011023248
1178.0, 0.000584219675874041
1179.0, 0.001031767218519022
1180.0, 0.00033187208242759116
1181.0, 0.0009009233924868436
1182.0, 0.0010560244893863054
1183.0, 0.0012493381775599104
1184.0, 0.0015221518596924277
1185.0, 0.0012247124288613446
1186.0, 0.0023531777143655894
1187.0, 0.0009484401904972543
1188.0, 0.0007048381223659101
1189.0, 0.001745958605997587
1190.0, 0.0024710464404084495
1191.0, 0.0013928673513672037
1192.0, 0.0020404556463202743
1193.0, 0.002299745850674222
1194.0, 0.0025129766232183885
1195.0, 0.0027457611991528953
1196.0, 0.002168631972347844
1197.0, 0.0013538817908612354
1198.0, 0.0007460988623934945
1199.0, 0.0016400258253899138
1200.0, 0.0022872330765986793
1201.0, 0.0006209202732985466
1202.0, 0.0013465272359669803
1203.0, 0.0008380146160066498
1204.0, 0.0025762227105210794
1205.0, 0.002687334222307357
1206.0, 0.0004681494321679693
1207.0, 0.0017306036100645276
1208.0, 0.0015540412139048974
1209.0, 0.001253718895133586
1210.0, 0.0014100548036418575
1211.0, 0.0015470319613998002
1212.0, 0.0011140500184359668
1213.0, 0.001955152738556015
1214.0, 0.0013865095740395476
1215.0, 0.0012886639152375294
1216.0, 0.0016649668978132007
1217.0, 0.002031321999065057
1218.0, 0.0016823459310344683
1219.0, 0.0008345716009179108
1220.0, 0.001254016913300424
1221.0, 0.0013444106338647516
1222.0, 0.0009085572390269232
1223.0, 0.0004928158688979367
1224.0, 0.0009016206638063418
1225.0, 0.0013512101662167993
1226.0, 0.0013289004361795027
1227.0, 0.00216902037836558
1228.0, 0.003207519994200991
1229.0, 0.001845419820655438
1230.0, 0.001983784577609492
1231.0, 0.001889373438536251
1232.0, 0.001807529537443393
1233.0, 0.0018734067850920545
1234.0, 0.0019670246735272643
1235.0, 0.0014214575844482197
1236.0, 0.002981661600352684
1237.0, 0.0025918667977572383
1238.0, 0.0029702374695917883
1239.0, 0.003862133780717752
1240.0, 0.002908657524181007
1241.0, 0.001150519697360353
1242.0, 0.003157238337225175
1243.0, 0.003597603210718643
1244.0, 0.002930954706837638
1245.0, 0.0025631715440927955
1246.0, 0.0033469541855108845
1247.0, 0.002485970297755459
1248.0, 0.0030883290915789613
1249.0, 0.0030911311156193366
1250.0, 0.0026168337140625416
1251.0, 0.0026578045128174627
1252.0, 0.0034883020784300394
1253.0, 0.0023222274921537557
1254.0, 0.0017650666009554573
1255.0, 0.0015863939308167782
1256.0, 0.001352065724644956
1257.0, 0.0009339809734320209
1258.0, 0.0024475212214555573
1259.0, 0.001067366434831528
1260.0, 0.003242766787087157
1261.0, 0.004944584138237329
1262.0, 0.0031786745151633085
1263.0, 0.0010494859168252244
1264.0, 0.002591659278023041
1265.0, 0.003452639037716572
1266.0, 0.0035012818596090204
1267.0, 0.0025389955158883408
1268.0, 0.001012153414540939
1269.0, 0.001432088017912655
1270.0, 0.0008523926763103874
1271.0, 0.001993344021949611
1272.0, 0.002611417146906481
1273.0, 0.002259389324489663
1274.0, 0.0021048738884204684
1275.0, 0.0020714826318618132
1276.0, 0.0019954645289963803
1277.0, 0.0012331163032843365
1278.0, 0.0004483509666626585
1279.0, 0.0003101399182938753
1280.0, 0.0011193389394035219
1281.0, 0.003346422933734977
1282.0, 0.0031184781854824003
1283.0, 0.0024527514134125446
1284.0, 0.001533627270474064
1285.0, 0.0007387478663980194
1286.0, 0.0019857557087407007
1287.0, 0.001039150456729676
1288.0, 0.0016267447433033011
1289.0, 0.0016149969894171995
1290.0, 0.0014958086524417846
1291.0, 0.0021425188363777136
1292.0, 0.0008669879843487327
1293.0, 0.0009174655725884633
1294.0, 0.0011112720297829068
1295.0, 0.001097914114191448
1296.0, 0.0009483693732828482
1297.0, 0.000992102181732952
1298.0, 0.0014119302142452197
1299.0, 0.0009502990970838685
1300.0, 0.0004562934918559561
1301.0, 0.0011085253648722938
1302.0, 0.0024356403166365466
1303.0, 0.0024766029804011375
1304.0, 0.001877858246885638
1305.0, 0.0010456895589078085
1306.0, 0.0014343401977566419
1307.0, 0.001409905927108635
1308.0, 0.0009255991334480502
1309.0, 0.0027974831541296864
1310.0, 0.0028702508420180056
1311.0, 0.0020886749508090777
1312.0, 0.0011613224089075645
1313.0, 0.0010179042643648998
1314.0, 0.0018809968082262268
1315.0, 0.0025630197133079437
1316.0, 0.0006765718200637262
1317.0, 0.002291267200004202
1318.0, 0.0028669654772326
1319.0, 0.0018453278639021862
1320.0, 0.0009777456630114866
1321.0, 0.0030206460702135608
1322.0, 0.003161139364473688
1323.0, 0.0025115880057370982
1324.0, 0.0013523085787723408
1325.0, 0.0016134298610534696
1326.0, 0.0036551896702456065
1327.0, 0.001099394808380301
1328.0, 0.0031596491564401885
1329.0, 0.002063893508416455
1330.0, 0.0010616363296974325
1331.0, 0.0012187572524013771
1332.0, 0.0016626519877125704
1333.0, 0.0008695673780392899
1334.0, 0.0014152058219462308
1335.0, 0.0015962041793671162
1336.0, 0.0022656007433505803
1337.0, 0.0023255183256388314
1338.0, 0.0006804461773858932
1339.0, 0.0017984221675701965
1340.0, 0.0032736087987272626
1341.0, 0.0018195261128883442
1342.0, 0.0016670496902623246
1343.0, 0.0026713022757373648
1344.0, 0.0021736686495502176
1345.0, 0.0030101363606154447
1346.0, 0.0026994434110137926
1347.0, 0.0028116523029514577
1348.0, 0.0032151144745768286
1349.0, 0.0028247271265564563
1350.0, 0.0011629652136858075
1351.0, 0.0029753271604219785
1352.0, 0.0021744062798071512
1353.0, 0.002524992112905707
1354.0, 0.0028598892648287583
1355.0, 0.00329823863592278
1356.0, 0.004565196624350273
1357.0, 0.003944107611032802
1358.0, 0.0019300894324751645
1359.0, 0.003212496191319889
1360.0, 0.0039955292861460325
1361.0, 0.003256031535991603
1362.0, 0.0026967669837776693
1363.0, 0.003493851955678443
1364.0, 0.0031034156119887834
1365.0, 0.0022882708309296717
1366.0, 0.0033927523554446518
1367.0, 0.004088633006754752
1368.0, 0.0014343267923188734
1369.0, 0.002734732166216738
1370.0, 0.003975903001179144
1371.0, 0.0036693152976764497
1372.0, 0.0033771211678986176
1373.0, 0.0031711455741696487
1374.0, 0.0024832191596798805
1375.0, 0.0023491320930225912
1376.0, 0.0014678954482220431
1377.0, 0.0012868841557307795
1378.0, 0.0019533115024325315
1379.0, 0.002386225029040519
1380.0, 0.0016821236666960304
1381.0, 0.0010839354422507923
1382.0, 0.0021123730419477346
1383.0, 0.0016093686869102612
1384.0, 0.0014990214469564613
1385.0, 0.0015726154779241196
1386.0, 0.001438337374145159
1387.0, 0.0026391653292606927
1388.0, 0.0014253005997434186
1389.0, 0.000879994547696679
1390.0, 0.0023394472173796665
1391.0, 0.003192482522441204
1392.0, 0.002516152846647094
1393.0, 0.004393130777179899
1394.0, 0.0023567634413185754
1395.0, 0.0026982677002163006
1396.0, 0.0030746192876001436
1397.0, 0.002620752400811717
1398.0, 0.0021219388293529165
1399.0, 0.003357397240166554
1400.0, 0.0023848836045198265
1401.0, 0.003089916416105981
1402.0, 0.0020680605997715116
1403.0, 0.002222128961456312
1404.0, 0.0035191639778639787
1405.0, 0.0025338813880130696
1406.0, 0.001839942890198502
1407.0, 0.0014115336110815278
1408.0, 0.0010666832119772954
1409.0, 0.0015036580064306641
1410.0, 0.0021126462232175214
1411.0, 0.001917839074019159
1412.0, 0.0025695482536577116
1413.0, 0.0008503558490262848
1414.0, 0.000770105286673798
1415.0, 0.0005360058028190553
1416.0, 0.0005117273448374402
1417.0, 0.001433129080541562
1418.0, 0.0016219251949913856
1419.0, 0.0031297444355919825
1420.0, 0.0032305765087379218
1421.0, 0.0032166590195962775
1422.0, 0.003056515203893586
1423.0, 0.0025559033584566368
1424.0, 0.002061707499275614
1425.0, 0.001411554542686752
1426.0, 0.0024059958116067395
1427.0, 0.0027266693118948786
1428.0, 0.003163363573494204
1429.0, 0.0030175890625969205
1430.0, 0.0007796060772860579
1431.0, 0.0031241870453772103
1432.0, 0.0021144535869551504
1433.0, 0.002970961481255982
1434.0, 0.003748340308358708
1435.0, 0.003773954933327096
1436.0, 0.003768360654669175
1437.0, 0.004120760916850972
1438.0, 0.00560966736153742
1439.0, 0.00494526579640401
1440.0, 0.005078711995840028
1441.0, 0.005153747796135327
1442.0, 0.0046612778323799125
1443.0, 0.006160277694270043
1444.0, 0.005158027934778097
1445.0, 0.004926598890731551
1446.0, 0.004898960121574779
1447.0, 0.0036837882659649566
1448.0, 0.0025099003809384967
1449.0, 0.004152392371352481
1450.0, 0.0048852674264410235
1451.0, 0.005148086438160671
1452.0, 0.0033829271581949367
1453.0, 0.0038126517543816134
1454.0, 0.005222956305614595
1455.0, 0.00465788831521224
1456.0, 0.0041836979946065795
1457.0, 0.0053518645289109615
1458.0, 0.003987517686560912
1459.0, 0.0039079591593766776
1460.0, 0.004557596455460882
1461.0, 0.0046251808483963345
1462.0, 0.0042734243167024755
1463.0, 0.006248078931206476
1464.0, 0.004090261145699638
1465.0, 0.003626746066143601
1466.0, 0.004401847090138456
1467.0, 0.004918973946902046
1468.0, 0.004773036214675173
1469.0, 0.006796251835317682
1470.0, 0.0060015988268114495
1471.0, 0.004167214253807791
1472.0, 0.0040613090117869195
1473.0, 0.004255126583168747
1474.0, 0.0033916911823718633
1475.0, 0.002873227291386984
1476.0, 0.005200184155753269
1477.0, 0.005908823556390301
1478.0, 0.003023644363165328
1479.0, 0.001763511500660383
1480.0, 0.002973874202137346
1481.0, 0.003931993000394179
1482.0, 0.004573101991540002
1483.0, 0.004866126166173476
1484.0, 0.005166870793114506
1485.0, 0.004845258806800603
1486.0, 0.004470463059222248
1487.0, 0.004245864363653761
1488.0, 0.0033183676654358284
1489.0, 0.0014321406712104736
1490.0, 0.00163320630081558
1491.0, 0.0021782327896119275
1492.0, 0.0022530556940443666
1493.0, 0.0024210843447779362
1494.0, 0.00348954542248358
1495.0, 0.004672930928805948
1496.0, 0.003366994083063385
1497.0, 0.003631115582081652
1498.0, 0.003368300596545295
1499.0, 0.003229150154455511
1500.0, 0.0036039910264171245
1501.0, 0.0033662219671845763
1502.0, 0.00021732790784862572
1503.0, 0.001716168840427298
1504.0, 0.0007671809678276612
1505.0, 0.000893343126492194
1506.0, 0.0021033212498039336
1507.0, 0.0023141276328565857
1508.0, 0.0005163005782984082
1509.0, 0.0014084285610792373
1510.0, 0.001396264544770136
1511.0, 0.00125491477319696
1512.0, 0.001825647963495323
1513.0, 0.0024606723511304226
1514.0, 0.0019807066074311284
1515.0, 0.0011831265360580658
1516.0, 0.004026314896737
1517.0, 0.001577644122121295
1518.0, 0.002817436798881161
1519.0, 0.0034086765565269706
1520.0, 0.001026426935645636
1521.0, 0.0002373975410922577
1522.0, 0.0004962724763693653
1523.0, 0.002053045210839427
1524.0, 0.0008247493553057963
1525, 0.0
1526, 0.0
1527, 0.0
1528, 0.0
1529, 0.0
1530, 0.0
1531, 0.0
1532, 0.0
1533, 0.0
1534, 0.0
1535, 0.0
1536, 0.0
1537, 0.0
1538, 0.0
1539, 0.0
1540, 0.0
1541, 0.0
1542, 0.0
1543, 0.0
1544, 0.0
1545, 0.0
1546, 0.0
1547, 0.0
1548, 0.0
1549, 0.0
1550, 0.0
1551, 0.0
1552, 0.0
1553, 0.0
1554, 0.0
1555, 0.0
1556, 0.0
1557, 0.0
1558, 0.0
1559, 0.0
1560, 0.0
1561, 0.0
1562, 0.0
1563, 0.0
1564, 0.0
1565, 0.0
1566, 0.0
1567, 0.0
1568, 0.0
1569, 0.0
1570, 0.0
1571, 0.0
1572, 0.0
1573, 0.0
1574, 0.0
1575, 0.0
1576, 0.0
1577, 0.0
1578, 0.0
1579, 0.0
1580, 0.0
1581, 0.0
1582, 0.0
1583, 0.0
1584, 0.0
1585, 0.0
1586, 0.0
1587, 0.0
1588, 0.0
1589, 0.0
1590, 0.0
1591, 0.0
1592, 0.0
1593, 0.0
1594, 0.0
1595, 0.0
1596, 0.0
1597, 0.0
1598, 0.0
1599, 0.0
