30, 0.0
31, 0.0
32, 0.0
33, 0.0
34, 0.0
35, 0.0
36, 0.0
37, 0.0
38, 0.0
39, 0.0
40, 0.0
41, 0.0
42, 0.0
43, 0.0
44, 0.0
45, 0.0
46, 0.0
47, 0.0
48, 0.0
49, 0.0
50, 0.0
51, 0.0
52, 0.0
53, 0.0
54, 0.0
55, 0.0
56, 0.0
57, 0.0
58, 0.0
59, 0.0
60, 0.0
61, 0.0
62, 0.0
63, 0.0
64, 0.0
65, 0.0
66, 0.0
67, 0.0
68, 0.0
69, 0.0
70, 0.0
71, 0.0
72, 0.0
73, 0.0
74, 0.0
75, 0.0
76, 0.0
77, 0.0
78, 0.0
79, 0.0
80, 0.0
81, 0.0
82, 0.0
83, 0.0
84, 0.0
85, 0.0
86, 0.0
87, 0.0
88, 0.0
89, 0.0
90, 0.0
91, 0.0
92, 0.0
93, 0.0
94, 0.0
95, 0.0
96, 0.0
97, 0.0
98, 0.0
99, 0.0
100, 0.0
101, 0.0
102, 0.0
103, 0.0
104, 0.0
105, 0.0
106, 0.0
107, 0.0
108, 0.0
109, 0.0
110, 0.0
111, 0.0
112.0, 0.00813820463112518
113.0, 0.02325341697299242
114.0, 0.0446792458923907
115.0, 0.06661938154171247
116.0, 0.08618329742296602
117.0, 0.10246311570347916
118.0, 0.12195773234367036
119.0, 0.11250357181535116
120.0, 0.08629565701760207
121.0, 0.059287000150899334
122.0, 0.0428611213723058
123.0, 0.03192139581124524
124.0, 0.025437853500614324
125.0, 0.021244826069106913
126.0, 0.019320083817795545
127.0, 0.022734106571175125
128.0, 0.03702945283494243
129.0, 0.05062536561158165
130.0, 0.06494799940694773
131.0, 0.08058822047487138
132.0, 0.10044571761745304
133.0, 0.1171303269699863
134.0, 0.13381813006280244
135.0, 0.15320184424026423
136.0, 0.15461620000901835
137.0, 0.157733785157061
138.0, 0.1597065702121009
139.0, 0.14054168488312335
140.0, 0.12287610418183567
141.0, 0.10313660702906613
142.0, 0.07905967724231287
143.0, 0.05502074138357395
144.0, 0.03611521194658725
145.0, 0.02240662444328815
146.0, 0.015178278073738566
147.0, 0.008870047822755127
148.0, 0.004007834458315723
149.0, 0.0010231526523071233
150.0, 0.0034330496601940133
151.0, 0.003877313946307226
152.0, 0.003438320470152442
153.0, 0.0035569331695048355
154.0, 0.0025350611043288684
155.0, 0.0028064216637756186
156.0, 0.004582402008572363
157.0, 0.005767166258604024
158.0, 0.007979850887634941
159.0, 0.010842384886293986
160.0, 0.01418276736981075
161.0, 0.01822538166420097
162.0, 0.023721373181483957
163.0, 0.03046859470785485
164.0, 0.03770248011413224
165.0, 0.042546863939825035
166.0, 0.045424510592798756
167.0, 0.04630688777038037
168.0, 0.048245331228559125
169.0, 0.05053928407623968
170.0, 0.05295712556982306
171.0, 0.0550624703860526
172.0, 0.054050753907288744
173.0, 0.05042882835929047
174.0, 0.04440443225524024
175.0, 0.03799945000846237
176.0, 0.036491520817703196
177.0, 0.03494624019198158
178.0, 0.028557094865036298
179.0, 0.028716785611655894
180.0, 0.0299580967558274
181.0, 0.03146074988074933
182.0, 0.03185330489396626
183.0, 0.03414885674510824
184.0, 0.03770656658432003
185.0, 0.04233371665826729
186.0, 0.04432351030290842
187.0, 0.04661062583899722
188.0, 0.04925677767496865
189.0, 0.05246213454394054
190.0, 0.05595640035555015
191.0, 0.059262834560078186
192.0, 0.06208590647056196
193.0, 0.062836075092758
194.0, 0.06389962744248705
195.0, 0.0645841110630482
196.0, 0.0642973532499398
197.0, 0.05939322775223324
198.0, 0.05572221723830616
199.0, 0.052308640436354976
200.0, 0.04574451582557012
201.0, 0.04288965200811453
202.0, 0.03673789430922651
203.0, 0.025607418758314578
204.0, 0.019086822912557998
205.0, 0.013944209047959713
206.0, 0.010110959931884126
207.0, 0.007812853249812254
208.0, 0.003605789443240805
209.0, 0.0018689582243276192
210.0, 0.0023864212343617237
211.0, 0.0030949702042764315
212.0, 0.001882124999107678
213.0, 0.0013168819917792145
214.0, 0.0023643983332571118
215.0, 0.0006329699879040747
216.0, 0.00022075125592709043
217.0, 0.0003493084153389918
218.0, 4.7236341090720724e-05
219.0, 0.0031485334131136126
220.0, 0.0033523016919239806
221.0, 0.001703345636481317
222.0, 0.006989376621594847
223.0, 0.0056829480044887845
224.0, 0.00499820722076187
225.0, 0.008275656936439616
226.0, 0.005964355777271381
227.0, 0.005676201456332801
228.0, 0.006319980878895147
229.0, 0.006389216529448256
230.0, 0.007884022694571332
231.0, 0.009338332516187202
232.0, 0.01001370830923537
233.0, 0.007143844649782364
234.0, 0.005861612531273587
235.0, 0.004785520762846875
236.0, 0.0032858132638415205
237.0, 0.003079274495976615
238.0, 0.0026792033853265214
239.0, 0.002400918952779457
240.0, 0.0027500420519393116
241.0, 0.0016623434652243726
242.0, 0.00160491736647595
243.0, 0.0024245382234441373
244.0, 0.001948037837691505
245.0, 0.002836215363127994
246.0, 0.003132118754507346
247.0, 0.0020486401424892964
248.0, 0.003514789118963352
249.0, 0.005063838624537647
250.0, 0.005966992916854154
251.0, 0.0051584917581697825
252.0, 0.005971766328835456
253.0, 0.004695905741121239
254.0, 0.002727450027789167
255.0, 0.006499441063231011
256.0, 0.005201739836081939
257.0, 0.003989323731953471
258.0, 0.004379396683209795
259.0, 0.0019471445553487618
260.0, 0.002560421023859998
261.0, 0.0036034729492899252
262.0, 0.002643006849511555
263.0, 0.0017658670107144278
264.0, 0.004609312854859623
265.0, 0.010041954760683845
266.0, 0.015091464035254163
267.0, 0.02374511436408418
268.0, 0.030976570667843976
269.0, 0.03659690595843038
270.0, 0.04861031609991428
271.0, 0.062310912464180385
272.0, 0.07595605225509006
273.0, 0.0884563385696517
274.0, 0.10705247127266848
275.0, 0.11729203381496733
276.0, 0.12181474421095641
277.0, 0.12402143035905012
278.0, 0.12087170203917162
279.0, 0.11498878141043752
280.0, 0.10735886457370829
281.0, 0.10041676248237048
282.0, 0.09252528604708876
283.0, 0.0869715318828649
284.0, 0.08491939578210946
285.0, 0.08362673928669728
286.0, 0.08429568677105831
287.0, 0.08887683405020785
288.0, 0.09966138393169856
289.0, 0.12014248137802115
290.0, 0.15009665912254191
291.0, 0.18817157479699645
292.0, 0.23284073699761723
293.0, 0.29043042003110603
294.0, 0.3562383569937961
295.0, 0.4293291014700656
296.0, 0.5094009857776455
297.0, 0.5694674309987316
298.0, 0.6108137934482203
299.0, 0.6318668979200929
300.0, 0.6168649289624994
301.0, 0.5803463405437562
302.0, 0.5292685179840284
303.0, 0.46832355562833555
304.0, 0.4131548923899414
305.0, 0.3644530694040504
306.0, 0.3219596922399998
307.0, 0.28598094609639346
308.0, 0.26015272547320534
309.0, 0.24403539070104274
310.0, 0.23438146511401595
311.0, 0.21611355561857712
312.0, 0.20638032167455167
313.0, 0.19439235329696264
314.0, 0.1767566452577226
315.0, 0.1692978960646809
316.0, 0.15902257351297913
317.0, 0.15013619395793498
318.0, 0.1463117209413476
319.0, 0.14607113546220135
320.0, 0.14392205509753203
321.0, 0.13991967000680558
322.0, 0.13411663687188202
323.0, 0.12939882530077718
324.0, 0.12088611046076558
325.0, 0.10958764327874955
326.0, 0.10094444897444835
327.0, 0.087987084880386
328.0, 0.07574738048343109
329.0, 0.06550909738727664
330.0, 0.05562417769074662
331.0, 0.047243925412221
332.0, 0.040048847878858616
333.0, 0.03391581628906239
334.0, 0.02762274304981425
335.0, 0.02740787511689346
336.0, 0.028356506747857762
337.0, 0.02517091463636746
338.0, 0.021329466986972877
339.0, 0.018921364103131156
340.0, 0.01725866435293294
341.0, 0.014788335695853095
342.0, 0.013096591891711121
343.0, 0.011930963487250984
344.0, 0.01081134306382858
345.0, 0.008033414715679697
346.0, 0.008404264180068106
347.0, 0.008280891298791745
348.0, 0.006660784369448278
349.0, 0.004703910116982686
350.0, 0.0030440225157994548
351.0, 0.0016060306871171046
352.0, 0.00043262249537259507
353.0, 0.0013687550724652007
354.0, 0.002439970311498501
355.0, 0.0030065439704308307
356.0, 0.002392989392957962
357.0, 0.0032466658873156456
358.0, 0.0029265752474771254
359.0, 0.0021456616422065185
360.0, 0.002204695412715986
361.0, 0.003032321660872715
362.0, 0.003131418910437531
363.0, 0.002660073798237505
364.0, 0.0024865453696560308
365.0, 0.0029127984254130345
366.0, 0.0027487076047321268
367.0, 0.0022969066420455535
368.0, 0.0043654701014075245
369.0, 0.005691620361543244
370.0, 0.007132649902990598
371.0, 0.008746539449071012
372.0, 0.008003195800566226
373.0, 0.009284645286443526
374.0, 0.010720251166719562
375.0, 0.01132350855286847
376.0, 0.014811413216086401
377.0, 0.015646377744634194
378.0, 0.016592841696759925
379.0, 0.020288768279504824
380.0, 0.020575086959617718
381.0, 0.020444684139832157
382.0, 0.01970180092777205
383.0, 0.017899833292968757
384.0, 0.022415087000471633
385.0, 0.024850557866031592
386.0, 0.025973560836996427
387.0, 0.028940638653520492
388.0, 0.03030335838245312
389.0, 0.030604414805583773
390.0, 0.030412035460060383
391.0, 0.03134793531729099
392.0, 0.030922959044966863
393.0, 0.02983805540474763
394.0, 0.029010559166132262
395.0, 0.032406914726576856
396.0, 0.03193382174991312
397.0, 0.032218161558828
398.0, 0.03408428204035352
399.0, 0.02929996979448625
400.0, 0.031821668731747944
401.0, 0.03420874730676115
402.0, 0.03265700379380965
403.0, 0.0313038380843403
404.0, 0.03346445968112618
405.0, 0.03574098831080339
406.0, 0.03566760559892413
407.0, 0.03982978594982659
408.0, 0.04027735232385299
409.0, 0.04125033156549279
410.0, 0.047257504141874226
411.0, 0.04799970782792204
412.0, 0.04827917995066275
413.0, 0.04989820859281753
414.0, 0.05536076177003305
415.0, 0.05729913149066009
416.0, 0.06253175961471188
417.0, 0.06957777528815401
418.0, 0.07488695074742835
419.0, 0.09555057394417114
420.0, 0.12121235235908719
421.0, 0.1536822633834489
422.0, 0.20095409570958056
423.0, 0.26675504118757215
424.0, 0.3375221969356649
425.0, 0.4083904814894644
426.0, 0.47093822999189205
427.0, 0.4940863783833762
428.0, 0.4898949104472899
429.0, 0.4588644164801175
430.0, 0.3918142009652437
431.0, 0.3270658096545094
432.0, 0.2645824600200663
433.0, 0.206712238234078
434.0, 0.16618440950576047
435.0, 0.13087306549866776
436.0, 0.1026385506388357
437.0, 0.08208191139359747
438.0, 0.0673576351406345
439.0, 0.06271239540477576
440.0, 0.05705787337964342
441.0, 0.046368749944979665
442.0, 0.0394161493679774
443.0, 0.03890049982592994
444.0, 0.03637912910429265
445.0, 0.02847295422879497
446.0, 0.0301223813071967
447.0, 0.02818695987063699
448.0, 0.0257095197206719
449.0, 0.024524553647562196
450.0, 0.0241167196657497
451.0, 0.024289887893032346
452.0, 0.024699321893330756
453.0, 0.024971432663868726
454.0, 0.0212712507414285
455.0, 0.023558828747738954
456.0, 0.02496538173369382
457.0, 0.02011827820106322
458.0, 0.02010530447027275
459.0, 0.02092920584240589
460.0, 0.022003605813390656
461.0, 0.02284389713928588
462.0, 0.029807537529580593
463.0, 0.026324410403848236
464.0, 0.021628275245678993
465.0, 0.024891242354434663
466.0, 0.02937683378708012
467.0, 0.028177555485668387
468.0, 0.027884689786228066
469.0, 0.03566257181587215
470.0, 0.04222516109511641
471.0, 0.04849869265349706
472.0, 0.052806660774380405
473.0, 0.05317551477218567
474.0, 0.06403700808940958
475.0, 0.07270768181201527
476.0, 0.08275310861988572
477.0, 0.098750648859147
478.0, 0.1075230769795279
479.0, 0.11585190804975744
480.0, 0.12580730920941402
481.0, 0.13975038614663765
482.0, 0.14687240129775592
483.0, 0.15038445810873732
484.0, 0.15158960727893497
485.0, 0.1519358134047197
486.0, 0.14947247238024802
487.0, 0.1471932780685213
488.0, 0.14366903261063424
489.0, 0.13700148423362987
490.0, 0.136351806579107
491.0, 0.13824245908185753
492.0, 0.13725469716259403
493.0, 0.12686261304197338
494.0, 0.12896029996424763
495.0, 0.12708652784528537
496.0, 0.12118878771083433
497.0, 0.11160645355616061
498.0, 0.10770414891323904
499.0, 0.10147342242030351
500.0, 0.09406920847246106
501.0, 0.08693579756753998
502.0, 0.07979416807309832
503.0, 0.07182585007260234
504.0, 0.06436588983193135
505.0, 0.05881508843574381
506.0, 0.052138047270933185
507.0, 0.045994193887017115
508.0, 0.04031360651849374
509.0, 0.03503443423259975
510.0, 0.0310998785474305
511.0, 0.02684862351490574
512.0, 0.023579522722610716
513.0, 0.022327000368620804
514.0, 0.018331270152633562
515.0, 0.01751289307571344
516.0, 0.016731456180712822
517.0, 0.013587652165040494
518.0, 0.010455308644935045
519.0, 0.00878021303505926
520.0, 0.008486486118413909
521.0, 0.009261941193233638
522.0, 0.0065553290067730755
523.0, 0.008051113719578982
524.0, 0.007741766405962581
525.0, 0.0028892577918594193
526.0, 0.004787804530367385
527.0, 0.0032149640279618393
528.0, 0.0024216351412553808
529.0, 0.0038578172275892187
530.0, 0.0007585312321004801
531.0, 0.0017114827145961213
532.0, 0.0031885500996959087
533.0, 0.0034425896197132874
534.0, 0.001135773587057334
535.0, 0.0004166017548076554
536.0, 0.0003740872724943988
537.0, 0.0013117177596801374
538.0, 0.006373479342738923
539.0, 0.004002077228945087
540.0, 0.0030795589892853286
541.0, 0.004475818024518454
542.0, 0.0014331314098758147
543.0, 0.003081038863099687
544.0, 0.004052107200492043
545.0, 0.005217780028698136
546.0, 0.012985457944203022
547.0, 0.011309438808063699
548.0, 0.0074786644003580075
549.0, 0.005783974459698648
550.0, 0.013539046524412006
551.0, 0.01415731867691603
552.0, 0.012186905871425194
553.0, 0.009284902036204185
554.0, 0.007479548539267097
555.0, 0.0088469050443878
556.0, 0.010527801915743705
557.0, 0.011216808332562105
558.0, 0.009373267622153772
559.0, 0.006360593377363813
560.0, 0.009521109314344361
561.0, 0.012192168764162558
562.0, 0.007152570593452442
563.0, 0.006396772982747405
564.0, 0.00834491077026654
565.0, 0.00859983053612348
566.0, 0.004261089735680469
567.0, 0.008254890774510384
568.0, 0.010143181279629586
569.0, 0.010788133406265792
570.0, 0.010940981448672754
571.0, 0.012839127280429914
572.0, 0.010310943441441928
573.0, 0.009224928203887673
574.0, 0.011537711967447416
575.0, 0.013923799697618828
576.0, 0.015436705634993497
577.0, 0.018149283901628996
578.0, 0.02205082630177259
579.0, 0.024802648277646815
580.0, 0.03003776351922088
581.0, 0.03501388656586732
582.0, 0.03848965105239344
583.0, 0.03870750636927953
584.0, 0.04381002179599548
585.0, 0.04627370974299821
586.0, 0.048328377064601816
587.0, 0.05522304111118833
588.0, 0.05577011422750268
589.0, 0.05732201365397114
590.0, 0.061228267738862203
591.0, 0.0685531878033356
592.0, 0.07960688299585411
593.0, 0.08549060978593992
594.0, 0.0899735508249891
595.0, 0.09677875784114888
596.0, 0.11583343875544207
597.0, 0.1311147618871742
598.0, 0.1482782846608014
599.0, 0.16940093486309846
600.0, 0.18792876584780344
601.0, 0.19715429555008815
602.0, 0.19997980477041397
603.0, 0.19607330964652422
604.0, 0.18035609559715046
605.0, 0.16179103992884472
606.0, 0.14385642490749495
607.0, 0.12725620440245813
608.0, 0.11197565395399967
609.0, 0.09932427319003953
610.0, 0.08767752891024753
611.0, 0.07870207034413688
612.0, 0.07508775032896907
613.0, 0.06533452049284656
614.0, 0.06098669233656226
615.0, 0.06283310973048331
616.0, 0.0704845389090966
617.0, 0.06763697911354312
618.0, 0.0690824851682136
619.0, 0.0724799537631816
620.0, 0.07744548361551483
621.0, 0.0917931487439003
622.0, 0.10580895885204983
623.0, 0.1219595627325363
624.0, 0.1411474631426959
625.0, 0.16343713459714374
626.0, 0.19115679352735862
627.0, 0.21605271528149214
628.0, 0.2360141538616123
629.0, 0.24992287306069244
630.0, 0.2498038491691563
631.0, 0.2400318312598303
632.0, 0.22590674625150048
633.0, 0.2137944828555519
634.0, 0.19748695527687976
635.0, 0.1901798725852379
636.0, 0.18993151784365359
637.0, 0.1959361665278309
638.0, 0.21864795065629927
639.0, 0.25325830042887865
640.0, 0.3011189298958711
641.0, 0.3634462099861494
642.0, 0.44328370735922956
643.0, 0.5330672319713918
644.0, 0.6267106015388904
645.0, 0.707754053401372
646.0, 0.7397296844899863
647.0, 0.721103084658563
648.0, 0.6632897448953798
649.0, 0.5787161115552579
650.0, 0.4833323286177487
651.0, 0.39878702850136777
652.0, 0.32386667858141893
653.0, 0.2621492739161847
654.0, 0.21500437784180185
655.0, 0.17211333928345207
656.0, 0.14027221774813284
657.0, 0.11561187575616487
658.0, 0.09666065007002787
659.0, 0.08403597700625198
660.0, 0.07285359696501675
661.0, 0.06540008152645059
662.0, 0.0587812056479972
663.0, 0.04613867852772328
664.0, 0.0402540419228546
665.0, 0.0385430872599361
666.0, 0.03654717855877858
667.0, 0.03009077761130485
668.0, 0.032603249654636776
669.0, 0.02835930523047247
670.0, 0.023918035772773898
671.0, 0.022979799006122834
672.0, 0.024618052554421434
673.0, 0.021080669668403614
674.0, 0.0205325781828468
675.0, 0.021972826479419765
676.0, 0.01640876413492895
677.0, 0.018139696247033803
678.0, 0.01725701448305192
679.0, 0.014614219155577108
680.0, 0.012818191127278411
681.0, 0.0060059834933355195
682.0, 0.00689795310679782
683.0, 0.010361884208247841
684.0, 0.01255428536906617
685.0, 0.012470429037349259
686.0, 0.006125536390335136
687.0, 0.004208539056910457
688.0, 0.007530833776710155
689.0, 0.0077023094840978435
690.0, 0.010855701852711272
691.0, 0.00762133466608316
692.0, 0.0037794970806810805
693.0, 0.009158670583575482
694.0, 0.00650697923869689
695.0, 0.0027186399269029573
696.0, 0.002259984693502787
697.0, 0.006745985564259097
698.0, 0.004345634303585401
699.0, 0.009466128686770266
700.0, 0.008420446877772362
701.0, 0.0012034060997555124
702.0, 0.0007957671310525498
703.0, 0.004131821603755326
704.0, 0.0050161695460618294
705.0, 0.0039475179196729535
706.0, 0.002607332897979249
707.0, 0.002931891229585251
708.0, 0.003020608696810679
709.0, 0.0029506336579219277
710.0, 0.0026081911161018757
711.0, 0.0009549893207765224
712.0, 0.0028712885695985784
713.0, 0.006733289459710274
714.0, 0.008791333728741739
715.0, 0.0013604908541279643
716.0, 0.0035053771942688858
717.0, 0.002582749067009303
718.0, 0.0015338080295783504
719.0, 0.004014336926696395
720.0, 0.0021778513141085306
721.0, 0.004480974731198736
722.0, 0.005205891614915975
723.0, 0.0026141609188449905
724.0, 0.0008334208029351441
725.0, 0.0017236000231576367
726.0, 0.0033144428808876414
727.0, 0.00367426046746211
728.0, 0.00029982438541948774
729.0, 0.006791777527934493
730.0, 0.00422194314857611
731.0, 0.0007384281008481681
732.0, 0.0026508465310091565
733.0, 0.009703692598989936
734.0, 0.00501555695409778
735.0, 0.002691346100099274
736.0, 0.004215116704950789
737.0, 0.0027860920173297015
738.0, 0.0060237075043865825
739.0, 0.008557874564702559
740.0, 0.007689388171388586
741.0, 0.002022170517416573
742.0, 0.00402050994429251
743.0, 0.002710406786312011
744.0, 0.0028146810661491906
745.0, 0.005074941271673618
746.0, 0.004902014844054847
747.0, 0.006198548989417348
748.0, 0.005398755751521658
749.0, 0.00399508583016434
750.0, 0.0045545533964164026
751.0, 0.0009982116511781667
752.0, 0.004809496269274071
753.0, 0.007456588964319338
754.0, 0.005777028561035756
755.0, 0.00798904297725819
756.0, 0.006131920968707805
757.0, 0.007348417045205344
758.0, 0.009962856401937406
759.0, 0.008884310032720494
760.0, 0.005261927457326563
761.0, 0.006740058550546614
762.0, 0.006840935586510031
763.0, 0.0033862774343877233
764.0, 0.010384614749066145
765.0, 0.01024542875190047
766.0, 0.00894008116602084
767.0, 0.008238754005542836
768.0, 0.008727052747167778
769.0, 0.008049333750613499
770.0, 0.009721144940118387
771.0, 0.01177243795411294
772.0, 0.01237559782830878
773.0, 0.009985518197381141
774.0, 0.013901121768752295
775.0, 0.01593740490787253
776.0, 0.014995185623845228
777.0, 0.013411694876018381
778.0, 0.01680788800298108
779.0, 0.020077376496675566
780.0, 0.021010927204727303
781.0, 0.01967710803020114
782.0, 0.02748547062747221
783.0, 0.026847634866905504
784.0, 0.03198541271294213
785.0, 0.039854791293811045
786.0, 0.03653978325891812
787.0, 0.04811954660164203
788.0, 0.04968734272032702
789.0, 0.05320057082365256
790.0, 0.06580789108078747
791.0, 0.06933545872755878
792.0, 0.07214059996076151
793.0, 0.0827726858279604
794.0, 0.09672456654435775
795.0, 0.10152164123223524
796.0, 0.1138654352138118
797.0, 0.12278313044325717
798.0, 0.12925593665385282
799.0, 0.13452756032500504
800.0, 0.14016841218756332
801.0, 0.13999006636372185
802.0, 0.13780338198553024
803.0, 0.13633803470299743
804.0, 0.138508611392313
805.0, 0.12786016468490843
806.0, 0.11936817260352385
807.0, 0.11114344162022892
808.0, 0.10240092733576778
809.0, 0.09473804206941769
810.0, 0.08820224671175798
811.0, 0.0843816909478735
812.0, 0.08106637366417174
813.0, 0.07529142289449281
814.0, 0.07447921957961941
815.0, 0.06686018753657501
816.0, 0.05947555336909745
817.0, 0.054286828019482786
818.0, 0.04702858086195341
819.0, 0.04802468007574907
820.0, 0.044854358838586496
821.0, 0.03918253386080542
822.0, 0.03459427619068228
823.0, 0.03633955024477289
824.0, 0.03464668114663168
825.0, 0.029624289224487614
826.0, 0.02431207079613194
827.0, 0.02518945259050418
828.0, 0.014857633424807103
829.0, 0.018858529395817315
830.0, 0.02469002533215022
831.0, 0.022818720215924508
832.0, 0.017220274733375177
833.0, 0.014907427091428798
834.0, 0.012907342468940547
835.0, 0.009937053478811395
836.0, 0.005367544513997016
837.0, 0.010907697870279452
838.0, 0.0071435069288123135
839.0, 0.005064915836168774
840.0, 0.007786821546400991
841.0, 0.007696041946655029
842.0, 0.006442743768514965
843.0, 0.008954779144239108
844.0, 0.010477194415840949
845.0, 0.0065831933598182145
846.0, 0.003041668765837101
847.0, 0.005851989750147537
848.0, 0.00542552239946279
849.0, 0.0040091456229879325
850.0, 0.010792216221898437
851.0, 0.0047287502382090596
852.0, 0.0021794681243790725
853.0, 0.0018385193522117832
854.0, 0.0024365223622947437
855.0, 0.0028267024238891624
856.0, 0.004301724289722342
857.0, 0.0025872970997675025
858.0, 0.0006984105388808002
859.0, 0.0022165057977295826
860.0, 0.003396616816514272
861.0, 0.0022616149921261207
862.0, 0.0021106819445878763
863.0, 0.0033380057299695364
864.0, 0.004570890505065354
865.0, 0.003549910931701739
866.0, 0.004834514981269013
867.0, 0.006287487308762386
868.0, 0.006411851867893219
869.0, 0.004824368110143227
870.0, 0.002996716428498052
871.0, 0.0019016647797034474
872.0, 0.0011964060465427522
873.0, 0.00047156946253106447
874.0, 0.0007536255203332838
875.0, 0.004220721511679912
876.0, 0.004256157622402122
877.0, 0.0016655232202859719
878.0, 0.0014166471059142687
879.0, 0.005382815143224955
880.0, 0.005450205369079021
881.0, 0.003778419762221726
882.0, 0.002779590927474973
883.0, 0.006107738783253609
884.0, 0.0037030563981443354
885.0, 0.004905600548715808
886.0, 0.007067067673597098
887.0, 0.006950644934691592
888.0, 0.0037362802220514604
889.0, 0.0012777447169188905
890.0, 0.0033992427140771696
891.0, 0.006235916645816322
892.0, 0.0037377367283543093
893.0, 0.004017947399567803
894.0, 0.002256478049752605
895.0, 0.0038848885908303247
896.0, 0.0064826671319586
897.0, 0.00021041119458382884
898.0, 0.0001401086512399686
899.0, 0.0072362100422129925
900.0, 0.0084892321570812
901.0, 0.0012920924063640924
902.0, 0.005875012217630011
903.0, 0.0033540309888101844
904.0, 0.0017583065527019292
905.0, 0.004539236127246696
906.0, 0.011325936103457668
907.0, 0.004512758303036393
908.0, 0.0064338831106365586
909.0, 0.004281861516480302
910.0, 0.0006515384947790889
911.0, 0.0025609312476569737
912.0, 0.0041129100448656355
913.0, 0.002491117702429534
914.0, 0.0042179996379855846
915.0, 0.007834374755849836
916.0, 0.0058772970285431835
917.0, 0.0043880157242187105
918.0, 0.006707493772513614
919.0, 0.00804320476473796
920.0, 0.008649014183442327
921.0, 0.01702587357095323
922.0, 0.0051198837064338745
923.0, 0.008057881526553554
924.0, 0.010425134573857334
925.0, 0.002895842516271738
926.0, 0.005196464066921258
927.0, 0.004527905569104054
928.0, 0.007631879836862125
929.0, 0.00807893625998787
930.0, 0.0008278072914324663
931.0, 0.004133593508581409
932.0, 0.007080962379761701
933.0, 0.011977006656656219
934.0, 0.016113015913658137
935.0, 0.015181558403922886
936.0, 0.00891409093541876
937.0, 0.013413329877118851
938.0, 0.014100970228024026
939.0, 0.009256695090844976
940.0, 0.004898605894201728
941.0, 0.01126421578286754
942.0, 0.008729777555652959
943.0, 0.010890702086704299
944.0, 0.015491517397237628
945.0, 0.003096451445065114
946.0, 0.007325239549546521
947.0, 0.01601726506258114
948.0, 0.02210223672040746
949.0, 0.02244380787747575
950.0, 0.01964287552133043
951.0, 0.022180644927213843
952.0, 0.021771580978556235
953.0, 0.024478657166259344
954.0, 0.03149316216121618
955.0, 0.0286855056086377
956.0, 0.03064013154326256
957.0, 0.03677050660167388
958.0, 0.041612025501556925
959.0, 0.04350120804975611
960.0, 0.05860483204205843
961.0, 0.08448242168234509
962.0, 0.12762011343258592
963.0, 0.19230078177825205
964.0, 0.2768624814871317
965.0, 0.3540797536119843
966.0, 0.3936158020418644
967.0, 0.36320851968940354
968.0, 0.28726319017379814
969.0, 0.2093268658648041
970.0, 0.16582739290234966
971.0, 0.11939178749460277
972.0, 0.09425090724036556
973.0, 0.08473359042670552
974.0, 0.07402511793945735
975.0, 0.06331566322256073
976.0, 0.07033998278225531
977.0, 0.07446067887459884
978.0, 0.07413115717134765
979.0, 0.07705609794115878
980.0, 0.08996287368080885
981.0, 0.08584769954530375
982.0, 0.08512472857933012
983.0, 0.0892886740022748
984.0, 0.08888007522305771
985.0, 0.08295252019739506
986.0, 0.09479941527693211
987.0, 0.09893831254276979
988.0, 0.09866011834199431
989.0, 0.11652909134561136
990.0, 0.12065148518799025
991.0, 0.12647426392959718
992.0, 0.14121409167881716
993.0, 0.15770806748602437
994.0, 0.15767249622394283
995.0, 0.17324301514786328
996.0, 0.1918314045056501
997.0, 0.21111417823416176
998.0, 0.23211831623606433
999.0, 0.2586563760177493
1000.0, 0.28561011714671153
1001.0, 0.32625085566942896
1002.0, 0.38096411128804075
1003.0, 0.4386851048581783
1004.0, 0.47829319269880405
1005.0, 0.5587251907976801
1006.0, 0.6282934697592621
1007.0, 0.70402728459333
1008.0, 0.7878244528725599
1009.0, 0.8677276122170162
1010.0, 0.9210212277060004
1011.0, 0.9687022534829666
1012.0, 0.9947544955278355
1013.0, 0.9897678871650516
1014.0, 0.9506271225726534
1015.0, 0.894907993690828
1016.0, 0.8112008748490857
1017.0, 0.7239659699331467
1018.0, 0.644906751886403
1019.0, 0.575079143177392
1020.0, 0.4946493677403499
1021.0, 0.4357548140959715
1022.0, 0.3877941688027169
1023.0, 0.3464692276828461
1024.0, 0.3118815579106954
1025.0, 0.29133694044544595
1026.0, 0.2703121908074155
1027.0, 0.2582482034840695
1028.0, 0.2519917289627053
1029.0, 0.24148268799320954
1030.0, 0.2390333346787085
1031.0, 0.24204090501479028
1032.0, 0.2497150304173868
1033.0, 0.26004689099221545
1034.0, 0.271285238967464
1035.0, 0.29533754259192035
1036.0, 0.31705810086566466
1037.0, 0.34927652823235805
1038.0, 0.3881721895936027
1039.0, 0.4248176397076207
1040.0, 0.46915777227506983
1041.0, 0.5354925789134246
1042.0, 0.6083061995190764
1043.0, 0.6713076859591662
1044.0, 0.7140253549127092
1045.0, 0.761414670585603
1046.0, 0.7851966095160796
1047.0, 0.7863092995950358
1048.0, 0.7681777168222916
1049.0, 0.7367641669081271
1050.0, 0.7011950227425104
1051.0, 0.6975562199485575
1052.0, 0.6943066988956312
1053.0, 0.6960548465863408
1054.0, 0.7110248375752154
1055.0, 0.7426203787018646
1056.0, 0.7877560990998472
1057.0, 0.839899426901618
1058.0, 0.8894121893256007
1059.0, 0.9239386443232225
1060.0, 0.9254533098920572
1061.0, 0.9121532182426048
1062.0, 0.8525537597618194
1063.0, 0.7621700710858369
1064.0, 0.6638379788890496
1065.0, 0.5852670817586051
1066.0, 0.48460822826693994
1067.0, 0.41420833511283134
1068.0, 0.35122804174579153
1069.0, 0.29307132319650236
1070.0, 0.25426206277520796
1071.0, 0.22434730116146845
1072.0, 0.19475396985342447
1073.0, 0.17018685698515057
1074.0, 0.15013517271221372
1075.0, 0.13175732359513412
1076.0, 0.11912502364071362
1077.0, 0.11617327778227475
1078.0, 0.10363069741719626
1079.0, 0.0913135490482922
1080.0, 0.09312204971896436
1081.0, 0.09688669590262136
1082.0, 0.09004899125208682
1083.0, 0.0876005294835306
1084.0, 0.08427205452995325
1085.0, 0.07502471193591247
1086.0, 0.06503595152422592
1087.0, 0.06793752704240792
1088.0, 0.062408288439748404
1089.0, 0.052861789909768975
1090.0, 0.04750874071494365
1091.0, 0.05662900898754759
1092.0, 0.04815614878513696
1093.0, 0.05254851944276765
1094.0, 0.05523985297917232
1095.0, 0.05184574016599105
1096.0, 0.04762847705563896
1097.0, 0.05275473378698542
1098.0, 0.052837221470790494
1099.0, 0.06299030384316374
1100.0, 0.07465603138368679
1101.0, 0.0742790988578077
1102.0, 0.08385493468918402
1103.0, 0.10505665508343114
1104.0, 0.1149721802351035
1105.0, 0.12780443177913792
1106.0, 0.1576334544542524
1107.0, 0.19529468874913988
1108.0, 0.18968638619430944
1109.0, 0.20220559399259203
1110.0, 0.20844887425886552
1111.0, 0.19605819852844375
1112.0, 0.1802505266845928
1113.0, 0.1746903905949208
1114.0, 0.15751192097287403
1115.0, 0.14155724553340976
1116.0, 0.13123185240822804
1117.0, 0.12364453558352309
1118.0, 0.10694746472718718
1119.0, 0.09993937575545206
1120.0, 0.09914427008504817
1121.0, 0.09332425076405763
1122.0, 0.07831232039576687
1123.0, 0.08702619660664557
1124.0, 0.0676898442845029
1125.0, 0.06389567969381757
1126.0, 0.06825476755227873
1127.0, 0.06486250056976055
1128.0, 0.03564716333094267
1129.0, 0.046081883598451404
1130.0, 0.044192292235071005
1131.0, 0.035825835161712255
1132.0, 0.030653560408427247
1133.0, 0.03648503577228679
1134.0, 0.020649929229428914
1135.0, 0.02388527928416243
1136.0, 0.024580890603865736
1137.0, 0.018365126732622562
1138.0, 0.010725929460115958
1139.0, 0.021756303253186175
1140.0, 0.014205904514711244
1141.0, 0.009081060400594275
1142.0, 0.011147020088678754
1143.0, 0.014322220060911824
1144.0, 0.0009969160566162885
1145.0, 0.0163219020545906
1146.0, 0.010107218589942887
1147.0, 0.010146944038584297
1148.0, 0.015293476017520086
1149.0, 0.009983288049857288
1150.0, 0.0030585866446449263
1151.0, 0.010547020043643694
1152.0, 0.010401472017702895
1153.0, 0.0048050200240842
1154.0, 0.001411331348171598
1155.0, 0.0075082759242166165
1156.0, 0.006672831420071777
1157.0, 0.0074438427166880605
1158.0, 0.010639976244529498
1159.0, 0.01093400218022145
1160.0, 0.0004140097086586193
1161.0, 0.0006159985369563918
1162.0, 0.009696165911591198
1163.0, 0.009721537727765597
1164.0, 0.007793239160187397
1165.0, 0.011727021496482566
1166.0, 0.004290097386817542
1167.0, 0.009975848718283815
1168.0, 0.01016341546175983
1169.0, 0.006723859311702022
1170.0, 0.005070029874620298
1171.0, 0.011270277919117413
1172.0, 0.01288471743328916
1173.0, 0.008210685871769895
1174.0, 0.017340148455462934
1175.0, 0.02425156477921755
1176.0, 0.011270821365788023
1177.0, 0.010197043689306101
1178.0, 0.024447543488673586
1179.0, 0.022722454605757808
1180.0, 0.024062281167449875
1181.0, 0.03532178617152048
1182.0, 0.041448961333724485
1183.0, 0.034087254941064425
1184.0, 0.055856527816450854
1185.0, 0.06674904996617151
1186.0, 0.06424355781208407
1187.0, 0.06329371935295533
1188.0, 0.08157541082360899
1189.0, 0.07740989771946881
1190.0, 0.07108265036247682
1191.0, 0.07265033300353665
1192.0, 0.07801117208181176
1193.0, 0.07017818864071901
1194.0, 0.0722717691895452
1195.0, 0.06660329759702908
1196.0, 0.060055087167087365
1197.0, 0.05507517266421692
1198.0, 0.052715672276437496
1199.0, 0.05526479210633034
1200.0, 0.05187402367857038
1201.0, 0.05333174430347592
1202.0, 0.04225219167131651
1203.0, 0.028813003390009872
1204.0, 0.043704008654332896
1205.0, 0.0354410909250316
1206.0, 0.02642104897683314
1207.0, 0.02946015443638885
1208.0, 0.03042462557954763
1209.0, 0.019761241740524526
1210.0, 0.016010716492022754
1211.0, 0.02106881377576108
1212.0, 0.017794636154904387
1213.0, 0.018138542056793303
1214.0, 0.021245707803878456
1215.0, 0.018138801087684106
1216.0, 0.008973877030679447
1217.0, 0.01909881502476192
1218.0, 0.014867303122987086
1219.0, 0.00788949892847397
1220.0, 0.010024392135814315
1221.0, 0.020256701986254722
1222.0, 0.010651138770891348
1223.0, 0.014909661313183158
1224.0, 0.019791645437321984
1225.0, 0.016073629022574712
1226.0, 0.004949092878225383
1227.0, 0.013355933171256325
1228.0, 0.005552707501663231
1229.0, 0.008526890719325567
1230.0, 0.015709969070513505
1231.0, 0.016574359059746815
1232.0, 0.005572305546662664
1233.0, 0.02068831318387871
1234.0, 0.014566347285672703
1235.0, 0.007175425990340446
1236.0, 0.012017212540335302
1237.0, 0.024050230379440284
1238.0, 0.013848330161384315
1239.0, 0.020965265570257186
1240.0, 0.018592888916380834
1241.0, 0.010445823254479394
1242.0, 0.007478378023835278
1243.0, 0.01572838282710637
1244.0, 0.018320698653024593
1245.0, 0.0074976579922422255
1246.0, 0.019279269460266597
1247.0, 0.01936354423098093
1248.0, 0.009391118653205788
1249.0, 0.015015343343882714
1250.0, 0.019428905216996924
1251.0, 0.01612008332412731
1252.0, 0.014711285923651623
1253.0, 0.018021254869617018
1254.0, 0.01911767031057727
1255.0, 0.004495174278323931
1256.0, 0.013385895193489799
1257.0, 0.021514560509413493
1258.0, 0.013166712514521383
1259.0, 0.011715431466603983
1260.0, 0.024262620289196464
1261.0, 0.004617248874236653
1262.0, 0.03215274796791295
1263.0, 0.04427488597559886
1264.0, 0.02642568317685623
1265.0, 0.01092275747456818
1266.0, 0.026189839505228504
1267.0, 0.01787540731521932
1268.0, 0.007815765360351577
1269.0, 0.014283873218917324
1270.0, 0.011811080441773097
1271.0, 0.00596230984805466
1272.0, 0.016981465481074397
1273.0, 0.014089566481735535
1274.0, 0.012962353964407446
1275.0, 0.015863103211460058
1276.0, 0.016084104319439355
1277.0, 0.011848006415956397
1278.0, 0.00835832405086206
1279.0, 0.016570932589748406
1280.0, 0.008857160430355898
1281.0, 0.009728169500832658
1282.0, 0.01661976340595452
1283.0, 0.01764801777518187
1284.0, 0.0009558353281771117
1285.0, 0.01346299427054987
1286.0, 0.014806964298352224
1287.0, 0.007863474230685648
1288.0, 0.005753023634594291
1289.0, 0.010460524053938419
1290.0, 0.001122842991271641
1291.0, 0.00017449587026516266
1292, 0.0
1293, 0.0
1294, 0.0
1295, 0.0
1296, 0.0
1297, 0.0
1298, 0.0
1299, 0.0
1300, 0.0
1301, 0.0
1302, 0.0
1303, 0.0
1304, 0.0
1305, 0.0
1306, 0.0
1307, 0.0
1308, 0.0
1309, 0.0
1310, 0.0
1311, 0.0
1312, 0.0
1313, 0.0
1314, 0.0
1315, 0.0
1316, 0.0
1317, 0.0
1318, 0.0
1319, 0.0
1320, 0.0
1321, 0.0
1322, 0.0
1323, 0.0
1324, 0.0
1325, 0.0
1326, 0.0
1327, 0.0
1328, 0.0
1329, 0.0
1330, 0.0
1331, 0.0
1332, 0.0
1333, 0.0
1334, 0.0
1335, 0.0
1336, 0.0
1337, 0.0
1338, 0.0
1339, 0.0
1340, 0.0
1341, 0.0
1342, 0.0
1343, 0.0
1344, 0.0
1345, 0.0
1346, 0.0
1347, 0.0
1348, 0.0
1349, 0.0
1350, 0.0
1351, 0.0
1352, 0.0
1353, 0.0
1354, 0.0
1355, 0.0
1356, 0.0
1357, 0.0
1358, 0.0
1359, 0.0
1360, 0.0
1361, 0.0
1362, 0.0
1363, 0.0
1364, 0.0
1365, 0.0
1366, 0.0
1367, 0.0
1368, 0.0
1369, 0.0
1370, 0.0
1371, 0.0
1372, 0.0
1373, 0.0
1374, 0.0
1375, 0.0
1376, 0.0
1377, 0.0
1378, 0.0
1379, 0.0
1380, 0.0
1381, 0.0
1382, 0.0
1383, 0.0
1384, 0.0
1385, 0.0
1386, 0.0
1387, 0.0
1388, 0.0
1389, 0.0
1390, 0.0
1391, 0.0
1392, 0.0
1393, 0.0
1394, 0.0
1395, 0.0
1396, 0.0
1397, 0.0
1398, 0.0
1399, 0.0
1400, 0.0
1401, 0.0
1402, 0.0
1403, 0.0
1404, 0.0
1405, 0.0
1406, 0.0
1407, 0.0
1408, 0.0
1409, 0.0
1410, 0.0
1411, 0.0
1412, 0.0
1413, 0.0
1414, 0.0
1415, 0.0
1416, 0.0
1417, 0.0
1418, 0.0
1419, 0.0
1420, 0.0
1421, 0.0
1422, 0.0
1423, 0.0
1424, 0.0
1425, 0.0
1426, 0.0
1427, 0.0
1428, 0.0
1429, 0.0
1430, 0.0
1431, 0.0
1432, 0.0
1433, 0.0
1434, 0.0
1435, 0.0
1436, 0.0
1437, 0.0
1438, 0.0
1439, 0.0
1440, 0.0
1441, 0.0
1442, 0.0
1443, 0.0
1444, 0.0
1445, 0.0
1446, 0.0
1447, 0.0
1448, 0.0
1449, 0.0
1450, 0.0
1451, 0.0
1452, 0.0
1453, 0.0
1454, 0.0
1455, 0.0
1456, 0.0
1457, 0.0
1458, 0.0
1459, 0.0
1460, 0.0
1461, 0.0
1462, 0.0
1463, 0.0
1464, 0.0
1465, 0.0
1466, 0.0
1467, 0.0
1468, 0.0
1469, 0.0
1470, 0.0
1471, 0.0
1472, 0.0
1473, 0.0
1474, 0.0
1475, 0.0
1476, 0.0
1477, 0.0
1478, 0.0
1479, 0.0
1480, 0.0
1481, 0.0
1482, 0.0
1483, 0.0
1484, 0.0
1485, 0.0
1486, 0.0
1487, 0.0
1488, 0.0
1489, 0.0
1490, 0.0
1491, 0.0
1492, 0.0
1493, 0.0
1494, 0.0
1495, 0.0
1496, 0.0
1497, 0.0
1498, 0.0
1499, 0.0
1500, 0.0
1501, 0.0
1502, 0.0
1503, 0.0
1504, 0.0
1505, 0.0
1506, 0.0
1507, 0.0
1508, 0.0
1509, 0.0
1510, 0.0
1511, 0.0
1512, 0.0
1513, 0.0
1514, 0.0
1515, 0.0
1516, 0.0
1517, 0.0
1518, 0.0
1519, 0.0
1520, 0.0
1521, 0.0
1522, 0.0
1523, 0.0
1524, 0.0
1525, 0.0
1526, 0.0
1527, 0.0
1528, 0.0
1529, 0.0
1530, 0.0
1531, 0.0
1532, 0.0
1533, 0.0
1534, 0.0
1535, 0.0
1536, 0.0
1537, 0.0
1538, 0.0
1539, 0.0
1540, 0.0
1541, 0.0
1542, 0.0
1543, 0.0
1544, 0.0
1545, 0.0
1546, 0.0
1547, 0.0
1548, 0.0
1549, 0.0
1550, 0.0
1551, 0.0
1552, 0.0
1553, 0.0
1554, 0.0
1555, 0.0
1556, 0.0
1557, 0.0
1558, 0.0
1559, 0.0
1560, 0.0
1561, 0.0
1562, 0.0
1563, 0.0
1564, 0.0
1565, 0.0
1566, 0.0
1567, 0.0
1568, 0.0
1569, 0.0
1570, 0.0
1571, 0.0
1572, 0.0
1573, 0.0
1574, 0.0
1575, 0.0
1576, 0.0
1577, 0.0
1578, 0.0
1579, 0.0
1580, 0.0
1581, 0.0
1582, 0.0
1583, 0.0
1584, 0.0
1585, 0.0
1586, 0.0
1587, 0.0
1588, 0.0
1589, 0.0
1590, 0.0
1591, 0.0
1592, 0.0
1593, 0.0
1594, 0.0
1595, 0.0
1596, 0.0
1597, 0.0
1598, 0.0
1599, 0.0
