30, 0.0
31, 0.0
32, 0.0
33, 0.0
34, 0.0
35, 0.0
36, 0.0
37, 0.0
38, 0.0
39, 0.0
40, 0.0
41, 0.0
42, 0.0
43, 0.0
44, 0.0
45, 0.0
46, 0.0
47, 0.0
48, 0.0
49, 0.0
50, 0.0
51, 0.0
52, 0.0
53, 0.0
54, 0.0
55, 0.0
56, 0.0
57, 0.0
58, 0.0
59, 0.0
60, 0.0
61, 0.0
62, 0.0
63, 0.0
64, 0.0
65, 0.0
66, 0.0
67, 0.0
68, 0.0
69, 0.0
70, 0.0
71, 0.0
72, 0.0
73, 0.0
74, 0.0
75, 0.0
76, 0.0
77, 0.0
78, 0.0
79, 0.0
80, 0.0
81, 0.0
82, 0.0
83, 0.0
84, 0.0
85, 0.0
86, 0.0
87, 0.0
88, 0.0
89, 0.0
90, 0.0
91, 0.0
92, 0.0
93, 0.0
94, 0.0
95, 0.0
96, 0.0
97, 0.0
98, 0.0
99, 0.0
100, 0.0
101.0, 0.0001740427981254117
102.0, 0.0016615880812485327
103.0, 0.003635724299695709
104.0, 0.002249966745070838
105.0, 0.0005944586675077272
106.0, 0.0017448085560008173
107.0, 0.005652261565285822
108.0, 0.0019051817598732413
109.0, 0.0019397458333612321
110.0, 0.005207996430642857
111.0, 0.008107845375278814
112.0, 0.00509990409327591
113.0, 0.005795985375521868
114.0, 0.005739384082962856
115.0, 0.005932148733285576
116.0, 0.006443302968785037
117.0, 0.00677729721814078
118.0, 0.006085881774940042
119.0, 0.005972572852257279
120.0, 0.004928616219398581
121.0, 0.004601987023173731
122.0, 0.006038550598367951
123.0, 0.006709949909012006
124.0, 0.008952478506202535
125.0, 0.009331626928939123
126.0, 0.00901543427936691
127.0, 0.009037285939105877
128.0, 0.009727251097510992
129.0, 0.009174704989055326
130.0, 0.010928764720197227
131.0, 0.011122493802661044
132.0, 0.009483692212293117
133.0, 0.008059365445664437
134.0, 0.010907622317157008
135.0, 0.014277172897914884
136.0, 0.01625407351893412
137.0, 0.015336711882471259
138.0, 0.012597191419790614
139.0, 0.0147302949304191
140.0, 0.01232487973934514
141.0, 0.018314963267852636
142.0, 0.024294285075712452
143.0, 0.027752086913707827
144.0, 0.03300884470855237
145.0, 0.03745889308948697
146.0, 0.04332322036344302
147.0, 0.04537699678129534
148.0, 0.04400460318555422
149.0, 0.041842161142274056
150.0, 0.04067675260569998
151.0, 0.05145378956017217
152.0, 0.06003095499951504
153.0, 0.06875731179376826
154.0, 0.080285361049655
155.0, 0.09402144231744929
156.0, 0.0928243840860087
157.0, 0.092571122782379
158.0, 0.08699390593896164
159.0, 0.07693985160447482
160.0, 0.06713662303120753
161.0, 0.055397294281374784
162.0, 0.04760900184520478
163.0, 0.04225115200928835
164.0, 0.03959817962816032
165.0, 0.038310908240136624
166.0, 0.0326851725145321
167.0, 0.031249986000923855
168.0, 0.028483414514150773
169.0, 0.024775472010135212
170.0, 0.022529623806300792
171.0, 0.024654838240580595
172.0, 0.02395138589032394
173.0, 0.021838042297772028
174.0, 0.02114543998396471
175.0, 0.021796361826301146
176.0, 0.023679328567483244
177.0, 0.029514603940391487
178.0, 0.036037013039233214
179.0, 0.04337136333125316
180.0, 0.054142478139106436
181.0, 0.06535352745497403
182.0, 0.06953875584696731
183.0, 0.08151769914329773
184.0, 0.0768070894249729
185.0, 0.06767205580941721
186.0, 0.05769111428632865
187.0, 0.04797902988011605
188.0, 0.04220120903932092
189.0, 0.037240648323894586
190.0, 0.034989296907408055
191.0, 0.032655906932231395
192.0, 0.030371213735860762
193.0, 0.03155688064162067
194.0, 0.03196499450708132
195.0, 0.03482170577611056
196.0, 0.03751830007978011
197.0, 0.03904392949510873
198.0, 0.0409275474592042
199.0, 0.05101296922387798
200.0, 0.05591250498963613
201.0, 0.05805340770608799
202.0, 0.06390878998943436
203.0, 0.07850865838052276
204.0, 0.10355032305947548
205.0, 0.1279533293385574
206.0, 0.16006672724485407
207.0, 0.19708400565784046
208.0, 0.2379150014783642
209.0, 0.2733986155088797
210.0, 0.2701978839696945
211.0, 0.2346742906762374
212.0, 0.1923027904697638
213.0, 0.14840916319285857
214.0, 0.10725257269813021
215.0, 0.07370185827447458
216.0, 0.06415968006058687
217.0, 0.048122892242622485
218.0, 0.03543232496776603
219.0, 0.028539476200167783
220.0, 0.025753343622955924
221.0, 0.021205768066380196
222.0, 0.023519178188371476
223.0, 0.019856151558530058
224.0, 0.015572189936754003
225.0, 0.013406484774288087
226.0, 0.01301892308079794
227.0, 0.00987776219619177
228.0, 0.012620711482355218
229.0, 0.0111213420440996
230.0, 0.010992943573309204
231.0, 0.014070355668708357
232.0, 0.012517180805422249
233.0, 0.012798004299874483
234.0, 0.009642550393254417
235.0, 0.008657314831268989
236.0, 0.008758957427652331
237.0, 0.007780445840570887
238.0, 0.011077648924030818
239.0, 0.011319415796024706
240.0, 0.01148268141561991
241.0, 0.01212179834788717
242.0, 0.013188377014271724
243.0, 0.014325894033420387
244.0, 0.016109360728924098
245.0, 0.018277393317748827
246.0, 0.02114832291162191
247.0, 0.024838467762488575
248.0, 0.028949675539885866
249.0, 0.03227879293482259
250.0, 0.03211653365326357
251.0, 0.030679906876816453
252.0, 0.03215295617884574
253.0, 0.03374822000186702
254.0, 0.03083237995653801
255.0, 0.027852422059748347
256.0, 0.028895663248585578
257.0, 0.02575992817977051
258.0, 0.022965828299775785
259.0, 0.023722485820187936
260.0, 0.027441711536693367
261.0, 0.026981682774723608
262.0, 0.027534894026724537
263.0, 0.027690663408508013
264.0, 0.027038673152884978
265.0, 0.026303291977864802
266.0, 0.02769531486105869
267.0, 0.022563325076288755
268.0, 0.01759915738210301
269.0, 0.013333065491900099
270.0, 0.012372194762918788
271.0, 0.015207873473050686
272.0, 0.011019015617429715
273.0, 0.014237006326545447
274.0, 0.015276265182496866
275.0, 0.015104085027662813
276.0, 0.014167016059143353
277.0, 0.012394139144971453
278.0, 0.0161270536114116
279.0, 0.012676652598699668
280.0, 0.009597662734083722
281.0, 0.009390346043036771
282.0, 0.011338202362464665
283.0, 0.011790857340471295
284.0, 0.009851539743214252
285.0, 0.00714914876372918
286.0, 0.007910726663160722
287.0, 0.009946971297874486
288.0, 0.009449068079026204
289.0, 0.004683349071419828
290.0, 0.0073770025945984405
291.0, 0.005467370922867331
292.0, 0.004365646939242375
293.0, 0.0049202733420452725
294.0, 0.005140105675718158
295.0, 0.004151445149196496
296.0, 0.0013217594014165966
297.0, 0.0017417162172269104
298.0, 0.0026031337552244486
299.0, 0.0037565836601388177
300.0, 0.006686778775166439
301.0, 0.0033154084324710604
302.0, 0.0010050825743474691
303.0, 0.0035268598117640234
304.0, 0.004568600956601074
305.0, 0.0018400324306877326
306.0, 0.00029159717579725934
307.0, 0.0030578302395057283
308.0, 0.00469157564866345
309.0, 0.0029523906656744392
310.0, 0.0007620242455962178
311.0, 0.0009676423364695682
312.0, 0.0034415271466103924
313.0, 0.003936948135020183
314.0, 0.0018991969129352718
315.0, 0.0030200814878174912
316.0, 0.0037566005174388016
317.0, 0.0012483810473629632
318.0, 0.002913770371402759
319.0, 0.003678676598716914
320.0, 0.005187405637489685
321.0, 0.00499715489987088
322.0, 0.004365158121398049
323.0, 0.005023219225876516
324.0, 0.0037236011070499436
325.0, 0.004339420775280461
326.0, 0.0062804047300101685
327.0, 0.004680529209806996
328.0, 0.0022543883819398985
329.0, 0.003971578815657219
330.0, 0.0018363649081286077
331.0, 0.0008044696217817698
332.0, 0.0020161060856967047
333.0, 0.0019650698909777207
334.0, 0.0013746496313997167
335.0, 0.0032017156777722046
336.0, 0.0011379733141791298
337.0, 0.0024213334213273497
338.0, 0.0015856614749538635
339.0, 0.0021172839159215254
340.0, 0.00424961361066308
341.0, 0.004193023329257492
342.0, 0.0004333336994870921
343.0, 0.0020977308250000443
344.0, 0.0022493775002395454
345.0, 0.0030437231137117847
346.0, 0.004129799024407843
347.0, 0.0017823782488915266
348.0, 0.0014298911000743806
349.0, 0.000497664322091208
350.0, 0.002441531235703885
351.0, 0.0036544169412344642
352.0, 0.003008041058572006
353.0, 0.0035517987648144523
354.0, 0.0007699724865007738
355.0, 0.0027247561204954015
356.0, 0.002507835973390243
357.0, 0.0010862330249881492
358.0, 0.0011620997008817307
359.0, 0.004379825929365916
360.0, 0.0036276234832389254
361.0, 0.0036135006932433286
362.0, 0.004378574547416797
363.0, 0.003942974393682998
364.0, 0.002611596484718023
365.0, 0.003674854635243295
366.0, 0.0012759943116870441
367.0, 0.001618533916936639
368.0, 0.0017114288947145484
369.0, 0.001132051363533688
370.0, 0.00048253667127806676
371.0, 0.0006764579498730939
372.0, 0.0008375329910253447
373.0, 0.0006047078528872479
374.0, 0.002881485222829899
375.0, 0.005177645939191831
376.0, 0.0055749142286501616
377.0, 0.004742619763928943
378.0, 0.0016807053768304794
379.0, 0.002302326489318693
380.0, 0.0018029712854489939
381.0, 0.0013711935329064268
382.0, 0.0021909437927469686
383.0, 0.0034079313719180423
384.0, 0.002202722002364836
385.0, 0.0025331780361929814
386.0, 0.002702198422363208
387.0, 0.0029922041466670496
388.0, 0.003187449722603414
389.0, 0.002264549417513812
390.0, 0.0009489433218198444
391.0, 0.0014324761603981267
392.0, 0.002013377092931785
393.0, 0.0018917437275927452
394.0, 0.0020624941453899464
395.0, 0.003977211525640554
396.0, 0.0013217411243807728
397.0, 0.000712819109741363
398.0, 0.002261828475517395
399.0, 0.0029451943028150625
400.0, 0.0024325057182382473
401.0, 0.003185480445110197
402.0, 0.006999905273515216
403.0, 0.0038920420395315196
404.0, 0.0030969117077606296
405.0, 0.0037718986972137356
406.0, 0.004630069824936787
407.0, 0.004946759309043386
408.0, 0.003984821500202946
409.0, 0.004330197117182947
410.0, 0.005154626864328835
411.0, 0.0031252370979242042
412.0, 0.0025676689965832577
413.0, 0.00650255383664485
414.0, 0.00022306103006490335
415.0, 0.0005166073384312241
416.0, 0.0023657927951936915
417.0, 0.0031723021046031535
418.0, 0.0030301385076277484
419.0, 0.0035702305929437923
420.0, 0.006478103716725004
421.0, 0.005432557120234497
422.0, 0.003536569173512696
423.0, 0.0038190979263361944
424.0, 0.004477396460039038
425.0, 0.0036770430200757614
426.0, 0.0026016346642526375
427.0, 0.000457580427027491
428.0, 0.004438068740355619
429.0, 0.005403148328435691
430.0, 0.006052115693985658
431.0, 0.008488547074965184
432.0, 0.009731289809057346
433.0, 0.003671282626160744
434.0, 0.009900754587134193
435.0, 0.007363789594465264
436.0, 0.0024460974610918526
437.0, 0.00060240742501986
438.0, 0.0012100968776254208
439.0, 0.0007748687829485441
440.0, 0.0022561192810546028
441.0, 0.002060253697410314
442.0, 0.001888834479351312
443.0, 0.002436570152902515
444.0, 0.0030413413268928604
445.0, 0.0021523786662276823
446.0, 0.0021440213237177053
447.0, 0.0027472316522868918
448.0, 0.003220873144645414
449.0, 0.004191073261131873
450.0, 0.005000245345130447
451.0, 0.0021715154438950073
452.0, 0.0004426743791388684
453.0, 0.0035352373374190663
454.0, 0.0037917739839135626
455.0, 0.00311230900115783
456.0, 0.002663550387891671
457.0, 0.0007218238921870243
458.0, 0.0037162343193527726
459.0, 0.002897481173704011
460.0, 0.0018723161524365618
461.0, 0.004161452664083157
462.0, 0.006814058965053765
463.0, 0.005171477107909112
464.0, 0.005754687624584195
465.0, 0.0034157087192195966
466.0, 0.0014371562295800728
467.0, 0.0011087438027722997
468.0, 0.002140888001451379
469.0, 0.003529334984837277
470.0, 0.004507653516984333
471.0, 0.005083295917815988
472.0, 0.00600382786890205
473.0, 0.006701513385627591
474.0, 0.007164029408943133
475.0, 0.007890676951748082
476.0, 0.009029549126465313
477.0, 0.005972139210232
478.0, 0.007612344034376357
479.0, 0.007190971851549266
480.0, 0.004260762735174489
481.0, 0.00198957433644096
482.0, 0.002958023720859608
483.0, 0.002604185652745445
484.0, 0.004150935136265122
485.0, 0.0036235403453781117
486.0, 0.0016787242571714054
487.0, 0.0007506526018428086
488.0, 0.0018462479652721316
489.0, 0.002910732112184577
490.0, 0.003624327199435355
491.0, 0.006567340170314548
492.0, 0.006131259023839984
493.0, 0.005871527227825574
494.0, 0.007120245986912555
495.0, 0.0077305191641040385
496.0, 0.006157375240313903
497.0, 0.003792295189592329
498.0, 0.001755675612466934
499.0, 0.0019472331916268587
500.0, 0.0024447845046815546
501.0, 0.0021093192710034516
502.0, 0.00399569182470891
503.0, 0.0038047389247471935
504.0, 0.003207951862137708
505.0, 0.004288940206328739
506.0, 0.0031160837627267762
507.0, 0.0006843022107254369
508.0, 0.0025082273722474885
509.0, 0.00847461423789976
510.0, 0.006541130741780936
511.0, 0.0036022876352169993
512.0, 0.0020943288372130622
513.0, 0.003456777601699209
514.0, 0.006192528046526417
515.0, 0.005334679532130475
516.0, 0.004605058056877654
517.0, 0.002260326829732174
518.0, 0.0011308189277721861
519.0, 0.0021187451588141255
520.0, 0.004625519818574121
521.0, 0.006535934368196318
522.0, 0.003860311386771499
523.0, 0.0024759685673448237
524.0, 0.0032901975794713163
525.0, 0.0027200333935133063
526.0, 0.001586081935228256
527.0, 0.002551133553412949
528.0, 0.006559627844468976
529.0, 0.0035348239969741754
530.0, 0.002044919884612339
531.0, 0.005677218244870241
532.0, 0.007733993320932764
533.0, 0.0064827921270218785
534.0, 0.005110976262609953
535.0, 0.005777171250275089
536.0, 0.00457451993545
537.0, 0.006772963799790602
538.0, 0.007944185750718624
539.0, 0.005773955673360707
540.0, 0.003072119047750399
541.0, 0.0049777913467244335
542.0, 0.002895871277782914
543.0, 0.0023337726486203397
544.0, 0.0018121968532805127
545.0, 0.004205084870507681
546.0, 0.005563277601229266
547.0, 0.004305695207654516
548.0, 0.008685827830040049
549.0, 0.006628250395094662
550.0, 0.0025018398330013732
551.0, 0.0019524689113045509
552.0, 0.002525322533644705
553.0, 0.0021091548051961977
554.0, 0.0013797343995627664
555.0, 0.003865689692493813
556.0, 0.003676167146130889
557.0, 0.006920734766580974
558.0, 0.006362879613860467
559.0, 0.006067029242630957
560.0, 0.007495809181853632
561.0, 0.006383976243829021
562.0, 0.0070045975001391085
563.0, 0.00367067600109439
564.0, 0.005894249529681348
565.0, 0.005326099738638168
566.0, 0.004063956597044648
567.0, 0.005038204202332032
568.0, 0.0040472474316892194
569.0, 0.0037082530700971853
570.0, 0.004264864686033664
571.0, 0.007255959564911157
572.0, 0.0068629015796051055
573.0, 0.0034954814238807815
574.0, 0.0012253745954386567
575.0, 0.001388066339932428
576.0, 0.00747912717582631
577.0, 0.005459576719506366
578.0, 0.005431393204872193
579.0, 0.006595052934199148
580.0, 0.007489142836303717
581.0, 0.007869669347390912
582.0, 0.0067711106698573
583.0, 0.007514610548186531
584.0, 0.005660813974463738
585.0, 0.006143168781657308
586.0, 0.00772571847104714
587.0, 0.00839509347547999
588.0, 0.008126804724701177
589.0, 0.009496900048924345
590.0, 0.0062075492383940134
591.0, 0.0041859130870094095
592.0, 0.0061054982381167815
593.0, 0.006573201257093523
594.0, 0.004840161563935551
595.0, 0.006379503147663631
596.0, 0.0030849687335499218
597.0, 0.0025754334825511286
598.0, 0.007743175237002877
599.0, 0.0070985717943982465
600.0, 0.00416313199629388
601.0, 0.003312000885379414
602.0, 0.0012190388551817414
603.0, 0.00010743781439988883
604.0, 0.00290624315203376
605.0, 0.005805322743919295
606.0, 0.007334889816341504
607.0, 0.004883564470751158
608.0, 0.0023901810400702352
609.0, 0.009119943572324781
610.0, 0.002759130767324892
611.0, 0.004398161363999292
612.0, 0.005195043807028675
613.0, 0.0028197209374213957
614.0, 0.003591026888327231
615.0, 0.007958580353296987
616.0, 0.004635915438369611
617.0, 0.008510091593085042
618.0, 0.003948805705199912
619.0, 0.003229674934986148
620.0, 0.00407486057540797
621.0, 0.003802187027547739
622.0, 0.0030653551086501163
623.0, 0.005245309842731365
624.0, 0.0036870062951404516
625.0, 0.0054482184949060635
626.0, 0.0060521921992460264
627.0, 0.009419586019908546
628.0, 0.010357841726812396
629.0, 0.006998076711854719
630.0, 0.008219949860370319
631.0, 0.006913874116439653
632.0, 0.004467487607740868
633.0, 0.0051623079936932515
634.0, 0.003701937610529404
635.0, 0.0027049775085220586
636.0, 0.0046585113500350935
637.0, 0.005440466424452218
638.0, 0.0016610787489898288
639.0, 0.007153285802742393
640.0, 0.0045084507165763415
641.0, 0.0023552893810435604
642.0, 0.004300638095308865
643.0, 0.007659745846403839
644.0, 0.0077638690298899955
645.0, 0.008229667254035507
646.0, 0.0030261100859398362
647.0, 0.002735749503640062
648.0, 0.004376405621399364
649.0, 0.0032388407637715926
650.0, 0.0017540528955984236
651.0, 0.0070387766252747695
652.0, 0.011806159303817005
653.0, 0.005068899216076247
654.0, 0.004715378637156812
655.0, 0.0026952849825340915
656.0, 0.0020135386284011415
657.0, 0.004782683533801951
658.0, 0.008146360437259557
659.0, 0.008921383239851127
660.0, 0.009564514686855492
661.0, 0.008707194954911198
662.0, 0.008608529601487657
663.0, 0.007483257375677264
664.0, 0.006110998729264984
665.0, 0.006282168246014307
666.0, 0.005772745883510513
667.0, 0.0062070938012765906
668.0, 0.003743938864759728
669.0, 0.004429985561152825
670.0, 0.004391181396744128
671.0, 0.004710974328747267
672.0, 0.0060271544617446484
673.0, 0.002827621131868661
674.0, 0.003581066423656569
675.0, 0.005022658035200858
676.0, 0.008116070122362122
677.0, 0.005327486667137573
678.0, 0.0034740619531927345
679.0, 0.007274788744609639
680.0, 0.010163170017083795
681.0, 0.010387384892237575
682.0, 0.003539263564037422
683.0, 0.002212511552740838
684.0, 0.0031408523592449844
685.0, 0.003591880785716221
686.0, 0.004388332426925699
687.0, 0.0076587144284548875
688.0, 0.010559096682731074
689.0, 0.002369958201585069
690.0, 0.004564467618327254
691.0, 0.004572964093950749
692.0, 0.006129498020037492
693.0, 0.008318815796858664
694.0, 0.008497052495143053
695.0, 0.00964552696620313
696.0, 0.006373430298664306
697.0, 0.005530294642848859
698.0, 0.007991135986565732
699.0, 0.006975433954972642
700.0, 0.01075637346259887
701.0, 0.02058641363959917
702.0, 0.025439235998436893
703.0, 0.03247482775591731
704.0, 0.030420044195510317
705.0, 0.03347928073362894
706.0, 0.03257959709314695
707.0, 0.03407961520506958
708.0, 0.03657218725865008
709.0, 0.032331095827778086
710.0, 0.02196723531177518
711.0, 0.014430219871168524
712.0, 0.007276630529000326
713.0, 0.003107321598168068
714.0, 0.005540572924959292
715.0, 0.00993394214627831
716.0, 0.011240313939752642
717.0, 0.011176749976674952
718.0, 0.017354755008457463
719.0, 0.013253066493974097
720.0, 0.008146946380196933
721.0, 0.005466763556372466
722.0, 0.0039140511361548235
723.0, 0.004884647181772187
724.0, 0.007748444708294416
725.0, 0.0036415052815390106
726.0, 0.0057427057738328605
727.0, 0.007353491215494696
728.0, 0.004949396925458521
729.0, 0.004678418814787752
730.0, 0.006760487699812712
731.0, 0.009049791639920242
732.0, 0.009212442007787008
733.0, 0.0009704731376077849
734.0, 0.00455320212543213
735.0, 0.008219673526731778
736.0, 0.0042664714992399645
737.0, 0.003976294492592349
738.0, 0.006122787540070326
739.0, 0.005453232155101166
740.0, 0.007526425552125346
741.0, 0.005638221581840706
742.0, 0.001678666750105815
743.0, 0.004766361097556727
744.0, 0.003766760258949179
745.0, 0.00440523777253644
746.0, 0.0072315590582998305
747.0, 0.005980250069832941
748.0, 0.004196504548321697
749.0, 0.008186280883032238
750.0, 0.00937635318063479
751.0, 0.008506505751245721
752.0, 0.008152453283216394
753.0, 0.005212017256486703
754.0, 0.0009436584710652448
755.0, 0.0015525576444518254
756.0, 0.0016229587706654994
757.0, 0.0023048530583083455
758.0, 0.0042630774271111265
759.0, 0.0034308109008209615
760.0, 0.002987656181809274
761.0, 0.004580643549391723
762.0, 0.005621814765731776
763.0, 0.0024557969982559975
764.0, 0.0011000550639621034
765.0, 0.0023292688751317156
766.0, 0.0021181111780715096
767.0, 0.004157142953011756
768.0, 0.003249945648403733
769.0, 0.0016428455801813136
770.0, 0.003320339392084058
771.0, 0.003407938366028679
772.0, 0.0022259386940071436
773.0, 0.004396664819778738
774.0, 0.006455590481823169
775.0, 0.006788803215272868
776.0, 0.007926848718772694
777.0, 0.007667452038487751
778.0, 0.004552731202658836
779.0, 0.006143609743431725
780.0, 0.00378340203268153
781.0, 0.005821932920850222
782.0, 0.006815928646328141
783.0, 0.006209343808672128
784.0, 0.004881626108088965
785.0, 0.004161947860163144
786.0, 0.0048201239857903365
787.0, 0.005882010921801515
788.0, 0.001753777276652272
789.0, 0.004504229196587453
790.0, 0.007306675594897001
791.0, 0.007396144450464596
792.0, 0.006584464587309658
793.0, 0.007867011826576727
794.0, 0.010293686532211946
795.0, 0.007347439421118268
796.0, 0.0073419254915564145
797.0, 0.004304760776436755
798.0, 0.00630135876760435
799.0, 0.0055059455971212985
800.0, 0.0033107020249812133
801.0, 0.003411556466007476
802.0, 0.005684959124163143
803.0, 0.006395370453253104
804.0, 0.008453329090470564
805.0, 0.002949876101289412
806.0, 0.003403738187022011
807.0, 0.003523176355398946
808.0, 0.005901833671745437
809.0, 0.008370620938109728
810.0, 0.0063762845732325815
811.0, 0.004285280177359747
812.0, 0.0007063244620784061
813.0, 0.00905915492574761
814.0, 0.0050148111343406715
815.0, 0.005262855145202791
816.0, 0.006971664485927119
817.0, 0.005686017774524465
818.0, 0.003590733063264534
819.0, 0.004562691734163456
820.0, 0.0005659635791486518
821.0, 0.002612869266786598
822.0, 0.0016949982585103816
823.0, 0.0026931038980517958
824.0, 0.002425913593664076
825.0, 0.005003079852992769
826.0, 0.008591521998829229
827.0, 0.0025643244755772583
828.0, 0.010163218638312438
829.0, 0.0066374795390323005
830.0, 0.0031197841247556273
831.0, 0.006833000959716352
832.0, 0.00808508759731324
833.0, 0.005276074113290073
834.0, 0.004271971843529739
835.0, 0.008588800911734433
836.0, 0.011664191276484772
837.0, 0.00615213416093814
838.0, 0.009119552803015496
839.0, 0.0044013830442551465
840.0, 0.004119194235477877
841.0, 0.00783882467308968
842.0, 0.0104911874809105
843.0, 0.008592478623192294
844.0, 0.0005913965703162813
845.0, 0.005324306500177056
846.0, 0.002908872319093963
847.0, 0.005318188832124144
848.0, 0.005545533897403112
849.0, 0.007405346674298482
850.0, 0.010220216642884148
851.0, 0.009682933799251215
852.0, 0.007241118894576673
853.0, 0.012643494048786473
854.0, 0.01067874133862484
855.0, 0.008214571883907467
856.0, 0.014600067412005984
857.0, 0.013792318506165606
858.0, 0.008692325615045798
859.0, 0.008839237339727603
860.0, 0.01195979609745036
861.0, 0.005336475344990019
862.0, 0.005387959657160815
863.0, 0.0009840560471703996
864.0, 0.004968243354886866
865.0, 0.0029158789426210903
866.0, 0.004705271569524388
867.0, 0.008819729877556089
868.0, 0.006066196091075138
869.0, 0.001026340174896834
870.0, 0.005455208998763373
871.0, 0.00271762786931493
872.0, 0.004711541024827217
873.0, 0.007249002247597716
874.0, 0.00856476522565376
875.0, 0.006996238713485749
876.0, 0.004479215570189658
877.0, 0.005720151382262933
878.0, 0.010659298173833268
879.0, 0.00307784583719355
880.0, 0.0015811505812436586
881.0, 0.005815839677607407
882.0, 0.005816281023427281
883.0, 0.005052145134753169
884.0, 0.005927621342468105
885.0, 0.006187428573816997
886.0, 0.0035664281233689504
887.0, 0.00176233323575234
888.0, 0.008403030808225933
889.0, 0.005885913044797839
890.0, 0.006550366157291043
891.0, 0.008653103848997775
892.0, 0.006665229369672364
893.0, 0.0044721500959378074
894.0, 0.005413683708528064
895.0, 0.0030843067837633296
896.0, 0.006112769834912559
897.0, 0.0016219009349245916
898.0, 0.005606487807277359
899.0, 0.009309262020371328
900.0, 0.007650017197783985
901.0, 0.004644075380530954
902.0, 0.0028657692326691736
903.0, 0.0013778921478342179
904.0, 0.0017006737811644948
905.0, 0.0056782715787094176
906.0, 0.010694792233231403
907.0, 0.0091029510002051
908.0, 0.005332367022874534
909.0, 0.0020406763107931295
910.0, 0.0005946938981180507
911.0, 0.0009129914693935308
912.0, 0.002113122571623117
913.0, 0.0034941115208576784
914.0, 0.003422185050557066
915.0, 0.009161182031279034
916.0, 0.0062283240366679815
917.0, 0.0029912667295077917
918.0, 0.0027364370630899005
919.0, 0.005008245709307346
920.0, 0.008067855369572347
921.0, 0.00874230678543166
922.0, 0.003258416544685382
923.0, 0.001294912152942747
924.0, 0.002963001660736088
925.0, 0.006600804105405001
926.0, 0.007746725552578608
927.0, 0.007017937954251161
928.0, 0.005276209968578434
929.0, 0.006484840963457306
930.0, 0.009065322553657966
931.0, 0.0004506997360855247
932.0, 0.0024550124282412197
933.0, 0.0075037281917663835
934.0, 0.006009058585997952
935.0, 0.005005440650874401
936.0, 0.0033766711594784915
937.0, 0.0036937822915278228
938.0, 0.0045594107558373015
939.0, 0.0033850375647134574
940.0, 0.004916393146936762
941.0, 0.008422874300286397
942.0, 0.00796592861120574
943.0, 0.00465679743644851
944.0, 0.005909094237761372
945.0, 0.0037296993253876694
946.0, 0.005516803933771033
947.0, 0.007802823050097091
948.0, 0.005978500163626845
949.0, 0.008595862879974606
950.0, 0.0009859865720097114
951.0, 0.004204612618134675
952.0, 0.0009410512578227122
953.0, 0.00429490699288021
954.0, 0.005792380057592718
955.0, 0.006397770844503834
956.0, 0.006648085661268265
957.0, 0.005378753672611975
958.0, 0.0037241475609763944
959.0, 0.004647537877950905
960.0, 0.007420756838005495
961.0, 0.007484130273267388
962.0, 0.009549603642027858
963.0, 0.004465475813180213
964.0, 0.005044552061090124
965.0, 0.005573746096736589
966.0, 0.0031738956230564683
967.0, 0.004949431281445569
968.0, 0.007247566151147889
969.0, 0.0025225944543645026
970.0, 0.007399589593735829
971.0, 0.005451118349809269
972.0, 0.007364503861449459
973.0, 0.005973935899011577
974.0, 0.004004118173187806
975.0, 0.004515898908696177
976.0, 0.005098283284826231
977.0, 0.00423180801884711
978.0, 0.008928553100231312
979.0, 0.005988197580635561
980.0, 0.003153156434710304
981.0, 0.006149990053092691
982.0, 0.00425946605697747
983.0, 0.004612933229942842
984.0, 0.0034489343863965834
985.0, 0.0030897741202519117
986.0, 0.006427638777028191
987.0, 0.0028134494023697087
988.0, 0.009049575280168797
989.0, 0.0027544046204656778
990.0, 0.004998719886864292
991.0, 0.0033351268621255115
992.0, 0.004253200665360977
993.0, 0.005797111794062104
994.0, 0.005034781934150715
995.0, 0.004001920408134626
996.0, 0.0052123763942478665
997.0, 0.004561494486177423
998.0, 0.00357767100577639
999.0, 0.004728987704063452
1000.0, 0.006447024643262253
1001.0, 0.006856294953982007
1002.0, 0.00700701188263122
1003.0, 0.006027380066650991
1004.0, 0.00493489905304775
1005.0, 0.004394137324111209
1006.0, 0.0035965674977255085
1007.0, 0.004881207452622997
1008.0, 0.009028744627152564
1009.0, 0.0076781410659065375
1010.0, 0.006679478504231831
1011.0, 0.008153918014496492
1012.0, 0.008071041952295169
1013.0, 0.005650006032113106
1014.0, 0.002288111306120571
1015.0, 0.0004731158887450772
1016.0, 0.0012170879456654122
1017.0, 0.0007097814236164086
1018.0, 0.0023175662624525125
1019.0, 0.004024039056605826
1020.0, 0.0021145450570842633
1021.0, 0.004089627527537531
1022.0, 0.0031624753748458064
1023.0, 0.0021123182525178323
1024.0, 0.004492345944812612
1025.0, 0.0066656762737952995
1026.0, 0.0036873382262979297
1027.0, 0.0013491858621935233
1028.0, 0.007563691121218932
1029.0, 0.006713875579601949
1030.0, 0.009196036914456586
1031.0, 0.009162459725839352
1032.0, 0.008763498595577592
1033.0, 0.005906007388103371
1034.0, 0.004728236559664945
1035.0, 0.006459121920354384
1036.0, 0.006393621179687381
1037.0, 0.007580894019627252
1038.0, 0.008811840842580996
1039.0, 0.009640483874393566
1040.0, 0.002055566421649154
1041.0, 0.0003453175348147104
1042.0, 0.0019133673554033357
1043.0, 0.006336084480480388
1044.0, 0.008500361267672568
1045.0, 0.006474040809764847
1046.0, 0.005228920722348497
1047.0, 0.007557368626065968
1048.0, 0.008125606556500391
1049.0, 0.00870326929923733
1050.0, 0.004196026593484205
1051.0, 0.006863577463944233
1052.0, 0.0077862978097536775
1053.0, 0.0049673965161069755
1054.0, 0.005175704297806759
1055.0, 0.0068762286948128885
1056.0, 0.007797990522931838
1057.0, 0.011182700395098194
1058.0, 0.007496466448005691
1059.0, 0.006152976795319584
1060.0, 0.009340638121245585
1061.0, 0.014081802425694068
1062.0, 0.013203380596370318
1063.0, 0.011053997366946627
1064.0, 0.010359151635482938
1065.0, 0.011427776627245735
1066.0, 0.010910040850216678
1067.0, 0.006554009103082195
1068.0, 0.003818865268490915
1069.0, 0.008591396706496683
1070.0, 0.010830862196442116
1071.0, 0.008915923118987526
1072.0, 0.006601376320423966
1073.0, 0.004163418028379529
1074.0, 0.008281518963959204
1075.0, 0.01055195999747477
1076.0, 0.01216624759713325
1077.0, 0.013973265595361993
1078.0, 0.01114025354491957
1079.0, 0.016243713301295565
1080.0, 0.036653925825505064
1081.0, 0.052715616916480565
1082.0, 0.0857965486294849
1083.0, 0.11888331868553081
1084.0, 0.19478150452232523
1085.0, 0.3518702789545352
1086.0, 0.6460238919693396
1087.0, 0.9134376060032531
1088.0, 0.8942180681524108
1089.0, 0.5823436588024655
1090.0, 0.27163792348257043
1091.0, 0.11167607413440042
1092.0, 0.05107696212799542
1093.0, 0.028114811493419434
1094.0, 0.020400607374182513
1095.0, 0.021801970751823236
1096.0, 0.01812367884288136
1097.0, 0.013148794710788054
1098.0, 0.010587569452663467
1099.0, 0.0077659730274646475
1100.0, 0.004114889335148903
1101.0, 0.0019353161247103764
1102.0, 0.005819414422931983
1103.0, 0.010516149158169438
1104.0, 0.006832519545360754
1105.0, 0.004788884017718478
1106.0, 0.007140650309475508
1107.0, 0.005769098244618448
1108.0, 0.00605624760428325
1109.0, 0.008008408524447173
1110.0, 0.008996857867582182
1111.0, 0.008339911555882935
1112.0, 0.0010695644957071618
1113.0, 0.00025372588766362284
1114.0, 0.0009153116386199081
1115.0, 0.0075717188392707396
1116.0, 0.0025681738159317275
1117.0, 0.0018545859549971024
1118.0, 0.00673914320941117
1119.0, 0.007036420313744071
1120.0, 0.007191171254289242
1121.0, 0.009423799028799942
1122.0, 0.007098135069838078
1123.0, 0.002996057346975708
1124.0, 0.005414193913279124
1125.0, 0.00868364829468558
1126.0, 0.005989367967114591
1127.0, 0.0028785625482008526
1128.0, 0.01106480629398984
1129.0, 0.006295678871783785
1130.0, 0.00440127982923998
1131.0, 0.007209025503191999
1132.0, 0.008131214275212916
1133.0, 0.005912856545360871
1134.0, 0.0042126494197273065
1135.0, 0.006600717800757145
1136.0, 0.006436756778451724
1137.0, 0.005399066403653465
1138.0, 0.007125835802029296
1139.0, 0.009839906193016345
1140.0, 0.00973288344770312
1141.0, 0.011045195924560686
1142.0, 0.009865435191511427
1143.0, 0.007241806768447209
1144.0, 0.004428406648065616
1145.0, 0.004017761300037617
1146.0, 0.008109936097267569
1147.0, 0.006688271449773595
1148.0, 0.006759810800006235
1149.0, 0.008018250571733759
1150.0, 0.0035776559595956828
1151.0, 0.006652824266581259
1152.0, 0.004781996288888623
1153.0, 0.003812435856770177
1154.0, 0.0020051922456565947
1155.0, 0.0051924291445404535
1156.0, 0.008758653089223642
1157.0, 0.005228118603999003
1158.0, 0.004491158942744435
1159.0, 0.010090223461410244
1160.0, 0.0032689454593002806
1161.0, 0.011424477710485704
1162.0, 0.003600136483244002
1163.0, 0.00482760266428992
1164.0, 0.007443041834742564
1165.0, 0.008859219591425787
1166.0, 0.010402516887948375
1167.0, 0.010397072089872245
1168.0, 0.007272032989606358
1169.0, 0.004493758913891943
1170.0, 0.005738351680278214
1171.0, 0.007142191312496028
1172.0, 0.007233040514068401
1173.0, 0.011632036715834716
1174.0, 0.002777630623148203
1175.0, 0.01120251096659021
1176.0, 0.0038266973583436677
1177.0, 0.005098923953802556
1178.0, 0.0077121279820095605
1179.0, 0.007557782588218199
1180.0, 0.004669668343856243
1181.0, 0.0018492358811147214
1182.0, 0.0032460793167309113
1183.0, 0.006381627127074367
1184.0, 0.006278042053084856
1185.0, 0.005498578480750409
1186.0, 0.0002819301912471489
1187.0, 0.009051316224062689
1188.0, 0.005341509663718251
1189.0, 0.004179721157949899
1190.0, 0.005154619630990479
1191.0, 0.009120446505140895
1192.0, 0.00909805729564442
1193.0, 0.009107680472808782
1194.0, 0.0091048352413943
1195.0, 0.0017997301720224712
1196.0, 0.002125638365210021
1197.0, 0.0046532388965041475
1198.0, 0.0041709898100922415
1199.0, 0.002244628606130874
1200.0, 0.006094874399021547
1201.0, 0.004533398704529588
1202.0, 0.0024542553293605916
1203.0, 0.0017463259185568944
1204.0, 0.004119992737984487
1205.0, 0.0077677402382845115
1206.0, 0.0074185255709862214
1207.0, 0.0036069542428943395
1208.0, 0.0027376097862917732
1209.0, 0.004492602247280107
1210.0, 0.0067129897611392835
1211.0, 0.006022975380725336
1212.0, 0.00392314853342293
1213.0, 0.006867039536989744
1214.0, 0.0065622087006779115
1215.0, 0.01036435639010951
1216.0, 0.009167555447428057
1217.0, 0.006417659072885172
1218.0, 0.007914820380860506
1219.0, 0.00813464744632727
1220.0, 0.006053888881115654
1221.0, 0.009446673399064107
1222.0, 0.012510003909184584
1223.0, 0.006910316216103313
1224.0, 0.011203112600594577
1225.0, 0.00437665262161897
1226.0, 0.0027899418278943726
1227.0, 0.005482945213397436
1228.0, 0.0021520225932888026
1229.0, 0.002784280487356939
1230.0, 0.004657424030533649
1231.0, 0.006983800127587538
1232.0, 0.00792496985316764
1233.0, 0.007231566654853665
1234.0, 0.007764842536745683
1235.0, 0.008672912610297878
1236.0, 0.007029347653470902
1237.0, 0.008726254813892753
1238.0, 0.008129281520727517
1239.0, 0.006241266199659204
1240.0, 0.006787488544570458
1241.0, 0.00851143385312167
1242.0, 0.005703841202868676
1243.0, 0.009318076252705917
1244.0, 0.00670154902116943
1245.0, 0.008210841769816055
1246.0, 0.012036399879500517
1247.0, 0.011667498809347348
1248.0, 0.010144977772481774
1249.0, 0.00640671473290516
1250.0, 0.006414889949175908
1251.0, 0.004286176918818767
1252.0, 0.007986705106923729
1253.0, 0.007468043295207437
1254.0, 0.001575201825093122
1255.0, 0.01518618498232645
1256.0, 0.012709742235367834
1257.0, 0.008683680692702622
1258.0, 0.009892760554332853
1259.0, 0.006985969255952659
1260.0, 0.0024787442088625112
1261.0, 0.0016745889619427636
1262.0, 0.004788067689929102
1263.0, 0.008731902209879372
1264.0, 0.003081167126366644
1265.0, 0.0017645050010163688
1266.0, 0.006210318126109616
1267.0, 0.004920720253985548
1268.0, 0.010866286941060595
1269.0, 0.004222349596366285
1270.0, 0.008522959907983152
1271.0, 0.008480548971294832
1272.0, 0.010583898309503374
1273.0, 0.01354287446552249
1274.0, 0.011468685397835706
1275.0, 0.011719514800131224
1276.0, 0.015663233522228027
1277.0, 0.013156681084243806
1278.0, 0.007424802769589781
1279.0, 0.00493122929760424
1280.0, 0.0012659599669083655
1281.0, 0.009335076825069085
1282.0, 0.011061855110633392
1283.0, 0.01174601503129236
1284.0, 0.005967287281958585
1285.0, 0.010137107035972237
1286.0, 0.009185455537499493
1287.0, 0.007980268967150171
1288.0, 0.0055023762726310555
1289.0, 0.008204434567674775
1290.0, 0.010271909879774149
1291.0, 0.00996528154380207
1292.0, 0.012998554718202129
1293.0, 0.009871214385730975
1294.0, 0.00411338190101951
1295.0, 0.004236058472272437
1296.0, 0.008959220619179585
1297.0, 0.005860736528924341
1298.0, 0.012399666123521228
1299.0, 0.007793890263581276
1300.0, 0.006417253084306495
1301.0, 0.009701842810959796
1302.0, 0.007922169074987542
1303.0, 0.006914291192119289
1304.0, 0.006697614128511542
1305.0, 0.006285612023466928
1306.0, 0.005807257085634934
1307.0, 0.006336285067493815
1308.0, 0.00972462762007235
1309.0, 0.012623933877377947
1310.0, 0.012712122503375278
1311.0, 0.01401973055770855
1312.0, 0.011638615028844342
1313.0, 0.012360758635705942
1314.0, 0.008953338087528287
1315.0, 0.009332736505719948
1316.0, 0.013818735542049354
1317.0, 0.01026105484464732
1318.0, 0.010087088141864618
1319.0, 0.00949820347917682
1320.0, 0.006643530311313754
1321.0, 0.010269136523937461
1322.0, 0.013032214168591056
1323.0, 0.008112904238458441
1324.0, 0.0054532550374127835
1325.0, 0.0031641776939383393
1326.0, 0.001398593870955537
1327.0, 0.0021199802881949484
1328.0, 0.007285853802683017
1329.0, 0.004976465467467354
1330.0, 0.007143571323345082
1331.0, 0.005620586865420887
1332.0, 0.007630562617630158
1333.0, 0.00864147365335238
1334.0, 0.008972183202007326
1335.0, 0.010367683475964107
1336.0, 0.010267797657615207
1337.0, 0.009739502414447624
1338.0, 0.009155625191612565
1339.0, 0.011314243529981623
1340.0, 0.015202626461991556
1341.0, 0.010508666393905342
1342.0, 0.0014720538538784086
1343.0, 0.004629759203496003
1344.0, 0.007129347837679943
1345.0, 0.008071546367232094
1346.0, 0.013444723414300667
1347.0, 0.01350758877456269
1348.0, 0.005878511178994589
1349.0, 0.010720155435012535
1350.0, 0.014073687311469725
1351.0, 0.008671824104273118
1352.0, 0.006817228002176598
1353.0, 0.009304479640311829
1354.0, 0.006304634242867539
1355.0, 0.0026550019761292175
1356.0, 0.00162825323975059
1357.0, 0.001337137577182534
1358.0, 0.003940211731792315
1359.0, 0.00539590131330739
1360.0, 0.00814600816522733
1361.0, 0.01038917636161646
1362.0, 0.008520651600400537
1363.0, 0.010689802992282959
1364.0, 0.0015694338343377953
1365.0, 0.005961023249261729
1366.0, 0.00544242273835982
1367.0, 0.007620826514439162
1368.0, 0.0058012802211706675
1369.0, 0.01160052439883855
1370.0, 0.00672232482883855
1371.0, 0.005621313788623952
1372.0, 0.0036984619908407997
1373.0, 0.00029541301698847574
1374.0, 0.0006409979088375798
1375.0, 0.004377363780475308
1376.0, 0.007960200881961099
1377.0, 0.0037341881514011644
1378.0, 0.003908485505845331
1379.0, 0.009081191004906862
1380.0, 0.0036170607086981653
1381.0, 0.002811346966745319
1382.0, 0.009071091897955012
1383.0, 0.001060134060331232
1384.0, 0.009848075884907896
1385.0, 0.004431260439429171
1386.0, 0.0053874137065705215
1387.0, 0.002588444517455139
1388.0, 0.006397635049996063
1389.0, 0.010727941125391523
1390.0, 0.005445793777985857
1391.0, 0.004453314867644349
1392.0, 0.005214771544529562
1393.0, 0.0036780034009073824
1394.0, 0.006332774734342581
1395.0, 0.010125167030022414
1396.0, 0.012863192918583923
1397.0, 0.012130800257279604
1398.0, 0.010172804764281982
1399.0, 0.0023462789571622182
1400.0, 0.00946407764980439
1401.0, 0.006441365379099531
1402.0, 0.010760017515758863
1403.0, 0.00412782711422512
1404.0, 0.0036408853470903607
1405.0, 0.007207145754028576
1406.0, 0.00312951401404616
1407.0, 0.007371266006349458
1408.0, 0.005148256610478251
1409.0, 0.008967661922712068
1410.0, 0.009946722907560964
1411.0, 0.006956263110901266
1412.0, 0.00542496669765084
1413.0, 0.004058777485005932
1414.0, 0.004886333597225313
1415.0, 0.009958846579303774
1416.0, 0.010831646345296039
1417.0, 0.006448790079247842
1418.0, 0.01287032208747732
1419.0, 0.0037628659155086383
1420.0, 0.008913507053837437
1421.0, 0.0006938941427599501
1422.0, 0.009556456650548325
1423.0, 0.0064515594254845356
1424.0, 0.01369128343245802
1425.0, 0.009205549221314816
1426.0, 0.005731636900407435
1427.0, 0.006608297265361488
1428.0, 0.006835510417038193
1429.0, 0.0059344004221099315
1430.0, 0.00484010450871023
1431.0, 0.004498682221199567
1432.0, 0.00445822191258006
1433.0, 0.005019014012000161
1434.0, 0.006535588162566382
1435.0, 0.008810085612170442
1436.0, 0.007642108004180822
1437.0, 0.0038167535192352824
1438.0, 0.006781030198385986
1439.0, 0.00592349358557764
1440.0, 0.004549423874018317
1441.0, 0.002970213755954303
1442.0, 0.007536067844713102
1443.0, 0.011480403527883196
1444.0, 0.0091832410256787
1445.0, 0.011389693698238194
1446.0, 0.012106890817751145
1447.0, 0.011030063340843702
1448.0, 0.012226667086894561
1449.0, 0.004864666853338102
1450.0, 0.0012084781644707027
1451.0, 0.002204777059222551
1452.0, 0.004750541176288275
1453.0, 0.006702051254486523
1454.0, 0.005896714857460872
1455.0, 0.0063406846485459765
1456.0, 0.007743880436405721
1457.0, 0.009684358636048955
1458.0, 0.008141589332008837
1459.0, 0.00599231730972159
1460.0, 0.010873217455416688
1461.0, 0.00934142762830465
1462.0, 0.015173647067315282
1463.0, 0.014698561255147019
1464.0, 0.018553742492701374
1465.0, 0.01790797928836002
1466.0, 0.015353321884855234
1467.0, 0.0065643566433950746
1468.0, 0.010009246988821269
1469.0, 0.007613624504798655
1470.0, 0.003726421483225654
1471.0, 0.005496466169344262
1472.0, 0.004865703366126104
1473.0, 0.007973874254331654
1474.0, 0.011812878768853992
1475.0, 0.018710838368629204
1476.0, 0.016061692061536775
1477.0, 0.007038922487529766
1478.0, 0.008319810552720982
1479.0, 0.010189802610962882
1480.0, 0.007937625487976985
1481.0, 0.008193151381851019
1482.0, 0.008848567199872773
1483.0, 0.007811646451370688
1484.0, 0.006587372123661852
1485.0, 0.009001918581796666
1486.0, 0.01449187266072065
1487.0, 0.007822956886485129
1488.0, 0.008919779317229086
1489.0, 0.014119803347787856
1490.0, 0.00935342541605507
1491.0, 0.011172315902258515
1492.0, 0.012246129364922944
1493.0, 0.01292932359362783
1494.0, 0.007636536687785618
1495.0, 0.011747207393402785
1496.0, 0.015451263809642998
1497.0, 0.008965230532275872
1498.0, 0.0026718482874762174
1499.0, 0.012260801454058137
1500.0, 0.0064871668042568295
1501.0, 0.007634334157441408
1502.0, 0.009168570731839574
1503.0, 0.01450307235847861
1504.0, 0.016602781738634012
1505.0, 0.017973856321113223
1506.0, 0.014651587270465121
1507.0, 0.014779977423996886
1508.0, 0.015090198010021656
1509.0, 0.012215986000270396
1510.0, 0.01059881429483072
1511.0, 0.011968566337015554
1512.0, 0.018633164556684165
1513.0, 0.016619972879349586
1514.0, 0.012330156627807391
1515.0, 0.004113766001105498
1516.0, 0.0077838169930905966
1517.0, 0.014417002182598263
1518.0, 0.006931682525769982
1519.0, 0.010636872648067716
1520.0, 0.016751643495973682
1521.0, 0.0031765017747194097
1522.0, 0.0011768129692883884
1523.0, 0.013688544939977818
1524.0, 0.011699725140744608
1525.0, 0.0017635306190918213
1526.0, 0.005721989465952288
1527.0, 0.013189009535657086
1528.0, 0.006773378294727737
1529.0, 0.008820742824502414
1530.0, 0.018244010736504203
1531.0, 0.014185095097287496
1532.0, 0.007522150273098461
1533.0, 0.005179929830677808
1534.0, 0.0026793594646776454
1535.0, 0.00786441651933056
1536.0, 0.005276223224364207
1537.0, 0.008696249825311716
1538.0, 0.016215277815812466
1539.0, 0.013169697972156372
1540.0, 0.011052547080712587
1541.0, 0.014363627883214488
1542.0, 0.015715535549622486
1543.0, 0.00951638612007524
1544.0, 0.001500370914641612
1545.0, 0.005508946203786749
1546.0, 0.008483096870564612
1547.0, 0.00634079966273552
1548.0, 0.011685776753493117
1549.0, 0.008098061088564201
1550.0, 0.0009922782526713887
1551.0, 0.0014342893831352202
1552.0, 0.007894750025946435
1553.0, 0.004108658049314071
1554.0, 0.005165930317175385
1555.0, 0.010733851870699695
1556.0, 0.00041417126795357563
1557.0, 0.004733412750764226
1558.0, 0.010331742473632846
1559.0, 0.004702976492632464
1560.0, 0.009141246920919409
1561.0, 0.006746031667139421
1562.0, 0.00544622412235839
1563.0, 0.0021090600498605205
1564.0, 0.00046548526651040984
1565.0, 0.000656711576026815
1566.0, 0.0011144134000171673
1567.0, 0.001970309920004875
1568.0, 0.0007815013409281357
1569.0, 0.002146252288054449
1570.0, 0.006849056696190804
1571.0, 0.0035890602735914744
1572, 0.0
1573, 0.0
1574, 0.0
1575, 0.0
1576, 0.0
1577, 0.0
1578, 0.0
1579, 0.0
1580, 0.0
1581, 0.0
1582, 0.0
1583, 0.0
1584, 0.0
1585, 0.0
1586, 0.0
1587, 0.0
1588, 0.0
1589, 0.0
1590, 0.0
1591, 0.0
1592, 0.0
1593, 0.0
1594, 0.0
1595, 0.0
1596, 0.0
1597, 0.0
1598, 0.0
1599, 0.0
