30, 0.0
31, 0.0
32, 0.0
33, 0.0
34, 0.0
35, 0.0
36, 0.0
37, 0.0
38, 0.0
39, 0.0
40, 0.0
41, 0.0
42, 0.0
43, 0.0
44, 0.0
45, 0.0
46, 0.0
47, 0.0
48, 0.0
49, 0.0
50, 0.0
51, 0.0
52, 0.0
53, 0.0
54, 0.0
55, 0.0
56, 0.0
57, 0.0
58, 0.0
59, 0.0
60, 0.0
61, 0.0
62, 0.0
63, 0.0
64, 0.0
65, 0.0
66, 0.0
67, 0.0
68, 0.0
69, 0.0
70, 0.0
71, 0.0
72, 0.0
73, 0.0
74, 0.0
75, 0.0
76, 0.0
77, 0.0
78, 0.0
79, 0.0
80, 0.0
81, 0.0
82, 0.0
83, 0.0
84, 0.0
85, 0.0
86, 0.0
87, 0.0
88, 0.0
89, 0.0
90, 0.0
91, 0.0
92, 0.0
93, 0.0
94, 0.0
95, 0.0
96, 0.0
97.0, 5.077055585556488e-06
98.0, 3.888554695922104e-05
99.0, 0.00015512263716846908
100.0, 0.0011281259428628679
101.0, 0.0009532574934018998
102.0, 0.0004694193228675825
103.0, 0.0007567981965333721
104.0, 0.0006087218945623032
105.0, 0.0011644843911961303
106.0, 0.0023408979119265605
107.0, 0.0015884262890934343
108.0, 0.0013567088278799548
109.0, 0.0017153820319390494
110.0, 0.0028952278069116653
111.0, 0.0035270679302388166
112.0, 0.003951872987296244
113.0, 0.004620064550475918
114.0, 0.007735871213967295
115.0, 0.010548551618219744
116.0, 0.013442003651981336
117.0, 0.01666827495524232
118.0, 0.018784868374634528
119.0, 0.018998965144924645
120.0, 0.01901558018222938
121.0, 0.024137213114684895
122.0, 0.023833671783860814
123.0, 0.026046323495128476
124.0, 0.03386121173039344
125.0, 0.03890329474663905
126.0, 0.045510085293162146
127.0, 0.05378962690422073
128.0, 0.0644425602392352
129.0, 0.06494854268878694
130.0, 0.06557784623967362
131.0, 0.06749377059525864
132.0, 0.05945025027667205
133.0, 0.0607540372316595
134.0, 0.06569015580930652
135.0, 0.06937260764630071
136.0, 0.08456164458170662
137.0, 0.09802563503433827
138.0, 0.10999473532183554
139.0, 0.1277078555382085
140.0, 0.14387544214133227
141.0, 0.15603998820566864
142.0, 0.1622332953021705
143.0, 0.16083426935214334
144.0, 0.1571107061013229
145.0, 0.15025878643561935
146.0, 0.13729249653134157
147.0, 0.1238731726756072
148.0, 0.10996930037825958
149.0, 0.09584416480114048
150.0, 0.08609853414542633
151.0, 0.07828222875611036
152.0, 0.07087371802649806
153.0, 0.062162198158392044
154.0, 0.05949974062971398
155.0, 0.055145756064128755
156.0, 0.04978989973908601
157.0, 0.05169396728575742
158.0, 0.05619909089886895
159.0, 0.06199537317346154
160.0, 0.0685373660216919
161.0, 0.08823520356106558
162.0, 0.10325862334412506
163.0, 0.11292369523219044
164.0, 0.11490431314442774
165.0, 0.10682030453196963
166.0, 0.09737811191474463
167.0, 0.08861055359064283
168.0, 0.07972854866205742
169.0, 0.07159798595498752
170.0, 0.0628911680715718
171.0, 0.05216672751966267
172.0, 0.0492294675313523
173.0, 0.04505877392526156
174.0, 0.03981514139830553
175.0, 0.036705737519752944
176.0, 0.03589734030303086
177.0, 0.0351843571507406
178.0, 0.03370254145928201
179.0, 0.032322149654409764
180.0, 0.03374422211339506
181.0, 0.03677848327614374
182.0, 0.04002376389970111
183.0, 0.04178729196140755
184.0, 0.04589329229383583
185.0, 0.052139717690204264
186.0, 0.056187386033936915
187.0, 0.0660164022039238
188.0, 0.07610914142712535
189.0, 0.08335209342178726
190.0, 0.09826943610039064
191.0, 0.1142819665682348
192.0, 0.13224808571665495
193.0, 0.1544501754324149
194.0, 0.18040195943461687
195.0, 0.2021204855750334
196.0, 0.21888062394801855
197.0, 0.23833000570050972
198.0, 0.24579367112287498
199.0, 0.24662763223665224
200.0, 0.24355821527402097
201.0, 0.21871275428525855
202.0, 0.1883099465831049
203.0, 0.15656516048328678
204.0, 0.13198775368128945
205.0, 0.11384951781800463
206.0, 0.09708171994474933
207.0, 0.08045415076907843
208.0, 0.06337139876850961
209.0, 0.05431164466678596
210.0, 0.04895251668236175
211.0, 0.04456911704010476
212.0, 0.037586945690247724
213.0, 0.03442487693168303
214.0, 0.03339841689393763
215.0, 0.03025029767844664
216.0, 0.03227974410768717
217.0, 0.03619821764189239
218.0, 0.041034760220962224
219.0, 0.044694017131135695
220.0, 0.052866579770438474
221.0, 0.0610045897969732
222.0, 0.06574322615923235
223.0, 0.07802579480125316
224.0, 0.09023568519456604
225.0, 0.10225768153747286
226.0, 0.1142800762510017
227.0, 0.12004851561376151
228.0, 0.12456544253869585
229.0, 0.12782103407938125
230.0, 0.12236786133203087
231.0, 0.11739459788765436
232.0, 0.11396347537141177
233.0, 0.11290705404668369
234.0, 0.10623176405966556
235.0, 0.10337034481387378
236.0, 0.10265043845964578
237.0, 0.10137569569423856
238.0, 0.1006840650769099
239.0, 0.09877001182436229
240.0, 0.09575976868999424
241.0, 0.09369533525777579
242.0, 0.08760844652090936
243.0, 0.07962059344986346
244.0, 0.07055098989594333
245.0, 0.06023905090182617
246.0, 0.051524320287782206
247.0, 0.043516577135314295
248.0, 0.03522665477150336
249.0, 0.03320270867312581
250.0, 0.028848229482537468
251.0, 0.023226522337633584
252.0, 0.02230758602162231
253.0, 0.02177354624472471
254.0, 0.018679924709311162
255.0, 0.013200129128730777
256.0, 0.01807826619306608
257.0, 0.01502409213699143
258.0, 0.011658530904036266
259.0, 0.013872407950803474
260.0, 0.012136291566101761
261.0, 0.012350159556029671
262.0, 0.01280792776420077
263.0, 0.009912887209783998
264.0, 0.01171895960659039
265.0, 0.01286521506586717
266.0, 0.012323254886383632
267.0, 0.009371975499839627
268.0, 0.011585278199119139
269.0, 0.012660736686368121
270.0, 0.010219466656934016
271.0, 0.01355689025611527
272.0, 0.015657856732937493
273.0, 0.016096903718637902
274.0, 0.014171223441639505
275.0, 0.013638384366325104
276.0, 0.01568542011717603
277.0, 0.018445492445128633
278.0, 0.017388792268549825
279.0, 0.016199584338883233
280.0, 0.0157407800783102
281.0, 0.01587277693751375
282.0, 0.014666075425901572
283.0, 0.013754687635042185
284.0, 0.012462681305835912
285.0, 0.010311440607515782
286.0, 0.004203696371595982
287.0, 0.0030566109299781682
288.0, 0.003655724620059817
289.0, 0.0027766666523210866
290.0, 0.0008999981054118103
291.0, 0.0010718087299791336
292.0, 0.0021938208622413508
293.0, 0.0013927003377487957
294.0, 0.004895645514862134
295.0, 0.005220634984421565
296.0, 0.00261116871835602
297.0, 0.006145477469232747
298.0, 0.00519809053972851
299.0, 0.003352437039777364
300.0, 0.002442487863123629
301.0, 0.008062499074660522
302.0, 0.007800273736777744
303.0, 0.007420002032802285
304.0, 0.01206996935843915
305.0, 0.011540377734660729
306.0, 0.011450925451201832
307.0, 0.010882437654089878
308.0, 0.007754391879919026
309.0, 0.007551452350514739
310.0, 0.007442213889602599
311.0, 0.006896742891003756
312.0, 0.005361232105269247
313.0, 0.004319013044723752
314.0, 0.00314874208942548
315.0, 0.0019715834660966806
316.0, 0.0034150496277003265
317.0, 0.002472647104945074
318.0, 0.0011060936723643452
319.0, 0.00046622668201554954
320.0, 0.0014600257288719244
321.0, 0.0014448505341623852
322.0, 0.001234117680151227
323.0, 0.0017344606579224931
324.0, 0.0021200494798830735
325.0, 0.0021734025027761628
326.0, 0.002375903464544845
327.0, 0.003795473999684213
328.0, 0.0014158448722616098
329.0, 0.0010248292382767131
330.0, 0.0029479456500254597
331.0, 0.004942604469082243
332.0, 0.007003788215790229
333.0, 0.0071587607595486385
334.0, 0.005678198231027557
335.0, 0.010417050839644833
336.0, 0.01123261727500378
337.0, 0.011711135790021239
338.0, 0.013780692072118947
339.0, 0.015327955749944397
340.0, 0.01775257909891756
341.0, 0.021034891497056226
342.0, 0.025241545546331928
343.0, 0.025529108256428717
344.0, 0.02831825119708935
345.0, 0.03125155018860968
346.0, 0.029936695303291787
347.0, 0.024166286670463583
348.0, 0.022020370633107092
349.0, 0.022128061244324836
350.0, 0.018133032735526095
351.0, 0.0164071769410911
352.0, 0.014700656738793085
353.0, 0.012186646803852452
354.0, 0.007201129242116139
355.0, 0.006462560002674627
356.0, 0.005620142475123623
357.0, 0.0033074652842745894
358.0, 0.002264724661324177
359.0, 0.0010877015206957794
360.0, 0.0005421752539446998
361.0, 0.001082926174078034
362.0, 0.0011707143535290437
363.0, 0.0019698129166048355
364.0, 0.0028590231438751458
365.0, 0.003243899009097106
366.0, 0.001558077652760081
367.0, 0.003354340561767649
368.0, 0.005621565002415605
369.0, 0.003638938135805637
370.0, 0.0017838639484303253
371.0, 0.0025688831659540605
372.0, 0.004702901647563836
373.0, 0.0048649343381537685
374.0, 0.004126965080723075
375.0, 0.0037315221228710832
376.0, 0.003714046009201853
377.0, 0.003520672123009768
378.0, 0.003148801116971743
379.0, 0.003016515819739893
380.0, 0.0029146846776356107
381.0, 0.0010935330182760563
382.0, 0.0013499373026265831
383.0, 0.0019626816325634126
384.0, 0.0021801427007224036
385.0, 0.0011712116537756648
386.0, 0.0027882362348791625
387.0, 0.0041725139342777134
388.0, 0.003691209166381366
389.0, 0.0010163380910817744
390.0, 0.0023412216711084597
391.0, 0.0038442196432073097
392.0, 0.002585847614785822
393.0, 0.004658012227265491
394.0, 0.004751110050841431
395.0, 0.004123780272940535
396.0, 0.004136991199842792
397.0, 0.003932958184443263
398.0, 0.0033992882418030093
399.0, 0.0028123391691505326
400.0, 0.0025920009743609796
401.0, 0.0028188797345116605
402.0, 0.0034542037042308853
403.0, 0.0051986859699865405
404.0, 0.009577002769859535
405.0, 0.004452008776128733
406.0, 0.0021958842072530545
407.0, 0.0034870257372192244
408.0, 0.0062006921787729295
409.0, 0.002980049595495414
410.0, 0.0025223262349738473
411.0, 0.004808149217194164
412.0, 0.004216687085425505
413.0, 0.0016911503008806151
414.0, 0.0029892088940297696
415.0, 0.007304688466992415
416.0, 0.004051807673606074
417.0, 0.002741638459952672
418.0, 0.002118889493810185
419.0, 0.0020975379360344323
420.0, 0.004551984769669493
421.0, 0.003036574123967362
422.0, 0.0017849337443313245
423.0, 0.0023531195609601055
424.0, 0.0033420815674041395
425.0, 0.005004546705221006
426.0, 0.006306277283391826
427.0, 0.007043689411746771
428.0, 0.0110273884135791
429.0, 0.00918990122684116
430.0, 0.006970517655496785
431.0, 0.0074711485621797
432.0, 0.007884541409922242
433.0, 0.009391548575039646
434.0, 0.010080497602003984
435.0, 0.008863161596458523
436.0, 0.014970038778246406
437.0, 0.015180499872798533
438.0, 0.015993907669239
439.0, 0.022678707273190036
440.0, 0.022333726198677052
441.0, 0.021260516291212242
442.0, 0.02037384280239018
443.0, 0.020556659622685148
444.0, 0.030589004596007843
445.0, 0.03490664588935731
446.0, 0.03807064471085521
447.0, 0.045127682079559986
448.0, 0.05060791510015445
449.0, 0.05344623715620918
450.0, 0.05695172646167615
451.0, 0.06520964853460355
452.0, 0.06641300962049534
453.0, 0.07382206004794618
454.0, 0.08037224378096801
455.0, 0.07602162614615579
456.0, 0.07829058098401778
457.0, 0.07711232671080302
458.0, 0.07222935928833679
459.0, 0.06375052605232166
460.0, 0.06061496474197973
461.0, 0.05514872607377767
462.0, 0.04893684446967954
463.0, 0.04501393852456008
464.0, 0.037501191767527434
465.0, 0.029915591408364015
466.0, 0.024370941982318706
467.0, 0.023995729743663968
468.0, 0.018877352516676518
469.0, 0.015112164798886952
470.0, 0.014242950490718888
471.0, 0.01827098432897405
472.0, 0.008052247291827175
473.0, 0.007593801455656974
474.0, 0.010136341857125893
475.0, 0.0015484903222129053
476.0, 0.0007004951427464969
477.0, 0.0039049398590885335
478.0, 0.007185294696491136
479.0, 0.004358002912590503
480.0, 0.003323275971883382
481.0, 0.0021596251929746533
482.0, 0.001918662578345075
483.0, 0.00460517136836964
484.0, 0.0018769863889602652
485.0, 0.0019262927187338997
486.0, 0.003546547306975903
487.0, 0.003934106678245727
488.0, 0.0019802501514517372
489.0, 0.0036955708451729
490.0, 0.005361635352711114
491.0, 0.0006624260653222414
492.0, 0.0018409552426456228
493.0, 0.002742034273320237
494.0, 0.0029468389255348434
495.0, 0.0023369797615722153
496.0, 0.005388517220673367
497.0, 0.005021952635142202
498.0, 0.003994626647166328
499.0, 0.00644803553499502
500.0, 0.006503257939865494
501.0, 0.008044390930440242
502.0, 0.010215946621782625
503.0, 0.011811304773703915
504.0, 0.011971045685869609
505.0, 0.013013194081069941
506.0, 0.014005952416638082
507.0, 0.01386557904780482
508.0, 0.014987877423375155
509.0, 0.017023668786336862
510.0, 0.019446736602352566
511.0, 0.021718512836566336
512.0, 0.022153154713659976
513.0, 0.023530325517408506
514.0, 0.02578452327881822
515.0, 0.028741302778533696
516.0, 0.02837620852757715
517.0, 0.030030195838019445
518.0, 0.0324455267925489
519.0, 0.03432843076919475
520.0, 0.028794083825338053
521.0, 0.031604437619846375
522.0, 0.034724238300531514
523.0, 0.033440449455016785
524.0, 0.033976810522381364
525.0, 0.036663123978269964
526.0, 0.03761065406245858
527.0, 0.03571855252878235
528.0, 0.040462352653867
529.0, 0.043909230038135745
530.0, 0.04640036419371449
531.0, 0.04733035326507451
532.0, 0.041705181496610656
533.0, 0.03855258339218222
534.0, 0.03982186028854729
535.0, 0.044749288899801745
536.0, 0.04568681752787897
537.0, 0.04726615885727345
538.0, 0.047474802824505724
539.0, 0.0465573721344009
540.0, 0.047696381200216006
541.0, 0.0448278747484681
542.0, 0.04491841117483661
543.0, 0.04624822049133173
544.0, 0.03922534018741398
545.0, 0.04147966218482235
546.0, 0.04279238094983893
547.0, 0.041983212883859276
548.0, 0.04002784905563549
549.0, 0.03904986284711817
550.0, 0.038881230548502295
551.0, 0.03799231182345407
552.0, 0.03377884990185278
553.0, 0.03234779664883735
554.0, 0.03111490153886608
555.0, 0.029169682348774494
556.0, 0.02553532050423701
557.0, 0.02632103284650686
558.0, 0.025066926750893444
559.0, 0.022871923986937274
560.0, 0.02097346930155158
561.0, 0.020729520435348307
562.0, 0.02394387585829959
563.0, 0.024699844145038667
564.0, 0.019612028971843685
565.0, 0.02221609968571499
566.0, 0.02815255981017323
567.0, 0.03022657516879335
568.0, 0.026562792727228574
569.0, 0.03206355886657272
570.0, 0.035803278423736574
571.0, 0.036818943598866234
572.0, 0.03486504070433259
573.0, 0.030582238044594635
574.0, 0.030798030236085905
575.0, 0.028622453516218317
576.0, 0.02345351114415
577.0, 0.018962074157208172
578.0, 0.012602467664748278
579.0, 0.009475041400035192
580.0, 0.01006117943841204
581.0, 0.01367971608889757
582.0, 0.004313779748723156
583.0, 0.006450248475150875
584.0, 0.012676901024413028
585.0, 0.009275945916302476
586.0, 0.00450909632528876
587.0, 0.006330299801068626
588.0, 0.009564914306157721
589.0, 0.008963435730251287
590.0, 0.009043666674024255
591.0, 0.00849063030195695
592.0, 0.00638092802188215
593.0, 0.0027313178066393664
594.0, 0.003956401801561715
595.0, 0.0035711521538205806
596.0, 0.005503398098692949
597.0, 0.009463775909091832
598.0, 0.004764784162868541
599.0, 0.005441406102617831
600.0, 0.0063801304788857925
601.0, 0.006497454844681183
602.0, 0.006784028698193462
603.0, 0.005563460927413367
604.0, 0.007118124878435058
605.0, 0.010052417435574773
606.0, 0.010384688591230913
607.0, 0.009393619870186134
608.0, 0.008054438197025683
609.0, 0.0074495216369713
610.0, 0.008781718000286931
611.0, 0.009728196762719037
612.0, 0.011690926026934995
613.0, 0.013502405691642426
614.0, 0.014364276207563987
615.0, 0.01582263762245603
616.0, 0.01635752181452618
617.0, 0.016772159781634825
618.0, 0.01722255451909515
619.0, 0.016424600572867765
620.0, 0.01701200504011339
621.0, 0.015975268937031672
622.0, 0.015223092162093096
623.0, 0.023065397666341875
624.0, 0.022577178106040558
625.0, 0.022938589190086837
626.0, 0.02209018964423729
627.0, 0.014220125595395386
628.0, 0.024344468401312956
629.0, 0.02286857452812775
630.0, 0.017148378715269436
631.0, 0.01652316763091007
632.0, 0.027141777493664608
633.0, 0.024714718624822114
634.0, 0.02136785941205869
635.0, 0.023183275904131564
636.0, 0.018712122709278325
637.0, 0.02435200685365414
638.0, 0.025282846736073752
639.0, 0.019198027277431487
640.0, 0.016283627507041404
641.0, 0.02204713136863995
642.0, 0.022318515806827487
643.0, 0.016829560205569076
644.0, 0.00988818887182017
645.0, 0.009878851773251367
646.0, 0.010791640750187684
647.0, 0.012711291224963537
648.0, 0.015769519693274288
649.0, 0.010088443454237516
650.0, 0.011624788276904316
651.0, 0.009674082944759589
652.0, 0.0012568280038973995
653.0, 0.011691639070094833
654.0, 0.0094475894099962
655.0, 0.007036230259802188
656.0, 0.006757026662137298
657.0, 0.003070510639179317
658.0, 0.0037723512756089508
659.0, 0.003409554753469475
660.0, 0.003096945983959809
661.0, 0.005943338361946783
662.0, 0.0035972205368489116
663.0, 0.0022594031422121527
664.0, 0.0034236634592157205
665.0, 0.007529125125557453
666.0, 0.004829960874629996
667.0, 0.005851491785352136
668.0, 0.006204635851990304
669.0, 0.004476286521187382
670.0, 0.003751041271245371
671.0, 0.001447648757753009
672.0, 0.0004766370242339551
673.0, 0.002061062964405196
674.0, 0.0074211116941870995
675.0, 0.005166656392311766
676.0, 0.002842449140976056
677.0, 0.002813165380909177
678.0, 0.0066107882013086905
679.0, 0.001947809266220096
680.0, 0.0022989459443976974
681.0, 0.00294068853563119
682.0, 0.002009984660658019
683.0, 0.004757417055789875
684.0, 0.0028424192434264445
685.0, 0.0031358182360798864
686.0, 0.005052003098879683
687.0, 0.002502284853253011
688.0, 0.0014605467758993214
689.0, 0.0040920346290367554
690.0, 0.006928878714154225
691.0, 0.005647383773420436
692.0, 0.003857336829634073
693.0, 0.00917741874009817
694.0, 0.012958411703352017
695.0, 0.010600206263122601
696.0, 0.006064602740074053
697.0, 0.003093985184808494
698.0, 0.0017802348626362685
699.0, 0.0019309973605616494
700.0, 0.0029991765291884163
701.0, 0.004945605067483341
702.0, 0.0031297165182118704
703.0, 0.001562315728175968
704.0, 0.004956029404963767
705.0, 0.005199799324847638
706.0, 0.007878753702346513
707.0, 0.0077387513522244565
708.0, 0.003296427204041356
709.0, 0.0015646465515400355
710.0, 0.007248996661076817
711.0, 0.00620769263349751
712.0, 0.0025319994776454788
713.0, 0.011241641861070562
714.0, 0.004070788759987436
715.0, 0.006116952669819507
716.0, 0.009211563103479686
717.0, 0.00506818739631024
718.0, 0.004153986626983775
719.0, 0.00667441546710111
720.0, 0.008243725914847589
721.0, 0.0067898952388941326
722.0, 0.001581683280381151
723.0, 0.0026182225109532627
724.0, 0.004350763270661912
725.0, 0.0046387561854131934
726.0, 0.0016621318201841594
727.0, 0.0031214118921686035
728.0, 0.003238745501233574
729.0, 0.003482567176766246
730.0, 0.005034918234536162
731.0, 0.008904499002139275
732.0, 0.0064278898344114765
733.0, 0.0035239781814904183
734.0, 0.0018913822342143869
735.0, 0.0016219009902579485
736.0, 0.004152365489358124
737.0, 0.004962021339582667
738.0, 0.005553904590003113
739.0, 0.007243795527146825
740.0, 0.003312381578475255
741.0, 0.002843940451002855
742.0, 0.004108323146894461
743.0, 0.005411903350928463
744.0, 0.0035491005636506916
745.0, 0.006201611533524444
746.0, 0.007679317661669562
747.0, 0.006756477907129068
748.0, 0.0030885771695019996
749.0, 0.0032793840789774793
750.0, 0.00209388802517972
751.0, 0.004348302091558355
752.0, 0.00966996684319546
753.0, 0.0033688392992835435
754.0, 0.005222329983272436
755.0, 0.006354350947862486
756.0, 0.005314962412971034
757.0, 0.002758237849262824
758.0, 0.009005083760386515
759.0, 0.0056503593455388915
760.0, 0.002158273003836039
761.0, 0.003953518039662306
762.0, 0.0009892382739357763
763.0, 0.007117663533248856
764.0, 0.008988168983091084
765.0, 0.005400601024464585
766.0, 0.0010251086869896226
767.0, 0.00769673582415286
768.0, 0.0049659330051044035
769.0, 0.002186765238320479
770.0, 0.0064807693414033266
771.0, 0.007719765417770134
772.0, 0.0047361844740198816
773.0, 0.00774184250540408
774.0, 0.012625475028784933
775.0, 0.0031804247378001077
776.0, 0.006403836821198884
777.0, 0.005144246020673819
778.0, 0.003919483928259678
779.0, 0.006713403017677842
780.0, 0.005632481362764946
781.0, 0.006340362849764668
782.0, 0.005055612010818015
783.0, 0.0025135610158411367
784.0, 0.00329052130063806
785.0, 0.004242129573791048
786.0, 0.0076961294328528876
787.0, 0.007626633551412364
788.0, 0.0009698949293541204
789.0, 0.008627322115461262
790.0, 0.005527472767454357
791.0, 0.0029800087097015394
792.0, 0.005106129140203157
793.0, 0.01296222974607434
794.0, 0.003665801907575454
795.0, 0.004772479492037172
796.0, 0.009602584908232941
797.0, 0.011182395290650066
798.0, 0.010605925726098805
799.0, 0.006878480124322838
800.0, 0.005932647982592432
801.0, 0.0075809370665429155
802.0, 0.007844893514551745
803.0, 0.004816530490243977
804.0, 0.012688595072874374
805.0, 0.014593310428896058
806.0, 0.0031776745642413014
807.0, 0.014677500239314915
808.0, 0.012296746498039957
809.0, 0.011929846915734814
810.0, 0.013746660714964328
811.0, 0.011328332222716276
812.0, 0.01617463818285537
813.0, 0.016573057642472352
814.0, 0.017422162475389098
815.0, 0.021203883369913436
816.0, 0.02445483851362233
817.0, 0.023887050069276983
818.0, 0.019907134035574082
819.0, 0.017690093562752696
820.0, 0.023787874554694746
821.0, 0.02406891348971967
822.0, 0.025548561250434462
823.0, 0.028567970166058387
824.0, 0.03175323546739596
825.0, 0.030033595963559104
826.0, 0.03500827251222461
827.0, 0.03792243249381253
828.0, 0.03917551045865135
829.0, 0.04049075339636464
830.0, 0.04372920895221809
831.0, 0.0418404815312849
832.0, 0.03764083997561631
833.0, 0.032807196637076055
834.0, 0.02887301782356249
835.0, 0.03603431143359278
836.0, 0.0370037711263825
837.0, 0.0375125753216811
838.0, 0.04102953871516348
839.0, 0.03767548045896731
840.0, 0.0353025233789691
841.0, 0.03829169860437005
842.0, 0.04124623589006559
843.0, 0.034861017996643054
844.0, 0.03427940894954712
845.0, 0.039589960013990594
846.0, 0.03913192362855799
847.0, 0.03287942910306364
848.0, 0.04065683171443581
849.0, 0.0325163637660949
850.0, 0.03147930430638358
851.0, 0.03301336717896677
852.0, 0.03026997577579733
853.0, 0.026314234252542194
854.0, 0.027975032018035337
855.0, 0.031229502301567614
856.0, 0.03422014595073191
857.0, 0.035765810835231754
858.0, 0.03557771044432071
859.0, 0.03067161049869212
860.0, 0.027282455727745257
861.0, 0.02868058273590516
862.0, 0.03213838248189474
863.0, 0.022669264895416995
864.0, 0.023772273873808248
865.0, 0.027484438833439147
866.0, 0.02223797665199759
867.0, 0.023259490082095678
868.0, 0.02775194022699617
869.0, 0.02885096768824807
870.0, 0.025167595132249622
871.0, 0.018776309064612147
872.0, 0.022188911319861105
873.0, 0.022240145124327614
874.0, 0.023153196315084435
875.0, 0.025863514317049953
876.0, 0.02236690114887029
877.0, 0.02066129987836089
878.0, 0.02130723277109182
879.0, 0.022815399906560653
880.0, 0.02333734796851434
881.0, 0.021873391610002464
882.0, 0.01832489625666976
883.0, 0.018684829353119617
884.0, 0.021412726844163173
885.0, 0.02021770213725326
886.0, 0.01909438709595138
887.0, 0.021131647988664168
888.0, 0.024322378677997598
889.0, 0.026672176698603223
890.0, 0.0255695462997095
891.0, 0.02260890023042853
892.0, 0.023388853474641792
893.0, 0.024105430469128348
894.0, 0.021580520173829967
895.0, 0.021817884768208284
896.0, 0.018668616967496967
897.0, 0.019953664841749437
898.0, 0.02530756945753451
899.0, 0.030831491243785647
900.0, 0.023379677669511448
901.0, 0.024371300992254753
902.0, 0.02684270272090869
903.0, 0.028451568763691263
904.0, 0.030732078758928933
905.0, 0.023724521089582576
906.0, 0.02732071407100814
907.0, 0.03588647375544978
908.0, 0.041977096655376175
909.0, 0.03379435872570078
910.0, 0.03348390401772546
911.0, 0.035388567681731244
912.0, 0.03898788819928757
913.0, 0.04308224102715442
914.0, 0.037203150859489824
915.0, 0.045065201773060684
916.0, 0.04813881451319729
917.0, 0.04469459442169759
918.0, 0.040061274016295424
919.0, 0.05166490686836205
920.0, 0.055392011289612735
921.0, 0.05562021865504194
922.0, 0.056219788390696704
923.0, 0.061554127019048034
924.0, 0.06617400930142545
925.0, 0.0734493478007868
926.0, 0.07720560393825919
927.0, 0.07778617942439905
928.0, 0.0889164952449611
929.0, 0.09072258314545084
930.0, 0.09937633155719224
931.0, 0.1096513961729349
932.0, 0.11582056689129083
933.0, 0.11833646369787162
934.0, 0.12841810481669919
935.0, 0.14922436298056907
936.0, 0.16794307712248982
937.0, 0.17404533107074333
938.0, 0.21530044104313242
939.0, 0.23538676039265155
940.0, 0.2640927431543422
941.0, 0.30657798244307977
942.0, 0.3570916181849894
943.0, 0.4155089532811772
944.0, 0.4803355222286853
945.0, 0.5666771129475873
946.0, 0.6765126508913851
947.0, 0.8005856011561264
948.0, 0.8911579751900693
949.0, 0.9588754127529606
950.0, 0.9939436755599905
951.0, 0.9873535417832843
952.0, 0.9268441723252986
953.0, 0.818072929814623
954.0, 0.7000090531408808
955.0, 0.5909511238690849
956.0, 0.4975700200451494
957.0, 0.4028727887542958
958.0, 0.3323492942630514
959.0, 0.27251951079329734
960.0, 0.22546571550678754
961.0, 0.19170052045611619
962.0, 0.16067875542267354
963.0, 0.13635849357183386
964.0, 0.11516057530765579
965.0, 0.09678186135313033
966.0, 0.08230141496123315
967.0, 0.07915895241728205
968.0, 0.06673078974309674
969.0, 0.05603547732186237
970.0, 0.05105379582152741
971.0, 0.05197431176470868
972.0, 0.04282884681051737
973.0, 0.041982061002156214
974.0, 0.037437579678664325
975.0, 0.03239195628157049
976.0, 0.036243806161943934
977.0, 0.0357283775454671
978.0, 0.025692509580735247
979.0, 0.026761195767009967
980.0, 0.03524519480261721
981.0, 0.03164891951502667
982.0, 0.02377248483519616
983.0, 0.03140789069843827
984.0, 0.028911098579498213
985.0, 0.018932565980443933
986.0, 0.028837916343139012
987.0, 0.03399787161439961
988.0, 0.028867150408168105
989.0, 0.02684835327897245
990.0, 0.029312732151536985
991.0, 0.02413077066193762
992.0, 0.024544484450998685
993.0, 0.02179023385612399
994.0, 0.02107070656915179
995.0, 0.024387007349791483
996.0, 0.029273757838739763
997.0, 0.02471939094257428
998.0, 0.02532517149376945
999.0, 0.018722931825984206
1000.0, 0.008541678045941784
1001.0, 0.026196083431656476
1002.0, 0.01213749477232889
1003.0, 0.011769026526660592
1004.0, 0.015928535572282434
1005.0, 0.0167398546420038
1006.0, 0.01309027522038281
1007.0, 0.014011274909486187
1008.0, 0.010384613239694666
1009.0, 0.009494509894605829
1010.0, 0.013326950555175568
1011.0, 0.011705331905818352
1012.0, 0.012840237828995751
1013.0, 0.01289721478412409
1014.0, 0.010963629883431676
1015.0, 0.00785519177402799
1016.0, 0.007479962758901709
1017.0, 0.006058965113281592
1018.0, 0.008850721654724282
1019.0, 0.010087415057934543
1020.0, 0.00776553281163439
1021.0, 0.009142529280695148
1022.0, 0.017025341830080257
1023.0, 0.011539734099404158
1024.0, 0.009461119541105354
1025.0, 0.016009030347101383
1026.0, 0.008106162822384735
1027.0, 0.012631900755538968
1028.0, 0.014306425283076669
1029.0, 0.018018254756316174
1030.0, 0.023568371288038608
1031.0, 0.018530824780653345
1032.0, 0.012446188830294112
1033.0, 0.013713799303457478
1034.0, 0.01951868865158549
1035.0, 0.023294146503839205
1036.0, 0.012832572574747965
1037.0, 0.023361476205432188
1038.0, 0.022390619467370684
1039.0, 0.021887770618634998
1040.0, 0.02722318178791892
1041.0, 0.0311111932647942
1042.0, 0.02949541422274194
1043.0, 0.03365400894189305
1044.0, 0.041883124031171205
1045.0, 0.05012902564932128
1046.0, 0.05192749236960049
1047.0, 0.05889530746415997
1048.0, 0.06976854709133777
1049.0, 0.08298472512082196
1050.0, 0.09412200377641322
1051.0, 0.09616821380463024
1052.0, 0.11596689184840323
1053.0, 0.11600341502325154
1054.0, 0.11189395252572878
1055.0, 0.1068370038338625
1056.0, 0.09451622699523728
1057.0, 0.0922695008466896
1058.0, 0.08143352969685455
1059.0, 0.07008265820406002
1060.0, 0.058870239254891585
1061.0, 0.04504525090214083
1062.0, 0.04512163013711732
1063.0, 0.03771819509838507
1064.0, 0.03325346278273582
1065.0, 0.03153859124899558
1066.0, 0.027876963843656247
1067.0, 0.02187532809155505
1068.0, 0.02954519860692723
1069.0, 0.02500560052336146
1070.0, 0.016308324645258446
1071.0, 0.018773183046308855
1072.0, 0.02422794512838433
1073.0, 0.012678795584782247
1074.0, 0.011233416367088132
1075.0, 0.014933589281158835
1076.0, 0.014493323627938669
1077.0, 0.011536902812872066
1078.0, 0.010706835994025013
1079.0, 0.01756246536783974
1080.0, 0.01810214480103868
1081.0, 0.008971463804128636
1082.0, 0.018600593183399294
1083.0, 0.0162240637174873
1084.0, 0.026678534745288526
1085.0, 0.03924260147823711
1086.0, 0.046417555604940666
1087.0, 0.04978067419915204
1088.0, 0.0382647301869577
1089.0, 0.02875802429329659
1090.0, 0.018839724476817626
1091.0, 0.009821589889292541
1092.0, 0.006629423945180476
1093.0, 0.003318035562420581
1094.0, 0.0009652787010229551
1095.0, 0.0024742639623747185
1096.0, 0.005079865946622863
1097.0, 0.003685458076474594
1098.0, 0.004514659507995993
1099.0, 0.00488643801338687
1100.0, 0.00537271385916786
1101.0, 0.005461996670146867
1102.0, 0.004931441530849833
1103.0, 0.006884928028595223
1104.0, 0.002692568181875569
1105.0, 0.0006355747296013973
1106.0, 0.001645723002971473
1107.0, 0.005021009824835835
1108.0, 0.009644702058867246
1109.0, 0.006378432271830173
1110.0, 0.003392662033908153
1111.0, 0.002026961175531377
1112.0, 0.0031542594848964003
1113.0, 0.007719509037617825
1114.0, 0.003485231266263533
1115.0, 0.002190991930849056
1116.0, 0.0013256284456943444
1117.0, 0.0008843139971245153
1118.0, 0.0025175301605207803
1119.0, 0.0005853921164647494
1120.0, 0.0001151942928870393
1121.0, 0.0022877017542551805
1122.0, 0.004187263984602622
1123.0, 0.002610580800667033
1124.0, 0.002204109845547945
1125.0, 0.001616356434473884
1126.0, 0.001310526929947489
1127.0, 0.0024370217482853965
1128.0, 0.004806445997184123
1129.0, 0.004600767306081826
1130.0, 0.0036602197245242042
1131.0, 0.005586131006925469
1132.0, 0.004699036218449723
1133.0, 0.0009559941708583001
1134.0, 0.0017156834962410434
1135.0, 0.0010437079005392016
1136.0, 0.009237977035514745
1137.0, 0.009560787519288043
1138.0, 0.006556104004307129
1139.0, 0.01315976984696296
1140.0, 0.004835687762220416
1141.0, 0.002270613733021837
1142.0, 0.001739773359379276
1143.0, 0.0021085731203093422
1144.0, 0.0029274968455439234
1145.0, 0.003947175353204285
1146.0, 0.0055855618305701215
1147.0, 0.0055299735846992566
1148.0, 0.004406577610314098
1149.0, 0.0029861814210736305
1150.0, 0.001772659845926152
1151.0, 0.0006121361291333116
1152.0, 0.0018428368268835391
1153.0, 0.005276367362782799
1154.0, 0.008079260670793238
1155.0, 0.0071556202846709376
1156.0, 0.00946298626975978
1157.0, 0.006180218462225891
1158.0, 0.0047026100323276174
1159.0, 0.003628645763576823
1160.0, 0.0014390591155706443
1161.0, 0.0023370180925000993
1162.0, 0.0027863478134363003
1163.0, 0.005371764915718094
1164.0, 0.005588684627525032
1165.0, 0.004328623954970418
1166.0, 0.008181504909826198
1167.0, 0.0027458756024176935
1168.0, 0.011361270178964544
1169.0, 0.012137954175323838
1170.0, 0.009430740882757045
1171.0, 0.013855590427037743
1172.0, 0.006576713890311993
1173.0, 0.005854495442974578
1174.0, 0.004515646469425547
1175.0, 0.007199820185173306
1176.0, 0.012871863754582068
1177.0, 0.00801294748775147
1178.0, 0.001654490686930706
1179.0, 0.010902893888187357
1180.0, 0.012034307760334931
1181.0, 0.004730988451513943
1182.0, 0.004210314671573848
1183.0, 0.014849975501470455
1184.0, 0.01392482379673761
1185.0, 0.008283746576560011
1186.0, 0.005809075894451619
1187.0, 0.00959661496469361
1188.0, 0.010977679385727575
1189.0, 0.011863149071716907
1190.0, 0.013310954245425569
1191.0, 0.011859425455731123
1192.0, 0.010518043794628623
1193.0, 0.015764709078462478
1194.0, 0.010908916646243463
1195.0, 0.011630731128316172
1196.0, 0.008652010753828767
1197.0, 0.010368648429172272
1198.0, 0.018980514691146807
1199.0, 0.006147947833089716
1200.0, 0.01839972220503413
1201.0, 0.015018522795167763
1202.0, 0.013080376510723274
1203.0, 0.013108991314152843
1204.0, 0.0010873880102606065
1205.0, 0.014091752955196546
1206.0, 0.01813980029238856
1207.0, 0.018585667326415655
1208.0, 0.014049757503255317
1209.0, 0.006499445589658717
1210.0, 0.011741436998125868
1211.0, 0.016112615078021426
1212.0, 0.017877267801056244
1213.0, 0.016829989489937663
1214.0, 0.01331772099698691
1215.0, 0.00899160695221686
1216.0, 0.015202136641700998
1217.0, 0.01073877620761104
1218.0, 0.01318065374810643
1219.0, 0.01731697888754634
1220.0, 0.01586619907643239
1221.0, 0.011114589723895712
1222.0, 0.01308392866459376
1223.0, 0.00870884987645579
1224.0, 0.008411735026798223
1225.0, 0.012042499315625963
1226.0, 0.012290913826494467
1227.0, 0.010643116244819242
1228.0, 0.01187691627617358
1229.0, 0.016040110549610936
1230.0, 0.017811090333438955
1231.0, 0.015875914913685896
1232.0, 0.017231377574567795
1233.0, 0.012181117182341593
1234.0, 0.013757850411193791
1235.0, 0.01418709886995876
1236.0, 0.011840454948458803
1237.0, 0.010098890185475816
1238.0, 0.01885884819975643
1239.0, 0.010413517247465066
1240.0, 0.012795091992117251
1241.0, 0.016096457686618996
1242.0, 0.014423224116996352
1243.0, 0.011576917289903033
1244.0, 0.008648542363624286
1245.0, 0.00825923324954473
1246.0, 0.013587175976527605
1247.0, 0.019233075295055736
1248.0, 0.017480741315368795
1249.0, 0.0020022246420564275
1250.0, 0.0138565581520947
1251.0, 0.012229363327895449
1252.0, 0.009336448359841381
1253.0, 0.01009403556089587
1254.0, 0.011776907067026325
1255.0, 0.005453525782488405
1256.0, 0.01163299249729113
1257.0, 0.006749461200270784
1258.0, 0.0064011399924070065
1259.0, 0.01291248852258207
1260.0, 0.006773455793440438
1261.0, 0.005782041032799455
1262.0, 0.005784240521746309
1263.0, 0.007464696642866001
1264.0, 0.00992841368184346
1265.0, 0.011252108467279618
1266.0, 0.008582516886938134
1267.0, 0.005620542978587115
1268.0, 0.0064087262993984375
1269.0, 0.007647899630876145
1270.0, 0.008019221660341882
1271.0, 0.007406266255968721
1272.0, 0.004226704732937368
1273.0, 0.006822182768854277
1274.0, 0.00759420217573137
1275.0, 0.006178915182228405
1276.0, 0.004766649117605135
1277.0, 0.006278104016316273
1278.0, 0.005157954446960422
1279.0, 0.005790662907341931
1280.0, 0.004648546024332551
1281.0, 0.003329434262736137
1282.0, 0.002719503839510311
1283.0, 0.0006484349646124973
1284.0, 0.004309975298614506
1285.0, 0.004341083085456376
1286.0, 0.003834747175669632
1287.0, 0.004329574907816434
1288.0, 0.005807156475219677
1289.0, 0.006152971347566695
1290.0, 0.006657819810405774
1291.0, 0.011197999250542729
1292.0, 0.009665619336186794
1293.0, 0.006513027023945546
1294.0, 0.010264248453875725
1295.0, 0.005275349462378861
1296.0, 0.005163724010394256
1297.0, 0.003938990401714023
1298.0, 0.0038304906221473724
1299.0, 0.007049495755245974
1300.0, 0.013036031126406522
1301.0, 0.00804776516814734
1302.0, 0.00826344255425198
1303.0, 0.0039281337767817
1304.0, 0.0027063530878617572
1305.0, 0.005834342894277544
1306.0, 0.004028536438434448
1307.0, 0.006684032054976199
1308.0, 0.0140222176810134
1309.0, 0.007896727093550306
1310.0, 0.005997839773678123
1311.0, 0.014341469805422297
1312.0, 0.005843489964669198
1313.0, 0.007335391880535003
1314.0, 0.0044168289828690485
1315.0, 0.0023389268562084703
1316.0, 0.003397034066632152
1317.0, 0.005667642406880887
1318.0, 0.001409293089492311
1319.0, 0.004902511551912045
1320.0, 0.009342947664504685
1321.0, 0.0097012743170372
1322.0, 0.005675240279584021
1323.0, 0.0021715808951387897
1324.0, 0.010949186256647028
1325.0, 0.005224407561104452
1326.0, 0.010792085441421847
1327.0, 0.012474790574858306
1328.0, 0.007079462518347967
1329.0, 0.0006537080133832185
1330.0, 0.00276387968120807
1331.0, 0.011370346901165314
1332.0, 0.012415927794583483
1333.0, 0.009764036022155542
1334.0, 0.006827064069054975
1335.0, 0.005630293246921041
1336.0, 0.007409522279427205
1337.0, 0.008418181026068457
1338.0, 0.008762523189449065
1339.0, 0.011238292251205723
1340.0, 0.015630617114843877
1341.0, 0.018889049142484408
1342.0, 0.01596119599808774
1343.0, 0.012057284917052363
1344.0, 0.010451399564575385
1345.0, 0.0117903473037857
1346.0, 0.014577380201396567
1347.0, 0.016680094160430918
1348.0, 0.019257932384388655
1349.0, 0.020577310539449393
1350.0, 0.016776203679015344
1351.0, 0.016852362774049827
1352.0, 0.01944408829354992
1353.0, 0.01677544502530956
1354.0, 0.013312433900449904
1355.0, 0.018556084171716905
1356.0, 0.011945217634398403
1357.0, 0.014017550521429873
1358.0, 0.022553268525437927
1359.0, 0.019906872819216343
1360.0, 0.012321090126055034
1361.0, 0.01939372219138893
1362.0, 0.017509533843204902
1363.0, 0.013718929852558423
1364.0, 0.014418344087604753
1365.0, 0.020083194727279173
1366.0, 0.01974093273261693
1367.0, 0.017094362070181744
1368.0, 0.01817807652282117
1369.0, 0.016838650989815396
1370.0, 0.011693531317268881
1371.0, 0.007009086164205193
1372.0, 0.01230577976066039
1373.0, 0.010949295312362588
1374.0, 0.011761239443701846
1375.0, 0.01610598005092643
1376.0, 0.017195050512663727
1377.0, 0.010491763344759349
1378.0, 0.011034052775854944
1379.0, 0.004480817340474496
1380.0, 0.004759204817279507
1381.0, 0.004196352322454758
1382.0, 0.0026426732432595357
1383.0, 0.004119123689113763
1384.0, 0.011454369751588516
1385.0, 0.011295265584713747
1386.0, 0.011232100433653781
1387.0, 0.006175953294432913
1388.0, 0.006026426376130888
1389.0, 0.013389595064127052
1390.0, 0.006145083469923435
1391.0, 0.011536402684542377
1392.0, 0.005152630525964452
1393.0, 0.0014392814104775492
1394.0, 0.004683452570089736
1395.0, 0.008708267716040496
1396.0, 0.0002476918531785998
1397.0, 0.003946394184729635
1398.0, 0.0013258817147773555
1399.0, 0.003422814086484938
1400.0, 0.0036607765865059815
1401.0, 0.0013737872933143895
1402.0, 0.005303707758765062
1403.0, 0.0015925184221088843
1404.0, 0.00029961426208441024
1405, 0.0
1406, 0.0
1407, 0.0
1408, 0.0
1409, 0.0
1410, 0.0
1411, 0.0
1412, 0.0
1413, 0.0
1414, 0.0
1415, 0.0
1416, 0.0
1417, 0.0
1418, 0.0
1419, 0.0
1420, 0.0
1421, 0.0
1422, 0.0
1423, 0.0
1424, 0.0
1425, 0.0
1426, 0.0
1427, 0.0
1428, 0.0
1429, 0.0
1430, 0.0
1431, 0.0
1432, 0.0
1433, 0.0
1434, 0.0
1435, 0.0
1436, 0.0
1437, 0.0
1438, 0.0
1439, 0.0
1440, 0.0
1441, 0.0
1442, 0.0
1443, 0.0
1444, 0.0
1445, 0.0
1446, 0.0
1447, 0.0
1448, 0.0
1449, 0.0
1450, 0.0
1451, 0.0
1452, 0.0
1453, 0.0
1454, 0.0
1455, 0.0
1456, 0.0
1457, 0.0
1458, 0.0
1459, 0.0
1460, 0.0
1461, 0.0
1462, 0.0
1463, 0.0
1464, 0.0
1465, 0.0
1466, 0.0
1467, 0.0
1468, 0.0
1469, 0.0
1470, 0.0
1471, 0.0
1472, 0.0
1473, 0.0
1474, 0.0
1475, 0.0
1476, 0.0
1477, 0.0
1478, 0.0
1479, 0.0
1480, 0.0
1481, 0.0
1482, 0.0
1483, 0.0
1484, 0.0
1485, 0.0
1486, 0.0
1487, 0.0
1488, 0.0
1489, 0.0
1490, 0.0
1491, 0.0
1492, 0.0
1493, 0.0
1494, 0.0
1495, 0.0
1496, 0.0
1497, 0.0
1498, 0.0
1499, 0.0
1500, 0.0
1501, 0.0
1502, 0.0
1503, 0.0
1504, 0.0
1505, 0.0
1506, 0.0
1507, 0.0
1508, 0.0
1509, 0.0
1510, 0.0
1511, 0.0
1512, 0.0
1513, 0.0
1514, 0.0
1515, 0.0
1516, 0.0
1517, 0.0
1518, 0.0
1519, 0.0
1520, 0.0
1521, 0.0
1522, 0.0
1523, 0.0
1524, 0.0
1525, 0.0
1526, 0.0
1527, 0.0
1528, 0.0
1529, 0.0
1530, 0.0
1531, 0.0
1532, 0.0
1533, 0.0
1534, 0.0
1535, 0.0
1536, 0.0
1537, 0.0
1538, 0.0
1539, 0.0
1540, 0.0
1541, 0.0
1542, 0.0
1543, 0.0
1544, 0.0
1545, 0.0
1546, 0.0
1547, 0.0
1548, 0.0
1549, 0.0
1550, 0.0
1551, 0.0
1552, 0.0
1553, 0.0
1554, 0.0
1555, 0.0
1556, 0.0
1557, 0.0
1558, 0.0
1559, 0.0
1560, 0.0
1561, 0.0
1562, 0.0
1563, 0.0
1564, 0.0
1565, 0.0
1566, 0.0
1567, 0.0
1568, 0.0
1569, 0.0
1570, 0.0
1571, 0.0
1572, 0.0
1573, 0.0
1574, 0.0
1575, 0.0
1576, 0.0
1577, 0.0
1578, 0.0
1579, 0.0
1580, 0.0
1581, 0.0
1582, 0.0
1583, 0.0
1584, 0.0
1585, 0.0
1586, 0.0
1587, 0.0
1588, 0.0
1589, 0.0
1590, 0.0
1591, 0.0
1592, 0.0
1593, 0.0
1594, 0.0
1595, 0.0
1596, 0.0
1597, 0.0
1598, 0.0
1599, 0.0
