30, 0.0
31, 0.0
32, 0.0
33, 0.0
34, 0.0
35, 0.0
36, 0.0
37, 0.0
38, 0.0
39, 0.0
40, 0.0
41, 0.0
42, 0.0
43, 0.0
44, 0.0
45, 0.0
46, 0.0
47, 0.0
48, 0.0
49, 0.0
50, 0.0
51, 0.0
52, 0.0
53, 0.0
54, 0.0
55, 0.0
56, 0.0
57, 0.0
58, 0.0
59, 0.0
60, 0.0
61, 0.0
62, 0.0
63, 0.0
64, 0.0
65, 0.0
66, 0.0
67, 0.0
68, 0.0
69, 0.0
70, 0.0
71, 0.0
72, 0.0
73, 0.0
74, 0.0
75, 0.0
76, 0.0
77, 0.0
78, 0.0
79, 0.0
80, 0.0
81, 0.0
82, 0.0
83, 0.0
84, 0.0
85, 0.0
86, 0.0
87, 0.0
88, 0.0
89, 0.0
90, 0.0
91, 0.0
92, 0.0
93, 0.0
94, 0.0
95, 0.0
96, 0.0
97, 0.0
98, 0.0
99, 0.0
100, 0.0
101, 0.0
102, 0.0
103, 0.0
104, 0.0
105, 0.0
106, 0.0
107, 0.0
108, 0.0
109, 0.0
110, 0.0
111, 0.0
112, 0.0
113, 0.0
114, 0.0
115, 0.0
116, 0.0
117, 0.0
118, 0.0
119, 0.0
120, 0.0
121, 0.0
122, 0.0
123, 0.0
124, 0.0
125, 0.0
126, 0.0
127, 0.0
128, 0.0
129, 0.0
130, 0.0
131, 0.0
132, 0.0
133, 0.0
134, 0.0
135, 0.0
136, 0.0
137, 0.0
138, 0.0
139, 0.0
140, 0.0
141, 0.0
142, 0.0
143.0, 2.1231649295865657e-05
144.0, 0.006248082815759758
145.0, 0.012060935956277854
146.0, 0.006095260224594624
147.0, 0.011223199882089342
148.0, 0.008707575559382374
149.0, 0.0025769563311206175
150.0, 0.002171602549472125
151.0, 0.010410308426169844
152.0, 0.015072347764240653
153.0, 0.009095348371248764
154.0, 0.0034346762435716453
155.0, 0.014756824810444314
156.0, 0.01591826293297145
157.0, 0.011389606577302648
158.0, 0.010409801352660232
159.0, 0.01502614550519661
160.0, 0.017489147265992783
161.0, 0.02032738812550708
162.0, 0.030579127899714568
163.0, 0.04838925937422433
164.0, 0.05749142346386843
165.0, 0.07096405559656531
166.0, 0.08627397904774742
167.0, 0.09736306024669278
168.0, 0.1026757652714773
169.0, 0.11740891216925507
170.0, 0.13059721527817467
171.0, 0.137387106295178
172.0, 0.14386429511207974
173.0, 0.16410532887090806
174.0, 0.17169481834537623
175.0, 0.17515484592218913
176.0, 0.1913626074771592
177.0, 0.1743553307091691
178.0, 0.20519986966382814
179.0, 0.21357546294460397
180.0, 0.1538430348631343
181.0, 0.12871353299428032
182.0, 0.09942398398652169
183.0, 0.07595349634666547
184.0, 0.06360761621871024
185.0, 0.04463842794237913
186.0, 0.034289925417118415
187.0, 0.029773591046368737
188.0, 0.027088784981211745
189.0, 0.022405774308669475
190.0, 0.023589905552453057
191.0, 0.023155278536327647
192.0, 0.01551283764865333
193.0, 0.002184400810360154
194.0, 0.0023057683440897026
195.0, 0.006141086658305013
196.0, 0.007182283165810773
197.0, 0.0005436603446422947
198.0, 0.006258797889436786
199.0, 0.0012668779906169923
200.0, 0.0016447056577806299
201.0, 0.004711400405699214
202.0, 0.00254815820398844
203.0, 0.010074062521907786
204.0, 0.021879792575298283
205.0, 0.027047307326287788
206.0, 0.029068030058351277
207.0, 0.03464561221661992
208.0, 0.0477106402186974
209.0, 0.06223389575021249
210.0, 0.07578708721159316
211.0, 0.09284472531966129
212.0, 0.10774129079315527
213.0, 0.12435658574921435
214.0, 0.14289483511276146
215.0, 0.16189187516012285
216.0, 0.18797755168792069
217.0, 0.20485053881115073
218.0, 0.23188001033814107
219.0, 0.2671620871570371
220.0, 0.26817871759132145
221.0, 0.289973881220923
222.0, 0.30249596165466275
223.0, 0.2988815068138556
224.0, 0.2970594759636766
225.0, 0.2780113070629458
226.0, 0.26048483566811476
227.0, 0.2401785368099097
228.0, 0.20878414278090632
229.0, 0.1841886632175577
230.0, 0.16174716522619212
231.0, 0.1406068557279485
232.0, 0.11907314092728362
233.0, 0.09423437702080874
234.0, 0.07498782533485691
235.0, 0.06603692028060679
236.0, 0.056484648810711954
237.0, 0.03806350950176003
238.0, 0.03133536350298756
239.0, 0.0337749747440273
240.0, 0.03229311472741532
241.0, 0.02078641950852627
242.0, 0.004583764777155896
243.0, 0.014182262611648006
244.0, 0.009646836220336134
245.0, 0.0014634218476273968
246.0, 0.000866391107284978
247.0, 0.002923527122879257
248.0, 0.005713498268599859
249.0, 0.0020008676498299623
250.0, 0.0070643654759067
251.0, 0.008644482202558236
252.0, 0.003439032231457025
253.0, 0.0010023034012370962
254.0, 0.004611901846769435
255.0, 0.006762010723139158
256.0, 0.007664637411296938
257.0, 0.004436793209596462
258.0, 0.009736036913017766
259.0, 0.02581662516433785
260.0, 0.03391433359213408
261.0, 0.03914163935923414
262.0, 0.04257800220935285
263.0, 0.052491996018976285
264.0, 0.0747246653948032
265.0, 0.09836838101341001
266.0, 0.10442082147845143
267.0, 0.1279302047206539
268.0, 0.16765348275583702
269.0, 0.18160347040741562
270.0, 0.2069773529145167
271.0, 0.24108115462989418
272.0, 0.2724544760464223
273.0, 0.29928078873009106
274.0, 0.34062863638516977
275.0, 0.3814184784657067
276.0, 0.41887488242569276
277.0, 0.44699664117154425
278.0, 0.46059469298741584
279.0, 0.4947574174488145
280.0, 0.500169706352396
281.0, 0.48640937104121934
282.0, 0.4722663310869232
283.0, 0.44664693707960706
284.0, 0.4050697323676747
285.0, 0.3487677687513669
286.0, 0.2940618332659261
287.0, 0.25818259082719347
288.0, 0.22205784247659002
289.0, 0.1911610227524909
290.0, 0.16745252894733262
291.0, 0.14533844568674023
292.0, 0.1187560478154457
293.0, 0.11002882851460975
294.0, 0.10299440094982476
295.0, 0.09150505782991683
296.0, 0.0796196922652544
297.0, 0.0750688942802282
298.0, 0.06557271699791159
299.0, 0.06240050081697924
300.0, 0.06337984766366829
301.0, 0.058278281586469624
302.0, 0.05695503315704661
303.0, 0.05022802306842246
304.0, 0.040608582053297176
305.0, 0.03646251722878181
306.0, 0.044478702726966815
307.0, 0.04325932822494417
308.0, 0.03318559589550192
309.0, 0.025349267766792496
310.0, 0.029343017223995092
311.0, 0.035878300991844275
312.0, 0.04608097202263123
313.0, 0.04709853360796511
314.0, 0.041169578692887336
315.0, 0.043475819184535025
316.0, 0.042776709105187924
317.0, 0.042489597899801675
318.0, 0.04519441440165332
319.0, 0.050019045536023064
320.0, 0.05389401651052061
321.0, 0.054773329502545674
322.0, 0.04936229734316027
323.0, 0.04012900651667406
324.0, 0.0340647050305251
325.0, 0.03889737177571265
326.0, 0.03582781997858312
327.0, 0.034154072393794054
328.0, 0.028821189879825748
329.0, 0.014644648088328452
330.0, 0.006826519191653129
331.0, 0.0013461660306731634
332.0, 0.001500268247151384
333.0, 0.0028297788090115086
334.0, 0.0023860103862281775
335.0, 0.001636373756412619
336.0, 0.0018850378529681425
337.0, 0.003331295295534855
338.0, 0.0019869735945872114
339.0, 0.002947280270576713
340.0, 0.0013442289175243749
341.0, 0.0014069187985860947
342.0, 0.0021779035910019303
343.0, 0.0028261577521457725
344.0, 0.011764476485909739
345.0, 0.007159144863350057
346.0, 0.001154853413447907
347.0, 0.0011391749038002228
348.0, 0.0050013503635812084
349.0, 0.0014669175101329496
350.0, 0.0011745245625234262
351.0, 0.0036344541782736767
352.0, 0.008679908472914647
353.0, 0.007731217018881141
354.0, 0.008884922089901721
355.0, 0.019060355901776262
356.0, 0.01870587704453382
357.0, 0.013613535632965218
358.0, 0.018915660554981818
359.0, 0.021122409627001383
360.0, 0.029493494812232436
361.0, 0.034126824634304255
362.0, 0.036849039799159086
363.0, 0.05022174530329313
364.0, 0.060843309609559144
365.0, 0.06303839233915962
366.0, 0.05897431334461275
367.0, 0.056223546319520375
368.0, 0.06377147290145586
369.0, 0.07390199719252241
370.0, 0.07834633639516451
371.0, 0.07702987319844978
372.0, 0.07513678301527399
373.0, 0.07712486491848915
374.0, 0.07624171901212574
375.0, 0.06391385153719797
376.0, 0.05475333589169621
377.0, 0.05654189841441441
378.0, 0.05337326330030825
379.0, 0.05261126572621387
380.0, 0.04453461246853005
381.0, 0.037301766707039025
382.0, 0.038156031323218535
383.0, 0.03171360497479919
384.0, 0.02633438467781662
385.0, 0.02092269817770614
386.0, 0.020530333096927443
387.0, 0.02336074622267449
388.0, 0.017809851481856938
389.0, 0.011644064373684877
390.0, 0.015627892388484686
391.0, 0.012054561031448195
392.0, 0.0010614992957459764
393.0, 0.0007439585728146967
394.0, 0.0023457821793213896
395.0, 0.0037189973594174324
396.0, 0.0025364527325248917
397.0, 0.0010036145229722433
398.0, 0.005683154970926806
399.0, 0.0014895620800589285
400.0, 0.006861172384183067
401.0, 0.008058975835253406
402.0, 0.001895973198681222
403.0, 0.0034144622336507785
404.0, 0.004535650022639013
405.0, 0.003999234277936173
406.0, 0.0018657285952943096
407.0, 0.0006160981538159746
408.0, 0.001613939823177246
409.0, 0.001054353184654086
410.0, 0.0018763863487267047
411.0, 0.0045853233067651026
412.0, 0.0031603571201165716
413.0, 0.004843225065924879
414.0, 0.0007980838666576391
415.0, 0.0073236047241313305
416.0, 0.013191691375591473
417.0, 0.0101862770114151
418.0, 0.008852137753040877
419.0, 0.010548421050481139
420.0, 0.015569059560218998
421.0, 0.014383904516235458
422.0, 0.007667116070757568
423.0, 0.012666835864232824
424.0, 0.012499572049550036
425.0, 0.013344667941120278
426.0, 0.014173686577292803
427.0, 0.01520825215925895
428.0, 0.01680312820848222
429.0, 0.006308702279677088
430.0, 0.004110566787572768
431.0, 0.0021206863661723118
432.0, 0.0019157035992412598
433.0, 0.0016105815633055641
434.0, 0.0016885992303751845
435.0, 0.008607553612277084
436.0, 0.005587605243989375
437.0, 0.0046192726299860805
438.0, 0.004042786856532967
439.0, 0.0009613691765748549
440.0, 0.005241134735692821
441.0, 0.012816985340785587
442.0, 0.01460184859919088
443.0, 0.009458271781697617
444.0, 0.0037825412601616053
445.0, 0.002318878154608567
446.0, 0.0009300515574726521
447.0, 0.0017486778305390027
448.0, 0.002350808841593348
449.0, 0.007432290406662077
450.0, 0.01188101429723045
451.0, 0.006278921186055623
452.0, 0.008101956436622449
453.0, 0.014137311756020485
454.0, 0.0055606296533037185
455.0, 0.007295324204410562
456.0, 0.009496744472862723
457.0, 0.006118011141768037
458.0, 0.0038901563521924623
459.0, 0.011554513983786827
460.0, 0.018530862812850116
461.0, 0.003863314585947729
462.0, 0.009440966555671072
463.0, 0.022166856220760724
464.0, 0.015590535960697609
465.0, 0.015281526527208364
466.0, 0.015768528054610403
467.0, 0.021828717542302516
468.0, 0.028825521515356396
469.0, 0.032721549924531204
470.0, 0.03602852156394011
471.0, 0.03858893053334381
472.0, 0.049132602883710325
473.0, 0.053878006259428506
474.0, 0.05311763522763841
475.0, 0.061977995373549234
476.0, 0.06804756928846666
477.0, 0.07757139196749258
478.0, 0.08922184784572917
479.0, 0.09614342520720734
480.0, 0.10076216716235217
481.0, 0.12124611647663924
482.0, 0.11799403572810471
483.0, 0.11489473374291656
484.0, 0.12319464631204025
485.0, 0.1369240419794469
486.0, 0.13730034107556952
487.0, 0.13188524418413267
488.0, 0.11517591449639179
489.0, 0.10470195695841261
490.0, 0.1058159316535822
491.0, 0.10490621916925892
492.0, 0.09821944149371181
493.0, 0.0919829483635315
494.0, 0.08926198990368907
495.0, 0.08994099023314958
496.0, 0.09141010460681992
497.0, 0.08663538567398758
498.0, 0.07730869236703625
499.0, 0.07695926874055897
500.0, 0.08549040758549782
501.0, 0.09364386799393008
502.0, 0.09212299569023033
503.0, 0.09827845985263353
504.0, 0.09524414516224358
505.0, 0.10129365026780654
506.0, 0.10812426795251398
507.0, 0.10136136953652328
508.0, 0.1001772300297023
509.0, 0.10551029316314081
510.0, 0.10223337403295575
511.0, 0.09442477552785952
512.0, 0.08551074080203773
513.0, 0.0733722346236716
514.0, 0.06639668166351642
515.0, 0.060098077732782876
516.0, 0.05431572908920975
517.0, 0.0461275963413239
518.0, 0.03824649026077633
519.0, 0.04150853019402462
520.0, 0.029953876067712243
521.0, 0.025550789095966493
522.0, 0.02650633912431877
523.0, 0.02530335169667063
524.0, 0.0225475540042078
525.0, 0.01723317470935083
526.0, 0.017755846904754003
527.0, 0.016631950734278266
528.0, 0.013675699295786733
529.0, 0.011845275039974122
530.0, 0.010167993551047177
531.0, 0.006148154894896648
532.0, 0.0035422963358907288
533.0, 0.0073919615263889765
534.0, 0.012279247096648287
535.0, 0.010931682269635356
536.0, 0.008390727997522362
537.0, 0.00631697405085246
538.0, 0.007179982481390512
539.0, 0.00947755377134777
540.0, 0.01250898144141131
541.0, 0.01567157540462159
542.0, 0.011545324514954106
543.0, 0.006036781305826567
544.0, 0.0020858198694673484
545.0, 0.001888606897475384
546.0, 0.002650189828402241
547.0, 0.00628019700919937
548.0, 0.009382209151941446
549.0, 0.015284945337659355
550.0, 0.015318170918927511
551.0, 0.010359130137632956
552.0, 0.007177516308043073
553.0, 0.0032656603791847154
554.0, 0.0013257693436053725
555.0, 0.0012649728095617352
556.0, 0.0012656865610396958
557.0, 0.003629712318483627
558.0, 0.010121659363083539
559.0, 0.008960354999236966
560.0, 0.00373531218318746
561.0, 0.0007615902406091855
562.0, 0.0031974497864114496
563.0, 0.002289308561342654
564.0, 0.0030876154734328096
565.0, 0.00011572666497550394
566.0, 0.011184052864124593
567.0, 0.009971203555445706
568.0, 0.004508446009609597
569.0, 0.007193189765743382
570.0, 0.003598083349817361
571.0, 0.011062039177787204
572.0, 0.01136410361343111
573.0, 0.0029172856054763604
574.0, 0.0030152904742480396
575.0, 0.0010578424542059003
576.0, 0.006058881866303193
577.0, 0.008533919240457313
578.0, 0.009666232807091248
579.0, 0.011592404023604817
580.0, 0.011674416368662576
581.0, 0.009186461058701172
582.0, 0.011235260998419663
583.0, 0.004288117507865116
584.0, 0.0026281540523157786
585.0, 0.003979744613662658
586.0, 0.004813194924554373
587.0, 0.00668646908605031
588.0, 0.006437207327541867
589.0, 0.00865033119492374
590.0, 0.0069150400170328915
591.0, 0.004055195290101941
592.0, 0.004235153083937395
593.0, 0.007688582838417302
594.0, 0.012779799112114328
595.0, 0.013154702777017808
596.0, 0.008119970764595155
597.0, 0.00421085535501811
598.0, 0.007099430078899616
599.0, 0.013973739137879047
600.0, 0.014967336124157942
601.0, 0.01265472194869564
602.0, 0.008167864360544893
603.0, 0.000845163375523229
604.0, 0.001883757042808276
605.0, 0.014701329253680537
606.0, 0.00256284435378055
607.0, 0.0027352920389577323
608.0, 0.0064732292390119964
609.0, 0.0026067463590079857
610.0, 0.0018928993179107457
611.0, 0.005126629559382431
612.0, 0.0053466065136592985
613.0, 0.001391915591139203
614.0, 0.008144778235675068
615.0, 0.011904582944255178
616.0, 0.008837294635001883
617.0, 0.008052145603536742
618.0, 0.008423162315139367
619.0, 0.0004559549446556967
620.0, 0.004556350065254092
621.0, 0.004466122462336319
622.0, 0.0016117431022461223
623.0, 0.007200521580750579
624.0, 0.0049625435323316135
625.0, 0.009655235545715065
626.0, 0.0039092992796138
627.0, 0.002329466245081715
628.0, 0.002235364187964342
629.0, 0.0010090826856597771
630.0, 0.007820732385005545
631.0, 0.013031253883773249
632.0, 0.007979362200116892
633.0, 0.0011698859889851278
634.0, 0.002614357553554673
635.0, 0.009570507421633914
636.0, 0.006561090683728956
637.0, 0.0033800580325768345
638.0, 0.007890124003316124
639.0, 0.00707768503453325
640.0, 0.0035389013474898057
641.0, 0.0022497851864541735
642.0, 0.0024599178348417216
643.0, 0.0043699906022870065
644.0, 0.0015551020983176644
645.0, 0.0024067336011125914
646.0, 0.0033031368775895673
647.0, 0.00899056525519983
648.0, 0.0028310902278786167
649.0, 0.0013892616117250015
650.0, 0.005911573173349756
651.0, 0.0034847553112197765
652.0, 0.001522490173677292
653.0, 0.007245622353733381
654.0, 0.012670850119654221
655.0, 0.006006137670649634
656.0, 0.01164343596651081
657.0, 0.010417020510395726
658.0, 0.011427954118238838
659.0, 0.009466930304028261
660.0, 0.0040356468811540164
661.0, 0.0035796410556575855
662.0, 0.001786335343423987
663.0, 0.006335781125427642
664.0, 0.013722677580082804
665.0, 0.017388153815431504
666.0, 0.015621627128439406
667.0, 0.012195435905784887
668.0, 0.00991855492691383
669.0, 0.008593898547290786
670.0, 0.011595426939845565
671.0, 0.013969732579700234
672.0, 0.009603623304652446
673.0, 0.002652630222971331
674.0, 0.0038827100228392905
675.0, 0.0070189917423045915
676.0, 0.01138216062471339
677.0, 0.008048337964108263
678.0, 0.009024763119627357
679.0, 0.013898776981114221
680.0, 0.0076533294673992785
681.0, 0.004337389702778731
682.0, 0.006962526878956036
683.0, 0.010004930809535082
684.0, 0.006247665193176407
685.0, 0.0029499514952731664
686.0, 0.004804691510081412
687.0, 0.004147612423768228
688.0, 0.00846296180594862
689.0, 0.009341139447297826
690.0, 0.006817704320322582
691.0, 0.006323802273958813
692.0, 0.008903964369922064
693.0, 0.010589835576714175
694.0, 0.010409589200000378
695.0, 0.015384065536298433
696.0, 0.015584182395876731
697.0, 0.011286539112202907
698.0, 0.0055962814304793196
699.0, 0.005351554576719975
700.0, 0.013528819675977946
701.0, 0.014518788302559338
702.0, 0.010387910966245814
703.0, 0.015007820274001129
704.0, 0.012733100282572844
705.0, 0.011894126339786803
706.0, 0.015305114381968198
707.0, 0.010715538330437563
708.0, 0.010439983580922038
709.0, 0.007354058017854148
710.0, 0.010823802756136107
711.0, 0.014654797232583859
712.0, 0.012734307643103349
713.0, 0.012791342106954085
714.0, 0.020218911132597127
715.0, 0.013747041380698393
716.0, 0.011914725475989135
717.0, 0.012249266869689239
718.0, 0.013694346263996845
719.0, 0.01230557190042696
720.0, 0.009224542656007579
721.0, 0.016990037895899243
722.0, 0.012343653037028859
723.0, 0.015626915009631415
724.0, 0.015986101690989758
725.0, 0.012959597798832177
726.0, 0.0073695224477102785
727.0, 0.0012550412448661722
728.0, 0.012886954099855826
729.0, 0.008113367132735923
730.0, 0.006462959231903663
731.0, 0.010866911337380764
732.0, 0.015408495444790556
733.0, 0.010509951429460557
734.0, 0.0006398238550962508
735.0, 0.00849146380611719
736.0, 0.016308995094629776
737.0, 0.009056428949723618
738.0, 0.00798526314761763
739.0, 0.009187032286945337
740.0, 0.004659264634118578
741.0, 0.0006576845947897367
742.0, 0.005444956622558631
743.0, 0.014330220371871948
744.0, 0.009809308233350484
745.0, 0.004054836694951301
746.0, 0.006522500434664723
747.0, 0.010323757669292742
748.0, 0.009382324255565034
749.0, 0.012446699761364975
750.0, 0.00435544476741152
751.0, 0.0040810525314695706
752.0, 0.0027743251540707356
753.0, 0.001183445096730445
754.0, 0.0033652577020843225
755.0, 0.0026199641631065116
756.0, 0.003075113468331692
757.0, 0.004757081630587692
758.0, 0.008045292159282494
759.0, 0.0071404563796712
760.0, 0.004358932606689357
761.0, 0.003405050477601979
762.0, 0.0027409204075073486
763.0, 0.0016297582327749454
764.0, 0.0006950964535245209
765.0, 0.0016133510715999745
766.0, 0.00021829034823072485
767.0, 0.005355672884898979
768.0, 0.005703109993118292
769.0, 0.0008449724620189368
770.0, 0.006914316277379459
771.0, 0.005849484475841371
772.0, 0.0008395064443453263
773.0, 0.00391412866394044
774.0, 0.001990555867026585
775.0, 0.0025852039563730896
776.0, 0.005551528680022903
777.0, 0.0013952616799664797
778.0, 0.0034243441994493283
779.0, 0.0010978516403553223
780.0, 0.007467616863665927
781.0, 0.006838914849415925
782.0, 0.0038632133308354136
783.0, 0.009787355394943152
784.0, 0.008105792547479462
785.0, 0.009868217649931003
786.0, 0.012722587980058942
787.0, 0.007010998063970065
788.0, 0.0037980063001829597
789.0, 0.0046638560783009726
790.0, 0.0019302334291306684
791.0, 0.002372228014099819
792.0, 0.0012154185803411389
793.0, 0.007500172428319491
794.0, 0.00572038549030865
795.0, 0.0024377078400074606
796.0, 0.0037603137144065664
797.0, 0.009595743699837253
798.0, 0.013089557014284783
799.0, 0.008069385793192772
800.0, 0.0035210055547189195
801.0, 0.019633992038146836
802.0, 0.0158654818562171
803.0, 0.0183687662991856
804.0, 0.021883608709994038
805.0, 0.02196610223035031
806.0, 0.02494845809671656
807.0, 0.03170749217823863
808.0, 0.03459485564965719
809.0, 0.03346762024925954
810.0, 0.03711054765244931
811.0, 0.04280711086007424
812.0, 0.038793175652795976
813.0, 0.03370584473700144
814.0, 0.04596130786837025
815.0, 0.06129591112126748
816.0, 0.06320288970191389
817.0, 0.06574327944591009
818.0, 0.0806907940631534
819.0, 0.08702101706915494
820.0, 0.09331227476773628
821.0, 0.10776916699984877
822.0, 0.11861032779048937
823.0, 0.1249657041852584
824.0, 0.1481747502274933
825.0, 0.1705869014394864
826.0, 0.18945771315958146
827.0, 0.21138820345602968
828.0, 0.24160128555787685
829.0, 0.2764597470852164
830.0, 0.30643059629889424
831.0, 0.33513514186095106
832.0, 0.3848922222973928
833.0, 0.419731330523774
834.0, 0.4485199697556245
835.0, 0.4771847167841345
836.0, 0.5012758348027913
837.0, 0.5186693378520394
838.0, 0.5292184954301399
839.0, 0.5349097335922169
840.0, 0.537464041261211
841.0, 0.535354077216541
842.0, 0.5427452154591395
843.0, 0.567103678075529
844.0, 0.5977710886868088
845.0, 0.6324266144946049
846.0, 0.6803604021246712
847.0, 0.7361217862576435
848.0, 0.8031901477161558
849.0, 0.86752576703383
850.0, 0.924743879038431
851.0, 0.9606314331185306
852.0, 0.9888393621983337
853.0, 0.9949568908357938
854.0, 0.9560170561564727
855.0, 0.906339946273555
856.0, 0.8410703213957815
857.0, 0.7651258410834711
858.0, 0.6903903033320418
859.0, 0.6177392778208022
860.0, 0.5561163081533567
861.0, 0.5094011417078104
862.0, 0.4741139080439573
863.0, 0.45475438060228823
864.0, 0.45221909201071636
865.0, 0.45768909142150643
866.0, 0.48473585624419185
867.0, 0.5110626970599155
868.0, 0.5453333487933384
869.0, 0.5947081688155744
870.0, 0.6429652706762266
871.0, 0.6843429605858518
872.0, 0.730992313116117
873.0, 0.7837127252128055
874.0, 0.8335441585258339
875.0, 0.8746014566678464
876.0, 0.8861005394575944
877.0, 0.8777053443863705
878.0, 0.8697461372617695
879.0, 0.8505719045729458
880.0, 0.7829901170061869
881.0, 0.7239163013867288
882.0, 0.6691749865836989
883.0, 0.5948074928578932
884.0, 0.5199665409613036
885.0, 0.45243744649555373
886.0, 0.3901753711981916
887.0, 0.33339658555477686
888.0, 0.2787572738937009
889.0, 0.24099268252653477
890.0, 0.20658513009431614
891.0, 0.17655884306665282
892.0, 0.14809163942776515
893.0, 0.13268705131603653
894.0, 0.11566447540896181
895.0, 0.09787313760736276
896.0, 0.08868766553382024
897.0, 0.07032076209845298
898.0, 0.06711831290772485
899.0, 0.059016720355187645
900.0, 0.05607701162740513
901.0, 0.049595853907128784
902.0, 0.04389307037473184
903.0, 0.04372219052366452
904.0, 0.04115537855141196
905.0, 0.02905908506492377
906.0, 0.023652962310716102
907.0, 0.01702770041014191
908.0, 0.016130640152372783
909.0, 0.017127027064702732
910.0, 0.010705222272917671
911.0, 0.011139999372755935
912.0, 0.016054369347289897
913.0, 0.016690978911279013
914.0, 0.015795001760187926
915.0, 0.0068746549821524835
916.0, 0.003117870411052499
917.0, 0.0077488859705603375
918.0, 0.00614446742644178
919.0, 0.0011638221925513558
920.0, 0.0014730370385862804
921.0, 0.003611360824104592
922.0, 0.005454369269552171
923.0, 0.003841813114196051
924.0, 0.000618134030488089
925.0, 0.0015069353756469613
926.0, 0.0029786872039863624
927.0, 0.005259764795147459
928.0, 0.00025048506994748286
929.0, 0.0022387428918437813
930.0, 0.0006242425423147988
931.0, 0.0028022260244144875
932.0, 0.005670114087302086
933.0, 0.0004378382899220109
934.0, 0.00013079589989985218
935.0, 0.0002711470121072246
936.0, 0.002307418175399051
937.0, 0.0028299969119999608
938.0, 0.00547769237879431
939.0, 0.0011110690021896431
940.0, 0.001796252836850351
941.0, 0.0008777355058987088
942.0, 0.001156252146743655
943.0, 0.00586069094063883
944.0, 0.0025906700216138047
945.0, 0.002821135697346621
946.0, 0.001120860042898191
947.0, 0.0013756633406725915
948.0, 0.000911409197450928
949.0, 0.002553988519089988
950.0, 0.002521171145047872
951.0, 5.296166380565317e-05
952.0, 0.0010231859780409018
953.0, 0.006732594309006118
954.0, 0.0017773942035536796
955.0, 0.0011433676086325037
956.0, 0.005055936127919692
957.0, 0.002412992516101161
958.0, 0.0005726448902488124
959.0, 0.0012842786729669287
960.0, 0.0007688768321863488
961.0, 0.0043771970388957445
962.0, 0.005420794971783078
963.0, 0.0049371204263812425
964.0, 0.0014013239966951087
965.0, 0.005555173305429901
966.0, 0.007979987806900998
967.0, 0.0019615267674777314
968.0, 0.0040262882138332136
969.0, 0.013755464076053683
970.0, 0.015077748107002548
971.0, 0.006920977077412865
972.0, 0.0024299980644157887
973.0, 0.0070037235731789296
974.0, 0.013755220287835991
975.0, 0.011537081093336168
976.0, 0.009099950994708639
977.0, 0.013693386690873577
978.0, 0.013179259889740856
979.0, 0.00896820245571293
980.0, 0.013637645313706046
981.0, 0.015033022938680635
982.0, 0.007517713798967636
983.0, 0.012965990403814465
984.0, 0.01155510838979964
985.0, 0.01582875987191494
986.0, 0.017756883367329397
987.0, 0.01752407127070619
988.0, 0.01514670840283422
989.0, 0.011262470945500402
990.0, 0.015839859558227715
991.0, 0.021528949353450084
992.0, 0.00980477974404304
993.0, 0.02568597683390436
994.0, 0.019459170601610093
995.0, 0.019729849376453206
996.0, 0.01773707670984856
997.0, 0.013179270783512066
998.0, 0.015821364853138575
999.0, 0.021116543169384334
1000.0, 0.020997298837458992
1001.0, 0.019692021600672883
1002.0, 0.019447416648497154
1003.0, 0.017773299380580622
1004.0, 0.015613384645060163
1005.0, 0.012027484443558006
1006.0, 0.01073234555221463
1007.0, 0.008339867862587403
1008.0, 0.009996586311234252
1009.0, 0.012186481462526585
1010.0, 0.011846990248545696
1011.0, 0.015882529929011527
1012.0, 0.01738487683664016
1013.0, 0.008492404874817363
1014.0, 0.015707076731789973
1015.0, 0.022312994243711984
1016.0, 0.020253646019724618
1017.0, 0.012219067397392147
1018.0, 0.015826045058047723
1019.0, 0.007068125566397675
1020.0, 0.004619474337689815
1021.0, 0.018215924450916063
1022.0, 0.017309657078305896
1023.0, 0.016785193643349263
1024.0, 0.005499281654845605
1025.0, 0.011093032581066017
1026.0, 0.0059483292153186314
1027.0, 0.01752732477759668
1028.0, 0.01551481877295187
1029.0, 0.007694032614903366
1030.0, 0.007794097637070667
1031.0, 0.007564976695960625
1032.0, 0.01125940043615494
1033.0, 0.019829034465617446
1034.0, 0.008355907290443734
1035.0, 0.007586420135377925
1036.0, 0.01894157049704045
1037.0, 3.451280864926747e-05
1038.0, 0.010417066376497636
1039.0, 0.01390876426876312
1040.0, 0.003852187575490503
1041.0, 0.003983834672042376
1042.0, 0.0029743919992257914
1043.0, 0.0120010909601154
1044.0, 0.010006672527905465
1045.0, 0.005993913878842856
1046.0, 0.0154706980908743
1047.0, 0.01621854241366311
1048.0, 0.009982039532465204
1049.0, 0.007375533732191132
1050.0, 0.00102271988783996
1051.0, 0.01584622035314752
1052.0, 0.012949249307127
1053.0, 0.009505734087946352
1054.0, 0.007857745012721606
1055.0, 0.0030983647350077887
1056.0, 0.010047593551960898
1057.0, 0.00873936719147832
1058.0, 0.008314915049809567
1059.0, 0.0064069010794862375
1060.0, 0.005641264624815298
1061.0, 0.005915778312925547
1062.0, 0.00393375620796817
1063.0, 0.005584800902229071
1064.0, 0.009418015123070625
1065.0, 0.008331977371258126
1066.0, 0.00279386646292901
1067.0, 0.002535580454051775
1068.0, 0.006815623097280777
1069.0, 0.005028734693314736
1070.0, 0.01167793540152644
1071.0, 0.010300773091121977
1072.0, 0.00643548184609035
1073.0, 0.0009424933561684545
1074.0, 0.007876314975883548
1075.0, 0.010863163072873739
1076.0, 0.00877063923227685
1077.0, 0.008120966102495323
1078.0, 0.00450756135431364
1079.0, 0.0007761195253786152
1080.0, 0.0028712245140677774
1081.0, 0.009796809846442402
1082.0, 0.0024246050950348015
1083.0, 0.007559300667367896
1084.0, 0.003150674099828408
1085.0, 0.009971643824019384
1086.0, 0.014255636939194913
1087.0, 0.009371463579455452
1088.0, 0.009893148878763473
1089.0, 0.005436236164950241
1090.0, 0.0046402287721079676
1091.0, 0.006023560303274272
1092.0, 0.0035504898609682455
1093.0, 0.005871494353350382
1094.0, 0.007517107807285511
1095.0, 0.005612979086264095
1096.0, 0.001601155377960579
1097.0, 0.003338611664670947
1098.0, 0.0007755697863122491
1099.0, 0.005944859622146263
1100.0, 0.0066938614609129915
1101.0, 0.005492722066147015
1102.0, 0.003993646217357466
1103.0, 0.009069117202111069
1104.0, 0.011294533697903902
1105.0, 0.004660792994178343
1106.0, 0.0045680390698173475
1107.0, 0.012526919259593419
1108.0, 0.010091577620953559
1109.0, 0.007927792023965579
1110.0, 0.00404139989172992
1111.0, 0.005447701490534902
1112.0, 0.006872277567350362
1113.0, 0.0061680619650109365
1114.0, 0.01163200453705066
1115.0, 0.009172302335003863
1116.0, 0.016098026034718025
1117.0, 0.012199952156586369
1118.0, 0.0003362559177927493
1119.0, 0.008537564524624158
1120.0, 0.013890923509169782
1121.0, 0.008338724133119481
1122.0, 0.004222075852615872
1123.0, 0.001733509266757148
1124.0, 0.008547300024857232
1125.0, 0.006026826786236015
1126.0, 0.0028001372668530547
1127.0, 0.0026962523365631442
1128.0, 0.0028050993982210613
1129.0, 0.005371005767151131
1130.0, 0.005619789105111635
1131.0, 0.004122379113202425
1132.0, 0.005449280664821004
1133.0, 0.00790961097942058
1134.0, 0.009692230237006185
1135.0, 0.00907147576853402
1136.0, 0.0014069387960016582
1137.0, 0.0013043624902854692
1138.0, 0.0005711675144681422
1139.0, 0.0034033088471838247
1140.0, 0.009830839790273238
1141.0, 0.008823274436855016
1142.0, 0.009673675046459865
1143.0, 0.011749621420423425
1144.0, 0.014156414794854794
1145.0, 0.015276744179879578
1146.0, 0.005651158860575014
1147.0, 0.0038476096756672987
1148.0, 0.0018423190425941988
1149.0, 0.004679591110598498
1150.0, 0.007481270392570357
1151.0, 0.006621583831164569
1152.0, 0.0053777464406256645
1153.0, 0.006151911188710144
1154.0, 0.0033989296190591422
1155.0, 0.0020771126969965107
1156.0, 0.0037827236787750045
1157.0, 0.007355992845506519
1158.0, 0.006449897162935135
1159.0, 0.0065335512392761695
1160.0, 0.003623553743198578
1161.0, 0.000880681263147505
1162.0, 0.004136293835919706
1163.0, 0.007139220296389871
1164.0, 0.00549865307010446
1165.0, 0.004612589530434941
1166.0, 0.003181326791488478
1167.0, 0.0039622218166605
1168.0, 0.003200970546144578
1169.0, 0.009001436540066464
1170.0, 0.004619930232243342
1171.0, 0.005017963243437942
1172.0, 0.0020021192792503075
1173.0, 0.005967250832278045
1174.0, 0.0011105735832303118
1175.0, 0.004870821584525428
1176.0, 0.008005493812037075
1177.0, 0.005237870102374783
1178.0, 0.008744733481359335
1179.0, 0.00721428421779148
1180.0, 0.007043455303737033
1181.0, 0.008076902047417999
1182.0, 0.0049992068571394965
1183.0, 0.004921400936900403
1184.0, 0.013207488853294922
1185.0, 0.011561200167993018
1186.0, 0.0050895495208006835
1187.0, 0.008472952874279113
1188.0, 0.011517387010232935
1189.0, 0.016212336695422713
1190.0, 0.0044512763977649205
1191.0, 0.0015698384669712638
1192.0, 0.002699667301672092
1193.0, 0.005867719567477166
1194.0, 0.008653377550080069
1195.0, 0.001375985677894687
1196.0, 0.003743825092142338
1197.0, 0.012710370364161323
1198.0, 0.006177934279718287
1199.0, 0.011214084691859649
1200.0, 0.015472165327568241
1201.0, 0.013082412137124515
1202.0, 0.01357182715784903
1203.0, 0.0075515130155869425
1204.0, 0.008906254293975544
1205.0, 0.008985063037949185
1206.0, 0.007526458459616056
1207.0, 0.012372714628755171
1208.0, 0.011003276908268494
1209.0, 0.004750492093996388
1210.0, 0.01200475593969141
1211.0, 0.009815612373108398
1212.0, 0.0029538429494717373
1213.0, 0.007150436506100318
1214.0, 0.005512158435774124
1215.0, 0.0020485375521870812
1216.0, 0.008890669370232203
1217.0, 0.004861499560487329
1218.0, 0.011434097800648855
1219.0, 0.003923230245845957
1220.0, 0.009441231119946903
1221.0, 0.012278704752905541
1222.0, 0.01227145216133435
1223.0, 0.010356248763774905
1224.0, 0.001814180602616324
1225.0, 0.0013577908275224642
1226.0, 0.013063912657816819
1227.0, 0.008655790754581666
1228.0, 0.008838940294439518
1229.0, 0.009589071303490872
1230.0, 0.00750375626244181
1231.0, 0.006693057357511978
1232.0, 0.005752690511060902
1233.0, 0.0043383991563816825
1234.0, 0.0037240744716410847
1235.0, 0.00930657121229308
1236.0, 0.014712627915696021
1237.0, 0.011031944107063069
1238.0, 0.01013866692432388
1239.0, 0.012202624493111143
1240.0, 0.011397745462992636
1241.0, 0.013946014818671141
1242.0, 0.008945420546386772
1243.0, 0.0073386965558057205
1244.0, 0.01455739560520131
1245.0, 0.01239372581596098
1246.0, 0.007924695582333713
1247.0, 0.007748562145672248
1248.0, 0.013489218380873828
1249.0, 0.009288437601357735
1250.0, 0.0067608640942239595
1251.0, 0.008886103280877343
1252.0, 0.006026158194143767
1253.0, 0.003388670696833942
1254.0, 0.008870888525294315
1255.0, 0.015460994304987851
1256.0, 0.01170431499114333
1257.0, 0.007096807288604516
1258.0, 0.008239377538157575
1259.0, 0.007512906563223117
1260.0, 0.007986772088746302
1261.0, 0.0020616079255245325
1262.0, 0.00893056959155515
1263.0, 0.005711485682114782
1264.0, 0.0023359457728229114
1265.0, 0.005660341668818577
1266.0, 0.0011515753476888735
1267.0, 0.0038016992670248852
1268.0, 0.014884334083120336
1269.0, 0.012494990231123842
1270.0, 0.013046522645601537
1271.0, 0.01379227858752108
1272.0, 0.007961465299970836
1273.0, 0.003677969409715533
1274.0, 0.004485537222360185
1275.0, 0.002110442200965911
1276.0, 0.0008457010569002492
1277, 0.0
1278, 0.0
1279, 0.0
1280, 0.0
1281, 0.0
1282, 0.0
1283, 0.0
1284, 0.0
1285, 0.0
1286, 0.0
1287, 0.0
1288, 0.0
1289, 0.0
1290, 0.0
1291, 0.0
1292, 0.0
1293, 0.0
1294, 0.0
1295, 0.0
1296, 0.0
1297, 0.0
1298, 0.0
1299, 0.0
1300, 0.0
1301, 0.0
1302, 0.0
1303, 0.0
1304, 0.0
1305, 0.0
1306, 0.0
1307, 0.0
1308, 0.0
1309, 0.0
1310, 0.0
1311, 0.0
1312, 0.0
1313, 0.0
1314, 0.0
1315, 0.0
1316, 0.0
1317, 0.0
1318, 0.0
1319, 0.0
1320, 0.0
1321, 0.0
1322, 0.0
1323, 0.0
1324, 0.0
1325, 0.0
1326, 0.0
1327, 0.0
1328, 0.0
1329, 0.0
1330, 0.0
1331, 0.0
1332, 0.0
1333, 0.0
1334, 0.0
1335, 0.0
1336, 0.0
1337, 0.0
1338, 0.0
1339, 0.0
1340, 0.0
1341, 0.0
1342, 0.0
1343, 0.0
1344, 0.0
1345, 0.0
1346, 0.0
1347, 0.0
1348, 0.0
1349, 0.0
1350, 0.0
1351, 0.0
1352, 0.0
1353, 0.0
1354, 0.0
1355, 0.0
1356, 0.0
1357, 0.0
1358, 0.0
1359, 0.0
1360, 0.0
1361, 0.0
1362, 0.0
1363, 0.0
1364, 0.0
1365, 0.0
1366, 0.0
1367, 0.0
1368, 0.0
1369, 0.0
1370, 0.0
1371, 0.0
1372, 0.0
1373, 0.0
1374, 0.0
1375, 0.0
1376, 0.0
1377, 0.0
1378, 0.0
1379, 0.0
1380, 0.0
1381, 0.0
1382, 0.0
1383, 0.0
1384, 0.0
1385, 0.0
1386, 0.0
1387, 0.0
1388, 0.0
1389, 0.0
1390, 0.0
1391, 0.0
1392, 0.0
1393, 0.0
1394, 0.0
1395, 0.0
1396, 0.0
1397, 0.0
1398, 0.0
1399, 0.0
1400, 0.0
1401, 0.0
1402, 0.0
1403, 0.0
1404, 0.0
1405, 0.0
1406, 0.0
1407, 0.0
1408, 0.0
1409, 0.0
1410, 0.0
1411, 0.0
1412, 0.0
1413, 0.0
1414, 0.0
1415, 0.0
1416, 0.0
1417, 0.0
1418, 0.0
1419, 0.0
1420, 0.0
1421, 0.0
1422, 0.0
1423, 0.0
1424, 0.0
1425, 0.0
1426, 0.0
1427, 0.0
1428, 0.0
1429, 0.0
1430, 0.0
1431, 0.0
1432, 0.0
1433, 0.0
1434, 0.0
1435, 0.0
1436, 0.0
1437, 0.0
1438, 0.0
1439, 0.0
1440, 0.0
1441, 0.0
1442, 0.0
1443, 0.0
1444, 0.0
1445, 0.0
1446, 0.0
1447, 0.0
1448, 0.0
1449, 0.0
1450, 0.0
1451, 0.0
1452, 0.0
1453, 0.0
1454, 0.0
1455, 0.0
1456, 0.0
1457, 0.0
1458, 0.0
1459, 0.0
1460, 0.0
1461, 0.0
1462, 0.0
1463, 0.0
1464, 0.0
1465, 0.0
1466, 0.0
1467, 0.0
1468, 0.0
1469, 0.0
1470, 0.0
1471, 0.0
1472, 0.0
1473, 0.0
1474, 0.0
1475, 0.0
1476, 0.0
1477, 0.0
1478, 0.0
1479, 0.0
1480, 0.0
1481, 0.0
1482, 0.0
1483, 0.0
1484, 0.0
1485, 0.0
1486, 0.0
1487, 0.0
1488, 0.0
1489, 0.0
1490, 0.0
1491, 0.0
1492, 0.0
1493, 0.0
1494, 0.0
1495, 0.0
1496, 0.0
1497, 0.0
1498, 0.0
1499, 0.0
1500, 0.0
1501, 0.0
1502, 0.0
1503, 0.0
1504, 0.0
1505, 0.0
1506, 0.0
1507, 0.0
1508, 0.0
1509, 0.0
1510, 0.0
1511, 0.0
1512, 0.0
1513, 0.0
1514, 0.0
1515, 0.0
1516, 0.0
1517, 0.0
1518, 0.0
1519, 0.0
1520, 0.0
1521, 0.0
1522, 0.0
1523, 0.0
1524, 0.0
1525, 0.0
1526, 0.0
1527, 0.0
1528, 0.0
1529, 0.0
1530, 0.0
1531, 0.0
1532, 0.0
1533, 0.0
1534, 0.0
1535, 0.0
1536, 0.0
1537, 0.0
1538, 0.0
1539, 0.0
1540, 0.0
1541, 0.0
1542, 0.0
1543, 0.0
1544, 0.0
1545, 0.0
1546, 0.0
1547, 0.0
1548, 0.0
1549, 0.0
1550, 0.0
1551, 0.0
1552, 0.0
1553, 0.0
1554, 0.0
1555, 0.0
1556, 0.0
1557, 0.0
1558, 0.0
1559, 0.0
1560, 0.0
1561, 0.0
1562, 0.0
1563, 0.0
1564, 0.0
1565, 0.0
1566, 0.0
1567, 0.0
1568, 0.0
1569, 0.0
1570, 0.0
1571, 0.0
1572, 0.0
1573, 0.0
1574, 0.0
1575, 0.0
1576, 0.0
1577, 0.0
1578, 0.0
1579, 0.0
1580, 0.0
1581, 0.0
1582, 0.0
1583, 0.0
1584, 0.0
1585, 0.0
1586, 0.0
1587, 0.0
1588, 0.0
1589, 0.0
1590, 0.0
1591, 0.0
1592, 0.0
1593, 0.0
1594, 0.0
1595, 0.0
1596, 0.0
1597, 0.0
1598, 0.0
1599, 0.0
