30, 0.0
31, 0.0
32, 0.0
33, 0.0
34, 0.0
35, 0.0
36, 0.0
37, 0.0
38, 0.0
39, 0.0
40, 0.0
41, 0.0
42, 0.0
43, 0.0
44, 0.0
45, 0.0
46, 0.0
47, 0.0
48, 0.0
49, 0.0
50, 0.0
51, 0.0
52, 0.0
53, 0.0
54, 0.0
55, 0.0
56, 0.0
57, 0.0
58, 0.0
59, 0.0
60, 0.0
61, 0.0
62, 0.0
63, 0.0
64, 0.0
65, 0.0
66, 0.0
67, 0.0
68, 0.0
69, 0.0
70, 0.0
71, 0.0
72, 0.0
73, 0.0
74, 0.0
75, 0.0
76, 0.0
77, 0.0
78, 0.0
79, 0.0
80, 0.0
81, 0.0
82, 0.0
83, 0.0
84, 0.0
85, 0.0
86, 0.0
87, 0.0
88, 0.0
89, 0.0
90, 0.0
91, 0.0
92, 0.0
93, 0.0
94, 0.0
95, 0.0
96, 0.0
97, 0.0
98, 0.0
99, 0.0
100, 0.0
101, 0.0
102, 0.0
103, 0.0
104, 0.0
105, 0.0
106, 0.0
107, 0.0
108, 0.0
109, 0.0
110, 0.0
111, 0.0
112, 0.0
113, 0.0
114, 0.0
115, 0.0
116, 0.0
117, 0.0
118, 0.0
119, 0.0
120, 0.0
121, 0.0
122, 0.0
123, 0.0
124, 0.0
125, 0.0
126, 0.0
127, 0.0
128, 0.0
129, 0.0
130, 0.0
131, 0.0
132, 0.0
133, 0.0
134, 0.0
135, 0.0
136, 0.0
137, 0.0
138, 0.0
139, 0.0
140, 0.0
141, 0.0
142, 0.0
143, 0.0
144, 0.0
145, 0.0
146, 0.0
147, 0.0
148, 0.0
149, 0.0
150, 0.0
151, 0.0
152, 0.0
153.0, 0.0005855266068374505
154.0, 0.001040231948172397
155.0, 0.00015598724066498505
156.0, 4.307588793890826e-05
157.0, 5.8393175460217856e-05
158.0, 0.000185351755358578
159.0, 0.00018036069699764866
160.0, 0.00015170971545537456
161.0, 0.0003445053124762511
162.0, 0.001822166032610891
163.0, 0.004514473225781981
164.0, 0.005607685977101071
165.0, 0.006890846877971011
166.0, 0.009956652014727627
167.0, 0.014611561356988373
168.0, 0.020165003110242538
169.0, 0.02632957082328626
170.0, 0.03290166315242539
171.0, 0.03982340563436962
172.0, 0.04735745246194656
173.0, 0.054291041784624704
174.0, 0.06097594556976872
175.0, 0.0678628150221312
176.0, 0.07435271159914014
177.0, 0.08041144922191479
178.0, 0.08656379986504648
179.0, 0.0933598374195108
180.0, 0.1014020040773565
181.0, 0.11157083342798395
182.0, 0.1215286143609724
183.0, 0.13115998404841905
184.0, 0.14212378770149833
185.0, 0.15349141411856676
186.0, 0.1654863015050014
187.0, 0.1779804904422147
188.0, 0.19011078318839245
189.0, 0.2002432059735998
190.0, 0.20620264411337957
191.0, 0.20283907549748673
192.0, 0.1904979258444156
193.0, 0.17390521814412085
194.0, 0.15037925989867415
195.0, 0.1264798991412889
196.0, 0.10511586233526014
197.0, 0.0870938816223794
198.0, 0.07199506406958274
199.0, 0.05959991446132225
200.0, 0.05020011628396353
201.0, 0.043580899427885414
202.0, 0.03837389696053621
203.0, 0.03307291302908309
204.0, 0.028878114371184864
205.0, 0.025623329302939205
206.0, 0.02267997489009642
207.0, 0.021386683425109736
208.0, 0.020712733054939057
209.0, 0.02003267802901129
210.0, 0.01913995859641052
211.0, 0.018001893582938366
212.0, 0.018533894401002126
213.0, 0.019499569745224113
214.0, 0.020969333490899557
215.0, 0.02396779591390961
216.0, 0.02766139005782328
217.0, 0.031593794619383046
218.0, 0.03674504477907331
219.0, 0.04350144773790009
220.0, 0.050129794394627024
221.0, 0.05738686283724637
222.0, 0.06542026704262535
223.0, 0.07460585776908117
224.0, 0.08466267970429477
225.0, 0.093245968996291
226.0, 0.10125606817974361
227.0, 0.10970255282659351
228.0, 0.11878180509185608
229.0, 0.1277596975834282
230.0, 0.13682263387333327
231.0, 0.1459615642056604
232.0, 0.15734828216134983
233.0, 0.17319833209927366
234.0, 0.1808093978851238
235.0, 0.1904795006264978
236.0, 0.20173860939232635
237.0, 0.21137855862810284
238.0, 0.22023012728579305
239.0, 0.2264066976907326
240.0, 0.22906913799012044
241.0, 0.22786152701141232
242.0, 0.22181813583722051
243.0, 0.2076376139852479
244.0, 0.19057185133644983
245.0, 0.171186536262959
246.0, 0.14985773377130088
247.0, 0.12890374668425167
248.0, 0.11005800884365272
249.0, 0.09332085296574999
250.0, 0.07844345611330453
251.0, 0.06557816818225413
252.0, 0.055410650922530454
253.0, 0.04642643376549358
254.0, 0.03904846240583718
255.0, 0.03347585418215955
256.0, 0.029162951310803296
257.0, 0.023538846251334206
258.0, 0.019232962506718337
259.0, 0.01616622528578546
260.0, 0.013396417829022041
261.0, 0.012733402507509836
262.0, 0.011682179109531203
263.0, 0.00984070608786729
264.0, 0.0072728185218745925
265.0, 0.004592123937718124
266.0, 0.003620202698884694
267.0, 0.0033709052317336305
268.0, 0.0024849404437644186
269.0, 0.0011636410555333962
270.0, 0.000949235498955134
271.0, 0.0009878892509860313
272.0, 0.0002507798183937327
273.0, 0.001456877770906876
274.0, 0.0015632487712900366
275.0, 0.0026709901241060686
276.0, 0.0025497135822483406
277.0, 0.002165997597519129
278.0, 0.0019340110340944554
279.0, 0.0014655011819105818
280.0, 0.002262282485124917
281.0, 0.0020430219318865596
282.0, 0.0010892481845710214
283.0, 0.00024542104067592704
284.0, 0.0004067676921965447
285.0, 0.0009807158702299192
286.0, 0.0012234958925288549
287.0, 0.0017971030722404972
288.0, 0.003489692741690712
289.0, 0.0053929982636982815
290.0, 0.007668186077969299
291.0, 0.009986802807625816
292.0, 0.012445136647397098
293.0, 0.015514339816542959
294.0, 0.018952329241726504
295.0, 0.023304531707313576
296.0, 0.028053019548472887
297.0, 0.03397105834838449
298.0, 0.043089205390231096
299.0, 0.050631999717514795
300.0, 0.05875495561630612
301.0, 0.06631578709391066
302.0, 0.07291537081970749
303.0, 0.08279247611822889
304.0, 0.09600745771827089
305.0, 0.10537718003271418
306.0, 0.11259333999665942
307.0, 0.12313390536177166
308.0, 0.13425897573107534
309.0, 0.14471671324406943
310.0, 0.15498322711362295
311.0, 0.16585108296576584
312.0, 0.17775114714763857
313.0, 0.1888674736820753
314.0, 0.20111674070021426
315.0, 0.2121977284308026
316.0, 0.22215599550186227
317.0, 0.23482681273781547
318.0, 0.24217631122234462
319.0, 0.24619935450263647
320.0, 0.24650946622627837
321.0, 0.2421479755377678
322.0, 0.23367958811292863
323.0, 0.22019361705236382
324.0, 0.20169357775722524
325.0, 0.18124418616213317
326.0, 0.1610188638374157
327.0, 0.13967729829432196
328.0, 0.11994545431619477
329.0, 0.10240994935124159
330.0, 0.08705511370357372
331.0, 0.07392827806858245
332.0, 0.06359700052530874
333.0, 0.05414795836832181
334.0, 0.04444484133421121
335.0, 0.03697047744364149
336.0, 0.03393286406174082
337.0, 0.02799453117982002
338.0, 0.023163422212760472
339.0, 0.0197210712872123
340.0, 0.016671621444780953
341.0, 0.012977931641612369
342.0, 0.010789262938512106
343.0, 0.008539129717538473
344.0, 0.006759386485560385
345.0, 0.005894150440177949
346.0, 0.004860791452272234
347.0, 0.0028825388071424336
348.0, 0.001473506226141367
349.0, 0.0005889224529479053
350.0, 0.00022522432115258643
351.0, 0.0007711271419409236
352.0, 0.0004171649319168619
353.0, 0.0007367247364345087
354.0, 0.0006639070625365692
355.0, 0.0009364504424921867
356.0, 0.0012126734652383318
357.0, 0.0008530457777013763
358.0, 0.00024210424894839633
359.0, 0.0011417906714983439
360.0, 0.0021030568033835696
361.0, 0.0033119136510643328
362.0, 0.0051388199712295605
363.0, 0.006148377277120027
364.0, 0.00755056762471807
365.0, 0.0101641258152876
366.0, 0.012663896229476265
367.0, 0.014015818092107729
368.0, 0.015657359467675793
369.0, 0.018019663835273144
370.0, 0.020633460893249692
371.0, 0.0221753137724337
372.0, 0.024445683955752813
373.0, 0.02657024691579978
374.0, 0.02881329986126452
375.0, 0.03141493028044161
376.0, 0.03350910126424296
377.0, 0.03621185361407057
378.0, 0.038067839253921466
379.0, 0.038998175059659426
380.0, 0.03933465412347509
381.0, 0.038811271488882894
382.0, 0.038057810470355245
383.0, 0.03623936327113118
384.0, 0.03313783138324494
385.0, 0.029400069526776772
386.0, 0.02585432301137269
387.0, 0.022355799001258142
388.0, 0.019192314334407885
389.0, 0.0164746352932363
390.0, 0.013706728600944941
391.0, 0.010325032399559168
392.0, 0.00877567608198575
393.0, 0.008694672897612082
394.0, 0.008511842991387405
395.0, 0.007448622247053449
396.0, 0.006074107223636136
397.0, 0.006461953524655209
398.0, 0.006490625339949573
399.0, 0.006766709593606106
400.0, 0.008156721874185655
401.0, 0.010301799406329127
402.0, 0.011432659527313612
403.0, 0.012973785235413047
404.0, 0.015505158850390964
405.0, 0.017496372812786043
406.0, 0.017155691676681215
407.0, 0.01870358824484988
408.0, 0.020803432370498264
409.0, 0.023267083183781484
410.0, 0.02581610614329155
411.0, 0.027986500742214655
412.0, 0.029960088721690925
413.0, 0.03287635357443238
414.0, 0.03522325361727521
415.0, 0.03738466311685519
416.0, 0.04035054239682122
417.0, 0.04241545821955855
418.0, 0.04278223644418853
419.0, 0.04142814769337214
420.0, 0.03888075584762235
421.0, 0.03501114193197552
422.0, 0.029359795168406116
423.0, 0.02345932219632108
424.0, 0.019937977984235845
425.0, 0.016319668657195828
426.0, 0.011851196807320675
427.0, 0.00913280403241089
428.0, 0.0077319347829362915
429.0, 0.005502395370528181
430.0, 0.004271458092537822
431.0, 0.004418583035381361
432.0, 0.004345752425363397
433.0, 0.003830691805773028
434.0, 0.0035113355266512447
435.0, 0.004136783346241852
436.0, 0.004928445912023661
437.0, 0.005084113057394339
438.0, 0.0052971452470036776
439.0, 0.005810442984532172
440.0, 0.00598839788274517
441.0, 0.006834693672716042
442.0, 0.008483962750202977
443.0, 0.009443500851912473
444.0, 0.008641031041196488
445.0, 0.009952652116769226
446.0, 0.010652228031300403
447.0, 0.009732111321169967
448.0, 0.009616203763991346
449.0, 0.009696128390800446
450.0, 0.009816043187384165
451.0, 0.009926210444894801
452.0, 0.009356819496272576
453.0, 0.007900246635879352
454.0, 0.007331379012232503
455.0, 0.006348457177990301
456.0, 0.005419742602264897
457.0, 0.004147362463941056
458.0, 0.0028103123062301
459.0, 0.0027564666376680824
460.0, 0.0008844019653077447
461.0, 0.00047258420311527803
462.0, 0.0010752251672931656
463.0, 0.0016513942866377106
464.0, 0.0017353221389233625
465.0, 0.0003584580804851271
466.0, 5.6839602593564636e-05
467.0, 0.00036815071553670603
468.0, 0.000320882294960167
469.0, 0.0004890954987012057
470.0, 0.0008596267926652362
471.0, 0.0010044335367098414
472.0, 0.0006692438645517292
473.0, 0.0004378016256878526
474.0, 0.0005012434601539817
475.0, 0.00044453110400723914
476.0, 0.000313797360150352
477.0, 0.0003541852067264569
478.0, 0.0001517591199130081
479.0, 0.0003599801286764594
480.0, 0.0009003818306655732
481.0, 0.00032095649703111484
482.0, 7.185968119944504e-05
483.0, 0.0008194368694893299
484.0, 0.0006599977956583753
485.0, 0.0001903167741090786
486.0, 0.00032049287364865843
487.0, 0.001076789518849939
488.0, 0.0003931645402025473
489.0, 0.0004491042657805139
490.0, 0.0010376176413389357
491.0, 0.0012845994162093554
492.0, 0.0015922015848452134
493.0, 0.0012248139647144276
494.0, 0.0013113728663369732
495.0, 0.0013139288794561743
496.0, 0.001527588756164884
497.0, 0.0026531259636502725
498.0, 0.0023399789046021726
499.0, 0.0030053532713893217
500.0, 0.0026057095080830508
501.0, 0.0021477843860518648
502.0, 0.0028356708399346698
503.0, 0.0029566929350065955
504.0, 0.002962047238308607
505.0, 0.0034668817409491187
506.0, 0.0036880804027100552
507.0, 0.003618541618138989
508.0, 0.0038900877393829784
509.0, 0.004550689650881
510.0, 0.005219953111057492
511.0, 0.00535004721347732
512.0, 0.005566844337725148
513.0, 0.0060210413472133635
514.0, 0.005934291328193919
515.0, 0.005871455183995724
516.0, 0.006283049010070523
517.0, 0.006511337579210508
518.0, 0.0064942645433394034
519.0, 0.006557752092992835
520.0, 0.006643166480602775
521.0, 0.007371013018579278
522.0, 0.007946384466416611
523.0, 0.00881136389654811
524.0, 0.009074909326914482
525.0, 0.007962910584599317
526.0, 0.008486363534149518
527.0, 0.008771368771357686
528.0, 0.008765427258676852
529.0, 0.00924303156722316
530.0, 0.00999806219237232
531.0, 0.01001114070236047
532.0, 0.010513446553717354
533.0, 0.010892390742166235
534.0, 0.0112937869936542
535.0, 0.011591085202139412
536.0, 0.012208871940917347
537.0, 0.013681384135175365
538.0, 0.013426321889942477
539.0, 0.013814729715155183
540.0, 0.013606948970787628
541.0, 0.01341097902949413
542.0, 0.014260887612438685
543.0, 0.013021476818740262
544.0, 0.013168930622012846
545.0, 0.013904723428084194
546.0, 0.014079299199573736
547.0, 0.013912916839926152
548.0, 0.01410187066187598
549.0, 0.01363395081369867
550.0, 0.013796829518885787
551.0, 0.014415765803645194
552.0, 0.01577693041725407
553.0, 0.016568695200205298
554.0, 0.015442926416630306
555.0, 0.01604351759605181
556.0, 0.014687985487421997
557.0, 0.015058585561592293
558.0, 0.015486895257066927
559.0, 0.014349962286637534
560.0, 0.013385263944974192
561.0, 0.012875553995643715
562.0, 0.01052363603310602
563.0, 0.009268336154352248
564.0, 0.00908050858338539
565.0, 0.008054052397785037
566.0, 0.005826346019305544
567.0, 0.004578016648150423
568.0, 0.0049957717238392025
569.0, 0.004414903276386608
570.0, 0.003197712936229364
571.0, 0.0025263401729007534
572.0, 0.0023406112219498225
573.0, 0.0013010811126567643
574.0, 0.0007518413813567715
575.0, 0.0010140279208015832
576.0, 0.0007536145624986565
577.0, 0.0001413397249638803
578.0, 0.00017485487278233762
579.0, 0.0001363137451486452
580.0, 0.0006944490022424837
581.0, 0.0008530330405602715
582.0, 0.00028993588818268024
583.0, 0.00017095004742582892
584.0, 0.00023655877102373734
585.0, 0.0001720314844353072
586.0, 0.0006873465927448738
587.0, 0.00034646906479001024
588.0, 0.00023646509906878203
589.0, 0.0007156300634008868
590.0, 0.0009013864553764027
591.0, 0.0008953648343822228
592.0, 0.0006268564656316312
593.0, 0.0008968489424835856
594.0, 0.0015227463063698418
595.0, 0.0015395087002091487
596.0, 0.00037781132511591805
597.0, 0.0006578940683363189
598.0, 0.00044170068756074516
599.0, 0.0007376739905898273
600.0, 0.0004919648642529257
601.0, 0.0003581101831602116
602.0, 0.00043358594512461047
603.0, 0.00018621457059843173
604.0, 0.00031390687139054205
605.0, 0.0001497198237142063
606.0, 0.00020782645223227334
607.0, 0.00039167182332265074
608.0, 0.0010895189179017748
609.0, 0.00034497430695922584
610.0, 0.0007598059358158301
611.0, 0.0007333545041938013
612.0, 0.00013907217597020863
613.0, 0.0004157548745628552
614.0, 0.001371489080030115
615.0, 4.918960060661216e-05
616.0, 0.0007895630766257108
617.0, 0.0010801033678586654
618.0, 0.00045887803071288045
619.0, 0.0005911243865255031
620.0, 0.001587093043316513
621.0, 0.0019434504004398037
622.0, 0.0017861539033722927
623.0, 0.002959427485064459
624.0, 0.0030206839133030505
625.0, 0.0030844146610962114
626.0, 0.0034100206097309542
627.0, 0.003153535157244183
628.0, 0.003586020437231699
629.0, 0.003729078996764934
630.0, 0.003441534173668729
631.0, 0.004293215619712531
632.0, 0.005241896273999527
633.0, 0.005521997716332489
634.0, 0.006529564279400797
635.0, 0.006535411033534656
636.0, 0.0077362241157556575
637.0, 0.008139416138766448
638.0, 0.008608586253190787
639.0, 0.009397731821161522
640.0, 0.009590731468039014
641.0, 0.01034853031261665
642.0, 0.01078003831257713
643.0, 0.01197754967728063
644.0, 0.014019830215089978
645.0, 0.01579805248607689
646.0, 0.0169146116498235
647.0, 0.01857275615820085
648.0, 0.02016401579065293
649.0, 0.020904503402373747
650.0, 0.022859674011663826
651.0, 0.025486353131519035
652.0, 0.028159095090748206
653.0, 0.030978085020049777
654.0, 0.03316344529592993
655.0, 0.0363997294236475
656.0, 0.04041219171206539
657.0, 0.044761056670456545
658.0, 0.049741591216269636
659.0, 0.05564619059174783
660.0, 0.06247976403118327
661.0, 0.07095533212061345
662.0, 0.07884374895282104
663.0, 0.0895960662834656
664.0, 0.10259405051148257
665.0, 0.11690685256151209
666.0, 0.13422197708349756
667.0, 0.15694364351349374
668.0, 0.1819486525947185
669.0, 0.21204946549455142
670.0, 0.24710693295636163
671.0, 0.287603018210094
672.0, 0.3321366656268529
673.0, 0.37619085616580533
674.0, 0.41961108297094274
675.0, 0.46529839855142585
676.0, 0.5112780976151307
677.0, 0.5575203514486645
678.0, 0.6069683942787655
679.0, 0.6606967714638572
680.0, 0.7167663661599825
681.0, 0.7760426936614606
682.0, 0.8361999349076445
683.0, 0.8935880303850146
684.0, 0.9460543998445164
685.0, 0.9857357107205929
686.0, 0.9997364280361729
687.0, 0.9827111409815187
688.0, 0.9341607373785674
689.0, 0.8521400942638797
690.0, 0.7550647888444862
691.0, 0.6538917953988059
692.0, 0.5556836254850752
693.0, 0.46943556460655955
694.0, 0.39804362685557954
695.0, 0.3375850310570088
696.0, 0.28869757076453734
697.0, 0.24839656033012195
698.0, 0.21531494043108668
699.0, 0.18893280774750149
700.0, 0.16747336426009637
701.0, 0.15181681962626206
702.0, 0.13308045463644594
703.0, 0.11659599131499591
704.0, 0.1036042669392791
705.0, 0.09232809042216815
706.0, 0.08215737756481852
707.0, 0.07407117553322132
708.0, 0.0657848245178387
709.0, 0.05992048745873651
710.0, 0.053999705926920806
711.0, 0.04897513846676687
712.0, 0.04458106860212046
713.0, 0.040082152543585464
714.0, 0.03587870945493317
715.0, 0.03235355906750564
716.0, 0.029027976495242143
717.0, 0.02680984051135694
718.0, 0.02493959709394112
719.0, 0.02287877066796172
720.0, 0.020899557189777932
721.0, 0.019330891140252885
722.0, 0.01781126587833829
723.0, 0.01667058909976205
724.0, 0.015976004377022974
725.0, 0.014798126733095255
726.0, 0.013343888658880924
727.0, 0.01232550944137134
728.0, 0.011746462124620435
729.0, 0.011344124182365085
730.0, 0.010322356890659405
731.0, 0.009544221008714006
732.0, 0.008749734475285105
733.0, 0.008429900564752768
734.0, 0.007768387820147553
735.0, 0.005714474310012655
736.0, 0.006113283527228103
737.0, 0.005449185083945452
738.0, 0.005408218104576162
739.0, 0.0059535957940020515
740.0, 0.005540957320177987
741.0, 0.004371960075431076
742.0, 0.0037143723885227687
743.0, 0.0033734023844425604
744.0, 0.0024358166780130103
745.0, 0.0027453970263963084
746.0, 0.0023911999148737077
747.0, 0.002085364662081409
748.0, 0.0017792194550891882
749.0, 0.000896726552125254
750.0, 0.0006573861738846972
751.0, 8.367630060192298e-05
752.0, 0.0004340644103262784
753.0, 0.00048171212493375846
754.0, 8.501457879544564e-05
755.0, 0.0003513722076046895
756.0, 0.0004671954026951644
757.0, 0.0005301281075053376
758.0, 0.00045596957291561965
759.0, 0.001168887120666197
760.0, 0.00014891608432757769
761.0, 0.0002381064173137546
762.0, 0.00036088857986351936
763.0, 0.00037949849504027535
764.0, 0.0003748914586597622
765.0, 0.001107436608846921
766.0, 0.0008789741159391098
767.0, 0.0008945099986640237
768.0, 0.0013942947659630488
769.0, 0.0006403035322567778
770.0, 0.0003028900964517725
771.0, 0.00011499211812341121
772.0, 0.00038694472516759065
773.0, 0.00040305766848850035
774.0, 3.545015364695662e-05
775.0, 0.00028935978408319235
776.0, 0.0006293665181739573
777.0, 0.0006952967440873331
778.0, 0.000482213480536596
779.0, 0.00018140651212554518
780.0, 6.695945070086346e-05
781.0, 0.0002978603283527192
782.0, 4.477151981326652e-05
783.0, 0.0003354930537432506
784.0, 0.00133042145448538
785.0, 0.0013123750780504348
786.0, 0.0005760471397469981
787.0, 0.0012106882663059054
788.0, 0.0017413087687877997
789.0, 0.002170430791044382
790.0, 0.0019918331636703678
791.0, 0.0013649661446869692
792.0, 0.0015363737028531305
793.0, 0.0019802291933686653
794.0, 0.0021387867765849233
795.0, 0.0023642779475115776
796.0, 0.002118421573829375
797.0, 0.0024312531525813204
798.0, 0.002354397416956997
799.0, 0.002174647241023222
800.0, 0.0025983608043050623
801.0, 0.0025492207866516237
802.0, 0.0018469165919685257
803.0, 0.002304978113790717
804.0, 0.0031417893551511106
805.0, 0.0025493560420025395
806.0, 0.0026798659166794073
807.0, 0.003485398188128758
808.0, 0.002884570650897393
809.0, 0.0020503664924928664
810.0, 0.0026337648071619256
811.0, 0.0031082091275678094
812.0, 0.002443502620495556
813.0, 0.0029554909171776215
814.0, 0.003134275495659039
815.0, 0.003244001547737446
816.0, 0.0034169298912155232
817.0, 0.0035432414889562994
818.0, 0.0034518154803326894
819.0, 0.0029171280747327154
820.0, 0.002886198990273392
821.0, 0.0032551126539822495
822.0, 0.0036444143581633773
823.0, 0.0035976335528465843
824.0, 0.0034222093085191836
825.0, 0.003370236062930461
826.0, 0.003105256970867527
827.0, 0.0027369371751618703
828.0, 0.00329489084821589
829.0, 0.0033426235547447283
830.0, 0.002929887364127671
831.0, 0.002653918270728171
832.0, 0.002522457802211202
833.0, 0.002224359831133085
834.0, 0.002045293605534826
835.0, 0.002190146557857512
836.0, 0.002015238639852552
837.0, 0.0022301427159957723
838.0, 0.0017372472723577255
839.0, 0.001784477784035697
840.0, 0.0017461446547675226
841.0, 0.001530957996000406
842.0, 0.00158627875503662
843.0, 0.001865610541691707
844.0, 0.0018491573376403592
845.0, 0.001231235548127401
846.0, 0.0015012789808273117
847.0, 0.0010346664757991024
848.0, 0.0010972033183487013
849.0, 0.0015776868900934612
850.0, 0.0018710929511190104
851.0, 0.0015512296843338807
852.0, 0.0007963073722073182
853.0, 0.0014034740682671168
854.0, 0.0014026029198328815
855.0, 0.0011775958513108242
856.0, 0.0014214294263330506
857.0, 0.002134807374523319
858.0, 0.002054192037429577
859.0, 0.0017475537334083148
860.0, 0.0024093669079272694
861.0, 0.002055665368305665
862.0, 0.0025306221279210455
863.0, 0.001574290553026063
864.0, 0.0022243452071595985
865.0, 0.0017781700231619061
866.0, 0.0012014696879790556
867.0, 0.0013228465765657814
868.0, 0.0018132695618084211
869.0, 0.0024168484266747395
870.0, 0.0015393690148652209
871.0, 0.0014486704814913377
872.0, 0.0013858374401309018
873.0, 0.0021123094486623735
874.0, 0.0014950055912040041
875.0, 0.000930146926898519
876.0, 0.0009264625875852005
877.0, 0.000745136080173757
878.0, 0.0007759797265028853
879.0, 0.0006534464936369215
880.0, 0.001650512189383305
881.0, 0.0009504145696970351
882.0, 0.00032400967741556385
883.0, 0.0008741463372394827
884.0, 0.001285454264197044
885.0, 0.0006923494129795862
886.0, 0.00045931070195366673
887.0, 0.0009983691457366244
888.0, 0.0004490559965857029
889.0, 0.0007548536733003703
890.0, 0.0016423227069751812
891.0, 0.0011843978362015661
892.0, 0.0004948245331789967
893.0, 0.000480013806224328
894.0, 0.0008754408463363865
895.0, 0.0011847277987497747
896.0, 0.0011098805473961043
897.0, 0.0006280737966866918
898.0, 0.0014378417258995178
899.0, 0.0015221152602437863
900.0, 0.0011840362301351048
901.0, 0.0012802558330912612
902.0, 0.0008187377392373234
903.0, 0.0003584221131316415
904.0, 0.0008184497507575916
905.0, 0.0008188552617974282
906.0, 0.00041356915252258736
907.0, 8.082850108508409e-05
908.0, 0.0001752793046238162
909.0, 0.00039719780136217585
910.0, 0.0002745860605496309
911.0, 0.00035784514802418473
912.0, 0.00019637406112261261
913.0, 9.565870855372924e-05
914.0, 0.0004057057190547535
915.0, 0.0007352183473160485
916.0, 0.0006968225507645102
917.0, 0.0008776583561056723
918.0, 0.0006726131075879673
919.0, 8.742078169209655e-05
920.0, 0.0005900572802962805
921.0, 0.0004000583402671428
922.0, 0.00024091649145981141
923.0, 0.001017777470189681
924.0, 0.0012736165500189778
925.0, 0.0007594974921361025
926.0, 8.57248019327168e-05
927.0, 0.0006487521712982648
928.0, 0.0015746505123957343
929.0, 0.0013986452582200404
930.0, 0.0007338150842301761
931.0, 0.00048480474010027016
932.0, 0.0005051440004101069
933.0, 0.0002783357288983017
934.0, 4.3417434534680856e-05
935.0, 0.0002872709077029506
936.0, 0.0007019634645117172
937.0, 0.0005033810876172416
938.0, 7.468315921751182e-05
939.0, 0.0003218606115977265
940.0, 0.0007688015156621087
941.0, 0.0006430848405606388
942.0, 0.0007525927121514483
943.0, 0.0010447788520172596
944.0, 0.00011438950924388722
945.0, 0.0006320628608735979
946.0, 0.0007273917637150146
947.0, 0.0009313733617287258
948.0, 0.0009969330014557157
949.0, 0.000705914938573272
950.0, 0.0008042222791598323
951.0, 0.0009232801111475811
952.0, 0.0004994904637669221
953.0, 0.00041866193524000227
954.0, 0.0004994035430479881
955.0, 0.0002523114081316639
956.0, 0.000695270252458735
957.0, 0.0013468700713521972
958.0, 0.000617252518103892
959.0, 0.0013470834055736428
960.0, 0.0011248244731314671
961.0, 0.0004141173047910719
962.0, 0.0008609282247708589
963.0, 0.0009566378875791442
964.0, 0.000813840498512288
965.0, 0.0010020494381869586
966.0, 0.0010003103176908419
967.0, 0.0010915858194447644
968.0, 0.0006955931043997472
969.0, 0.0009811010712144762
970.0, 0.0005065254824166419
971.0, 0.0006344354664515877
972.0, 0.001225816464849495
973.0, 0.0007558399923051008
974.0, 0.0007020305038745894
975.0, 0.001069987805665969
976.0, 0.0008539672317081706
977.0, 0.0010895221364170947
978.0, 0.0013916874089889108
979.0, 0.0006653467503251367
980.0, 0.001306920922208891
981.0, 0.001812115913681949
982.0, 0.0013695762304774138
983.0, 0.0011679850524351964
984.0, 0.0009622442016673692
985.0, 0.0008575743312076835
986.0, 0.0006076884586502557
987.0, 0.001176772317087872
988.0, 0.0002562468687457777
989.0, 0.0006683435643703282
990.0, 0.0007325030692499753
991.0, 0.0008503355649787843
992.0, 0.0008919310946102071
993.0, 0.0007741935799175332
994.0, 0.000501087860051873
995.0, 0.0001943595861944784
996.0, 0.0010306597857540189
997.0, 0.001743640772350279
998.0, 0.0007158457928378807
999.0, 0.0011181827575832664
1000.0, 0.00044401916357874184
1001.0, 0.00027792701171455253
1002.0, 0.00013852813713455874
1003.0, 0.0002492520548250306
1004.0, 0.0006781017824090284
1005.0, 0.0006613397451018038
1006.0, 0.0004981917528492107
1007.0, 0.0005120138560896429
1008.0, 0.00015448578951745325
1009.0, 0.00014523997556792925
1010.0, 0.0007094902865383324
1011.0, 0.00030243321676702513
1012.0, 0.0003620031490155519
1013.0, 0.0005978202367118291
1014.0, 0.0005903657256273575
1015.0, 0.0006307378439120343
1016.0, 0.0003030393484874257
1017.0, 7.072288406589652e-05
1018.0, 0.00014467809411327883
1019.0, 0.00022030204986218653
1020.0, 7.131782154729629e-05
1021.0, 0.0003138227136402178
1022.0, 0.0008086726841107015
1023.0, 0.000535546530831703
1024.0, 9.341033007501454e-05
1025.0, 0.0004045975832088212
1026.0, 0.0007400617957941402
1027.0, 0.00030775779763780474
1028.0, 8.612221171124643e-05
1029.0, 0.0003643722080945189
1030.0, 6.681662415877255e-05
1031.0, 0.0003328943849738831
1032.0, 0.00014633687218544654
1033.0, 0.0006928058493289341
1034.0, 0.0002304402925077471
1035.0, 9.93569840086244e-05
1036.0, 0.00022391635476729294
1037.0, 0.0008284835865930467
1038.0, 0.0007590565286521712
1039.0, 0.0007506072401960335
1040.0, 0.0005772588196752461
1041.0, 0.0001917058580271214
1042.0, 0.00043985029712685316
1043.0, 0.00017048262522766973
1044.0, 0.000746893930278739
1045.0, 0.000767214340533645
1046.0, 0.000907854437846454
1047.0, 0.0003683121573751005
1048.0, 0.000604518203670818
1049.0, 0.0004891347911190954
1050.0, 0.00012632008071304359
1051.0, 0.00032006874161733727
1052.0, 0.00033330469920375824
1053.0, 0.0003235193305274797
1054.0, 0.000990329623823058
1055.0, 0.0006636416566459648
1056.0, 0.0006782251535988709
1057.0, 0.0005502663646344987
1058.0, 0.0008200636851878051
1059.0, 0.0010659290562550752
1060.0, 0.0004511120717753817
1061.0, 0.0006632530923552216
1062.0, 0.0005241964453937094
1063.0, 0.00010572676141007419
1064.0, 0.0003417379577466919
1065.0, 0.0004966685741423352
1066.0, 0.00020385636754929304
1067.0, 0.0005791060174204491
1068.0, 7.429006733540474e-05
1069.0, 0.0005283310467588563
1070.0, 0.00038965446259895255
1071.0, 0.000491635105718664
1072.0, 0.00036848446014777804
1073.0, 0.0008915385466080775
1074.0, 0.0005933189277083394
1075.0, 0.0004017337694827094
1076.0, 0.0006344522013792974
1077.0, 0.0002977665453622417
1078.0, 0.00030353621395103633
1079.0, 0.0006809541137892669
1080.0, 0.0001872530573106333
1081.0, 0.00028587029340299057
1082.0, 0.0008244082591033538
1083.0, 0.001275026068891235
1084.0, 0.0014275448966391939
1085.0, 0.0011232182928794182
1086.0, 0.00020355278435628936
1087.0, 0.00022506331590664477
1088.0, 0.0007193660465959847
1089.0, 0.0035999991043198175
1090.0, 0.0031112030269928688
1091.0, 0.0008964110227773971
1092.0, 0.0009510932902432087
1093.0, 0.0006777316065900897
1094.0, 0.000821420692328574
1095.0, 0.0007604387427111808
1096.0, 0.0008318558925188507
1097.0, 0.00036916588828539074
1098.0, 0.0009225696153943805
1099.0, 0.0005526966806768647
1100.0, 0.001062206958519973
1101.0, 0.0010038282685273666
1102.0, 0.0012132101232891761
1103.0, 0.0013263886791924165
1104.0, 0.0008024093739224822
1105.0, 0.001069287238682065
1106.0, 0.0018023066553038711
1107.0, 0.0016219060613706577
1108.0, 0.0012430070388451601
1109.0, 0.0008926343109788515
1110.0, 0.0008797876629894644
1111.0, 0.00048752386388422903
1112.0, 0.0010283975451214444
1113.0, 0.0010936395974715015
1114.0, 0.0010598114185476797
1115.0, 0.001211329816678776
1116.0, 0.0011911108818515245
1117.0, 0.0017647553524191783
1118.0, 0.0019038658166519744
1119.0, 0.001925574231710052
1120.0, 0.001810767191336746
1121.0, 0.0019531660012876094
1122.0, 0.002778066875437355
1123.0, 0.0022110641718252086
1124.0, 0.0018934647944073228
1125.0, 0.00232692316674006
1126.0, 0.002077735273257401
1127.0, 0.00207329621720767
1128.0, 0.00243375912762458
1129.0, 0.0022861265306917617
1130.0, 0.00285463891556309
1131.0, 0.0022334440336900024
1132.0, 0.004930018922429547
1133.0, 0.004912088343006406
1134.0, 0.003106923099368491
1135.0, 0.0026601685998012096
1136.0, 0.0021705662208315797
1137.0, 0.0020346424721734645
1138.0, 0.0025481591122891757
1139.0, 0.0024461908639467535
1140.0, 0.0027116033334132258
1141.0, 0.0025757588086728904
1142.0, 0.002851638000208897
1143.0, 0.0028006292332635493
1144.0, 0.003101409574269489
1145.0, 0.0032644676179225804
1146.0, 0.003756457808427927
1147.0, 0.0036721773152506407
1148.0, 0.0033277345556108028
1149.0, 0.0024845287821876737
1150.0, 0.0023363132463340716
1151.0, 0.0034374265401539462
1152.0, 0.0034370712757333865
1153.0, 0.0027801772117957194
1154.0, 0.003439656069878308
1155.0, 0.0033381746669194404
1156.0, 0.002575800647381646
1157.0, 0.003456103066546453
1158.0, 0.004138037129901135
1159.0, 0.0035508857923730822
1160.0, 0.003747641756572338
1161.0, 0.003862165909845019
1162.0, 0.003911943604266314
1163.0, 0.003964404059154378
1164.0, 0.003568896950972262
1165.0, 0.004173766615266532
1166.0, 0.0046719566891606215
1167.0, 0.004338468533870828
1168.0, 0.00448283773820075
1169.0, 0.004915495035498573
1170.0, 0.004872717922447519
1171.0, 0.005107067877236474
1172.0, 0.005506948798765024
1173.0, 0.0053061526720234965
1174.0, 0.004970607613478973
1175.0, 0.005445225558963416
1176.0, 0.005058065895667457
1177.0, 0.005206896583615457
1178.0, 0.005205992071425959
1179.0, 0.005303446091380487
1180.0, 0.005106798429834018
1181.0, 0.004899669447683246
1182.0, 0.004571366210237151
1183.0, 0.0047465902030412776
1184.0, 0.004728323855708545
1185.0, 0.004876663455408709
1186.0, 0.004712628652117421
1187.0, 0.004750978769494718
1188.0, 0.005045838460119532
1189.0, 0.005056265212707618
1190.0, 0.004974030060404339
1191.0, 0.004356616783426957
1192.0, 0.00458705355973304
1193.0, 0.004139734074744175
1194.0, 0.004219425430741721
1195.0, 0.004199201160251922
1196.0, 0.004736278684757615
1197.0, 0.0040270280583961735
1198.0, 0.003948473965468664
1199.0, 0.0038387099245810316
1200.0, 0.003368307136516629
1201.0, 0.0035245110840795542
1202.0, 0.0030063241225130595
1203.0, 0.00304828307218044
1204.0, 0.0034035376289403316
1205.0, 0.0028588707469286126
1206.0, 0.002345076878236018
1207.0, 0.0020449898123171073
1208.0, 0.0023153235181355017
1209.0, 0.0029014271485191577
1210.0, 0.0023650760099798982
1211.0, 0.001938540320586439
1212.0, 0.0017104130289082625
1213.0, 0.0017491783177469105
1214.0, 0.001564446127827594
1215.0, 0.001414413724351398
1216.0, 0.0010534965694162556
1217.0, 0.0003874600148559781
1218.0, 0.000512849789008127
1219.0, 0.0003150771065668071
1220.0, 0.00026032998945813745
1221.0, 0.0009540021067258919
1222.0, 0.0003725001446476886
1223.0, 0.00046644912613108986
1224.0, 0.00036041110113338096
1225.0, 0.0006158059264150449
1226.0, 0.000593812718379123
1227.0, 0.0008249423642618754
1228.0, 0.0006591834758030359
1229.0, 0.000573382372151161
1230.0, 0.00042722315062168246
1231.0, 0.0004562860779939493
1232.0, 0.0006333054856803777
1233.0, 0.00031247344196189526
1234.0, 0.0004342621898982631
1235.0, 0.0008418136617100506
1236.0, 0.0014115780384598294
1237.0, 0.0013928827945630768
1238.0, 0.0015738377389371506
1239.0, 0.001201681547698333
1240.0, 0.0011866743886983595
1241.0, 0.002126476529453688
1242.0, 0.0014036448206226969
1243.0, 0.0020333115586726774
1244.0, 0.002515055352714793
1245.0, 0.0028180886345539028
1246.0, 0.002826832145672351
1247.0, 0.002910064153471852
1248.0, 0.003048707611286722
1249.0, 0.0031923420699816116
1250.0, 0.003369790457824139
1251.0, 0.003807073721357107
1252.0, 0.003615871298952768
1253.0, 0.00354907763592859
1254.0, 0.004059540438031445
1255.0, 0.0038902464845960707
1256.0, 0.003074663004087677
1257.0, 0.002826003339420593
1258.0, 0.0018025013127241916
1259.0, 0.0014473935596055738
1260.0, 0.0017879901620200236
1261.0, 0.0026920101686487776
1262.0, 0.002753733113210458
1263.0, 0.0024994216764272544
1264.0, 0.0024941810099977546
1265.0, 0.0020547762836187564
1266.0, 0.0026471686343944338
1267.0, 0.0039422278592351635
1268.0, 0.0019946145506209694
1269.0, 0.0018044177493262592
1270.0, 0.0025967244267909805
1271.0, 0.003250887890711312
1272.0, 0.0030265895189495505
1273.0, 0.0026106169963482978
1274.0, 0.002997740926712043
1275.0, 0.002394982199927386
1276.0, 0.002551709959581225
1277.0, 0.002231290343589289
1278.0, 0.0018310294553010758
1279.0, 0.0020807984362297
1280.0, 0.001690812130239007
1281.0, 0.0006692027331697532
1282.0, 0.0003975211198240915
1283.0, 0.00045103845743354657
1284, 0.0
1285, 0.0
1286, 0.0
1287, 0.0
1288, 0.0
1289, 0.0
1290, 0.0
1291, 0.0
1292, 0.0
1293, 0.0
1294, 0.0
1295, 0.0
1296, 0.0
1297, 0.0
1298, 0.0
1299, 0.0
1300, 0.0
1301, 0.0
1302, 0.0
1303, 0.0
1304, 0.0
1305, 0.0
1306, 0.0
1307, 0.0
1308, 0.0
1309, 0.0
1310, 0.0
1311, 0.0
1312, 0.0
1313, 0.0
1314, 0.0
1315, 0.0
1316, 0.0
1317, 0.0
1318, 0.0
1319, 0.0
1320, 0.0
1321, 0.0
1322, 0.0
1323, 0.0
1324, 0.0
1325, 0.0
1326, 0.0
1327, 0.0
1328, 0.0
1329, 0.0
1330, 0.0
1331, 0.0
1332, 0.0
1333, 0.0
1334, 0.0
1335, 0.0
1336, 0.0
1337, 0.0
1338, 0.0
1339, 0.0
1340, 0.0
1341, 0.0
1342, 0.0
1343, 0.0
1344, 0.0
1345, 0.0
1346, 0.0
1347, 0.0
1348, 0.0
1349, 0.0
1350, 0.0
1351, 0.0
1352, 0.0
1353, 0.0
1354, 0.0
1355, 0.0
1356, 0.0
1357, 0.0
1358, 0.0
1359, 0.0
1360, 0.0
1361, 0.0
1362, 0.0
1363, 0.0
1364, 0.0
1365, 0.0
1366, 0.0
1367, 0.0
1368, 0.0
1369, 0.0
1370, 0.0
1371, 0.0
1372, 0.0
1373, 0.0
1374, 0.0
1375, 0.0
1376, 0.0
1377, 0.0
1378, 0.0
1379, 0.0
1380, 0.0
1381, 0.0
1382, 0.0
1383, 0.0
1384, 0.0
1385, 0.0
1386, 0.0
1387, 0.0
1388, 0.0
1389, 0.0
1390, 0.0
1391, 0.0
1392, 0.0
1393, 0.0
1394, 0.0
1395, 0.0
1396, 0.0
1397, 0.0
1398, 0.0
1399, 0.0
1400, 0.0
1401, 0.0
1402, 0.0
1403, 0.0
1404, 0.0
1405, 0.0
1406, 0.0
1407, 0.0
1408, 0.0
1409, 0.0
1410, 0.0
1411, 0.0
1412, 0.0
1413, 0.0
1414, 0.0
1415, 0.0
1416, 0.0
1417, 0.0
1418, 0.0
1419, 0.0
1420, 0.0
1421, 0.0
1422, 0.0
1423, 0.0
1424, 0.0
1425, 0.0
1426, 0.0
1427, 0.0
1428, 0.0
1429, 0.0
1430, 0.0
1431, 0.0
1432, 0.0
1433, 0.0
1434, 0.0
1435, 0.0
1436, 0.0
1437, 0.0
1438, 0.0
1439, 0.0
1440, 0.0
1441, 0.0
1442, 0.0
1443, 0.0
1444, 0.0
1445, 0.0
1446, 0.0
1447, 0.0
1448, 0.0
1449, 0.0
1450, 0.0
1451, 0.0
1452, 0.0
1453, 0.0
1454, 0.0
1455, 0.0
1456, 0.0
1457, 0.0
1458, 0.0
1459, 0.0
1460, 0.0
1461, 0.0
1462, 0.0
1463, 0.0
1464, 0.0
1465, 0.0
1466, 0.0
1467, 0.0
1468, 0.0
1469, 0.0
1470, 0.0
1471, 0.0
1472, 0.0
1473, 0.0
1474, 0.0
1475, 0.0
1476, 0.0
1477, 0.0
1478, 0.0
1479, 0.0
1480, 0.0
1481, 0.0
1482, 0.0
1483, 0.0
1484, 0.0
1485, 0.0
1486, 0.0
1487, 0.0
1488, 0.0
1489, 0.0
1490, 0.0
1491, 0.0
1492, 0.0
1493, 0.0
1494, 0.0
1495, 0.0
1496, 0.0
1497, 0.0
1498, 0.0
1499, 0.0
1500, 0.0
1501, 0.0
1502, 0.0
1503, 0.0
1504, 0.0
1505, 0.0
1506, 0.0
1507, 0.0
1508, 0.0
1509, 0.0
1510, 0.0
1511, 0.0
1512, 0.0
1513, 0.0
1514, 0.0
1515, 0.0
1516, 0.0
1517, 0.0
1518, 0.0
1519, 0.0
1520, 0.0
1521, 0.0
1522, 0.0
1523, 0.0
1524, 0.0
1525, 0.0
1526, 0.0
1527, 0.0
1528, 0.0
1529, 0.0
1530, 0.0
1531, 0.0
1532, 0.0
1533, 0.0
1534, 0.0
1535, 0.0
1536, 0.0
1537, 0.0
1538, 0.0
1539, 0.0
1540, 0.0
1541, 0.0
1542, 0.0
1543, 0.0
1544, 0.0
1545, 0.0
1546, 0.0
1547, 0.0
1548, 0.0
1549, 0.0
1550, 0.0
1551, 0.0
1552, 0.0
1553, 0.0
1554, 0.0
1555, 0.0
1556, 0.0
1557, 0.0
1558, 0.0
1559, 0.0
1560, 0.0
1561, 0.0
1562, 0.0
1563, 0.0
1564, 0.0
1565, 0.0
1566, 0.0
1567, 0.0
1568, 0.0
1569, 0.0
1570, 0.0
1571, 0.0
1572, 0.0
1573, 0.0
1574, 0.0
1575, 0.0
1576, 0.0
1577, 0.0
1578, 0.0
1579, 0.0
1580, 0.0
1581, 0.0
1582, 0.0
1583, 0.0
1584, 0.0
1585, 0.0
1586, 0.0
1587, 0.0
1588, 0.0
1589, 0.0
1590, 0.0
1591, 0.0
1592, 0.0
1593, 0.0
1594, 0.0
1595, 0.0
1596, 0.0
1597, 0.0
1598, 0.0
1599, 0.0
