30, 0.0
31, 0.0
32, 0.0
33, 0.0
34, 0.0
35, 0.0
36, 0.0
37, 0.0
38, 0.0
39, 0.0
40, 0.0
41, 0.0
42, 0.0
43, 0.0
44, 0.0
45, 0.0
46, 0.0
47, 0.0
48, 0.0
49, 0.0
50, 0.0
51, 0.0
52, 0.0
53, 0.0
54, 0.0
55, 0.0
56, 0.0
57, 0.0
58, 0.0
59, 0.0
60, 0.0
61, 0.0
62, 0.0
63, 0.0
64, 0.0
65, 0.0
66, 0.0
67, 0.0
68, 0.0
69, 0.0
70, 0.0
71, 0.0
72, 0.0
73, 0.0
74, 0.0
75, 0.0
76, 0.0
77, 0.0
78, 0.0
79, 0.0
80, 0.0
81, 0.0
82, 0.0
83, 0.0
84, 0.0
85, 0.0
86, 0.0
87, 0.0
88, 0.0
89, 0.0
90, 0.0
91, 0.0
92, 0.0
93, 0.0
94, 0.0
95, 0.0
96, 0.0
97, 0.0
98, 0.0
99, 0.0
100, 0.0
101, 0.0
102, 0.0
103, 0.0
104, 0.0
105, 0.0
106, 0.0
107, 0.0
108, 0.0
109, 0.0
110, 0.0
111, 0.0
112, 0.0
113, 0.0
114, 0.0
115, 0.0
116, 0.0
117, 0.0
118, 0.0
119, 0.0
120, 0.0
121, 0.0
122, 0.0
123, 0.0
124, 0.0
125, 0.0
126, 0.0
127, 0.0
128, 0.0
129, 0.0
130, 0.0
131, 0.0
132, 0.0
133, 0.0
134, 0.0
135, 0.0
136, 0.0
137, 0.0
138, 0.0
139, 0.0
140, 0.0
141, 0.0
142, 0.0
143, 0.0
144, 0.0
145, 0.0
146, 0.0
147, 0.0
148, 0.0
149, 0.0
150, 0.0
151, 0.0
152, 0.0
153, 0.0
154, 0.0
155, 0.0
156, 0.0
157, 0.0
158, 0.0
159, 0.0
160, 0.0
161, 0.0
162, 0.0
163, 0.0
164, 0.0
165, 0.0
166, 0.0
167, 0.0
168, 0.0
169, 0.0
170, 0.0
171, 0.0
172, 0.0
173, 0.0
174, 0.0
175, 0.0
176, 0.0
177, 0.0
178, 0.0
179.0, 0.0011081057820392824
180.0, 0.01817220113545337
181.0, 0.04060354284149361
182.0, 0.05409719493906602
183.0, 0.08077498874896837
184.0, 0.15564155506760738
185.0, 0.2721230386470721
186.0, 0.42983589011841605
187.0, 0.5373272591177041
188.0, 0.5265910555880187
189.0, 0.40063267257463
190.0, 0.29028424397308106
191.0, 0.2107571305686482
192.0, 0.15004895109456787
193.0, 0.10474225659551081
194.0, 0.09797433634394939
195.0, 0.09705187988829424
196.0, 0.09241451668036996
197.0, 0.08937948985114272
198.0, 0.09786709327177931
199.0, 0.1102549366771188
200.0, 0.1221064871671287
201.0, 0.13036532026251976
202.0, 0.13133736963690665
203.0, 0.11662210400665476
204.0, 0.12570720436780722
205.0, 0.11651574788689917
206.0, 0.08607848932068603
207.0, 0.08072905833980658
208.0, 0.08340555758326325
209.0, 0.0785995114439592
210.0, 0.07187871692535519
211.0, 0.07138269940509424
212.0, 0.07127442442749526
213.0, 0.07086425909997143
214.0, 0.06757321200983102
215.0, 0.0649643513512704
216.0, 0.07021960698452015
217.0, 0.08929303691894933
218.0, 0.10448862298136205
219.0, 0.09347494553869021
220.0, 0.07445703065962334
221.0, 0.09701709187339824
222.0, 0.0994449028317655
223.0, 0.0988249403283221
224.0, 0.10103708890706391
225.0, 0.10401455922601856
226.0, 0.11173209806545241
227.0, 0.08622898871127187
228.0, 0.07446555455290109
229.0, 0.08251258361737737
230.0, 0.08027519167888007
231.0, 0.0839625692392078
232.0, 0.08202796356365198
233.0, 0.09229030856591969
234.0, 0.11684124095768797
235.0, 0.1228994143163301
236.0, 0.1245540742098843
237.0, 0.14269814492012906
238.0, 0.16089393000333796
239.0, 0.16414706772553098
240.0, 0.18038967587734178
241.0, 0.19577912628657837
242.0, 0.22636548918602367
243.0, 0.27628390876785136
244.0, 0.3444994768291782
245.0, 0.44840131739060735
246.0, 0.5618563796104549
247.0, 0.7087500495009941
248.0, 0.8723221554017601
249.0, 0.98416513175171
250.0, 0.9792137589824652
251.0, 0.8621125557189406
252.0, 0.6929154899318409
253.0, 0.5293158008091757
254.0, 0.4038287338933527
255.0, 0.31444764863578517
256.0, 0.2614972068452794
257.0, 0.2328027869576729
258.0, 0.20958529708301166
259.0, 0.15656413484033843
260.0, 0.15412489936860121
261.0, 0.1512473310318308
262.0, 0.13183157139754034
263.0, 0.12719432073523645
264.0, 0.116070053375319
265.0, 0.0985244228773288
266.0, 0.09906629294451706
267.0, 0.10934034655450373
268.0, 0.09582223709801939
269.0, 0.08101370131489263
270.0, 0.06457153422208363
271.0, 0.06338211441535248
272.0, 0.07046563338651272
273.0, 0.061624724507852176
274.0, 0.0632486182287743
275.0, 0.05351277423766953
276.0, 0.053673332628835106
277.0, 0.06985833719137122
278.0, 0.06790182449410817
279.0, 0.0822427469644799
280.0, 0.09434557027336725
281.0, 0.09970469617963303
282.0, 0.10299307502638891
283.0, 0.10361502101640827
284.0, 0.106773765089475
285.0, 0.10586191707165293
286.0, 0.11484128574970798
287.0, 0.14169406185284597
288.0, 0.1261611387350248
289.0, 0.11319961684689746
290.0, 0.10904903737702618
291.0, 0.10658043039050155
292.0, 0.10113136714009312
293.0, 0.09948816715183414
294.0, 0.09150941590222061
295.0, 0.09552918149582706
296.0, 0.10104455505680039
297.0, 0.08192598985178924
298.0, 0.09468549709441341
299.0, 0.09879664956230537
300.0, 0.10704509312731383
301.0, 0.12065230160095361
302.0, 0.12154140533161578
303.0, 0.16296474661567484
304.0, 0.17660510162743223
305.0, 0.16176681982121102
306.0, 0.15371250958165578
307.0, 0.1665277880351101
308.0, 0.15908607508554112
309.0, 0.14194540114699153
310.0, 0.131298986324921
311.0, 0.12263812004308933
312.0, 0.10275000082386249
313.0, 0.08426227667675364
314.0, 0.06320724753056788
315.0, 0.04410437633609854
316.0, 0.036598589537864025
317.0, 0.04587275540857448
318.0, 0.04989236066137294
319.0, 0.04129922990753632
320.0, 0.02954802014106578
321.0, 0.021283883181027762
322.0, 0.01663419117996231
323.0, 0.01785161061565849
324.0, 0.031553578967908814
325.0, 0.0534477894316323
326.0, 0.06963425675781384
327.0, 0.06469317654909304
328.0, 0.07730007630018901
329.0, 0.07973956536276293
330.0, 0.07735678524315236
331.0, 0.0832438123803325
332.0, 0.09430958376408946
333.0, 0.08054287896478844
334.0, 0.06872767505842291
335.0, 0.05388283712892343
336.0, 0.039141198974986316
337.0, 0.0444028124341491
338.0, 0.02712406597924877
339.0, 0.008511412645688323
340.0, 0.006296369015132457
341.0, 0.01816838342389807
342.0, 0.022105765233411043
343.0, 0.028763556278262607
344.0, 0.029173394461297693
345.0, 0.04239632910867521
346.0, 0.05923376288005863
347.0, 0.05152106227064182
348.0, 0.05388522377568756
349.0, 0.06295542936829053
350.0, 0.06948312339013756
351.0, 0.07123568473421317
352.0, 0.07298900404085232
353.0, 0.08377226716656785
354.0, 0.08424519991909278
355.0, 0.0708885127244983
356.0, 0.05975838294278398
357.0, 0.061658179291190544
358.0, 0.05122819255299415
359.0, 0.033423795688471515
360.0, 0.026087593608756593
361.0, 0.02733563398243901
362.0, 0.022508614280660335
363.0, 0.007330545990068687
364.0, 0.002285105792920348
365.0, 0.008785392923606453
366.0, 0.011459530140768455
367.0, 0.011791808612957347
368.0, 0.027765064519608366
369.0, 0.044758231070130786
370.0, 0.05458299065589295
371.0, 0.05428093196350767
372.0, 0.051779235591614695
373.0, 0.059515351498571026
374.0, 0.06941495207983227
375.0, 0.07158754386581352
376.0, 0.0569197766608761
377.0, 0.041353416483396764
378.0, 0.04935429968857572
379.0, 0.057701057404726024
380.0, 0.060085234120470274
381.0, 0.02670974390853126
382.0, 0.005972037107237938
383.0, 0.006287893726255633
384.0, 0.02566924028086633
385.0, 0.018999905640238127
386.0, 0.005937253923408064
387.0, 0.002538376562899623
388.0, 0.007304480914497086
389.0, 0.013752442784464603
390.0, 0.010999032879643635
391.0, 0.005728661919471639
392.0, 0.017382163198350557
393.0, 0.021361592189151932
394.0, 0.03761933512340824
395.0, 0.045713784729937604
396.0, 0.05707371122247295
397.0, 0.06447255624153261
398.0, 0.06416681678895371
399.0, 0.06276642540990619
400.0, 0.06699884630818764
401.0, 0.05792810491261647
402.0, 0.048459829413654655
403.0, 0.0425160670691282
404.0, 0.03822007457976001
405.0, 0.041151335362625475
406.0, 0.0317507526135921
407.0, 0.017983603722571788
408.0, 0.0037304042928661936
409.0, 0.01617143776056247
410.0, 0.01615141692105294
411.0, 0.0031306631965525335
412.0, 0.013710419943925215
413.0, 0.019863037731412618
414.0, 0.019240514709333415
415.0, 0.041938857703255096
416.0, 0.06762473772844789
417.0, 0.07907346194514293
418.0, 0.08211843581680514
419.0, 0.09104108963954301
420.0, 0.10396434085433359
421.0, 0.09332846051565989
422.0, 0.10283302750423116
423.0, 0.10851888366561388
424.0, 0.10904096010632933
425.0, 0.11359882329568086
426.0, 0.12516868606978862
427.0, 0.13134654199282728
428.0, 0.13889551155582477
429.0, 0.1306703130993604
430.0, 0.13574379231822473
431.0, 0.15632373072773184
432.0, 0.14256559754489526
433.0, 0.18760947437915904
434.0, 0.19331493616194942
435.0, 0.18728445617567688
436.0, 0.2029644693645669
437.0, 0.23758318538041723
438.0, 0.28918504156833286
439.0, 0.2757533356043039
440.0, 0.2682306858297809
441.0, 0.28202991457707743
442.0, 0.291730764879338
443.0, 0.3123838849099374
444.0, 0.3371398879177495
445.0, 0.32875661373671594
446.0, 0.3383804413621208
447.0, 0.3614043239081626
448.0, 0.34875421987615346
449.0, 0.3057597801617595
450.0, 0.2908955083723981
451.0, 0.25886596432319164
452.0, 0.22719432344348814
453.0, 0.21798922476041777
454.0, 0.19544921076395158
455.0, 0.17015276655421183
456.0, 0.16771940491099055
457.0, 0.1528303252287828
458.0, 0.12492828349596172
459.0, 0.11610087697213792
460.0, 0.13595168817838552
461.0, 0.13688728510110887
462.0, 0.1325167319818384
463.0, 0.13704395815471213
464.0, 0.14140677574993027
465.0, 0.12970280035423887
466.0, 0.12711089150445623
467.0, 0.12187363107496589
468.0, 0.12354624790796634
469.0, 0.12661584187640343
470.0, 0.12501077130153823
471.0, 0.12679297445989562
472.0, 0.12970304345270248
473.0, 0.12026040835488581
474.0, 0.11874739925517157
475.0, 0.12127215577433106
476.0, 0.10931272361872305
477.0, 0.08077209061195001
478.0, 0.07658508493950579
479.0, 0.06958902218467165
480.0, 0.06890144787109281
481.0, 0.07780909096631113
482.0, 0.07666078518939112
483.0, 0.07222583723208419
484.0, 0.09448619870220991
485.0, 0.09849094150082498
486.0, 0.09456655991473187
487.0, 0.10059549369601323
488.0, 0.10892808697186702
489.0, 0.12583264535226912
490.0, 0.1073229295862709
491.0, 0.11460993396823321
492.0, 0.12726352104927263
493.0, 0.11523083020298326
494.0, 0.12858342301349623
495.0, 0.14123163403915473
496.0, 0.11049101805078886
497.0, 0.09268776911565793
498.0, 0.09811039552140471
499.0, 0.09401218511107295
500.0, 0.08033879681535695
501.0, 0.10405185000466911
502.0, 0.11422472825719958
503.0, 0.11422673236341874
504.0, 0.10683456810876374
505.0, 0.08795614824655944
506.0, 0.08015257404676082
507.0, 0.10789846845328736
508.0, 0.1222199225951396
509.0, 0.11880413805045388
510.0, 0.10739067619347661
511.0, 0.10029996065907494
512.0, 0.12233170291208618
513.0, 0.13552468552726707
514.0, 0.14333535652451976
515.0, 0.14375711193807114
516.0, 0.1382932400907568
517.0, 0.13040010837044394
518.0, 0.112825135196876
519.0, 0.11195009970508452
520.0, 0.11316682176598168
521.0, 0.10086435153359917
522.0, 0.09438163587590329
523.0, 0.10812760623904029
524.0, 0.09531078285112422
525.0, 0.06573045726872886
526.0, 0.05586179138415606
527.0, 0.05187906236285333
528.0, 0.04709233898354199
529.0, 0.0491872750388476
530.0, 0.018926106686996572
531.0, 0.008294352123503806
532.0, 0.004201285237011418
533.0, 0.0018815842990971153
534.0, 0.002739377432534759
535.0, 0.00893634163776157
536.0, 0.008910273484630893
537.0, 0.019791443252576205
538.0, 0.022107170727703615
539.0, 0.031180327110339474
540.0, 0.036869079556471535
541.0, 0.016798030248691368
542.0, 0.020879674741697326
543.0, 0.014789287071871592
544.0, 0.022157553467784433
545.0, 0.020164394740416463
546.0, 0.006604506193686581
547.0, 0.019488629635043827
548.0, 0.005870501367659413
549.0, 0.008482166913210371
550.0, 0.03551268578670058
551.0, 0.02661352915259984
552.0, 0.003739716985462333
553.0, 0.011921236266946219
554.0, 0.03128289814066215
555.0, 0.016507226188437193
556.0, 0.005943732799962972
557.0, 0.01204409487191145
558.0, 0.009866586662983715
559.0, 0.009734121173750155
560.0, 0.013472729622572326
561.0, 0.0069994813070276855
562.0, 0.0027254108837222947
563.0, 0.007789647270571583
564.0, 0.019838641615918386
565.0, 0.024310862502035815
566.0, 0.0034147446376040064
567.0, 0.0002775336424742217
568.0, 0.0030404199430764133
569.0, 0.013177415707812353
570.0, 0.03406861655672487
571.0, 0.0341655397360825
572.0, 0.011822842714790381
573.0, 0.03129944463496117
574.0, 0.00766589771236671
575.0, 0.019971167755996787
576.0, 0.029387449131909497
577.0, 0.019441149982837382
578.0, 0.008983198084333377
579.0, 0.007340849285727783
580.0, 0.022273365386616527
581.0, 0.004526664130372549
582.0, 0.009478140613343896
583.0, 0.003518238627777774
584.0, 0.005866572248479443
585.0, 0.006361086689076131
586.0, 0.01937039198445249
587.0, 0.014241221263528203
588.0, 0.0036745706075937616
589.0, 0.00672102933633197
590.0, 0.013297881203139721
591.0, 0.01097795991202329
592.0, 0.018959670849829652
593.0, 0.02536059961370994
594.0, 0.01891568084142099
595.0, 0.017174932398622767
596.0, 0.018074183660969495
597.0, 0.01593842378963802
598.0, 0.019583038979719223
599.0, 0.030265466778072583
600.0, 0.04356406676129191
601.0, 0.04600408653261387
602.0, 0.04795879978131072
603.0, 0.05837651136891473
604.0, 0.06606678210361566
605.0, 0.0623753098629196
606.0, 0.08112210043853414
607.0, 0.06572425321816605
608.0, 0.06273175855779445
609.0, 0.06504498400446831
610.0, 0.059841143092551716
611.0, 0.08247381991913769
612.0, 0.08015797947084437
613.0, 0.05196310464332381
614.0, 0.058949198570048766
615.0, 0.06770370480688308
616.0, 0.06188478463226992
617.0, 0.055446316652379854
618.0, 0.038203295729779936
619.0, 0.05653439737553266
620.0, 0.06082206322210839
621.0, 0.053940956824789825
622.0, 0.05611081727743333
623.0, 0.059766437201879616
624.0, 0.05194120688997463
625.0, 0.06497447775038515
626.0, 0.055048951506960556
627.0, 0.047751284922915756
628.0, 0.057327822165974665
629.0, 0.0643968982242907
630.0, 0.06260330987522504
631.0, 0.06502214051733392
632.0, 0.057163519309150666
633.0, 0.06429238665430999
634.0, 0.052586495239393426
635.0, 0.042155418429908276
636.0, 0.04330370481820844
637.0, 0.05151298090927758
638.0, 0.06464545194997581
639.0, 0.05370923758280795
640.0, 0.04895746111344876
641.0, 0.06195175069221928
642.0, 0.0701587737025708
643.0, 0.05420230464755225
644.0, 0.038465830566929045
645.0, 0.05242356270412496
646.0, 0.0419109387063285
647.0, 0.028463938089918484
648.0, 0.019503100931517504
649.0, 0.03114960192021355
650.0, 0.04797303595230024
651.0, 0.037287842659708186
652.0, 0.04465083165797912
653.0, 0.04408926275312571
654.0, 0.06005516729533323
655.0, 0.055997108562211254
656.0, 0.03504901288579147
657.0, 0.03935102077137545
658.0, 0.06426740009165857
659.0, 0.02405092543217626
660.0, 0.03443605490592651
661.0, 0.02917788338840299
662.0, 0.03142353149359923
663.0, 0.020391181271331403
664.0, 0.005521741953171825
665.0, 0.016711587472442033
666.0, 0.006003775354499519
667.0, 0.0009953538798135276
668.0, 0.0010852776826979582
669.0, 0.006817949045631373
670.0, 0.00861430681967331
671.0, 0.009063407880967857
672.0, 0.017793405363659847
673.0, 0.02836381341099972
674.0, 0.024554655490376606
675.0, 0.012506514068438484
676.0, 0.023993394781044012
677.0, 0.041277714079219985
678.0, 0.04502797718927993
679.0, 0.04262689888248705
680.0, 0.044153941649829345
681.0, 0.02950991134731504
682.0, 0.04254403007514436
683.0, 0.0461396499153638
684.0, 0.028204245378221124
685.0, 0.007968627928056882
686.0, 0.003857712432184619
687.0, 0.025621540684523405
688.0, 0.022053749875206457
689.0, 0.01777277187142078
690.0, 0.021191712144787597
691.0, 0.015179871739984235
692.0, 0.01789762381115
693.0, 0.03617492726894798
694.0, 0.027550662392620415
695.0, 0.03064227537021937
696.0, 0.043444123665304174
697.0, 0.05262573257391534
698.0, 0.053715945429728934
699.0, 0.05517512648917008
700.0, 0.06616224860117069
701.0, 0.07579520057258152
702.0, 0.05695525537297007
703.0, 0.04779976201189413
704.0, 0.04253072825097298
705.0, 0.04709844762978636
706.0, 0.019444319868287232
707.0, 0.012173464195649917
708.0, 0.014891091482323973
709.0, 0.013623108372857334
710.0, 0.00883512688755408
711.0, 0.004619981249468802
712.0, 0.001258547930033834
713.0, 0.014939911719095806
714.0, 0.021312284431401114
715.0, 0.007726626562490667
716.0, 0.02694977398242824
717.0, 0.030789496237532504
718.0, 0.0211930108745546
719.0, 0.017314462139013134
720.0, 0.026278809868612106
721.0, 0.029716225957820423
722.0, 0.019663250007377443
723.0, 0.017164882015208223
724.0, 0.03211637151009728
725.0, 0.01659762362760393
726.0, 0.02301616095128729
727.0, 0.014204672176522083
728.0, 0.023732498743898885
729.0, 0.020468644039077395
730.0, 0.001097358947093438
731.0, 0.01210484034085299
732.0, 0.00020682240768954988
733.0, 0.008819590140262118
734.0, 0.01690042401163325
735.0, 0.02636761251686634
736.0, 0.01269611817370575
737.0, 0.008415267250155565
738.0, 0.025902352118156415
739.0, 0.025079424311329788
740.0, 0.016008005852846754
741.0, 0.01784564076731105
742.0, 0.006717126376400214
743.0, 0.004402409544785843
744.0, 0.013783489804397801
745.0, 0.010878496600466275
746.0, 0.02106889662564431
747.0, 0.011703718727296569
748.0, 0.04001623846760398
749.0, 0.03110507402973226
750.0, 0.020927617600894375
751.0, 0.010427236631751222
752.0, 0.0060784492385620855
753.0, 0.010596914444827368
754.0, 0.04841750744205605
755.0, 0.03386473844943379
756.0, 0.007728227000055778
757.0, 0.005666421988030127
758.0, 0.010484746970996646
759.0, 0.0045974344389923755
760.0, 0.02090217173013133
761.0, 0.00818357601395651
762.0, 0.018657360413142886
763.0, 0.0027745530331330466
764.0, 0.003816249407217731
765.0, 0.021813396341607668
766.0, 0.009518325835943647
767.0, 0.011535703103668603
768.0, 0.01755518570221204
769.0, 0.005667092895824611
770.0, 0.006999141852302845
771.0, 0.03808975966559971
772.0, 0.009616904041620489
773.0, 0.012782693877552756
774.0, 0.01421765762765964
775.0, 0.007181531213795277
776.0, 0.004407915912794873
777.0, 0.008660007027445451
778.0, 0.0023081736340837215
779.0, 0.007885799128977777
780.0, 0.014448050134090815
781.0, 0.006123303733205523
782.0, 0.018698308633904773
783.0, 0.02717249567382326
784.0, 0.01755269349518468
785.0, 0.0032433926842109903
786.0, 0.0060933889394682115
787.0, 0.017706412935427886
788.0, 0.028906388546883943
789.0, 0.044116534539460114
790.0, 0.028649669680147878
791.0, 0.03579804143007787
792.0, 0.021818378186570963
793.0, 0.004262524654122703
794.0, 0.0038913833366041595
795.0, 0.013708185328560437
796.0, 0.011208010809439603
797.0, 0.013405633303517683
798.0, 0.013076640432985743
799.0, 0.018489401416594033
800.0, 0.027868990906777705
801.0, 0.013126220518999468
802.0, 0.0021303748840214723
803.0, 0.00561252901126867
804.0, 0.00591374537584045
805.0, 0.017650543242719984
806.0, 0.008944689207953008
807.0, 0.004542232268762809
808.0, 0.002178297272037306
809.0, 0.005043575196582363
810.0, 0.004169309709974842
811.0, 0.0017195480642486474
812.0, 0.011191592341584074
813.0, 0.054496370304506804
814.0, 0.03211057416178159
815.0, 0.006436631522247211
816.0, 0.009723856900006033
817.0, 0.02732613109671512
818.0, 0.01864314516955266
819.0, 0.014244985425563291
820.0, 0.03916004502113816
821.0, 0.02695570905436133
822.0, 0.0013439101754277056
823.0, 0.02611470859188184
824.0, 0.01238043941464278
825.0, 0.01217618061334252
826.0, 0.005410205378872743
827.0, 0.004594630783024965
828.0, 0.02237392584784571
829.0, 0.01750476605818824
830.0, 0.013041143563295693
831.0, 0.01469960052008966
832.0, 0.007409649712109468
833.0, 0.005692600317762359
834.0, 0.02007917160067504
835.0, 0.028540633006772224
836.0, 0.01214671729746376
837.0, 0.013262856123196404
838.0, 0.016390706431105788
839.0, 0.005975294233513288
840.0, 0.0047206395770652285
841.0, 0.0026574276122526973
842.0, 0.014665510123393956
843.0, 0.010246220784702758
844.0, 0.004421415623989491
845.0, 0.012199232758955998
846.0, 0.01174954172966041
847.0, 0.014091659373779845
848.0, 0.035785419746377424
849.0, 0.03192246623174283
850.0, 0.028803822132899233
851.0, 0.03994091505617899
852.0, 0.015891112479890362
853.0, 0.012935357099654033
854.0, 0.009475472985471863
855.0, 0.006524508748602372
856.0, 0.006474283606288114
857.0, 0.006877623524148486
858.0, 0.01592982478290128
859.0, 0.017251911374143992
860.0, 0.015370891653507064
861.0, 0.022187833875493966
862.0, 0.03666705413951308
863.0, 0.023545482888427928
864.0, 0.00020695807386785913
865.0, 0.0042736881905160356
866.0, 0.015572006882166173
867.0, 0.009071484010482973
868.0, 0.006997496728969828
869.0, 0.009979781141087888
870.0, 0.02239972132927637
871.0, 0.015022220718513524
872.0, 0.02299546929318845
873.0, 0.017487897959007626
874.0, 0.0005705067508015467
875.0, 0.005162865064489764
876.0, 0.0022152861389944825
877.0, 0.005967833777578756
878.0, 0.007763168571112396
879.0, 0.009332226169694603
880.0, 0.005797723426052235
881.0, 0.01325145930785477
882.0, 0.0128381474843259
883.0, 0.02287992235216018
884.0, 0.019119250735987844
885.0, 0.003992971752136534
886.0, 0.005359781426266736
887.0, 0.00900355398077859
888.0, 0.007168666402957422
889.0, 0.0013935001096281622
890.0, 0.026608418558636094
891.0, 0.03635550179407933
892.0, 0.010093412609587658
893.0, 0.007136306796596412
894.0, 0.01811425901472295
895.0, 0.020003705553006283
896.0, 0.0117533222027555
897.0, 0.021888432502116032
898.0, 0.009632808557175734
899.0, 0.014301882407361013
900.0, 0.031067641683382607
901.0, 0.019632705237376227
902.0, 0.01576095021264249
903.0, 0.021081970402716695
904.0, 0.01747434869911616
905.0, 0.03476404326130152
906.0, 0.03032180087438691
907.0, 0.02878032804985736
908.0, 0.02885503086297119
909.0, 0.004250783766444549
910.0, 0.037740651255958664
911.0, 0.03800915255614046
912.0, 0.007619221918488818
913.0, 0.009971644290001667
914.0, 0.0226208965474299
915.0, 0.018397647697313266
916.0, 0.004224495261385992
917.0, 0.01861786671798238
918.0, 0.03510148218390257
919.0, 0.030268402153550717
920.0, 0.022817756589883186
921.0, 0.03345828250339968
922.0, 0.014943579861298437
923.0, 0.005197576848957248
924.0, 0.01757429980372537
925.0, 0.017631485768285524
926.0, 0.03885793223572065
927.0, 0.04693387733311215
928.0, 0.03444480717508651
929.0, 0.04661715284254432
930.0, 0.04526598701474844
931.0, 0.049737383730648635
932.0, 0.061634801539867
933.0, 0.07941294159691203
934.0, 0.07188151714121019
935.0, 0.046367402491950774
936.0, 0.054280098252859094
937.0, 0.06965266425185236
938.0, 0.06623437308913635
939.0, 0.060547258158461306
940.0, 0.0677408743297214
941.0, 0.045832020226237155
942.0, 0.053361482616573155
943.0, 0.057393251371486265
944.0, 0.05781072805519104
945.0, 0.07753277451359249
946.0, 0.09695373703865674
947.0, 0.0940102511731925
948.0, 0.09197358315208444
949.0, 0.12034703947772712
950.0, 0.13422391841609643
951.0, 0.16514675973207443
952.0, 0.14347647643948522
953.0, 0.17107465479950618
954.0, 0.185744702167676
955.0, 0.190862571590359
956.0, 0.21148537073920937
957.0, 0.218822915713251
958.0, 0.2503996976271504
959.0, 0.24022442995805146
960.0, 0.25422762267652743
961.0, 0.26984934351850876
962.0, 0.27823854015348626
963.0, 0.2912046333886721
964.0, 0.281916350814869
965.0, 0.26446223521760603
966.0, 0.2581466883954946
967.0, 0.2664957908010265
968.0, 0.26123345298713296
969.0, 0.2349297509005665
970.0, 0.20740435464928084
971.0, 0.1824768179024828
972.0, 0.18690515506874691
973.0, 0.1880005696142599
974.0, 0.1313432760875447
975.0, 0.1395229883068505
976.0, 0.13738344972867608
977.0, 0.12081713072031339
978.0, 0.11310718021734255
979.0, 0.1106326356069948
980.0, 0.09991242277406596
981.0, 0.09235431532380466
982.0, 0.10875277227871726
983.0, 0.10178709426083361
984.0, 0.10468110318501443
985.0, 0.08540847678801763
986.0, 0.07997068109548591
987.0, 0.0730404310099774
988.0, 0.05621853134797829
989.0, 0.034005511215778925
990.0, 0.02666721223985752
991.0, 0.025443299770836335
992.0, 0.01744323953161271
993.0, 0.00533965542345585
994.0, 0.010221553228532463
995.0, 0.002364214439055113
996.0, 0.00235736108923697
997.0, 0.03693515504930794
998.0, 0.03663945582420096
999.0, 0.03292675857301621
1000.0, 0.0546344465139266
1001.0, 0.058942081715577105
1002.0, 0.07640887685464291
1003.0, 0.07679114688244226
1004.0, 0.054230666601388054
1005.0, 0.05841440411804529
1006.0, 0.07012465773346495
1007.0, 0.07389039547765407
1008.0, 0.06621990604772196
1009.0, 0.04461080985374708
1010.0, 0.04598045303616334
1011.0, 0.02825585849950466
1012.0, 0.00969251873537436
1013.0, 0.029725863025103848
1014.0, 0.02720267913843544
1015.0, 0.025295929641927038
1016.0, 0.0445424154204357
1017.0, 0.04398322115986831
1018.0, 0.02684369176539578
1019.0, 0.0273881232846819
1020.0, 0.020415278555875223
1021.0, 0.01813253304147669
1022.0, 0.0051730628629656
1023.0, 0.011135159455634059
1024.0, 0.003819559321588585
1025.0, 0.0014055213291322578
1026.0, 0.00864441734614312
1027.0, 0.011356557181281056
1028.0, 0.006621911634616186
1029.0, 0.016248958432287002
1030.0, 0.045990763165531606
1031.0, 0.05088559256446588
1032.0, 0.016789371537316508
1033.0, 0.02816763166248264
1034.0, 0.014993799771764755
1035.0, 0.07413562274024478
1036.0, 0.06935276415913422
1037.0, 0.016522290838226577
1038.0, 0.07671872915666285
1039.0, 0.044359208967117716
1040.0, 0.003622214563641934
1041.0, 0.062404267535906464
1042.0, 0.06519685444744662
1043.0, 0.02174820369331244
1044.0, 0.04060945821705243
1045.0, 0.0489799925361313
1046.0, 0.042351552025146136
1047.0, 0.04739108930033536
1048.0, 0.018211567419684223
1049.0, 0.028293788179339974
1050.0, 0.021374029574875813
1051.0, 0.018543787110502877
1052.0, 0.012277391362723997
1053.0, 0.012311398078497082
1054.0, 0.013748938052981878
1055.0, 0.03449609930699894
1056.0, 0.023692397230893267
1057.0, 0.015954919811972827
1058.0, 0.03346682259623274
1059.0, 0.04058527076003803
1060.0, 0.039808768541567036
1061.0, 0.028537376641922754
1062.0, 0.029289174065763503
1063.0, 0.04317438826408753
1064.0, 0.035272753249113636
1065.0, 0.021791087011615765
1066.0, 0.032675134178422466
1067.0, 0.019758129603022177
1068.0, 0.0020282502825786793
1069.0, 0.011217968866094977
1070.0, 0.02515133762524567
1071.0, 0.011714961049193014
1072.0, 0.007005447462304376
1073.0, 0.008878375819828546
1074.0, 0.028662297518965728
1075.0, 0.018946977111750064
1076.0, 0.020254890353707637
1077.0, 0.051419673946123116
1078.0, 0.020816072717188
1079.0, 0.0040865966271013045
1080.0, 0.02176376875414423
1081.0, 0.030502044254203182
1082.0, 0.029856288115864372
1083.0, 0.01496743524973124
1084.0, 0.01614975820612278
1085.0, 0.02240661444523104
1086.0, 0.00936704443769322
1087.0, 0.012972560009225304
1088.0, 0.010402904837232267
1089.0, 0.021884263794036046
1090.0, 0.02043780566997787
1091.0, 0.03285451852176618
1092.0, 0.0170436369742643
1093.0, 0.05100740726152649
1094.0, 0.04491253093794465
1095.0, 0.03711041216853502
1096.0, 0.046067918792922116
1097.0, 0.055610966042312554
1098.0, 0.06849058670754868
1099.0, 0.06279069319120298
1100.0, 0.05220402240047566
1101.0, 0.04671133260134181
1102.0, 0.02584805444242771
1103.0, 0.028417093338070652
1104.0, 0.04012395825361579
1105.0, 0.017936438596865244
1106.0, 0.010323818965032833
1107.0, 0.011065495733898815
1108.0, 0.026915354258284035
1109.0, 0.03466983549671982
1110.0, 0.04822749619871253
1111.0, 0.029039811487564404
1112.0, 0.029045751483592445
1113.0, 0.04503102341039458
1114.0, 0.029728104718852576
1115.0, 0.05068754673865103
1116.0, 0.033467459867521365
1117.0, 0.06138362843389474
1118.0, 0.04217936091325649
1119.0, 0.029539019512919214
1120.0, 0.04820800694279536
1121.0, 0.042161207317803095
1122.0, 0.043831408267230226
1123.0, 0.06732882492076747
1124.0, 0.05360448425561723
1125.0, 0.06070587768764917
1126.0, 0.0754972501132927
1127.0, 0.048426699186597165
1128.0, 0.05364401553713691
1129.0, 0.05800167641515571
1130.0, 0.05902598212059283
1131.0, 0.03202173596485601
1132.0, 0.03365789296005359
1133.0, 0.017412045985478065
1134.0, 0.02857937700863726
1135.0, 0.01463378326309769
1136.0, 0.011385800568315287
1137.0, 0.007008895559060862
1138.0, 0.01877198347105514
1139.0, 0.03590433045905379
1140.0, 0.016065482338948694
1141.0, 0.007985109178112692
1142.0, 0.02562887809864246
1143.0, 0.020883793780656294
1144.0, 0.020813924888977178
1145.0, 0.033580206211026545
1146.0, 0.015446369241704627
1147.0, 0.005366409872173565
1148.0, 0.06817873460789846
1149.0, 0.030564442372163693
1150.0, 0.019747792391135402
1151.0, 0.03219098568952089
1152.0, 0.027946685106937975
1153.0, 0.02485781146433057
1154.0, 0.004302091595180598
1155.0, 0.031790859358447915
1156.0, 0.01899620885762576
1157.0, 0.03625127399667235
1158.0, 0.04498940127564154
1159.0, 0.021401745061701036
1160.0, 0.014703886356994544
1161.0, 0.028740633834225055
1162.0, 0.050248615470050766
1163.0, 0.04948000749737646
1164.0, 0.04182706446056151
1165.0, 0.02236667343169175
1166.0, 0.0132284930261291
1167.0, 0.03944221529824415
1168.0, 0.005751567265535957
1169.0, 0.004209968568856541
1170.0, 0.024896053824126754
1171.0, 0.02390291024696598
1172.0, 0.022545828735855346
1173.0, 0.011621647623167738
1174.0, 0.0172971068622914
1175.0, 0.01486970521922961
1176.0, 0.005664972457885902
1177.0, 0.00820934841369658
1178.0, 0.006358351354911687
1179.0, 0.000937520396904834
1180.0, 0.016570749769608657
1181.0, 0.009093531025430097
1182.0, 0.013602828799867616
1183.0, 0.011909317189895113
1184.0, 0.009720226611775377
1185.0, 0.02211528935428996
1186.0, 0.03686582832980527
1187.0, 0.010458833926825489
1188.0, 0.017798067249564994
1189.0, 0.02068282427408375
1190.0, 0.024010316475623877
1191.0, 0.032393928218969595
1192.0, 0.025204273789011307
1193.0, 0.022782451144342384
1194.0, 0.005413972783492316
1195.0, 0.008269856295108208
1196.0, 0.013714602346186839
1197.0, 0.017461090576278794
1198.0, 0.019345513615511487
1199.0, 0.022299768685887917
1200.0, 0.028954647744707268
1201.0, 0.028089068051990868
1202.0, 0.039831551093038944
1203.0, 0.026063840239800254
1204.0, 0.020816901195985102
1205.0, 0.015173809564877076
1206.0, 0.0010633291496303533
1207.0, 0.0036220705338954233
1208.0, 0.031284043300248615
1209.0, 0.030979441928876177
1210.0, 0.00487651053859016
1211.0, 0.010673267137152777
1212.0, 0.0332783327226818
1213.0, 0.01658782468073274
1214.0, 0.020933276615817162
1215.0, 0.026846111342038174
1216.0, 0.031225412729642077
1217.0, 0.05252103187297877
1218.0, 0.042088196546459886
1219.0, 0.03171325562958949
1220.0, 0.012260125950714677
1221.0, 0.03875654845554043
1222.0, 0.02781480802398865
1223.0, 0.03861360211653819
1224.0, 0.07066021480451408
1225.0, 0.05673819823610257
1226.0, 0.032887594176635455
1227.0, 0.03628067987944475
1228.0, 0.0019272977403687998
1229.0, 0.015157388942726387
1230.0, 0.018132756681230877
1231.0, 0.006667617074238349
1232.0, 0.018629046257679423
1233.0, 0.014605412480556319
1234.0, 0.013116905979864259
1235.0, 0.019429355239156395
1236.0, 0.022979456139810898
1237.0, 0.01337151794992237
1238.0, 0.005064291475151488
1239.0, 0.022065501225308717
1240.0, 0.031019258459943952
1241.0, 0.03735782326676825
1242.0, 0.039808738073735445
1243.0, 0.03556240476363876
1244.0, 0.028846544802638607
1245.0, 0.030982901104843665
1246.0, 0.021220491011613225
1247.0, 0.012030101828058408
1248.0, 0.013099804504886165
1249.0, 0.012228905656581746
1250.0, 0.017892163606520475
1251.0, 0.019666762425109976
1252.0, 0.02482864344753442
1253.0, 0.015968264106454157
1254.0, 0.010914937972918407
1255.0, 0.02199273542763666
1256.0, 0.03060130598821715
1257.0, 0.008087823622669098
1258.0, 0.017410105892480453
1259.0, 0.007197172905839093
1260.0, 0.006332054846924897
1261.0, 0.010085710095696804
1262.0, 0.006941293289359085
1263.0, 0.017904699734089886
1264.0, 0.004192167353879942
1265.0, 0.01708930609869663
1266.0, 0.027357250754680523
1267.0, 0.01412692196479328
1268.0, 0.035006322222663304
1269.0, 0.03231910014921275
1270.0, 0.016800314720506214
1271.0, 0.015080366881384914
1272.0, 0.0015243652912820989
1273, 0.0
1274, 0.0
1275, 0.0
1276, 0.0
1277, 0.0
1278, 0.0
1279, 0.0
1280, 0.0
1281, 0.0
1282, 0.0
1283, 0.0
1284, 0.0
1285, 0.0
1286, 0.0
1287, 0.0
1288, 0.0
1289, 0.0
1290, 0.0
1291, 0.0
1292, 0.0
1293, 0.0
1294, 0.0
1295, 0.0
1296, 0.0
1297, 0.0
1298, 0.0
1299, 0.0
1300, 0.0
1301, 0.0
1302, 0.0
1303, 0.0
1304, 0.0
1305, 0.0
1306, 0.0
1307, 0.0
1308, 0.0
1309, 0.0
1310, 0.0
1311, 0.0
1312, 0.0
1313, 0.0
1314, 0.0
1315, 0.0
1316, 0.0
1317, 0.0
1318, 0.0
1319, 0.0
1320, 0.0
1321, 0.0
1322, 0.0
1323, 0.0
1324, 0.0
1325, 0.0
1326, 0.0
1327, 0.0
1328, 0.0
1329, 0.0
1330, 0.0
1331, 0.0
1332, 0.0
1333, 0.0
1334, 0.0
1335, 0.0
1336, 0.0
1337, 0.0
1338, 0.0
1339, 0.0
1340, 0.0
1341, 0.0
1342, 0.0
1343, 0.0
1344, 0.0
1345, 0.0
1346, 0.0
1347, 0.0
1348, 0.0
1349, 0.0
1350, 0.0
1351, 0.0
1352, 0.0
1353, 0.0
1354, 0.0
1355, 0.0
1356, 0.0
1357, 0.0
1358, 0.0
1359, 0.0
1360, 0.0
1361, 0.0
1362, 0.0
1363, 0.0
1364, 0.0
1365, 0.0
1366, 0.0
1367, 0.0
1368, 0.0
1369, 0.0
1370, 0.0
1371, 0.0
1372, 0.0
1373, 0.0
1374, 0.0
1375, 0.0
1376, 0.0
1377, 0.0
1378, 0.0
1379, 0.0
1380, 0.0
1381, 0.0
1382, 0.0
1383, 0.0
1384, 0.0
1385, 0.0
1386, 0.0
1387, 0.0
1388, 0.0
1389, 0.0
1390, 0.0
1391, 0.0
1392, 0.0
1393, 0.0
1394, 0.0
1395, 0.0
1396, 0.0
1397, 0.0
1398, 0.0
1399, 0.0
1400, 0.0
1401, 0.0
1402, 0.0
1403, 0.0
1404, 0.0
1405, 0.0
1406, 0.0
1407, 0.0
1408, 0.0
1409, 0.0
1410, 0.0
1411, 0.0
1412, 0.0
1413, 0.0
1414, 0.0
1415, 0.0
1416, 0.0
1417, 0.0
1418, 0.0
1419, 0.0
1420, 0.0
1421, 0.0
1422, 0.0
1423, 0.0
1424, 0.0
1425, 0.0
1426, 0.0
1427, 0.0
1428, 0.0
1429, 0.0
1430, 0.0
1431, 0.0
1432, 0.0
1433, 0.0
1434, 0.0
1435, 0.0
1436, 0.0
1437, 0.0
1438, 0.0
1439, 0.0
1440, 0.0
1441, 0.0
1442, 0.0
1443, 0.0
1444, 0.0
1445, 0.0
1446, 0.0
1447, 0.0
1448, 0.0
1449, 0.0
1450, 0.0
1451, 0.0
1452, 0.0
1453, 0.0
1454, 0.0
1455, 0.0
1456, 0.0
1457, 0.0
1458, 0.0
1459, 0.0
1460, 0.0
1461, 0.0
1462, 0.0
1463, 0.0
1464, 0.0
1465, 0.0
1466, 0.0
1467, 0.0
1468, 0.0
1469, 0.0
1470, 0.0
1471, 0.0
1472, 0.0
1473, 0.0
1474, 0.0
1475, 0.0
1476, 0.0
1477, 0.0
1478, 0.0
1479, 0.0
1480, 0.0
1481, 0.0
1482, 0.0
1483, 0.0
1484, 0.0
1485, 0.0
1486, 0.0
1487, 0.0
1488, 0.0
1489, 0.0
1490, 0.0
1491, 0.0
1492, 0.0
1493, 0.0
1494, 0.0
1495, 0.0
1496, 0.0
1497, 0.0
1498, 0.0
1499, 0.0
1500, 0.0
1501, 0.0
1502, 0.0
1503, 0.0
1504, 0.0
1505, 0.0
1506, 0.0
1507, 0.0
1508, 0.0
1509, 0.0
1510, 0.0
1511, 0.0
1512, 0.0
1513, 0.0
1514, 0.0
1515, 0.0
1516, 0.0
1517, 0.0
1518, 0.0
1519, 0.0
1520, 0.0
1521, 0.0
1522, 0.0
1523, 0.0
1524, 0.0
1525, 0.0
1526, 0.0
1527, 0.0
1528, 0.0
1529, 0.0
1530, 0.0
1531, 0.0
1532, 0.0
1533, 0.0
1534, 0.0
1535, 0.0
1536, 0.0
1537, 0.0
1538, 0.0
1539, 0.0
1540, 0.0
1541, 0.0
1542, 0.0
1543, 0.0
1544, 0.0
1545, 0.0
1546, 0.0
1547, 0.0
1548, 0.0
1549, 0.0
1550, 0.0
1551, 0.0
1552, 0.0
1553, 0.0
1554, 0.0
1555, 0.0
1556, 0.0
1557, 0.0
1558, 0.0
1559, 0.0
1560, 0.0
1561, 0.0
1562, 0.0
1563, 0.0
1564, 0.0
1565, 0.0
1566, 0.0
1567, 0.0
1568, 0.0
1569, 0.0
1570, 0.0
1571, 0.0
1572, 0.0
1573, 0.0
1574, 0.0
1575, 0.0
1576, 0.0
1577, 0.0
1578, 0.0
1579, 0.0
1580, 0.0
1581, 0.0
1582, 0.0
1583, 0.0
1584, 0.0
1585, 0.0
1586, 0.0
1587, 0.0
1588, 0.0
1589, 0.0
1590, 0.0
1591, 0.0
1592, 0.0
1593, 0.0
1594, 0.0
1595, 0.0
1596, 0.0
1597, 0.0
1598, 0.0
1599, 0.0
