30, 0.0
31, 0.0
32, 0.0
33, 0.0
34, 0.0
35, 0.0
36, 0.0
37, 0.0
38, 0.0
39, 0.0
40, 0.0
41, 0.0
42, 0.0
43, 0.0
44, 0.0
45, 0.0
46, 0.0
47, 0.0
48, 0.0
49, 0.0
50, 0.0
51, 0.0
52, 0.0
53, 0.0
54, 0.0
55, 0.0
56, 0.0
57, 0.0
58, 0.0
59, 0.0
60, 0.0
61, 0.0
62, 0.0
63, 0.0
64, 0.0
65, 0.0
66, 0.0
67, 0.0
68, 0.0
69, 0.0
70, 0.0
71, 0.0
72, 0.0
73, 0.0
74, 0.0
75, 0.0
76, 0.0
77, 0.0
78, 0.0
79, 0.0
80, 0.0
81, 0.0
82, 0.0
83, 0.0
84, 0.0
85, 0.0
86, 0.0
87, 0.0
88, 0.0
89, 0.0
90, 0.0
91, 0.0
92, 0.0
93, 0.0
94, 0.0
95, 0.0
96, 0.0
97, 0.0
98, 0.0
99, 0.0
100, 0.0
101, 0.0
102, 0.0
103, 0.0
104, 0.0
105, 0.0
106, 0.0
107, 0.0
108, 0.0
109, 0.0
110, 0.0
111, 0.0
112, 0.0
113, 0.0
114, 0.0
115, 0.0
116, 0.0
117, 0.0
118, 0.0
119, 0.0
120, 0.0
121, 0.0
122, 0.0
123, 0.0
124, 0.0
125, 0.0
126, 0.0
127, 0.0
128, 0.0
129, 0.0
130, 0.0
131, 0.0
132, 0.0
133, 0.0
134, 0.0
135, 0.0
136, 0.0
137, 0.0
138, 0.0
139, 0.0
140, 0.0
141, 0.0
142, 0.0
143, 0.0
144, 0.0
145, 0.0
146, 0.0
147, 0.0
148, 0.0
149, 0.0
150, 0.0
151, 0.0
152, 0.0
153, 0.0
154, 0.0
155, 0.0
156, 0.0
157, 0.0
158, 0.0
159, 0.0
160, 0.0
161, 0.0
162, 0.0
163, 0.0
164, 0.0
165, 0.0
166, 0.0
167.0, 0.00039122076574418395
168.0, 0.002939359080459367
169.0, 0.00910540561825109
170.0, 0.017502089819197653
171.0, 0.02121095855850271
172.0, 0.0196345317789997
173.0, 0.018878527899416377
174.0, 0.01771670009831497
175.0, 0.012021511654212502
176.0, 0.009003432855300376
177.0, 0.0070011600259581004
178.0, 0.004929070648589859
179.0, 0.0019106469911676467
180.0, 0.0025114656542625574
181.0, 0.0010214872301985544
182.0, 0.002753233354967603
183.0, 0.0045247714697105096
184.0, 0.004022365323093921
185.0, 0.00394144563606354
186.0, 0.004833076551333382
187.0, 0.006910358802728994
188.0, 0.008693552349505411
189.0, 0.00614428071313647
190.0, 0.006733367106375788
191.0, 0.005122844700902712
192.0, 0.004336118467079843
193.0, 0.008862489938526388
194.0, 0.009252254640740573
195.0, 0.011039759020408463
196.0, 0.013661037823379085
197.0, 0.014456691448984402
198.0, 0.013042265067548395
199.0, 0.01387252270586402
200.0, 0.017737536097336023
201.0, 0.020654562703558213
202.0, 0.021137500658212845
203.0, 0.022130369374776273
204.0, 0.01858919938428973
205.0, 0.013107671292610076
206.0, 0.011584323248932576
207.0, 0.01567316908699562
208.0, 0.013764329260366914
209.0, 0.013477822604724903
210.0, 0.01279921110816864
211.0, 0.010933825331123942
212.0, 0.011285266344022219
213.0, 0.01546602055226915
214.0, 0.012858450888952969
215.0, 0.009412133466625651
216.0, 0.013401779560150663
217.0, 0.012937739700394649
218.0, 0.014804571695107046
219.0, 0.016507467794013825
220.0, 0.017258688823767514
221.0, 0.01902255104263349
222.0, 0.019327065159180583
223.0, 0.017492623197096047
224.0, 0.018297968539212152
225.0, 0.021122543996930965
226.0, 0.018425477570620918
227.0, 0.017807528762407505
228.0, 0.017514978834872453
229.0, 0.017897753984130037
230.0, 0.01962323821064506
231.0, 0.020409864851195437
232.0, 0.018783537410648782
233.0, 0.020375758496654434
234.0, 0.02203300588439653
235.0, 0.019202765674700563
236.0, 0.019080644284833526
237.0, 0.02434127326073921
238.0, 0.030451059389222965
239.0, 0.03511503651741513
240.0, 0.038942083702881554
241.0, 0.039434561416193906
242.0, 0.040141652874611085
243.0, 0.042086719443799166
244.0, 0.045752916834028615
245.0, 0.053680984949059034
246.0, 0.05419230560863142
247.0, 0.05324144766927027
248.0, 0.05611986178772377
249.0, 0.06443945722228218
250.0, 0.0737187094374009
251.0, 0.08036043706670151
252.0, 0.08624204066142557
253.0, 0.09811223097295092
254.0, 0.11799939331575976
255.0, 0.13445376497908043
256.0, 0.15583932730320849
257.0, 0.17429238169510033
258.0, 0.18176134768332547
259.0, 0.17639571395822048
260.0, 0.1551518482754624
261.0, 0.12936952786852562
262.0, 0.10148624333725928
263.0, 0.07639131217412838
264.0, 0.06480725300044446
265.0, 0.05615542414283242
266.0, 0.04929705732157994
267.0, 0.04258413256009655
268.0, 0.03445428168147508
269.0, 0.02555959549204984
270.0, 0.026861150756581968
271.0, 0.02291433924947087
272.0, 0.01628687312544377
273.0, 0.01609847938400992
274.0, 0.015009429316744339
275.0, 0.013188569245570912
276.0, 0.011829918193263697
277.0, 0.01031486497957166
278.0, 0.0079233862379511
279.0, 0.00737688420429558
280.0, 0.005795477372097161
281.0, 0.003587778935795333
282.0, 0.0025118398941730495
283.0, 0.003532239815845524
284.0, 0.00868322434020091
285.0, 0.010735966325810607
286.0, 0.010872443814822424
287.0, 0.010968888604844016
288.0, 0.012161919188159639
289.0, 0.011289209031218418
290.0, 0.010333583006832707
291.0, 0.010817377089054524
292.0, 0.012928433460012562
293.0, 0.01428643817506952
294.0, 0.011476358384493271
295.0, 0.013155810953728064
296.0, 0.013434202428126369
297.0, 0.011313006770937167
298.0, 0.014463309067668417
299.0, 0.015462409724806052
300.0, 0.023045301384096314
301.0, 0.027234770820996405
302.0, 0.02376075200984714
303.0, 0.0211774576582814
304.0, 0.025805712122051495
305.0, 0.02852192683805859
306.0, 0.02747406153998994
307.0, 0.02389888110246588
308.0, 0.018844770969879854
309.0, 0.01711143652323208
310.0, 0.015485069463021353
311.0, 0.011775680648427869
312.0, 0.0068520690829518656
313.0, 0.006324547110951263
314.0, 0.003159650157353294
315.0, 0.0033361453704466304
316.0, 0.0035868191033558796
317.0, 0.001014183192305736
318.0, 0.0007181959856479924
319.0, 0.0007582002124116224
320.0, 0.003663336204118277
321.0, 0.006677706624925853
322.0, 0.003747164008864508
323.0, 0.002674441433698331
324.0, 0.003567955387638368
325.0, 0.006088737559122996
326.0, 0.008190838688714088
327.0, 0.008484800533464015
328.0, 0.007634456959671004
329.0, 0.005246221830026505
330.0, 0.007713070402656264
331.0, 0.009431505069409946
332.0, 0.007839313727207317
333.0, 0.009626795629615426
334.0, 0.006102896576763762
335.0, 0.004880296693607793
336.0, 0.0039030024982071366
337.0, 0.0019315773853715063
338.0, 0.0013074766013235924
339.0, 0.002976765887564848
340.0, 0.002947804628501278
341.0, 0.0005203828186611042
342.0, 0.0012433513420743213
343.0, 0.004716660241290207
344.0, 0.0035042814067987155
345.0, 0.0030034064599732354
346.0, 0.0018061950819393316
347.0, 0.0012011702100084268
348.0, 0.002930361303075346
349.0, 0.0031845994338435438
350.0, 0.0037980205498247157
351.0, 0.00033628451968604144
352.0, 0.002877736489824602
353.0, 0.001218658757032348
354.0, 0.004662290823204298
355.0, 0.001904766711786669
356.0, 0.002337714284152384
357.0, 0.003274174090382223
358.0, 0.0007417420647655522
359.0, 0.0019400335461608644
360.0, 0.0013413550274154718
361.0, 0.0006305922094287684
362.0, 0.0005261666516978631
363.0, 0.0011137878747500545
364.0, 0.0037837651120788277
365.0, 0.002650693351172897
366.0, 0.0034704646093703115
367.0, 0.002825656782681992
368.0, 0.0007628381588428661
369.0, 0.006304364959807294
370.0, 0.008823644084270494
371.0, 0.00820905250877477
372.0, 0.010472416173703715
373.0, 0.01382509663450879
374.0, 0.012249333931344556
375.0, 0.011854198717304419
376.0, 0.011473542549893304
377.0, 0.014276696802598828
378.0, 0.01656727631514761
379.0, 0.014680347973326251
380.0, 0.020506971706576425
381.0, 0.023880857802253918
382.0, 0.021112695940416912
383.0, 0.019046319729662156
384.0, 0.021856361128756954
385.0, 0.020893847448168943
386.0, 0.026339826501868297
387.0, 0.0286146444626359
388.0, 0.031389832932663356
389.0, 0.03874076720893685
390.0, 0.04619119123986169
391.0, 0.04968943363453637
392.0, 0.05692340151875094
393.0, 0.0664316772724244
394.0, 0.07489550272878943
395.0, 0.08292650444979976
396.0, 0.09607057891979946
397.0, 0.10222548903552708
398.0, 0.1133934901300851
399.0, 0.12572114604881443
400.0, 0.13468252079401447
401.0, 0.1503282928935026
402.0, 0.16707074280420295
403.0, 0.18049338971717097
404.0, 0.18808438659389382
405.0, 0.19413204201545245
406.0, 0.2028767237881048
407.0, 0.20991760221371136
408.0, 0.2063979208957091
409.0, 0.20279490306169334
410.0, 0.19781253453845532
411.0, 0.18652310793571056
412.0, 0.1710464839515544
413.0, 0.15279045893241563
414.0, 0.12995673499693627
415.0, 0.10930660760319937
416.0, 0.09479952005674813
417.0, 0.0834830604292912
418.0, 0.06950390072493506
419.0, 0.05722940110517188
420.0, 0.048229069571634704
421.0, 0.04177738314024269
422.0, 0.03636212080709062
423.0, 0.03058663505354275
424.0, 0.030117070929533148
425.0, 0.025866370464418708
426.0, 0.021939533611612504
427.0, 0.021717354854721656
428.0, 0.021457556513203503
429.0, 0.01327324265270249
430.0, 0.01005572556802229
431.0, 0.012015254304294218
432.0, 0.014126415155928131
433.0, 0.012404087768469088
434.0, 0.008996525801874643
435.0, 0.008593941019061952
436.0, 0.01056567035826854
437.0, 0.01119451085336888
438.0, 0.010078651995102501
439.0, 0.009725455955880875
440.0, 0.008882109412443624
441.0, 0.00752499961617058
442.0, 0.007801559802451761
443.0, 0.008512630149086636
444.0, 0.008479393987454717
445.0, 0.010026076315225453
446.0, 0.009006109298901405
447.0, 0.010003025280206902
448.0, 0.01094976028786498
449.0, 0.010619257797513606
450.0, 0.01137616108627916
451.0, 0.015485591428281788
452.0, 0.010621773258570623
453.0, 0.010053230483156126
454.0, 0.011936512919966611
455.0, 0.011092586512995125
456.0, 0.008980986789431083
457.0, 0.007751712559341145
458.0, 0.007077081596810242
459.0, 0.008034393572145382
460.0, 0.009566615181490924
461.0, 0.010930928082459232
462.0, 0.014488439035103181
463.0, 0.010328519817580338
464.0, 0.0113062795800573
465.0, 0.012797181464837356
466.0, 0.013166703157307677
467.0, 0.01593716505179316
468.0, 0.013752124925698115
469.0, 0.012035021261798423
470.0, 0.015477344335502982
471.0, 0.014495757765231081
472.0, 0.008817587719628553
473.0, 0.014437845521752871
474.0, 0.01164817628507118
475.0, 0.00981982273925026
476.0, 0.010154514789268768
477.0, 0.010332342968780099
478.0, 0.0090885482563809
479.0, 0.008610426607475534
480.0, 0.009332207024163063
481.0, 0.01012512833751692
482.0, 0.008280247387792946
483.0, 0.005533002568174418
484.0, 0.004761664054277508
485.0, 0.005255010729069136
486.0, 0.002707745691329807
487.0, 0.003939527395263503
488.0, 0.008525554314947954
489.0, 0.010568030876867656
490.0, 0.005647186660882535
491.0, 0.0026072166475562208
492.0, 0.004498372988985685
493.0, 0.004981106353104574
494.0, 0.004324139774194395
495.0, 0.00223444258373324
496.0, 0.0018503297231183622
497.0, 0.0009563660764125485
498.0, 0.0014872472021589538
499.0, 0.0007131286980622791
500.0, 0.00041621475746009246
501.0, 0.0014817521350189542
502.0, 0.002234884030849345
503.0, 0.002297371268374394
504.0, 0.0009901233197999488
505.0, 0.0002910295911073371
506.0, 0.0008753264472483199
507.0, 0.0005466020423895153
508.0, 0.002338377589015331
509.0, 0.0006102117779158367
510.0, 0.001065463222475027
511.0, 0.0011201836395070615
512.0, 0.0007239849266934349
513.0, 0.0012233319641290058
514.0, 0.00024138590444335365
515.0, 0.0018205000595605616
516.0, 0.004411291381085693
517.0, 0.006240151095294344
518.0, 0.007531167416510775
519.0, 0.007944642634668585
520.0, 0.007119347183211492
521.0, 0.01030079803040019
522.0, 0.011831467149196022
523.0, 0.012438364260218729
524.0, 0.01575160440279204
525.0, 0.0211302491461179
526.0, 0.024379866936487818
527.0, 0.03115954555940606
528.0, 0.038159959548068764
529.0, 0.04411797961786708
530.0, 0.05192981924285034
531.0, 0.0608570435803091
532.0, 0.06640451066824231
533.0, 0.06827868494165576
534.0, 0.06486770914735031
535.0, 0.05845229487875245
536.0, 0.048798639975133916
537.0, 0.03776375069709788
538.0, 0.02878740572730178
539.0, 0.021343709508274623
540.0, 0.019393435426707673
541.0, 0.013452526801258639
542.0, 0.009776987251589044
543.0, 0.008905629718280066
544.0, 0.0066923932384284285
545.0, 0.006527264697223712
546.0, 0.008364859326082153
547.0, 0.008970329534428187
548.0, 0.00863369535107432
549.0, 0.009008781664658133
550.0, 0.009803290026279424
551.0, 0.008675822219692294
552.0, 0.008971547142257
553.0, 0.004063584555706436
554.0, 0.0054531113529195825
555.0, 0.009039368316062182
556.0, 0.008068655611572485
557.0, 0.006762844325871165
558.0, 0.010433525548085153
559.0, 0.011378108646722956
560.0, 0.014437806907318598
561.0, 0.016390861785211222
562.0, 0.013898363193997836
563.0, 0.012730029734535585
564.0, 0.01732591034199891
565.0, 0.02056148563449218
566.0, 0.020196525360361164
567.0, 0.021085366310737923
568.0, 0.022663524488071383
569.0, 0.023635934045982975
570.0, 0.028325249017289323
571.0, 0.03559616582298705
572.0, 0.03558646622862423
573.0, 0.037583739426087046
574.0, 0.04102240154079222
575.0, 0.04165270058291956
576.0, 0.04774527480277342
577.0, 0.05156043767966076
578.0, 0.05691472312453709
579.0, 0.06045617959856797
580.0, 0.0626510058000802
581.0, 0.06667639691036917
582.0, 0.07299728280178171
583.0, 0.07476544018272764
584.0, 0.08250279645279507
585.0, 0.08416052860939803
586.0, 0.08304687042722789
587.0, 0.08054865934559739
588.0, 0.07363136750815515
589.0, 0.06919857018805073
590.0, 0.06634435174303585
591.0, 0.06307383249448426
592.0, 0.059497621789446606
593.0, 0.05003374514378701
594.0, 0.038892524269995704
595.0, 0.04094419731962039
596.0, 0.033692739436173604
597.0, 0.02735940037111353
598.0, 0.024041414179024608
599.0, 0.019992993623690284
600.0, 0.0176404994322846
601.0, 0.01710513533528741
602.0, 0.010593276507681016
603.0, 0.010959197617459395
604.0, 0.009780645636718361
605.0, 0.00877636419037965
606.0, 0.007914074322432558
607.0, 0.007209058915080169
608.0, 0.00740936403868039
609.0, 0.005531176310110545
610.0, 0.0008844683610231013
611.0, 0.004296141962318895
612.0, 0.005325196021308481
613.0, 0.003914607188540564
614.0, 0.002645173639024137
615.0, 0.0006099496126935842
616.0, 0.0026326151384399124
617.0, 0.003424530283856599
618.0, 0.0010156590268379762
619.0, 0.0005275384664793167
620.0, 0.0039049008013806565
621.0, 0.004738431521711439
622.0, 0.004470467693217704
623.0, 0.0028049404847992425
624.0, 0.001074025348907326
625.0, 0.001017066847619002
626.0, 0.0008036101036272095
627.0, 0.0018895773553663454
628.0, 0.0030298943783031522
629.0, 0.002199115765025224
630.0, 0.0017422529069730751
631.0, 0.0016251425681698675
632.0, 0.001483398128878814
633.0, 0.0017287745853418024
634.0, 0.001139264211193081
635.0, 0.001035973852531552
636.0, 0.003473656730505037
637.0, 0.0035958359291612487
638.0, 0.0007978642795454362
639.0, 0.001425076870693898
640.0, 0.0005573363134924391
641.0, 0.002483385622137208
642.0, 0.003969731801170963
643.0, 0.004194972728764133
644.0, 0.0006458813847718919
645.0, 0.00039643595035341055
646.0, 0.0006159365333530416
647.0, 0.002517095964574011
648.0, 0.004132692277180118
649.0, 0.0010071377552909313
650.0, 0.0024138206522391122
651.0, 0.0073007014045977335
652.0, 0.004562130976340219
653.0, 0.004012625400378332
654.0, 0.003999534271748497
655.0, 0.001647468509865894
656.0, 0.0032145287491049377
657.0, 0.0019161161664295898
658.0, 0.004362190927844959
659.0, 0.0037533901991916693
660.0, 0.004886616657236835
661.0, 0.005219037689938817
662.0, 0.002847339215103501
663.0, 0.002886090260616136
664.0, 0.00361149635139305
665.0, 0.004165756706845621
666.0, 0.0032126528333944987
667.0, 0.0022186888517155014
668.0, 0.002315260818611755
669.0, 0.0036963011849472107
670.0, 0.005660235861056372
671.0, 0.005921138551478432
672.0, 0.0039637200793353295
673.0, 0.003973927518306194
674.0, 0.004782836770534396
675.0, 0.003229945555602622
676.0, 0.002119073671397587
677.0, 0.0070189726758131486
678.0, 0.0075486491717900416
679.0, 0.00762854373101397
680.0, 0.011436768499456509
681.0, 0.010015885677352315
682.0, 0.005908846342166057
683.0, 0.003628448233438426
684.0, 0.0024189477151560974
685.0, 0.006247679121914828
686.0, 0.010844865583267502
687.0, 0.0077565603497677105
688.0, 0.0026738828097004957
689.0, 0.0030309060978931314
690.0, 0.006016298630900462
691.0, 0.006963409790643561
692.0, 0.008249309701878513
693.0, 0.006455280078340023
694.0, 0.010174360955642427
695.0, 0.007326367793845853
696.0, 0.006710155203370757
697.0, 0.009166087373517616
698.0, 0.00965422980118701
699.0, 0.007627443723563177
700.0, 0.004700925933358514
701.0, 0.0054684029545215545
702.0, 0.006911203463886902
703.0, 0.008933791840110755
704.0, 0.008757327408749531
705.0, 0.005949461926142565
706.0, 0.00483608181195559
707.0, 0.007239258575910883
708.0, 0.004119777844057036
709.0, 0.00415119846847904
710.0, 0.006983581173099022
711.0, 0.005314098433319486
712.0, 0.0031084252025022924
713.0, 0.005284876494510022
714.0, 0.007604384961451595
715.0, 0.005301053048723371
716.0, 0.005367548529555576
717.0, 0.002659780314942414
718.0, 0.0037216443362501077
719.0, 0.005200889899106558
720.0, 0.004242552612439427
721.0, 0.002430271010049045
722.0, 0.00027996729782187995
723.0, 0.0033144237067879484
724.0, 0.0036888107608166304
725.0, 0.006243824929127479
726.0, 0.003760271264476838
727.0, 0.0006156838678048674
728.0, 0.0010269196690272425
729.0, 0.001468356036074437
730.0, 0.005236429165065001
731.0, 0.005007823375763599
732.0, 0.0018299774694405576
733.0, 0.001206606614780935
734.0, 0.002073090751953841
735.0, 0.0029228577073899167
736.0, 0.002201387180972326
737.0, 0.00027730847470652564
738.0, 0.0012595765248875502
739.0, 0.0016857356616173044
740.0, 0.0014756437524639204
741.0, 0.00072917108251416
742.0, 0.0024301138233274585
743.0, 0.0010410990945053534
744.0, 0.0003250391922351166
745.0, 0.000935167031157675
746.0, 0.0017316111298662134
747.0, 0.0013884419796080533
748.0, 0.0024457902841423795
749.0, 0.0008772716403345807
750.0, 0.0007660222977314149
751.0, 0.00047583227472606474
752.0, 0.0012226402436015071
753.0, 0.00020740947385577323
754.0, 0.0005232911978892808
755.0, 0.0010875505081243894
756.0, 0.00011235849536239255
757.0, 0.002761167486916725
758.0, 0.0012350493370487468
759.0, 0.0017022192893231983
760.0, 0.001956738335292721
761.0, 0.0018795506881560098
762.0, 0.0011943836798510648
763.0, 0.0005157246346201541
764.0, 0.00016917993388399858
765.0, 0.0005134327491660705
766.0, 0.001107829203797897
767.0, 0.0004645489056679997
768.0, 0.0019172299810032494
769.0, 0.0005184509156948803
770.0, 0.0019464522459466502
771.0, 0.000707887189517264
772.0, 0.0015900083251175136
773.0, 0.0014993754685460622
774.0, 0.002092673366486829
775.0, 0.0034721882324132043
776.0, 0.003224650232048262
777.0, 0.0016623469813601725
778.0, 0.0012733549349820009
779.0, 0.0003450625659564363
780.0, 0.00025218883617079757
781.0, 0.002771486878963954
782.0, 0.003447373584110684
783.0, 0.002611347327047262
784.0, 0.0049384195776652744
785.0, 0.010053687181541269
786.0, 0.009031807847712361
787.0, 0.006578670297060463
788.0, 0.00978844133545664
789.0, 0.011920471614964066
790.0, 0.018680435895801463
791.0, 0.020526056931816836
792.0, 0.019575223302742566
793.0, 0.023115058124767923
794.0, 0.026958359803768813
795.0, 0.032243711124043006
796.0, 0.03592168322641522
797.0, 0.041675611665457156
798.0, 0.04742466126493345
799.0, 0.05806218506214379
800.0, 0.0678344407631379
801.0, 0.07701433104758294
802.0, 0.09126704449302854
803.0, 0.10920575182815231
804.0, 0.13429305142490713
805.0, 0.15995316089577727
806.0, 0.1956635369929957
807.0, 0.2340558299616214
808.0, 0.2822878688996261
809.0, 0.3378650210401687
810.0, 0.39809990968616693
811.0, 0.4723085696533127
812.0, 0.5567607981353035
813.0, 0.6592221962344011
814.0, 0.7565316966664228
815.0, 0.8507948780738241
816.0, 0.9345613264407562
817.0, 0.9877415353506919
818.0, 0.9957872240532392
819.0, 0.9558845697882974
820.0, 0.8726564242874969
821.0, 0.7600478870778341
822.0, 0.6470111846337567
823.0, 0.538114211712751
824.0, 0.4436647555925492
825.0, 0.3674568941420902
826.0, 0.308095900790075
827.0, 0.2623916372002146
828.0, 0.22544716338662701
829.0, 0.1942124905637587
830.0, 0.17566971907297127
831.0, 0.15827421743067582
832.0, 0.14623813881119627
833.0, 0.13976334585444575
834.0, 0.13656979694821142
835.0, 0.13827769722100702
836.0, 0.14325947679426873
837.0, 0.15025611991665533
838.0, 0.16551302263811996
839.0, 0.1913193746053995
840.0, 0.21772123186576636
841.0, 0.25791089904918296
842.0, 0.3053930670428308
843.0, 0.3624328840107997
844.0, 0.424781620133732
845.0, 0.49572199780935905
846.0, 0.5785433124315225
847.0, 0.6625247006723827
848.0, 0.738370261818042
849.0, 0.7959005343170893
850.0, 0.8165457459618627
851.0, 0.7745767035584028
852.0, 0.6883978538098002
853.0, 0.5833091023665695
854.0, 0.47568191011753086
855.0, 0.3794992277185283
856.0, 0.30306324297009724
857.0, 0.24269089431699994
858.0, 0.19152361877425872
859.0, 0.14964614453193384
860.0, 0.1220249668694281
861.0, 0.10140487359558545
862.0, 0.08267105901213777
863.0, 0.06949329638630182
864.0, 0.05882625883080327
865.0, 0.047653667638871126
866.0, 0.0401218613101145
867.0, 0.03470188267395633
868.0, 0.03454533726142164
869.0, 0.02919873626965109
870.0, 0.02297239595861173
871.0, 0.021790529007061007
872.0, 0.021778475438859864
873.0, 0.018638876820491517
874.0, 0.016646225253739915
875.0, 0.016310443863863544
876.0, 0.012043586374199163
877.0, 0.014565248573574862
878.0, 0.015005833149925474
879.0, 0.01086169369353969
880.0, 0.010578581203871569
881.0, 0.011739653221829474
882.0, 0.010213613035971188
883.0, 0.006964751296060951
884.0, 0.00530953507048021
885.0, 0.004902835981137442
886.0, 0.0036123907205913024
887.0, 0.0029975527425219685
888.0, 0.004707448123560012
889.0, 0.003963381468996822
890.0, 0.005624580179715448
891.0, 0.005203275031196481
892.0, 0.00752621455007994
893.0, 0.010941753257140249
894.0, 0.012348566047406404
895.0, 0.015520072501599293
896.0, 0.021943761308605723
897.0, 0.022560826130816253
898.0, 0.02251885255823671
899.0, 0.0211095675258601
900.0, 0.02058018155908803
901.0, 0.01945646837954505
902.0, 0.012512131001638272
903.0, 0.007662568675601794
904.0, 0.00580823472704531
905.0, 0.001932976505723557
906.0, 0.0019951477144363053
907.0, 0.0012719205509499176
908.0, 0.0020960853431493454
909.0, 0.0004290717638049515
910.0, 0.0005192840587286587
911.0, 0.0006333884079204943
912.0, 0.002878353107459511
913.0, 0.002916437291279545
914.0, 0.0006521280789907582
915.0, 0.0005467602495942536
916.0, 0.0015066198165652478
917.0, 0.00013251859303305136
918.0, 0.0032634005169123507
919.0, 0.0012191596994743804
920.0, 0.0011263613887191651
921.0, 0.0007859920909437997
922.0, 0.0002185211192802381
923.0, 0.0009839178537893955
924.0, 0.0008741886983487039
925.0, 9.949824436304929e-05
926.0, 0.00029708447077139255
927.0, 0.001824047040651074
928.0, 0.0029064088803338155
929.0, 0.0023640770977785336
930.0, 0.003439898140507897
931.0, 0.002504849804924812
932.0, 0.008395573419733265
933.0, 0.009759899904066787
934.0, 0.009672012839246479
935.0, 0.01474416182258021
936.0, 0.02081777483423878
937.0, 0.025946355184313204
938.0, 0.03412575380297637
939.0, 0.041946808668178896
940.0, 0.0485367437786119
941.0, 0.06444967890465242
942.0, 0.07544665813096421
943.0, 0.09027285446688409
944.0, 0.11384141255830778
945.0, 0.13558455753526494
946.0, 0.14992807147613715
947.0, 0.15315247968859264
948.0, 0.14677037771988316
949.0, 0.13600154758018676
950.0, 0.1133869886955836
951.0, 0.09410950273792787
952.0, 0.07416008472368368
953.0, 0.059059328165815925
954.0, 0.048808623192728155
955.0, 0.03872360478578077
956.0, 0.02934213378244689
957.0, 0.025667393535982484
958.0, 0.02430522044193151
959.0, 0.0216401086011902
960.0, 0.0183348750548808
961.0, 0.013218186712175123
962.0, 0.016161153627324447
963.0, 0.01390821366814069
964.0, 0.012997817689001023
965.0, 0.009553893633216787
966.0, 0.008898103357137284
967.0, 0.01157968712094376
968.0, 0.008006526677890827
969.0, 0.00554125874501558
970.0, 0.007202429650124412
971.0, 0.005596033060895944
972.0, 0.001882449725372814
973.0, 0.002832835996708189
974.0, 0.004444591596041606
975.0, 0.006205826158729269
976.0, 0.0031563530660330516
977.0, 0.004778486782634128
978.0, 0.00580462470093575
979.0, 0.0038987388100654038
980.0, 0.003443154436121891
981.0, 0.003605906080113918
982.0, 0.003794311258393661
983.0, 0.004635893829740141
984.0, 0.004285157453146524
985.0, 0.0027454059648984444
986.0, 0.0013938224620562395
987.0, 0.0012237713560045672
988.0, 0.0051407610476236236
989.0, 0.0010486992169993017
990.0, 0.0022134933531581633
991.0, 0.002945148524341305
992.0, 0.0006913294165642387
993.0, 0.0009565672737692931
994.0, 0.0027970703259975692
995.0, 0.004621244134280807
996.0, 0.004937549017212288
997.0, 0.001574795260857927
998.0, 0.0027642918981323214
999.0, 0.004760236244628758
1000.0, 0.0011686511371788756
1001.0, 0.0008616811891075975
1002.0, 0.004438485834894594
1003.0, 0.003026301736741714
1004.0, 0.002672878157590122
1005.0, 0.0014009227095225054
1006.0, 0.001670710838168513
1007.0, 0.004047972745355368
1008.0, 0.005792708954364348
1009.0, 0.005412200079198928
1010.0, 0.0029745248193902194
1011.0, 0.004017633958939488
1012.0, 0.004669747953460355
1013.0, 0.0044443585211518975
1014.0, 0.007336034874916989
1015.0, 0.006736364630259655
1016.0, 0.007017712501572655
1017.0, 0.006219786353893607
1018.0, 0.0013382995625314093
1019.0, 0.0031373353391242398
1020.0, 0.0047661981110217085
1021.0, 0.00218924220047977
1022.0, 0.0030751285756586
1023.0, 0.00467779779199634
1024.0, 0.00503696947296402
1025.0, 0.0041003949275922194
1026.0, 0.006472936512516971
1027.0, 0.004943925438640042
1028.0, 0.0007753000981511682
1029.0, 0.004046857200343878
1030.0, 0.004539072157016765
1031.0, 0.0047784407835880114
1032.0, 0.0015481266385252328
1033.0, 0.0023424251315064667
1034.0, 0.004240310096668142
1035.0, 0.0037562787794021635
1036.0, 0.005436101948908174
1037.0, 0.005424957122666859
1038.0, 0.005370910569493039
1039.0, 0.0021739597829751427
1040.0, 0.0014058540096261733
1041.0, 0.003952056645074383
1042.0, 0.0036484392449497296
1043.0, 0.0038295737770869228
1044.0, 0.0017498326438475144
1045.0, 0.002927086386639762
1046.0, 0.003389609584688527
1047.0, 0.0026884901121196994
1048.0, 0.0019749927691181963
1049.0, 0.0011662313954091113
1050.0, 0.0028946761465680334
1051.0, 0.005220394911252232
1052.0, 0.0031296167214085943
1053.0, 0.002064720671533674
1054.0, 0.0008728726914363466
1055.0, 0.005528822151143519
1056.0, 0.0022303132847350535
1057.0, 0.0016349142874042832
1058.0, 0.005248695073834859
1059.0, 0.0014926458419814506
1060.0, 0.0009364142989890591
1061.0, 0.004237092746625265
1062.0, 0.006426098781842715
1063.0, 0.004551153968748671
1064.0, 0.0022234951661164654
1065.0, 0.0009314309213469956
1066.0, 0.0037961246130416787
1067.0, 0.0065310740666983105
1068.0, 0.00730073713319008
1069.0, 0.003632929634215003
1070.0, 0.0023739062068537553
1071.0, 0.004033454051324482
1072.0, 0.0038112374777793195
1073.0, 0.0030551428011201206
1074.0, 0.0029281527643688146
1075.0, 0.00755613167804092
1076.0, 0.005616062620207302
1077.0, 0.002664470545406312
1078.0, 0.004401100791673853
1079.0, 0.005935732482146169
1080.0, 0.0027513572191273806
1081.0, 0.0016606914241685943
1082.0, 0.005540060486655127
1083.0, 0.00121633578037247
1084.0, 0.0033545042285110147
1085.0, 0.0034273150535040794
1086.0, 0.001545695272189971
1087.0, 0.0028584755143573268
1088.0, 0.0033294904642901897
1089.0, 0.004789735215889563
1090.0, 0.005200399135194299
1091.0, 0.0038250005346892545
1092.0, 0.0035622269460819046
1093.0, 0.003361396003241042
1094.0, 0.002971167416898966
1095.0, 0.0029369944830681706
1096.0, 0.0034890227787153665
1097.0, 0.003256830890275932
1098.0, 0.00343087595902693
1099.0, 0.004232225346030416
1100.0, 0.000627128478286384
1101.0, 0.000803781914715898
1102.0, 0.002635836362784312
1103.0, 0.0011425562610754005
1104.0, 0.0049309027051401355
1105.0, 0.00024877160216059033
1106.0, 0.0015749199132042103
1107.0, 0.003363573818997569
1108.0, 0.0032134126389479806
1109.0, 0.00144066816071597
1110.0, 0.0031671271715638925
1111.0, 0.0024142765185359146
1112.0, 0.0006698436707146544
1113.0, 0.001108521674741273
1114.0, 0.00041400732714924783
1115.0, 0.000750562452081684
1116.0, 0.0014936969660217887
1117.0, 0.00048451379303969755
1118.0, 0.002096498341964387
1119.0, 0.0004574894702411156
1120.0, 4.9725639029959295e-05
1121.0, 0.001356744751161924
1122.0, 0.0012979176801098656
1123.0, 0.0025594848052891083
1124.0, 0.0019199127352083679
1125.0, 0.00129854308487415
1126.0, 0.0015722865300392276
1127.0, 0.002448819372871025
1128.0, 0.0017651241732083225
1129.0, 0.0007025761284575289
1130.0, 0.0009058384686055255
1131.0, 0.0006590259370623223
1132.0, 0.002041077473657746
1133.0, 0.0007745641184751924
1134.0, 0.0005860932522745773
1135.0, 0.0014979744880816866
1136.0, 0.001474928084127288
1137.0, 0.001378790659106413
1138.0, 0.002995391024783923
1139.0, 0.0012725454705382435
1140.0, 5.95678444935254e-05
1141.0, 0.0016980854298251776
1142.0, 0.005241089011594566
1143.0, 0.00479305866483557
1144.0, 0.0033313105310736205
1145.0, 0.0010492561516672987
1146.0, 0.0020049470779673235
1147.0, 0.0025776547118727747
1148.0, 0.004157900669905142
1149.0, 0.0019131667685386281
1150.0, 0.0007274324180303291
1151.0, 0.0011819970964449295
1152.0, 0.002948772560660625
1153.0, 0.0029761202704414085
1154.0, 0.002604833728263944
1155.0, 0.003854971354692499
1156.0, 0.005021838717752928
1157.0, 0.0016400447707266
1158.0, 0.005252540438688423
1159.0, 0.0022854411635776263
1160.0, 0.004523329459563219
1161.0, 0.004625159243283341
1162.0, 0.003834304110830315
1163.0, 0.004605087154920115
1164.0, 0.005373401304221686
1165.0, 0.004789854181329954
1166.0, 0.0063560661077725865
1167.0, 0.008438540499421396
1168.0, 0.00937701621740059
1169.0, 0.009727568606550045
1170.0, 0.011374673904341387
1171.0, 0.01166307166239667
1172.0, 0.008139917954587404
1173.0, 0.010429385293982272
1174.0, 0.013343612672652065
1175.0, 0.013997280220452019
1176.0, 0.016265721813338165
1177.0, 0.016076921449440673
1178.0, 0.018071891639306528
1179.0, 0.020076528206302822
1180.0, 0.020181224651662652
1181.0, 0.019494235778684643
1182.0, 0.020431871746262435
1183.0, 0.01926264799387027
1184.0, 0.021705450897906417
1185.0, 0.024460153929140215
1186.0, 0.02590773435831931
1187.0, 0.029255182509454893
1188.0, 0.027458860108691505
1189.0, 0.029800263325637906
1190.0, 0.02596708242271552
1191.0, 0.03152869724730084
1192.0, 0.03119046149069172
1193.0, 0.031767926831691724
1194.0, 0.031701467859770835
1195.0, 0.034141536997137706
1196.0, 0.0347936756462747
1197.0, 0.03312977739274615
1198.0, 0.03234766529760909
1199.0, 0.033598908335261204
1200.0, 0.0340106252476968
1201.0, 0.032388720945034574
1202.0, 0.03224052132118987
1203.0, 0.032425120622010695
1204.0, 0.03159498218439384
1205.0, 0.03101722952798456
1206.0, 0.030917793095778207
1207.0, 0.027950252766331115
1208.0, 0.027978694889208115
1209.0, 0.028300327506166102
1210.0, 0.026136312776987983
1211.0, 0.02338253973466144
1212.0, 0.025555120444379596
1213.0, 0.019882883335019592
1214.0, 0.02430767011555602
1215.0, 0.021415745083183318
1216.0, 0.021981606290229626
1217.0, 0.01923519067039873
1218.0, 0.018326656094574588
1219.0, 0.014636884655254645
1220.0, 0.0136298839152329
1221.0, 0.014258483586581445
1222.0, 0.01396180164792193
1223.0, 0.014367142636906595
1224.0, 0.011185896844423008
1225.0, 0.010422637659214192
1226.0, 0.010453125591723931
1227.0, 0.007850292227643295
1228.0, 0.005606501232123921
1229.0, 0.0046977831252095256
1230.0, 0.005419104518956119
1231.0, 0.0051408055208872535
1232.0, 0.003808798613466953
1233.0, 0.004495279102477653
1234.0, 0.0022828082110269397
1235.0, 0.00181460343305491
1236.0, 0.002253490794131937
1237.0, 0.0004101809591438162
1238.0, 0.00012744990348495983
1239.0, 0.00166587829489437
1240.0, 0.0009425777489887432
1241.0, 0.00011845512480170405
1242, 0.0
1243, 0.0
1244, 0.0
1245, 0.0
1246, 0.0
1247, 0.0
1248, 0.0
1249, 0.0
1250, 0.0
1251, 0.0
1252, 0.0
1253, 0.0
1254, 0.0
1255, 0.0
1256, 0.0
1257, 0.0
1258, 0.0
1259, 0.0
1260, 0.0
1261, 0.0
1262, 0.0
1263, 0.0
1264, 0.0
1265, 0.0
1266, 0.0
1267, 0.0
1268, 0.0
1269, 0.0
1270, 0.0
1271, 0.0
1272, 0.0
1273, 0.0
1274, 0.0
1275, 0.0
1276, 0.0
1277, 0.0
1278, 0.0
1279, 0.0
1280, 0.0
1281, 0.0
1282, 0.0
1283, 0.0
1284, 0.0
1285, 0.0
1286, 0.0
1287, 0.0
1288, 0.0
1289, 0.0
1290, 0.0
1291, 0.0
1292, 0.0
1293, 0.0
1294, 0.0
1295, 0.0
1296, 0.0
1297, 0.0
1298, 0.0
1299, 0.0
1300, 0.0
1301, 0.0
1302, 0.0
1303, 0.0
1304, 0.0
1305, 0.0
1306, 0.0
1307, 0.0
1308, 0.0
1309, 0.0
1310, 0.0
1311, 0.0
1312, 0.0
1313, 0.0
1314, 0.0
1315, 0.0
1316, 0.0
1317, 0.0
1318, 0.0
1319, 0.0
1320, 0.0
1321, 0.0
1322, 0.0
1323, 0.0
1324, 0.0
1325, 0.0
1326, 0.0
1327, 0.0
1328, 0.0
1329, 0.0
1330, 0.0
1331, 0.0
1332, 0.0
1333, 0.0
1334, 0.0
1335, 0.0
1336, 0.0
1337, 0.0
1338, 0.0
1339, 0.0
1340, 0.0
1341, 0.0
1342, 0.0
1343, 0.0
1344, 0.0
1345, 0.0
1346, 0.0
1347, 0.0
1348, 0.0
1349, 0.0
1350, 0.0
1351, 0.0
1352, 0.0
1353, 0.0
1354, 0.0
1355, 0.0
1356, 0.0
1357, 0.0
1358, 0.0
1359, 0.0
1360, 0.0
1361, 0.0
1362, 0.0
1363, 0.0
1364, 0.0
1365, 0.0
1366, 0.0
1367, 0.0
1368, 0.0
1369, 0.0
1370, 0.0
1371, 0.0
1372, 0.0
1373, 0.0
1374, 0.0
1375, 0.0
1376, 0.0
1377, 0.0
1378, 0.0
1379, 0.0
1380, 0.0
1381, 0.0
1382, 0.0
1383, 0.0
1384, 0.0
1385, 0.0
1386, 0.0
1387, 0.0
1388, 0.0
1389, 0.0
1390, 0.0
1391, 0.0
1392, 0.0
1393, 0.0
1394, 0.0
1395, 0.0
1396, 0.0
1397, 0.0
1398, 0.0
1399, 0.0
1400, 0.0
1401, 0.0
1402, 0.0
1403, 0.0
1404, 0.0
1405, 0.0
1406, 0.0
1407, 0.0
1408, 0.0
1409, 0.0
1410, 0.0
1411, 0.0
1412, 0.0
1413, 0.0
1414, 0.0
1415, 0.0
1416, 0.0
1417, 0.0
1418, 0.0
1419, 0.0
1420, 0.0
1421, 0.0
1422, 0.0
1423, 0.0
1424, 0.0
1425, 0.0
1426, 0.0
1427, 0.0
1428, 0.0
1429, 0.0
1430, 0.0
1431, 0.0
1432, 0.0
1433, 0.0
1434, 0.0
1435, 0.0
1436, 0.0
1437, 0.0
1438, 0.0
1439, 0.0
1440, 0.0
1441, 0.0
1442, 0.0
1443, 0.0
1444, 0.0
1445, 0.0
1446, 0.0
1447, 0.0
1448, 0.0
1449, 0.0
1450, 0.0
1451, 0.0
1452, 0.0
1453, 0.0
1454, 0.0
1455, 0.0
1456, 0.0
1457, 0.0
1458, 0.0
1459, 0.0
1460, 0.0
1461, 0.0
1462, 0.0
1463, 0.0
1464, 0.0
1465, 0.0
1466, 0.0
1467, 0.0
1468, 0.0
1469, 0.0
1470, 0.0
1471, 0.0
1472, 0.0
1473, 0.0
1474, 0.0
1475, 0.0
1476, 0.0
1477, 0.0
1478, 0.0
1479, 0.0
1480, 0.0
1481, 0.0
1482, 0.0
1483, 0.0
1484, 0.0
1485, 0.0
1486, 0.0
1487, 0.0
1488, 0.0
1489, 0.0
1490, 0.0
1491, 0.0
1492, 0.0
1493, 0.0
1494, 0.0
1495, 0.0
1496, 0.0
1497, 0.0
1498, 0.0
1499, 0.0
1500, 0.0
1501, 0.0
1502, 0.0
1503, 0.0
1504, 0.0
1505, 0.0
1506, 0.0
1507, 0.0
1508, 0.0
1509, 0.0
1510, 0.0
1511, 0.0
1512, 0.0
1513, 0.0
1514, 0.0
1515, 0.0
1516, 0.0
1517, 0.0
1518, 0.0
1519, 0.0
1520, 0.0
1521, 0.0
1522, 0.0
1523, 0.0
1524, 0.0
1525, 0.0
1526, 0.0
1527, 0.0
1528, 0.0
1529, 0.0
1530, 0.0
1531, 0.0
1532, 0.0
1533, 0.0
1534, 0.0
1535, 0.0
1536, 0.0
1537, 0.0
1538, 0.0
1539, 0.0
1540, 0.0
1541, 0.0
1542, 0.0
1543, 0.0
1544, 0.0
1545, 0.0
1546, 0.0
1547, 0.0
1548, 0.0
1549, 0.0
1550, 0.0
1551, 0.0
1552, 0.0
1553, 0.0
1554, 0.0
1555, 0.0
1556, 0.0
1557, 0.0
1558, 0.0
1559, 0.0
1560, 0.0
1561, 0.0
1562, 0.0
1563, 0.0
1564, 0.0
1565, 0.0
1566, 0.0
1567, 0.0
1568, 0.0
1569, 0.0
1570, 0.0
1571, 0.0
1572, 0.0
1573, 0.0
1574, 0.0
1575, 0.0
1576, 0.0
1577, 0.0
1578, 0.0
1579, 0.0
1580, 0.0
1581, 0.0
1582, 0.0
1583, 0.0
1584, 0.0
1585, 0.0
1586, 0.0
1587, 0.0
1588, 0.0
1589, 0.0
1590, 0.0
1591, 0.0
1592, 0.0
1593, 0.0
1594, 0.0
1595, 0.0
1596, 0.0
1597, 0.0
1598, 0.0
1599, 0.0
