30, 0.0
31, 0.0
32, 0.0
33, 0.0
34, 0.0
35, 0.0
36, 0.0
37, 0.0
38, 0.0
39, 0.0
40, 0.0
41, 0.0
42, 0.0
43, 0.0
44, 0.0
45, 0.0
46, 0.0
47, 0.0
48, 0.0
49, 0.0
50, 0.0
51, 0.0
52, 0.0
53, 0.0
54, 0.0
55, 0.0
56, 0.0
57, 0.0
58, 0.0
59, 0.0
60, 0.0
61, 0.0
62, 0.0
63, 0.0
64, 0.0
65, 0.0
66, 0.0
67, 0.0
68, 0.0
69, 0.0
70, 0.0
71, 0.0
72, 0.0
73, 0.0
74, 0.0
75, 0.0
76, 0.0
77, 0.0
78, 0.0
79, 0.0
80, 0.0
81, 0.0
82, 0.0
83, 0.0
84, 0.0
85, 0.0
86, 0.0
87, 0.0
88, 0.0
89, 0.0
90, 0.0
91, 0.0
92, 0.0
93, 0.0
94, 0.0
95, 0.0
96, 0.0
97, 0.0
98, 0.0
99, 0.0
100, 0.0
101, 0.0
102, 0.0
103, 0.0
104, 0.0
105, 0.0
106, 0.0
107, 0.0
108, 0.0
109, 0.0
110, 0.0
111, 0.0
112, 0.0
113, 0.0
114, 0.0
115, 0.0
116, 0.0
117, 0.0
118, 0.0
119.0, 2.3300703684853006e-05
120.0, 0.00038177306806721904
121.0, 0.013364476558223636
122.0, 0.01560768822797662
123.0, 0.013065560478842463
124.0, 0.01935771088179458
125.0, 0.029701556044810506
126.0, 0.031088783811045677
127.0, 0.05107516907911896
128.0, 0.05244618470358827
129.0, 0.017038307113286494
130.0, 0.017344027677796928
131.0, 0.04759113807225035
132.0, 0.05892320284931106
133.0, 0.0649469038624572
134.0, 0.07428142364215881
135.0, 0.07852443568562772
136.0, 0.09208873423989795
137.0, 0.08984299401882874
138.0, 0.07750767344773425
139.0, 0.07564352645118806
140.0, 0.1085471269196024
141.0, 0.062450302534982904
142.0, 0.06721732791599815
143.0, 0.08739647422246752
144.0, 0.10186415733133845
145.0, 0.09646725336481697
146.0, 0.059164540726820286
147.0, 0.08480492847139841
148.0, 0.08134727112077159
149.0, 0.06944885766400763
150.0, 0.07140306384184408
151.0, 0.0451099372854592
152.0, 0.09025224163716712
153.0, 0.08607572922299371
154.0, 0.08081938944469982
155.0, 0.08965655950157984
156.0, 0.0656183455138669
157.0, 0.09345155937419843
158.0, 0.08719281626428772
159.0, 0.08459199061396688
160.0, 0.07535377951435558
161.0, 0.029445643859004403
162.0, 0.03920837901714212
163.0, 0.03431583123619488
164.0, 0.04516690502506406
165.0, 0.0588250605665902
166.0, 0.05858218048098384
167.0, 0.06180135643376513
168.0, 0.03667832064199767
169.0, 0.014819796875951557
170.0, 0.012025149122607935
171.0, 0.0236326424903596
172.0, 0.017362263199700013
173.0, 0.017097684424923116
174.0, 0.03485495727778423
175.0, 0.04816739253039901
176.0, 0.04095501260779472
177.0, 0.012393196471682931
178.0, 0.05377208729994419
179.0, 0.04908416282116265
180.0, 0.027321492081216137
181.0, 0.026624641670814714
182.0, 0.06061844363566702
183.0, 0.056278559587925304
184.0, 0.045046465878256836
185.0, 0.057371109764246926
186.0, 0.07731861880305357
187.0, 0.08699383484044072
188.0, 0.07379766260936135
189.0, 0.042534748432779976
190.0, 0.0689353942858096
191.0, 0.07483042491871612
192.0, 0.05273869598097348
193.0, 0.03561974463439541
194.0, 0.054633527970994765
195.0, 0.0712183283133866
196.0, 0.09574143450591677
197.0, 0.11083650351365787
198.0, 0.10553871763299842
199.0, 0.09432438735705143
200.0, 0.12256047798343381
201.0, 0.11793130877400047
202.0, 0.12643765608697796
203.0, 0.14024752514226124
204.0, 0.11051353475804149
205.0, 0.08261142658483081
206.0, 0.07799381743090054
207.0, 0.06006732696521201
208.0, 0.043906535480464484
209.0, 0.05440272721913439
210.0, 0.09733193776135357
211.0, 0.09404103302084939
212.0, 0.08460379926773018
213.0, 0.05675691160661879
214.0, 0.03702236352104969
215.0, 0.08646093244898534
216.0, 0.06954661000812216
217.0, 0.09430441073072775
218.0, 0.11273040365777974
219.0, 0.11907515460054206
220.0, 0.11986875136777152
221.0, 0.1014858057346887
222.0, 0.11573504181223167
223.0, 0.1001054490587088
224.0, 0.0900413521287463
225.0, 0.09429818500193211
226.0, 0.0782500360745699
227.0, 0.09922035644926613
228.0, 0.11689673724907797
229.0, 0.12647752189724776
230.0, 0.1064936067358135
231.0, 0.049313541154194875
232.0, 0.024965771624684323
233.0, 0.021865676249115187
234.0, 0.039181767063471894
235.0, 0.054743921998091735
236.0, 0.053470034710513134
237.0, 0.03431843909108326
238.0, 0.011382165299102513
239.0, 0.020174009699111938
240.0, 0.030444007717195902
241.0, 0.024804344982884627
242.0, 0.0037593210358457248
243.0, 0.009300040894681507
244.0, 0.042024158323664726
245.0, 0.04715062386958513
246.0, 0.03864524744877201
247.0, 0.024349493365869654
248.0, 0.0005423737701317297
249.0, 0.0014113290405869609
250.0, 0.022641304327084465
251.0, 0.025835223966898517
252.0, 0.028361326267448944
253.0, 0.047703003016445644
254.0, 0.05148625380108418
255.0, 0.011377270877406274
256.0, 0.04274801410780718
257.0, 0.051368361995677965
258.0, 0.036304637872442314
259.0, 0.0640451595765853
260.0, 0.03394176878784182
261.0, 0.03430143270518938
262.0, 0.02904432567195648
263.0, 0.029372508301288684
264.0, 0.04265275434446125
265.0, 0.05016719652999016
266.0, 0.039838356834804266
267.0, 0.03986161861884127
268.0, 0.040791298548205096
269.0, 0.04079736927414729
270.0, 0.04288752926117109
271.0, 0.0512706389096864
272.0, 0.04549922279353249
273.0, 0.061221016325207836
274.0, 0.06832336235207198
275.0, 0.05221524805307336
276.0, 0.02841920094142494
277.0, 0.04242822887882072
278.0, 0.038278757827171134
279.0, 0.03012223061394135
280.0, 0.01708082841737894
281.0, 0.003421844778880738
282.0, 0.014993743970138161
283.0, 0.024514415566291692
284.0, 0.03094971705846724
285.0, 0.048697101618108085
286.0, 0.051117149986185106
287.0, 0.01198920289902107
288.0, 0.034401047770580326
289.0, 0.024522973711049
290.0, 0.03079369981408355
291.0, 0.030520978241644358
292.0, 0.015994076017603727
293.0, 0.008539253369436691
294.0, 0.03168454089890212
295.0, 0.02256652839473564
296.0, 0.009328696443461251
297.0, 0.008785915424659452
298.0, 0.01891851735409247
299.0, 0.0076350675823102935
300.0, 0.008403823550090901
301.0, 0.009916898426433292
302.0, 0.038294013239723874
303.0, 0.06669122458266041
304.0, 0.05765152028927292
305.0, 0.04140026327570061
306.0, 0.01389052504377217
307.0, 0.002556606341696837
308.0, 0.007586799105452676
309.0, 0.018323154604357586
310.0, 0.023245881334814044
311.0, 0.0549953567360575
312.0, 0.08138070336449159
313.0, 0.054299590013063996
314.0, 0.02032952098202503
315.0, 0.0215293341864551
316.0, 0.05798958270891729
317.0, 0.014630492047821124
318.0, 0.04005337994434175
319.0, 0.055921639253837856
320.0, 0.06577568751006718
321.0, 0.0828169264173213
322.0, 0.08287154418646257
323.0, 0.029551316090222487
324.0, 0.04998329746977614
325.0, 0.08617379220004073
326.0, 0.08706088620754891
327.0, 0.042738773640122504
328.0, 0.04700382384828362
329.0, 0.052632988682701574
330.0, 0.028156007976062172
331.0, 0.024066080306288293
332.0, 0.031995395949218824
333.0, 0.016799110288339213
334.0, 0.03947016308031428
335.0, 0.020181504797643236
336.0, 0.024143535285780386
337.0, 0.025161883043764984
338.0, 0.01381886610046716
339.0, 0.007468260176107235
340.0, 0.01893734671990095
341.0, 0.050478835009343394
342.0, 0.050727925601379814
343.0, 0.05700996156997603
344.0, 0.07252731586013243
345.0, 0.04705964602252585
346.0, 0.03877391048142548
347.0, 0.01484188473755908
348.0, 0.012244719669424822
349.0, 0.033830459583748015
350.0, 0.052442427028188736
351.0, 0.02021679724854652
352.0, 0.06262787956129728
353.0, 0.061701322392965344
354.0, 0.04988548272187107
355.0, 0.061750123585874915
356.0, 0.08293036420157976
357.0, 0.0183512853198968
358.0, 0.038022362327994
359.0, 0.04760778097288682
360.0, 0.03727563749122615
361.0, 0.033043293446361664
362.0, 0.05634229659908292
363.0, 0.08779529311675209
364.0, 0.06477417472625735
365.0, 0.06192249332537063
366.0, 0.054898992089986824
367.0, 0.05328800909587213
368.0, 0.06236187073001737
369.0, 0.03929997543647701
370.0, 0.06040915992038062
371.0, 0.04525350108589555
372.0, 0.05167936159919963
373.0, 0.06401154327862868
374.0, 0.06276736544402908
375.0, 0.12005661825783179
376.0, 0.11029443042068574
377.0, 0.07961129759180567
378.0, 0.08186834990872281
379.0, 0.09420607609692096
380.0, 0.08603150151552291
381.0, 0.11911280201150864
382.0, 0.11243139154614236
383.0, 0.07379989361368897
384.0, 0.07310538856057662
385.0, 0.08858446372395799
386.0, 0.07363039067944349
387.0, 0.05615926598254058
388.0, 0.02364139022635644
389.0, 0.040994902242381316
390.0, 0.05500088621941581
391.0, 0.06418371847320499
392.0, 0.07434319206054368
393.0, 0.031090077259020188
394.0, 0.04910291601844535
395.0, 0.03333128772724645
396.0, 0.028037883226446816
397.0, 0.04302845101226828
398.0, 0.062256519773097714
399.0, 0.05812210319076009
400.0, 0.05975836794713254
401.0, 0.08119665898958285
402.0, 0.09285034388694169
403.0, 0.10095512793716852
404.0, 0.11656470670043781
405.0, 0.12439761844403735
406.0, 0.1320326083296799
407.0, 0.10221194741013548
408.0, 0.11329498670635305
409.0, 0.1406076955213979
410.0, 0.13973938912485143
411.0, 0.11473153366039053
412.0, 0.1482623168907401
413.0, 0.11932269424344555
414.0, 0.0723362016345296
415.0, 0.09168806064604486
416.0, 0.16247738962123698
417.0, 0.12221047209729034
418.0, 0.16316390470894668
419.0, 0.10920959205897113
420.0, 0.09943391753010002
421.0, 0.10584964703752765
422.0, 0.0934207761664771
423.0, 0.07954244625312192
424.0, 0.09545009123862934
425.0, 0.04745620111651164
426.0, 0.0374165867721769
427.0, 0.032066990396079235
428.0, 0.025849416341604148
429.0, 0.05526492742159115
430.0, 0.07187053630404194
431.0, 0.03917855913364268
432.0, 0.06931661630800233
433.0, 0.08490302784517886
434.0, 0.0710473378486557
435.0, 0.06996412431353446
436.0, 0.06323492434244647
437.0, 0.07987641427464595
438.0, 0.03282513956873702
439.0, 0.02068210048990993
440.0, 0.06045529661411862
441.0, 0.08996092364018736
442.0, 0.0036889504789086175
443.0, 0.06715339928302994
444.0, 0.06816874012013477
445.0, 0.030613755658885175
446.0, 0.029975746989705634
447.0, 0.07148815584045781
448.0, 0.015746133534733184
449.0, 0.08500861552440746
450.0, 0.09932945681883537
451.0, 0.07218887794518036
452.0, 0.030622686528364543
453.0, 0.011678333823388717
454.0, 0.04249694625886694
455.0, 0.03571652006270736
456.0, 0.08709969271141858
457.0, 0.055350212989152235
458.0, 0.02151543464912459
459.0, 0.02856083991075277
460.0, 0.049300291052514295
461.0, 0.0554792348215841
462.0, 0.05420421969721688
463.0, 0.05800428685663368
464.0, 0.09057257324762762
465.0, 0.09568355284958295
466.0, 0.04497899869339858
467.0, 0.07663807633693978
468.0, 0.03268018268711671
469.0, 0.05812047171505312
470.0, 0.06750709656233553
471.0, 0.05481024636058099
472.0, 0.04842766629800566
473.0, 0.07007398591898548
474.0, 0.036765087308805025
475.0, 0.08851843242426449
476.0, 0.08240377435618108
477.0, 0.05482017022927505
478.0, 0.03509278355941502
479.0, 0.024949203796850825
480.0, 0.0759083924048564
481.0, 0.028304385258610208
482.0, 0.024786471560783674
483.0, 0.04936917424867263
484.0, 0.07137110122629238
485.0, 0.06551550426085875
486.0, 0.02550124564250519
487.0, 0.027577926363851674
488.0, 0.05753106871193095
489.0, 0.0353199608912475
490.0, 0.02047957808578591
491.0, 0.03196417698974957
492.0, 0.012633841335293331
493.0, 0.07266055274154021
494.0, 0.03534580413912185
495.0, 0.034589720709112544
496.0, 0.036726357417232645
497.0, 0.033293272047809234
498.0, 0.041705348245753775
499.0, 0.06060808813916052
500.0, 0.052605866958541296
501.0, 0.056632707853014795
502.0, 0.07743314319647225
503.0, 0.09071494692847197
504.0, 0.08627493229947121
505.0, 0.08557730447230281
506.0, 0.08319929435479032
507.0, 0.09014820768116467
508.0, 0.06891554063814542
509.0, 0.07694048701323616
510.0, 0.09377175450328486
511.0, 0.06299208575396129
512.0, 0.02747421820647761
513.0, 0.06209088394028972
514.0, 0.025213431376713065
515.0, 0.04245185777028153
516.0, 0.053718407593952744
517.0, 0.01971834465064746
518.0, 0.019955406453989605
519.0, 0.03617649822224423
520.0, 0.06106273505325466
521.0, 0.06956715260826746
522.0, 0.05903839307241994
523.0, 0.0471860127266474
524.0, 0.04540957050359717
525.0, 0.020983226800710613
526.0, 0.04933510068359168
527.0, 0.0513701895394529
528.0, 0.05699725334017574
529.0, 0.05365475932783616
530.0, 0.04450875170094411
531.0, 0.05234073263342193
532.0, 0.011775377563361979
533.0, 0.011358161577772342
534.0, 0.006571450809209514
535.0, 0.027923229262885547
536.0, 0.035874008697074106
537.0, 0.009095955018201103
538.0, 0.036704376032784085
539.0, 0.022403803725805076
540.0, 0.011116256663163768
541.0, 0.04100389235029003
542.0, 0.0727425878830165
543.0, 0.08381780588943974
544.0, 0.07995474838407994
545.0, 0.04991394922934146
546.0, 0.07827189011391866
547.0, 0.05927109004095315
548.0, 0.038948852484112825
549.0, 0.05160063788464762
550.0, 0.0835470407053161
551.0, 0.07845708740829745
552.0, 0.05068700104506669
553.0, 0.016712460050629874
554.0, 0.021854442878004983
555.0, 0.032202263910387156
556.0, 0.03076377806524696
557.0, 0.01873894895056688
558.0, 0.003408380554551782
559.0, 0.04140237709959187
560.0, 0.0561117053509283
561.0, 0.05456587724349317
562.0, 0.06029405554262295
563.0, 0.05119144874566908
564.0, 0.010591037629299655
565.0, 0.04781925931670547
566.0, 0.010455326207218715
567.0, 0.023365287311849732
568.0, 0.04242144971002869
569.0, 0.06163735553823607
570.0, 0.06913397981580087
571.0, 0.0429737474555723
572.0, 0.002523130667952407
573.0, 0.11181341727671518
574.0, 0.045669802144363794
575.0, 0.026237258672297464
576.0, 0.07574647448729356
577.0, 0.11110717041259666
578.0, 0.0728768878568043
579.0, 0.037165094778329
580.0, 0.008149160453088219
581.0, 0.06479440566791352
582.0, 0.08379919405883395
583.0, 0.06196615862605977
584.0, 0.05141245371451629
585.0, 0.054796062834538785
586.0, 0.025434459758476573
587.0, 0.035256482089563175
588.0, 0.021452081244538696
589.0, 0.0363421534443638
590.0, 0.05574985091394625
591.0, 0.03903634871449919
592.0, 0.03517982821938363
593.0, 0.052252242315125
594.0, 0.06138788044133313
595.0, 0.05324789952060775
596.0, 0.07421612346376813
597.0, 0.07349233549063452
598.0, 0.01205836894615115
599.0, 0.04543203462944372
600.0, 0.01955410120767547
601.0, 0.06304548098517934
602.0, 0.10312043162354594
603.0, 0.08436002959486702
604.0, 0.04489614871536247
605.0, 0.05905755910193389
606.0, 0.10396598469304667
607.0, 0.06044071676258903
608.0, 0.07266366528902582
609.0, 0.10407644082097943
610.0, 0.10044559262643109
611.0, 0.06956564515700543
612.0, 0.06503205772288306
613.0, 0.10540624130426861
614.0, 0.10769098341793894
615.0, 0.06464789019356187
616.0, 0.02279435467189954
617.0, 0.07463853092578697
618.0, 0.1251713350913606
619.0, 0.053208713442060226
620.0, 0.09710344762511355
621.0, 0.1583545697583609
622.0, 0.1333080940669861
623.0, 0.11179045508552507
624.0, 0.0911321654839874
625.0, 0.07285099934878879
626.0, 0.07325558104224157
627.0, 0.08810648701312641
628.0, 0.1030124905047642
629.0, 0.10063468486174341
630.0, 0.09398032675850473
631.0, 0.10702462303201644
632.0, 0.1419296502270567
633.0, 0.1764728479412323
634.0, 0.17920735870020726
635.0, 0.1225962815728385
636.0, 0.14103208337013437
637.0, 0.20091552898038376
638.0, 0.20669097983970727
639.0, 0.19611891612604576
640.0, 0.2249878684922267
641.0, 0.2063770191461635
642.0, 0.3299729303478749
643.0, 0.3072864264452057
644.0, 0.3244567727979579
645.0, 0.4169561158333395
646.0, 0.5244860714391577
647.0, 0.6186294009988965
648.0, 0.7640413781036736
649.0, 0.768512897721905
650.0, 0.8768874391577365
651.0, 0.9674855445401245
652.0, 0.9369214044918095
653.0, 0.8982905998308833
654.0, 0.8903172819380267
655.0, 0.7502331725977266
656.0, 0.5574194352688868
657.0, 0.5098944932622586
658.0, 0.4884913939502063
659.0, 0.3939880430137921
660.0, 0.2887427071458017
661.0, 0.22654659798325869
662.0, 0.1889528650607279
663.0, 0.1905330090078058
664.0, 0.15204459945736537
665.0, 0.2165540803235762
666.0, 0.18493854553754108
667.0, 0.15610518638736576
668.0, 0.14596660529804303
669.0, 0.08744937863784079
670.0, 0.061135202247167966
671.0, 0.1350374270766051
672.0, 0.17288021388241825
673.0, 0.11640604857670706
674.0, 0.08687702970609602
675.0, 0.11470206164678344
676.0, 0.14914785845977505
677.0, 0.1468435502019722
678.0, 0.10487446401167813
679.0, 0.12731006901751102
680.0, 0.08706807032983004
681.0, 0.14225059408553933
682.0, 0.12566455828594952
683.0, 0.05012193977894135
684.0, 0.15518162141169722
685.0, 0.06981475570293444
686.0, 0.14912029006853836
687.0, 0.1035357486625468
688.0, 0.08368191346104711
689.0, 0.09452889571958972
690.0, 0.10468480425417334
691.0, 0.1194306800465317
692.0, 0.18998653711601163
693.0, 0.13279872232575796
694.0, 0.0775761005180687
695.0, 0.13755657293395326
696.0, 0.13496194794945574
697.0, 0.08978928855001218
698.0, 0.07547557604501666
699.0, 0.06239280903181175
700.0, 0.06349087107970473
701.0, 0.14629459679521453
702.0, 0.06774242693441684
703.0, 0.07663640941410149
704.0, 0.08824879958617413
705.0, 0.08912170160051608
706.0, 0.1444211464106919
707.0, 0.12469699910375522
708.0, 0.14013279223595934
709.0, 0.128157818168634
710.0, 0.07713857298511347
711.0, 0.05779425662800654
712.0, 0.043176909174002784
713.0, 0.023513047458251113
714.0, 0.05733451661329722
715.0, 0.02952681613296854
716.0, 0.026650029765290732
717.0, 0.03417840915195695
718.0, 0.021112053041702973
719.0, 0.04310444123691592
720.0, 0.07862240416587431
721.0, 0.0729032853156796
722.0, 0.0777986015042012
723.0, 0.10470056004848342
724.0, 0.1124048839593328
725.0, 0.11679753310556207
726.0, 0.1424253510499167
727.0, 0.1314537485920585
728.0, 0.08158674330108344
729.0, 0.06332189795630944
730.0, 0.03071904588631337
731.0, 0.05304123560165515
732.0, 0.07070420709357206
733.0, 0.04551438293179572
734.0, 0.03406058315197107
735.0, 0.05349590970347497
736.0, 0.06332032938232791
737.0, 0.020384288970202055
738.0, 0.0006813596781650548
739.0, 0.05653744691822199
740.0, 0.11752874941466096
741.0, 0.13598811865395008
742.0, 0.09712202676496547
743.0, 0.042738971688198846
744.0, 0.03252775980896096
745.0, 0.07503064637605975
746.0, 0.10559378010497099
747.0, 0.12844253876024592
748.0, 0.064949165563718
749.0, 0.0358784045400632
750.0, 0.026505013142279564
751.0, 0.02379615103026677
752.0, 0.04333630537977972
753.0, 0.011512314214448524
754.0, 0.026524521400296007
755.0, 0.03640735119366894
756.0, 0.06575754683532402
757.0, 0.08311078637710574
758.0, 0.0928939297760351
759.0, 0.087080321322997
760.0, 0.06117106062225601
761.0, 0.13302039055249726
762.0, 0.022598347931862856
763.0, 0.05372121565475814
764.0, 0.09611059854206846
765.0, 0.09845831367419688
766.0, 0.10808624839199439
767.0, 0.13878064820129152
768.0, 0.11847145062841868
769.0, 0.06315099246685622
770.0, 0.08868066764200641
771.0, 0.08926108952982736
772.0, 0.04646415742345978
773.0, 0.023521159407551874
774.0, 0.02842386645338122
775.0, 0.05940221867682165
776.0, 0.11585339166534461
777.0, 0.019096496886337286
778.0, 0.1029846188632927
779.0, 0.10663784858697607
780.0, 0.04766055589636023
781.0, 0.05027618458120452
782.0, 0.0651558161552919
783.0, 0.06669599834337742
784.0, 0.1541131350601956
785.0, 0.09167399691134726
786.0, 0.052615928768970144
787.0, 0.059662857969283827
788.0, 0.1072482421102385
789.0, 0.09650396597999837
790.0, 0.060909246424460876
791.0, 0.054498593940562674
792.0, 0.03664129485210433
793.0, 0.00361883658412767
794.0, 0.038062811100341716
795.0, 0.06250964297665955
796.0, 0.1393812987736803
797.0, 0.1713449166706301
798.0, 0.1423730252180594
799.0, 0.09447045524203522
800.0, 0.07355527465872294
801.0, 0.15689094865433928
802.0, 0.14926051111247657
803.0, 0.16455428910453515
804.0, 0.14272895853518394
805.0, 0.1275518816776527
806.0, 0.0993054666020016
807.0, 0.06241031657973744
808.0, 0.06538085858867336
809.0, 0.07956756554604047
810.0, 0.11851148416548801
811.0, 0.056487544997703004
812.0, 0.11972884182200473
813.0, 0.12181328001106649
814.0, 0.11001213407050885
815.0, 0.10991259294303851
816.0, 0.08457703908987307
817.0, 0.12258558377780884
818.0, 0.04469434872985003
819.0, 0.12479647975492685
820.0, 0.12193124778653402
821.0, 0.18706356423071366
822.0, 0.21109116624939483
823.0, 0.1730422726458321
824.0, 0.1420270001469183
825.0, 0.10986681426678153
826.0, 0.12544426869850636
827.0, 0.14776859906462736
828.0, 0.1689972460261145
829.0, 0.15150310316291227
830.0, 0.1375792990964371
831.0, 0.13370084429352752
832.0, 0.12019033826679837
833.0, 0.10495547451592081
834.0, 0.14213258019377986
835.0, 0.14143392674788216
836.0, 0.1511610729068227
837.0, 0.15869714235269908
838.0, 0.1356111173223153
839.0, 0.11216809639677244
840.0, 0.09510930064199886
841.0, 0.08241415486052081
842.0, 0.120874830208136
843.0, 0.05208488140952659
844.0, 0.010902330574587032
845.0, 0.08583413500668033
846.0, 0.12627436018385332
847.0, 0.15279190810685153
848.0, 0.10983073848892509
849.0, 0.05053777068124522
850.0, 0.1667917410595563
851.0, 0.20770103956078115
852.0, 0.09509298540815464
853.0, 0.2011435767116058
854.0, 0.17050739947678364
855.0, 0.11957690060151728
856.0, 0.10346509346657837
857.0, 0.09606014517149487
858.0, 0.10091292134847979
859.0, 0.18481894946842448
860.0, 0.1706403327240181
861.0, 0.21199055553508755
862.0, 0.22224943290343752
863.0, 0.1651367333341698
864.0, 0.08927199818634671
865.0, 0.06571305844195736
866.0, 0.08259655193231032
867.0, 0.06407857896284648
868.0, 0.050164956040528175
869.0, 0.09662825546424404
870.0, 0.07117362922438016
871.0, 0.0981864079401552
872.0, 0.16175071058686502
873.0, 0.17289432832658305
874.0, 0.16240483255970065
875.0, 0.1552225927256651
876.0, 0.06418469678225668
877.0, 0.05772208983162068
878.0, 0.08895821245460825
879.0, 0.1331053964164684
880.0, 0.08716774304019295
881.0, 0.13895605973337047
882.0, 0.15466337831785193
883.0, 0.1022814498143542
884.0, 0.11209372508879933
885.0, 0.13413160865553403
886.0, 0.008705394143058789
887.0, 0.05473949223178347
888.0, 0.06147108395730169
889.0, 0.10413943533591884
890.0, 0.1289705543581972
891.0, 0.12037538100792045
892.0, 0.09403417991818551
893.0, 0.0873512712281812
894.0, 0.14008762406869257
895.0, 0.015304162338743224
896.0, 0.10617805156427587
897.0, 0.15443749821042704
898.0, 0.22357944169480773
899.0, 0.17057916339662782
900.0, 0.08827822949634975
901.0, 0.05321631850747409
902.0, 0.021013346527087286
903.0, 0.0735648885327565
904.0, 0.07336738160612782
905.0, 0.02002847179629128
906.0, 0.050463039062449304
907.0, 0.042581275606175695
908.0, 0.08693679687232529
909.0, 0.10884091029200688
910.0, 0.0640678281901261
911.0, 0.0580269543809952
912.0, 0.11768799875464223
913.0, 0.06070428406696427
914.0, 0.09601142696484684
915.0, 0.037592787445588076
916.0, 0.033980974666721384
917.0, 0.021449468444699017
918.0, 0.021982014146493326
919.0, 0.06905611682242052
920.0, 0.0993622165626195
921.0, 0.03437306577690419
922.0, 0.06591889900252555
923.0, 0.1377753973562738
924.0, 0.10777778106942165
925.0, 0.07038990286522337
926.0, 0.08224251922105622
927.0, 0.09402608879687788
928.0, 0.07821304395406688
929.0, 0.057649806714896376
930.0, 0.03180503663458983
931.0, 0.019770516301697957
932.0, 0.014733514340265702
933.0, 0.06644656194006465
934.0, 0.03389571954673751
935.0, 0.04306565601669158
936.0, 0.06387721768739861
937.0, 0.06265891174081627
938.0, 0.06644210006560837
939.0, 0.08916315392221384
940.0, 0.10301600622448627
941.0, 0.0760910673110859
942.0, 0.14258206847593186
943.0, 0.11708605121299562
944.0, 0.054450395602770284
945.0, 0.03347008494010667
946.0, 0.07902358302154076
947.0, 0.12858645149423495
948.0, 0.09689839724270577
949.0, 0.02963254290753392
950.0, 0.19624812008080422
951.0, 0.08612743055262204
952.0, 0.06155362803926686
953.0, 0.08043934769860228
954.0, 0.08636447845450285
955.0, 0.0512809134009186
956.0, 0.0353205018189406
957.0, 0.08524561098461264
958.0, 0.1154272721382347
959.0, 0.09156153903020828
960.0, 0.08910168190579532
961.0, 0.01560922565879453
962.0, 0.10211701781603405
963.0, 0.21442561913817096
964.0, 0.16632374959417787
965.0, 0.11954010414638741
966.0, 0.1994540579627816
967.0, 0.21301733894221747
968.0, 0.0890061547632153
969.0, 0.16491979269116114
970.0, 0.17391963908158156
971.0, 0.2596607955287739
972.0, 0.28628428569176717
973.0, 0.22031382460026264
974.0, 0.19495824686209862
975.0, 0.23087720257850336
976.0, 0.23699150292102739
977.0, 0.1747285123691224
978.0, 0.01857631766827937
979.0, 0.14956028747135472
980.0, 0.030566223567882432
981.0, 0.08869638877988745
982.0, 0.06499680473350715
983.0, 0.07246999228095255
984.0, 0.10113287886254259
985.0, 0.0996880170989965
986.0, 0.07834627358980968
987.0, 0.035070391004425154
988.0, 0.04406047361592018
989.0, 0.0037988336246106043
990.0, 0.060170046098116194
991.0, 0.034193359020411186
992.0, 0.0343967003429678
993.0, 0.09229673312960603
994.0, 0.0982558313003751
995.0, 0.08412152151139529
996.0, 0.1465838289343201
997.0, 0.12593017171645426
998.0, 0.12541637532864638
999.0, 0.1432682584533696
1000.0, 0.11313034643412885
1001.0, 0.2309936398691007
1002.0, 0.11149983982233665
1003.0, 0.020353728312506494
1004.0, 0.08798932069077256
1005.0, 0.16892881193125528
1006.0, 0.1617689497814311
1007.0, 0.1608335037053171
1008.0, 0.21111338045997569
1009.0, 0.13618773364504738
1010.0, 0.21629981137578502
1011.0, 0.1903736158056256
1012.0, 0.1528293320128997
1013.0, 0.09154644188994823
1014.0, 0.12514836461612885
1015.0, 0.21198583094536513
1016.0, 0.1612822871805792
1017.0, 0.09698789550945955
1018.0, 0.33180721355251247
1019.0, 0.11259281572758449
1020.0, 0.19834344071475415
1021.0, 0.15186475016697798
1022.0, 0.19684704244159937
1023.0, 0.2964217685883193
1024.0, 0.27345165721087067
1025.0, 0.19361406381212784
1026.0, 0.20436337369840105
1027.0, 0.2012279564358247
1028.0, 0.21748956550172996
1029.0, 0.19033721032883158
1030.0, 0.15766125607608672
1031.0, 0.21452217654603067
1032.0, 0.1342035519849064
1033.0, 0.11133588126353688
1034.0, 0.15538491449406092
1035.0, 0.17881931876243382
1036.0, 0.18079741704576574
1037.0, 0.20725597900113987
1038.0, 0.19986614146738255
1039.0, 0.14023153261462654
1040.0, 0.16710231023811165
1041.0, 0.19091071982978317
1042.0, 0.14553511191239077
1043.0, 0.10671699953885361
1044.0, 0.07637012478479772
1045.0, 0.0879308028667417
1046.0, 0.16318998481916835
1047.0, 0.1907196463599808
1048.0, 0.07585881774413285
1049.0, 0.23130563998058024
1050.0, 0.2280037906734076
1051.0, 0.22190135867235494
1052.0, 0.14286979491191223
1053.0, 0.1881632140862146
1054.0, 0.22638911293405029
1055.0, 0.2054733373343279
1056.0, 0.16509159365794188
1057.0, 0.13208577125012466
1058.0, 0.09875804685862097
1059.0, 0.07246122930750254
1060.0, 0.060956791138535214
1061.0, 0.05369008950677125
1062.0, 0.07902317265443283
1063.0, 0.12515367052107895
1064.0, 0.19404270260183304
1065.0, 0.1919247344378455
1066.0, 0.14027353099603604
1067.0, 0.09523060198429152
1068.0, 0.10443606537659272
1069.0, 0.18975635954418957
1070.0, 0.21774320315224832
1071.0, 0.25092295852163726
1072.0, 0.20467371292709424
1073.0, 0.15652174559578225
1074.0, 0.2276192727284754
1075.0, 0.17734451547684868
1076.0, 0.1791027693112929
1077.0, 0.26126178901673275
1078.0, 0.3217484427451206
1079.0, 0.32014907895706973
1080.0, 0.2733804038895138
1081.0, 0.24423320272147303
1082.0, 0.3460828360480652
1083.0, 0.16379519142466217
1084.0, 0.10623263000181768
1085.0, 0.23035267717490185
1086.0, 0.19356282011807857
1087.0, 0.16527186081568296
1088.0, 0.17392189400604136
1089.0, 0.17817881684685874
1090.0, 0.22942208331802683
1091.0, 0.29958887127868256
1092.0, 0.25574303771424733
1093.0, 0.2866358421765489
1094.0, 0.23431583166195566
1095.0, 0.1619601460560832
1096.0, 0.19762644604308538
1097.0, 0.14671824730242536
1098.0, 0.10206077442607496
1099.0, 0.16394482575264002
1100.0, 0.22352939818932543
1101.0, 0.2481850056577633
1102.0, 0.3332026046872649
1103.0, 0.24681039443877642
1104.0, 0.18956586365717126
1105.0, 0.08396735053489751
1106.0, 0.18587938815817426
1107.0, 0.3420909705272379
1108.0, 0.23755364852060712
1109.0, 0.13509491785390387
1110.0, 0.16087339877013968
1111.0, 0.22949943198297418
1112.0, 0.21431881608793932
1113.0, 0.18595074003175097
1114.0, 0.337651615103809
1115.0, 0.2743916304097376
1116.0, 0.12514622546181364
1117.0, 0.16330977892699117
1118.0, 0.052262092232383144
1119.0, 0.05044341859954363
1120.0, 0.08791653702435465
1121.0, 0.09448605775344385
1122.0, 0.07850029102140992
1123.0, 0.06556466814614116
1124.0, 0.04488494402344262
1125.0, 0.007268003486407276
1126, 0.0
1127, 0.0
1128, 0.0
1129, 0.0
1130, 0.0
1131, 0.0
1132, 0.0
1133, 0.0
1134, 0.0
1135, 0.0
1136, 0.0
1137, 0.0
1138, 0.0
1139, 0.0
1140, 0.0
1141, 0.0
1142, 0.0
1143, 0.0
1144, 0.0
1145, 0.0
1146, 0.0
1147, 0.0
1148, 0.0
1149, 0.0
1150, 0.0
1151, 0.0
1152, 0.0
1153, 0.0
1154, 0.0
1155, 0.0
1156, 0.0
1157, 0.0
1158, 0.0
1159, 0.0
1160, 0.0
1161, 0.0
1162, 0.0
1163, 0.0
1164, 0.0
1165, 0.0
1166, 0.0
1167, 0.0
1168, 0.0
1169, 0.0
1170, 0.0
1171, 0.0
1172, 0.0
1173, 0.0
1174, 0.0
1175, 0.0
1176, 0.0
1177, 0.0
1178, 0.0
1179, 0.0
1180, 0.0
1181, 0.0
1182, 0.0
1183, 0.0
1184, 0.0
1185, 0.0
1186, 0.0
1187, 0.0
1188, 0.0
1189, 0.0
1190, 0.0
1191, 0.0
1192, 0.0
1193, 0.0
1194, 0.0
1195, 0.0
1196, 0.0
1197, 0.0
1198, 0.0
1199, 0.0
1200, 0.0
1201, 0.0
1202, 0.0
1203, 0.0
1204, 0.0
1205, 0.0
1206, 0.0
1207, 0.0
1208, 0.0
1209, 0.0
1210, 0.0
1211, 0.0
1212, 0.0
1213, 0.0
1214, 0.0
1215, 0.0
1216, 0.0
1217, 0.0
1218, 0.0
1219, 0.0
1220, 0.0
1221, 0.0
1222, 0.0
1223, 0.0
1224, 0.0
1225, 0.0
1226, 0.0
1227, 0.0
1228, 0.0
1229, 0.0
1230, 0.0
1231, 0.0
1232, 0.0
1233, 0.0
1234, 0.0
1235, 0.0
1236, 0.0
1237, 0.0
1238, 0.0
1239, 0.0
1240, 0.0
1241, 0.0
1242, 0.0
1243, 0.0
1244, 0.0
1245, 0.0
1246, 0.0
1247, 0.0
1248, 0.0
1249, 0.0
1250, 0.0
1251, 0.0
1252, 0.0
1253, 0.0
1254, 0.0
1255, 0.0
1256, 0.0
1257, 0.0
1258, 0.0
1259, 0.0
1260, 0.0
1261, 0.0
1262, 0.0
1263, 0.0
1264, 0.0
1265, 0.0
1266, 0.0
1267, 0.0
1268, 0.0
1269, 0.0
1270, 0.0
1271, 0.0
1272, 0.0
1273, 0.0
1274, 0.0
1275, 0.0
1276, 0.0
1277, 0.0
1278, 0.0
1279, 0.0
1280, 0.0
1281, 0.0
1282, 0.0
1283, 0.0
1284, 0.0
1285, 0.0
1286, 0.0
1287, 0.0
1288, 0.0
1289, 0.0
1290, 0.0
1291, 0.0
1292, 0.0
1293, 0.0
1294, 0.0
1295, 0.0
1296, 0.0
1297, 0.0
1298, 0.0
1299, 0.0
1300, 0.0
1301, 0.0
1302, 0.0
1303, 0.0
1304, 0.0
1305, 0.0
1306, 0.0
1307, 0.0
1308, 0.0
1309, 0.0
1310, 0.0
1311, 0.0
1312, 0.0
1313, 0.0
1314, 0.0
1315, 0.0
1316, 0.0
1317, 0.0
1318, 0.0
1319, 0.0
1320, 0.0
1321, 0.0
1322, 0.0
1323, 0.0
1324, 0.0
1325, 0.0
1326, 0.0
1327, 0.0
1328, 0.0
1329, 0.0
1330, 0.0
1331, 0.0
1332, 0.0
1333, 0.0
1334, 0.0
1335, 0.0
1336, 0.0
1337, 0.0
1338, 0.0
1339, 0.0
1340, 0.0
1341, 0.0
1342, 0.0
1343, 0.0
1344, 0.0
1345, 0.0
1346, 0.0
1347, 0.0
1348, 0.0
1349, 0.0
1350, 0.0
1351, 0.0
1352, 0.0
1353, 0.0
1354, 0.0
1355, 0.0
1356, 0.0
1357, 0.0
1358, 0.0
1359, 0.0
1360, 0.0
1361, 0.0
1362, 0.0
1363, 0.0
1364, 0.0
1365, 0.0
1366, 0.0
1367, 0.0
1368, 0.0
1369, 0.0
1370, 0.0
1371, 0.0
1372, 0.0
1373, 0.0
1374, 0.0
1375, 0.0
1376, 0.0
1377, 0.0
1378, 0.0
1379, 0.0
1380, 0.0
1381, 0.0
1382, 0.0
1383, 0.0
1384, 0.0
1385, 0.0
1386, 0.0
1387, 0.0
1388, 0.0
1389, 0.0
1390, 0.0
1391, 0.0
1392, 0.0
1393, 0.0
1394, 0.0
1395, 0.0
1396, 0.0
1397, 0.0
1398, 0.0
1399, 0.0
1400, 0.0
1401, 0.0
1402, 0.0
1403, 0.0
1404, 0.0
1405, 0.0
1406, 0.0
1407, 0.0
1408, 0.0
1409, 0.0
1410, 0.0
1411, 0.0
1412, 0.0
1413, 0.0
1414, 0.0
1415, 0.0
1416, 0.0
1417, 0.0
1418, 0.0
1419, 0.0
1420, 0.0
1421, 0.0
1422, 0.0
1423, 0.0
1424, 0.0
1425, 0.0
1426, 0.0
1427, 0.0
1428, 0.0
1429, 0.0
1430, 0.0
1431, 0.0
1432, 0.0
1433, 0.0
1434, 0.0
1435, 0.0
1436, 0.0
1437, 0.0
1438, 0.0
1439, 0.0
1440, 0.0
1441, 0.0
1442, 0.0
1443, 0.0
1444, 0.0
1445, 0.0
1446, 0.0
1447, 0.0
1448, 0.0
1449, 0.0
1450, 0.0
1451, 0.0
1452, 0.0
1453, 0.0
1454, 0.0
1455, 0.0
1456, 0.0
1457, 0.0
1458, 0.0
1459, 0.0
1460, 0.0
1461, 0.0
1462, 0.0
1463, 0.0
1464, 0.0
1465, 0.0
1466, 0.0
1467, 0.0
1468, 0.0
1469, 0.0
1470, 0.0
1471, 0.0
1472, 0.0
1473, 0.0
1474, 0.0
1475, 0.0
1476, 0.0
1477, 0.0
1478, 0.0
1479, 0.0
1480, 0.0
1481, 0.0
1482, 0.0
1483, 0.0
1484, 0.0
1485, 0.0
1486, 0.0
1487, 0.0
1488, 0.0
1489, 0.0
1490, 0.0
1491, 0.0
1492, 0.0
1493, 0.0
1494, 0.0
1495, 0.0
1496, 0.0
1497, 0.0
1498, 0.0
1499, 0.0
1500, 0.0
1501, 0.0
1502, 0.0
1503, 0.0
1504, 0.0
1505, 0.0
1506, 0.0
1507, 0.0
1508, 0.0
1509, 0.0
1510, 0.0
1511, 0.0
1512, 0.0
1513, 0.0
1514, 0.0
1515, 0.0
1516, 0.0
1517, 0.0
1518, 0.0
1519, 0.0
1520, 0.0
1521, 0.0
1522, 0.0
1523, 0.0
1524, 0.0
1525, 0.0
1526, 0.0
1527, 0.0
1528, 0.0
1529, 0.0
1530, 0.0
1531, 0.0
1532, 0.0
1533, 0.0
1534, 0.0
1535, 0.0
1536, 0.0
1537, 0.0
1538, 0.0
1539, 0.0
1540, 0.0
1541, 0.0
1542, 0.0
1543, 0.0
1544, 0.0
1545, 0.0
1546, 0.0
1547, 0.0
1548, 0.0
1549, 0.0
1550, 0.0
1551, 0.0
1552, 0.0
1553, 0.0
1554, 0.0
1555, 0.0
1556, 0.0
1557, 0.0
1558, 0.0
1559, 0.0
1560, 0.0
1561, 0.0
1562, 0.0
1563, 0.0
1564, 0.0
1565, 0.0
1566, 0.0
1567, 0.0
1568, 0.0
1569, 0.0
1570, 0.0
1571, 0.0
1572, 0.0
1573, 0.0
1574, 0.0
1575, 0.0
1576, 0.0
1577, 0.0
1578, 0.0
1579, 0.0
1580, 0.0
1581, 0.0
1582, 0.0
1583, 0.0
1584, 0.0
1585, 0.0
1586, 0.0
1587, 0.0
1588, 0.0
1589, 0.0
1590, 0.0
1591, 0.0
1592, 0.0
1593, 0.0
1594, 0.0
1595, 0.0
1596, 0.0
1597, 0.0
1598, 0.0
1599, 0.0
