30, 0.0
31, 0.0
32, 0.0
33, 0.0
34, 0.0
35, 0.0
36, 0.0
37, 0.0
38, 0.0
39, 0.0
40, 0.0
41, 0.0
42, 0.0
43, 0.0
44, 0.0
45, 0.0
46, 0.0
47, 0.0
48, 0.0
49, 0.0
50, 0.0
51, 0.0
52, 0.0
53, 0.0
54, 0.0
55, 0.0
56, 0.0
57, 0.0
58, 0.0
59, 0.0
60, 0.0
61, 0.0
62, 0.0
63, 0.0
64, 0.0
65, 0.0
66, 0.0
67, 0.0
68, 0.0
69, 0.0
70, 0.0
71, 0.0
72, 0.0
73, 0.0
74, 0.0
75, 0.0
76, 0.0
77, 0.0
78, 0.0
79, 0.0
80, 0.0
81, 0.0
82, 0.0
83, 0.0
84, 0.0
85, 0.0
86, 0.0
87, 0.0
88, 0.0
89, 0.0
90, 0.0
91, 0.0
92, 0.0
93, 0.0
94, 0.0
95, 0.0
96, 0.0
97, 0.0
98, 0.0
99, 0.0
100, 0.0
101, 0.0
102, 0.0
103, 0.0
104, 0.0
105, 0.0
106, 0.0
107, 0.0
108, 0.0
109, 0.0
110, 0.0
111, 0.0
112, 0.0
113, 0.0
114, 0.0
115.0, 6.740206820557838e-06
116.0, 0.0005508547009939189
117.0, 0.0013379686636266752
118.0, 0.0008461839858198276
119.0, 0.00031218181438951494
120.0, 0.00037230244846620425
121.0, 0.00040742689565040986
122.0, 0.0013687093159988947
123.0, 0.001939093613293763
124.0, 0.0033432879982681894
125.0, 0.004954571416611273
126.0, 0.007050303912099239
127.0, 0.01052755873007479
128.0, 0.012554428991089642
129.0, 0.014155849966865157
130.0, 0.015636163055549938
131.0, 0.016354991612419177
132.0, 0.015519253715614455
133.0, 0.01565802738859039
134.0, 0.016136587623309707
135.0, 0.015269525820853409
136.0, 0.01448793714533261
137.0, 0.017510316697047706
138.0, 0.021048374757001914
139.0, 0.021805262981439914
140.0, 0.022269297385418847
141.0, 0.02741124364490932
142.0, 0.03120811333183975
143.0, 0.030861394443956792
144.0, 0.032032862136931725
145.0, 0.032314677988538244
146.0, 0.03330287236701311
147.0, 0.0350393837498457
148.0, 0.035715180147732284
149.0, 0.03780341156584485
150.0, 0.03949965216203991
151.0, 0.0410074164207737
152.0, 0.0438383577208682
153.0, 0.049041177950450474
154.0, 0.05233270398408108
155.0, 0.056753511447416485
156.0, 0.0647767919134687
157.0, 0.06979839785679165
158.0, 0.07407306731636194
159.0, 0.07828870085719819
160.0, 0.08093967958297454
161.0, 0.07802926341302695
162.0, 0.06965089073519887
163.0, 0.060316425612184074
164.0, 0.05145863435189401
165.0, 0.04204186584189679
166.0, 0.03468099108866536
167.0, 0.031210034781338207
168.0, 0.03124489837267515
169.0, 0.032769794105162925
170.0, 0.030926692683209998
171.0, 0.032482222744836635
172.0, 0.035967731531194765
173.0, 0.03824791640699334
174.0, 0.04042327783175406
175.0, 0.04111028726503677
176.0, 0.04145152043524415
177.0, 0.040743023137796125
178.0, 0.036095826026012266
179.0, 0.029329065408316667
180.0, 0.023818805434702342
181.0, 0.020870462466909413
182.0, 0.019855532793118996
183.0, 0.017412809599999253
184.0, 0.018992872848513496
185.0, 0.02263658837963705
186.0, 0.024544996573457305
187.0, 0.02616330965168194
188.0, 0.02834578348234046
189.0, 0.029903084851425867
190.0, 0.029816289493963782
191.0, 0.028588318067307262
192.0, 0.028883633899717504
193.0, 0.030771805482926344
194.0, 0.03355349947577131
195.0, 0.03694133279422944
196.0, 0.0450335672949404
197.0, 0.04997854661077264
198.0, 0.051962629959967054
199.0, 0.05464271698245216
200.0, 0.05998087953094116
201.0, 0.060661281061886244
202.0, 0.0598888969040727
203.0, 0.059654985647822914
204.0, 0.0552966581939013
205.0, 0.04769731820617055
206.0, 0.04405770304816787
207.0, 0.045144818817540414
208.0, 0.04672147609305002
209.0, 0.049259909635975596
210.0, 0.052153442479747354
211.0, 0.055307789589555234
212.0, 0.05856695885814992
213.0, 0.0595805333117674
214.0, 0.05673011933397928
215.0, 0.05394208819208015
216.0, 0.05196972685981033
217.0, 0.04702019889316748
218.0, 0.04812064853293109
219.0, 0.052228491040822306
220.0, 0.055065052306334517
221.0, 0.054571784635465914
222.0, 0.05607169915930471
223.0, 0.05870660076586579
224.0, 0.059543465581469876
225.0, 0.0578007615512495
226.0, 0.05808531753576666
227.0, 0.05601788709243825
228.0, 0.0496961400929156
229.0, 0.04227411512131062
230.0, 0.039860542263018786
231.0, 0.03681750781159342
232.0, 0.034603720062494306
233.0, 0.03285465993774409
234.0, 0.031326219577556665
235.0, 0.032838086875243894
236.0, 0.036017905635305665
237.0, 0.03722675337004636
238.0, 0.03761936827853873
239.0, 0.04287587653506934
240.0, 0.04699977829125891
241.0, 0.052497275687694564
242.0, 0.05696430365762918
243.0, 0.05794765272728355
244.0, 0.06228795224953594
245.0, 0.06140630109154567
246.0, 0.058206193999169285
247.0, 0.05376157508777061
248.0, 0.04344407791279829
249.0, 0.0338725546247366
250.0, 0.025764751660364738
251.0, 0.01931626007815958
252.0, 0.014966638819040878
253.0, 0.010503781273618784
254.0, 0.006826969637322708
255.0, 0.0035296088199368745
256.0, 0.0007258244536537594
257.0, 0.0023705833651086064
258.0, 0.004472034013235873
259.0, 0.004211671214070785
260.0, 0.0029405721595101584
261.0, 0.0030550758447179358
262.0, 0.0037901181411234505
263.0, 0.002447960715039736
264.0, 0.0012318700471530995
265.0, 0.0015338046561991126
266.0, 0.0019360433578668236
267.0, 0.001960467145821869
268.0, 0.0008041421572759447
269.0, 0.0011239524641228345
270.0, 0.002522307186744868
271.0, 0.0025204555275781452
272.0, 0.0017461760951025004
273.0, 0.0012154102575632829
274.0, 0.0014281714481692333
275.0, 0.002215479425455329
276.0, 0.00422900863814773
277.0, 0.005172073874479625
278.0, 0.0054693894316850365
279.0, 0.006750131879468806
280.0, 0.009627878405845605
281.0, 0.010947389718285055
282.0, 0.011067682245591064
283.0, 0.012126394176337518
284.0, 0.015217311557496163
285.0, 0.012263868653222442
286.0, 0.01592662383396129
287.0, 0.020097201768706677
288.0, 0.017102216051395527
289.0, 0.01865888509284063
290.0, 0.015995711051988
291.0, 0.016663018761717937
292.0, 0.021904503279114747
293.0, 0.025134758262979534
294.0, 0.026047953298910492
295.0, 0.02769191769277221
296.0, 0.028180356480871208
297.0, 0.02582104077563929
298.0, 0.022369932163023357
299.0, 0.01703726654272494
300.0, 0.012136250493884362
301.0, 0.008312384746689692
302.0, 0.004864293539377105
303.0, 0.0014113633885749072
304.0, 0.000855172825969736
305.0, 0.00019787422754480045
306.0, 0.0021046593750231463
307.0, 0.001871131932568192
308.0, 0.0019814810866718574
309.0, 0.006534718543170132
310.0, 0.007858606004477159
311.0, 0.0069310785224518615
312.0, 0.01269641958100437
313.0, 0.015428899580475185
314.0, 0.01890934898012613
315.0, 0.025218507801460784
316.0, 0.03292089729871283
317.0, 0.04070241111606823
318.0, 0.04969859172854704
319.0, 0.059943939426692724
320.0, 0.06955041525554935
321.0, 0.07570523831578656
322.0, 0.08639369212496871
323.0, 0.09629296987928024
324.0, 0.10471400886812612
325.0, 0.11392475264660655
326.0, 0.12621092657952887
327.0, 0.13302155988388883
328.0, 0.1418877162910462
329.0, 0.1517407436789104
330.0, 0.1559209840036545
331.0, 0.16092566731113134
332.0, 0.16217547100396823
333.0, 0.15813842137637102
334.0, 0.14984227252480498
335.0, 0.13995101402996138
336.0, 0.12134717054869883
337.0, 0.10172033663783539
338.0, 0.08338361479294654
339.0, 0.06643035338909024
340.0, 0.05308345731460009
341.0, 0.03966921812663766
342.0, 0.029543370163570223
343.0, 0.022614581309641106
344.0, 0.016418070297933848
345.0, 0.011380579813051302
346.0, 0.006786910186418849
347.0, 0.0036450486431872696
348.0, 0.0019178538303460668
349.0, 0.0005575114408251448
350.0, 0.0024617805692848478
351.0, 0.0038312518255334566
352.0, 0.0041080688685087175
353.0, 0.0024464735759615565
354.0, 0.0024897585257279784
355.0, 0.0017664407377254415
356.0, 0.0021287170653936393
357.0, 0.004751410004079076
358.0, 0.007685397946657237
359.0, 0.010142109868467277
360.0, 0.01388003717108678
361.0, 0.018744030143521002
362.0, 0.022557529314674744
363.0, 0.024415135993632615
364.0, 0.030734262208321365
365.0, 0.036647576377519794
366.0, 0.042795294303334674
367.0, 0.04827699072924779
368.0, 0.05141760830444532
369.0, 0.05684588155129604
370.0, 0.06255828290545933
371.0, 0.06880300900084294
372.0, 0.07314354488747458
373.0, 0.0703245612812663
374.0, 0.06863413585920304
375.0, 0.0662631584920138
376.0, 0.06283076224825476
377.0, 0.0581007640548383
378.0, 0.05131847962519512
379.0, 0.046874402058720864
380.0, 0.0441936434921155
381.0, 0.043338389215143026
382.0, 0.043822711786094724
383.0, 0.04334480473666922
384.0, 0.046912342445536076
385.0, 0.05036195859823919
386.0, 0.05381842099225782
387.0, 0.05905724000155649
388.0, 0.06416073837746918
389.0, 0.06681860377776523
390.0, 0.0730773508103267
391.0, 0.08079479000839529
392.0, 0.08465806883617671
393.0, 0.08821614056391662
394.0, 0.08970123846535175
395.0, 0.09121601570439891
396.0, 0.0930730491019439
397.0, 0.09344815686322874
398.0, 0.0877333851367289
399.0, 0.0796286641984478
400.0, 0.07327708289616895
401.0, 0.06867577610328915
402.0, 0.0637475955666795
403.0, 0.0639116370122112
404.0, 0.058336524706259205
405.0, 0.054796393337451024
406.0, 0.05560601869433391
407.0, 0.05270098898457823
408.0, 0.053249911929200366
409.0, 0.05619239270320856
410.0, 0.05981552768628963
411.0, 0.06409026101861974
412.0, 0.06993137256873043
413.0, 0.07517985640438371
414.0, 0.08145632996213538
415.0, 0.08631431338256242
416.0, 0.09023180695862926
417.0, 0.09704997965457102
418.0, 0.10068627579245196
419.0, 0.10229732904498662
420.0, 0.10288021722168078
421.0, 0.10481295628505052
422.0, 0.11057072219107068
423.0, 0.106291455459464
424.0, 0.10287588928203388
425.0, 0.10309526224600378
426.0, 0.10450574606234703
427.0, 0.1030732179316342
428.0, 0.1118303639329859
429.0, 0.11525327529118685
430.0, 0.11655609522918661
431.0, 0.12090496407350174
432.0, 0.12357539617783443
433.0, 0.12003385272018705
434.0, 0.11672486693805752
435.0, 0.11033096622985043
436.0, 0.10124466553780609
437.0, 0.09652322413027864
438.0, 0.08338292181585123
439.0, 0.07009532840998231
440.0, 0.06015058047676486
441.0, 0.051140781023829796
442.0, 0.03863457381706179
443.0, 0.030362082812436568
444.0, 0.02402339070215854
445.0, 0.017187728869742618
446.0, 0.012045053845423464
447.0, 0.012822787631091933
448.0, 0.006186918460047425
449.0, 0.002018785915424208
450.0, 0.0012958116710067252
451.0, 0.001325432207056904
452.0, 2.7989081649553403e-05
453.0, 0.0012098928630483803
454.0, 0.0038241977943635343
455.0, 0.005002015860821127
456.0, 0.00404285319785758
457.0, 0.0033534830515163138
458.0, 0.0022096557241517625
459.0, 0.001353249590804012
460.0, 0.0028817397287083627
461.0, 0.002954488982740499
462.0, 0.002444688798681478
463.0, 0.005837858647140209
464.0, 0.004964832569738748
465.0, 0.00613671425686087
466.0, 0.010717105448800172
467.0, 0.016030319418038664
468.0, 0.0176211217022634
469.0, 0.01999372076486204
470.0, 0.022932894759553072
471.0, 0.027382261786744508
472.0, 0.03291741849235089
473.0, 0.034543138419063764
474.0, 0.04051129693079554
475.0, 0.043756331029037414
476.0, 0.04448776566793808
477.0, 0.04531380639362938
478.0, 0.04299794170150659
479.0, 0.04589465365609362
480.0, 0.046572343650693286
481.0, 0.04651608690489371
482.0, 0.04796519448611227
483.0, 0.048293441915394836
484.0, 0.05037472725868629
485.0, 0.04947413213141408
486.0, 0.047105396292791694
487.0, 0.04495284605706908
488.0, 0.04234531511574255
489.0, 0.04060313876963325
490.0, 0.04299027282385576
491.0, 0.04234989126481813
492.0, 0.03910019299753266
493.0, 0.04030728189393569
494.0, 0.042800976142653935
495.0, 0.0402808420664843
496.0, 0.04267011805979313
497.0, 0.04875675425730457
498.0, 0.0512561864789071
499.0, 0.05326311045349736
500.0, 0.0600289190505976
501.0, 0.06449290132943465
502.0, 0.06824545657129878
503.0, 0.07498015202000796
504.0, 0.08211107217980369
505.0, 0.08752577660434217
506.0, 0.09629294727213136
507.0, 0.10622276280482029
508.0, 0.11326417272809398
509.0, 0.11512987401720315
510.0, 0.11637887255627648
511.0, 0.1177624412021127
512.0, 0.11652049303560487
513.0, 0.10892415222174368
514.0, 0.09551368885566826
515.0, 0.0889782277489752
516.0, 0.0846018996186691
517.0, 0.07680104711453513
518.0, 0.0668307272315274
519.0, 0.05893301594277721
520.0, 0.05659594013985289
521.0, 0.04822435212715192
522.0, 0.04538600495017918
523.0, 0.045161468160736074
524.0, 0.04220921624076788
525.0, 0.03804794495751255
526.0, 0.03414755346259559
527.0, 0.032648114973642436
528.0, 0.03456665871349934
529.0, 0.03453659418336004
530.0, 0.02842500270942806
531.0, 0.024579576301848958
532.0, 0.02256908177179939
533.0, 0.02066353395212072
534.0, 0.01766336481632454
535.0, 0.014766922372922474
536.0, 0.016993366575763287
537.0, 0.015644827463356114
538.0, 0.01157641643857001
539.0, 0.0100920580380799
540.0, 0.010727589970080567
541.0, 0.008638561113489018
542.0, 0.010788604597172059
543.0, 0.006013133235261084
544.0, 0.004718754341159781
545.0, 0.006050407502132648
546.0, 0.0031820673692283166
547.0, 0.0009999163106482198
548.0, 0.00318786101523241
549.0, 0.0032625577564025883
550.0, 0.0016135662752722552
551.0, 0.00040806944476981153
552.0, 0.0004323904268860736
553.0, 0.0024100214143417697
554.0, 0.002693357690201765
555.0, 0.000545038662382825
556.0, 0.0007138293506777995
557.0, 0.0015657873853023312
558.0, 0.0024699195481509427
559.0, 0.0009190375962947237
560.0, 0.0021839827958655715
561.0, 0.002673999302681771
562.0, 0.0002071839158288341
563.0, 0.00029475672862931505
564.0, 0.0006492780542953064
565.0, 0.00026714543076567475
566.0, 0.002273858721873578
567.0, 0.0020548212633041017
568.0, 0.003474250730690972
569.0, 0.0012221959091806972
570.0, 0.0003487343249845929
571.0, 0.0001231081789517863
572.0, 6.0262161064955915e-05
573.0, 5.918633520493285e-05
574.0, 0.0026222866409790213
575.0, 0.00284590569957533
576.0, 0.0010154831736661543
577.0, 0.0003655115503082651
578.0, 0.0009969987597463592
579.0, 0.0010570418799004258
580.0, 0.0009834255442934137
581.0, 0.003186276997827544
582.0, 0.003421616073562486
583.0, 0.0017363699623558276
584.0, 0.0005269755561466459
585.0, 0.001297199681645382
586.0, 0.004886281465912459
587.0, 0.003956681129499925
588.0, 0.0026368043402509134
589.0, 0.003086576320293648
590.0, 0.0040420290177887504
591.0, 0.0025860867222355756
592.0, 0.0005730884803224138
593.0, 0.002582587834209901
594.0, 0.0050909611605577994
595.0, 0.004372611604673444
596.0, 0.001656590289112252
597.0, 0.0011974512016650497
598.0, 0.002254735906971105
599.0, 0.00363602992629756
600.0, 0.0036244731762423523
601.0, 0.003334797225120864
602.0, 0.006128280604191007
603.0, 0.0022692063922565794
604.0, 0.0033564910002017593
605.0, 0.004859975679104592
606.0, 0.0032262941536270917
607.0, 0.0011457701050659331
608.0, 0.0028306365252011904
609.0, 0.006789920481692076
610.0, 0.005702468201322886
611.0, 0.0034970743850843283
612.0, 0.0032345830144181343
613.0, 0.004175105122741418
614.0, 0.004978475471539054
615.0, 0.0032283310763610252
616.0, 0.0013534900277123447
617.0, 0.0014406764442027953
618.0, 0.0028967588862066447
619.0, 0.0035785287681504457
620.0, 0.003351696719171539
621.0, 0.004230714068974397
622.0, 0.0025293009588141474
623.0, 0.002062189863566929
624.0, 0.004211330015927471
625.0, 0.003039104507312085
626.0, 0.0016083363324449135
627.0, 0.0005076328842055678
628.0, 0.00011842443365410417
629.0, 0.00021573656364902894
630.0, 0.0018094045334306576
631.0, 0.004006921027259664
632.0, 0.0032172401246981803
633.0, 0.003628126094223812
634.0, 0.004348292729112464
635.0, 0.003792345455226537
636.0, 0.0024508298552050997
637.0, 0.0022725335552668115
638.0, 0.0017608793749014358
639.0, 0.002557465863020295
640.0, 0.0022789607164137916
641.0, 0.001409321001600421
642.0, 0.0020430981726181647
643.0, 0.0008394579782686393
644.0, 0.0029561804575584257
645.0, 0.0013001254655226006
646.0, 0.003985355758561865
647.0, 0.004348528532985153
648.0, 0.003516591293675757
649.0, 0.0005834607079511988
650.0, 0.0016647761331512172
651.0, 0.0007168810505670786
652.0, 0.00016931411645208734
653.0, 0.00157412383773185
654.0, 0.0018863132852851975
655.0, 0.0005476144818778976
656.0, 0.0008266296956434996
657.0, 0.0011469527287927312
658.0, 0.0007635048367769836
659.0, 0.004074883263221143
660.0, 0.0064056483640701125
661.0, 0.009457821985492835
662.0, 0.005950717598576421
663.0, 0.004302190856645949
664.0, 0.006316985249001378
665.0, 0.008034103271660915
666.0, 0.0069783529440522185
667.0, 0.005417049148329077
668.0, 0.003975175613503892
669.0, 0.006176813189392524
670.0, 0.008471279801601374
671.0, 0.007251901866852096
672.0, 0.0046332703152903104
673.0, 0.004592191074606744
674.0, 0.0022223474252909114
675.0, 0.0027947151436071263
676.0, 0.005072504346508159
677.0, 0.00551131471331076
678.0, 0.0037471492866275186
679.0, 0.0014338640514677758
680.0, 0.00026804244986998704
681.0, 0.00011467844445966435
682.0, 0.0008685951167149432
683.0, 0.002403562927389882
684.0, 0.0028273162763308157
685.0, 0.0036599774375377227
686.0, 0.0029395670453855505
687.0, 0.001731798713209001
688.0, 0.003075608681462662
689.0, 0.0056305547587306
690.0, 0.005029370050489635
691.0, 0.002559317550759061
692.0, 0.0013819949852927856
693.0, 0.00803903108948846
694.0, 0.012493988729292598
695.0, 0.01158431380001235
696.0, 0.011379743768586043
697.0, 0.012844170552120822
698.0, 0.01330271495038061
699.0, 0.017081364609356824
700.0, 0.019093080054865142
701.0, 0.01889425274227593
702.0, 0.02090478697001497
703.0, 0.02527863773685711
704.0, 0.02802307209507718
705.0, 0.027690569180116656
706.0, 0.02963245180831621
707.0, 0.03330353531864886
708.0, 0.0369542573224695
709.0, 0.04289273448161244
710.0, 0.044541578838573084
711.0, 0.05065684339556453
712.0, 0.052644253058995
713.0, 0.054118477151769886
714.0, 0.059578145777391435
715.0, 0.062153860202577085
716.0, 0.06173328399442543
717.0, 0.06375671315197498
718.0, 0.0649678428070706
719.0, 0.06284304021604721
720.0, 0.061983476140112403
721.0, 0.06597807833354893
722.0, 0.062325371291089886
723.0, 0.06038844852289512
724.0, 0.05625341031963654
725.0, 0.0523937410482877
726.0, 0.05174001815300639
727.0, 0.05121448922315664
728.0, 0.04396721602955488
729.0, 0.0382867740352812
730.0, 0.03341723614372843
731.0, 0.027984705005381628
732.0, 0.023648016892397986
733.0, 0.021957633333108784
734.0, 0.02153990120459408
735.0, 0.015779277638572148
736.0, 0.012876732384809464
737.0, 0.01156610546172568
738.0, 0.0075862655729837395
739.0, 0.0038993348202706578
740.0, 0.00582976761300643
741.0, 0.0033332374475607686
742.0, 0.0007874170321364404
743.0, 0.0009383906933440602
744.0, 0.001057727795622966
745.0, 0.0010726631887897826
746.0, 0.001615508941437014
747.0, 0.0035204370072777357
748.0, 0.0010354234942329915
749.0, 0.0006595997376962924
750.0, 0.002242967326647724
751.0, 0.0033076283698816322
752.0, 0.0021869044153172428
753.0, 0.0033506808913406
754.0, 0.0023974693757094438
755.0, 0.0029238736121379324
756.0, 0.00457940962562499
757.0, 0.0018359160938926848
758.0, 0.00158094091098256
759.0, 0.0028954685435024145
760.0, 0.002299699049059205
761.0, 0.0019617490312167363
762.0, 0.002190105560618039
763.0, 0.0013510881303785763
764.0, 0.0011373284197528004
765.0, 0.0030319210804930254
766.0, 0.002392925910855214
767.0, 0.006278511875573669
768.0, 0.007552871869982064
769.0, 0.010625449865345193
770.0, 0.012065379406471182
771.0, 0.013848009239750452
772.0, 0.019878510477987936
773.0, 0.026546528673681992
774.0, 0.030186786183814207
775.0, 0.03548293368806749
776.0, 0.040169043242674826
777.0, 0.046771407435673325
778.0, 0.055713897166316285
779.0, 0.0636509041859836
780.0, 0.07076405442935273
781.0, 0.07883427711255064
782.0, 0.08909520467798647
783.0, 0.09439470516120345
784.0, 0.09814715792238848
785.0, 0.10535625515275962
786.0, 0.11153039204222079
787.0, 0.11297620608711231
788.0, 0.11290625105887221
789.0, 0.12274983499048876
790.0, 0.1262813941228809
791.0, 0.12081315771055898
792.0, 0.11741428688045659
793.0, 0.12097298621058857
794.0, 0.11669282802111836
795.0, 0.11789552869442814
796.0, 0.12274113552797192
797.0, 0.13128923419868258
798.0, 0.14257069958614385
799.0, 0.1524123943871645
800.0, 0.1621608995589812
801.0, 0.18632184581586902
802.0, 0.21256384561906955
803.0, 0.23667682507010077
804.0, 0.2618230454549279
805.0, 0.29007015381832313
806.0, 0.3196737540794604
807.0, 0.3498179645662774
808.0, 0.3771853237818907
809.0, 0.3939052043219424
810.0, 0.4125131680555883
811.0, 0.4249560103149643
812.0, 0.42309064147473235
813.0, 0.40952013023308825
814.0, 0.37440734606333803
815.0, 0.3416836883776286
816.0, 0.3050517016215123
817.0, 0.2658819801570302
818.0, 0.22857250489593378
819.0, 0.19844923447734397
820.0, 0.18050417888730153
821.0, 0.16321665235733285
822.0, 0.1487611374475126
823.0, 0.1441106282123035
824.0, 0.14043076021499684
825.0, 0.13464384626779136
826.0, 0.13386878212205722
827.0, 0.14156064343772023
828.0, 0.1464615838919111
829.0, 0.14812252487269603
830.0, 0.16284621547037545
831.0, 0.17383900550350487
832.0, 0.1875269067026214
833.0, 0.21339067463136355
834.0, 0.23801645790635667
835.0, 0.2634649773240891
836.0, 0.3060821637155547
837.0, 0.3518924546539037
838.0, 0.4010704559582496
839.0, 0.45930429813900914
840.0, 0.5201276222285027
841.0, 0.5768046579530827
842.0, 0.6541145323807359
843.0, 0.7228711422320269
844.0, 0.7913334090777849
845.0, 0.8530213482901845
846.0, 0.9117206247683892
847.0, 0.9595071103874946
848.0, 0.9807465843935301
849.0, 0.9992148027180461
850.0, 0.9835876081496429
851.0, 0.9387632835420197
852.0, 0.8684981269056279
853.0, 0.7871871985576119
854.0, 0.7021925932955219
855.0, 0.6124182848580577
856.0, 0.5288750918918178
857.0, 0.4579233903859979
858.0, 0.38697799439350233
859.0, 0.3257853847997438
860.0, 0.2782026759084729
861.0, 0.24068214923473508
862.0, 0.2079204368886345
863.0, 0.17371705693660053
864.0, 0.14392989779054646
865.0, 0.12062074633599952
866.0, 0.10288215286778785
867.0, 0.09888459818540986
868.0, 0.07962841832614978
869.0, 0.06888175213048366
870.0, 0.060508820274917836
871.0, 0.0467735636648371
872.0, 0.040458076776654125
873.0, 0.032979286732375074
874.0, 0.025136286727917557
875.0, 0.01836650361835602
876.0, 0.013162895729148992
877.0, 0.011122407663184621
878.0, 0.013783581731005792
879.0, 0.005901608501575432
880.0, 0.004188591755471221
881.0, 0.003959118327434659
882.0, 0.0008723224198651077
883.0, 0.00617949403957624
884.0, 0.008454510528384
885.0, 0.008642563815622029
886.0, 0.008973118017329387
887.0, 0.005333587943644585
888.0, 0.002777454316348406
889.0, 0.0011938888765888043
890.0, 0.002036273568365441
891.0, 0.003305127014787014
892.0, 0.0014060742596368441
893.0, 0.006192137747590995
894.0, 0.011869796308088243
895.0, 0.008226372462704478
896.0, 0.01081462942295757
897.0, 0.0153284195963765
898.0, 0.01779541010073729
899.0, 0.022377414559672026
900.0, 0.027305701254700027
901.0, 0.03009435097098736
902.0, 0.03340242054018818
903.0, 0.03317269300582775
904.0, 0.032683021258931536
905.0, 0.03343140458801572
906.0, 0.03279796845784305
907.0, 0.03174679086343615
908.0, 0.03715308046148763
909.0, 0.03813300106096973
910.0, 0.03455318307901772
911.0, 0.03917422389056671
912.0, 0.043866492441022184
913.0, 0.04500386768807992
914.0, 0.04592351898398945
915.0, 0.04658317428618434
916.0, 0.05064142553037547
917.0, 0.049026136889863854
918.0, 0.042276091729748354
919.0, 0.03949433830245689
920.0, 0.03580534993785768
921.0, 0.030783174053811865
922.0, 0.026925133098851067
923.0, 0.016389257318614667
924.0, 0.011688545821041703
925.0, 0.009088251320804963
926.0, 0.00645407639042424
927.0, 0.0036978709345156773
928.0, 0.0018418222991151258
929.0, 0.002990150636610313
930.0, 0.006167038476740218
931.0, 0.006681917924139072
932.0, 0.006931145139808666
933.0, 0.008832859928277172
934.0, 0.01284772999744043
935.0, 0.017708046180029063
936.0, 0.024744992739313357
937.0, 0.0340207960413402
938.0, 0.04192276100877562
939.0, 0.04590557474806004
940.0, 0.05324584091294526
941.0, 0.07287517027630265
942.0, 0.08946710312228343
943.0, 0.10146451677771423
944.0, 0.11392309171999553
945.0, 0.13150809292038823
946.0, 0.14890863774642946
947.0, 0.15017039306814373
948.0, 0.1651136619563335
949.0, 0.17828139678175656
950.0, 0.18087905197084947
951.0, 0.17703876981984012
952.0, 0.16713540852350992
953.0, 0.1515638765862805
954.0, 0.13302589366526896
955.0, 0.10984839239048882
956.0, 0.09745718254525663
957.0, 0.08114708083732787
958.0, 0.062494122479693597
959.0, 0.050010418866034884
960.0, 0.0452543005090955
961.0, 0.037501833816741
962.0, 0.0245086365868024
963.0, 0.02419852868525609
964.0, 0.021874077530640842
965.0, 0.018470555440430747
966.0, 0.015323771936942192
967.0, 0.012471536833533754
968.0, 0.0020360612588055695
969.0, 0.008166127391420192
970.0, 0.0017111255875874659
971.0, 0.0017131492515259617
972.0, 0.004729947385647485
973.0, 0.003866015874621096
974.0, 0.003112142264346003
975.0, 0.0022979533453726456
976.0, 0.0007281350537028106
977.0, 0.0009872982653279703
978.0, 0.001758677738271173
979.0, 0.0025272628970933325
980.0, 0.0035173007827920605
981.0, 0.0025136945697943106
982.0, 0.0006018086856922204
983.0, 0.003126493029102943
984.0, 0.004012224304524339
985.0, 0.0026811654537332746
986.0, 0.0028135770684766595
987.0, 0.0024780704559023738
988.0, 0.003540766944299326
989.0, 0.0033649874751856762
990.0, 0.0022511823231844176
991.0, 0.007416191065803351
992.0, 0.0040931976077664784
993.0, 0.0024571909309493503
994.0, 0.009082211898856992
995.0, 0.013811683333629974
996.0, 0.011517129906214322
997.0, 0.008533198211264638
998.0, 0.012871039186056796
999.0, 0.011558691282004712
1000.0, 0.007862236900475146
1001.0, 0.008462811099959493
1002.0, 0.012355366966548645
1003.0, 0.015385305969386996
1004.0, 0.01607942391880298
1005.0, 0.01597927286778152
1006.0, 0.0156575166711474
1007.0, 0.012586720583768973
1008.0, 0.01384656590788057
1009.0, 0.012325040209875798
1010.0, 0.011624907544842666
1011.0, 0.012708086514980952
1012.0, 0.011645868556782304
1013.0, 0.01013990606186363
1014.0, 0.010456607364900053
1015.0, 0.011782931279271814
1016.0, 0.013796624895773922
1017.0, 0.01993944360303702
1018.0, 0.017206362788183178
1019.0, 0.012611452568213784
1020.0, 0.00873039394615912
1021.0, 0.0069483887019466915
1022.0, 0.014774534217245306
1023.0, 0.011067303391753481
1024.0, 0.0077679141572508876
1025.0, 0.00791673731134548
1026.0, 0.00831176317964785
1027.0, 0.0077700086599010445
1028.0, 0.006720893277168003
1029.0, 0.006685516417272731
1030.0, 0.007540527348861244
1031.0, 0.008157321414772146
1032.0, 0.007110204838504263
1033.0, 0.001514156113320576
1034.0, 0.010754714977516325
1035.0, 0.008005015476934765
1036.0, 0.0071716392510966015
1037.0, 0.007589578681849366
1038.0, 0.006435404178251332
1039.0, 0.008771085577709243
1040.0, 0.009005171118526292
1041.0, 0.003518026311349459
1042.0, 0.0021490192835323073
1043.0, 0.0037340131320056417
1044.0, 0.0027001427017593164
1045.0, 0.0031896287863601644
1046.0, 0.0003561188116068132
1047.0, 0.0026903146045644264
1048.0, 0.007000950620238808
1049.0, 0.008247435435689121
1050.0, 0.007955705710416865
1051.0, 0.006956047073657532
1052.0, 0.005381735050831932
1053.0, 0.004102883950398683
1054.0, 0.0009532223167549336
1055.0, 0.0016182140816916588
1056.0, 0.003898686700872755
1057.0, 0.003309671591971272
1058.0, 0.003113681117191975
1059.0, 0.00568183457823601
1060.0, 0.0029882064708121425
1061.0, 0.004510471887502979
1062.0, 0.004780546814083897
1063.0, 0.00392561157114739
1064.0, 0.006576067865012666
1065.0, 0.008481435704313742
1066.0, 0.005127594583438579
1067.0, 0.0027036251418269463
1068.0, 0.005388074835236622
1069.0, 0.004422066795436601
1070.0, 0.011289308363319255
1071.0, 0.010011598447877143
1072.0, 0.0030728261558957875
1073.0, 0.0012785858258763901
1074.0, 0.005111916008123513
1075.0, 0.00808873116918498
1076.0, 0.006605905907774484
1077.0, 0.003870322919327498
1078.0, 0.0058613446736693105
1079.0, 0.009997542916793088
1080.0, 0.010675040118248415
1081.0, 0.007784204868003775
1082.0, 0.007196796699270295
1083.0, 0.007249369950299991
1084.0, 0.004715305176028155
1085.0, 0.006380136109060161
1086.0, 0.010932461957334504
1087.0, 0.0053425096772997775
1088.0, 0.008762119215214175
1089.0, 0.009674831192270661
1090.0, 0.007293392167024572
1091.0, 0.011287700714715862
1092.0, 0.008824850116669124
1093.0, 0.0018557684736639662
1094.0, 0.0020865755578037366
1095.0, 0.002849614470147304
1096.0, 0.0006234913015484827
1097.0, 0.002226390783451748
1098.0, 7.780787780562343e-05
1099.0, 0.0036907149100251116
1100.0, 0.005165799266400252
1101.0, 0.0029268421934728383
1102.0, 0.0033711034948677105
1103.0, 0.003488748095659894
1104.0, 0.0013369582011720123
1105.0, 0.0017440374577615734
1106.0, 0.003449157555892357
1107.0, 6.918549977238486e-05
1108.0, 0.0024508801945718724
1109.0, 0.0012169196832733952
1110.0, 0.004187110728511018
1111.0, 0.0017304348924058843
1112.0, 0.00301720687687797
1113.0, 0.003376471681453432
1114.0, 0.0023599880392799724
1115.0, 0.003084592123132977
1116.0, 0.003014896129236886
1117.0, 0.0003010425644749059
1118.0, 0.00030265762997616234
1119.0, 0.0002128554735155605
1120.0, 0.0013943425749561645
1121.0, 0.0002577922504277956
1122.0, 0.003181052886524816
1123.0, 0.002351679524664529
1124.0, 0.00027179242384931077
1125.0, 0.0005224696790607346
1126.0, 0.0007713534130379435
1127.0, 0.0017115865005662132
1128.0, 0.006786390452699505
1129.0, 0.010416769658030903
1130.0, 0.005246519329414473
1131.0, 0.004816620330050613
1132.0, 0.0037629790305245057
1133.0, 0.0013372719921816857
1134.0, 0.004729949111833363
1135.0, 0.006353303990236247
1136.0, 0.0011523052656445092
1137.0, 0.008143278171439368
1138.0, 0.015786627861370927
1139.0, 0.009043400522990522
1140.0, 0.007073930600558888
1141.0, 0.009380735628978109
1142.0, 0.007330429055073954
1143.0, 0.0016422325068321969
1144.0, 0.0006415080152689659
1145.0, 0.005552250959684653
1146.0, 0.00869774732621361
1147.0, 0.0075294805824907655
1148.0, 0.008908232046013806
1149.0, 0.010754114927948278
1150.0, 0.001118440756555128
1151.0, 0.01026013792586619
1152.0, 0.007548257361977303
1153.0, 0.008604671425477889
1154.0, 0.008733540509452579
1155.0, 0.008099349001952683
1156.0, 0.0026234538478675596
1157.0, 0.0020451828320763223
1158.0, 0.00961891268741409
1159.0, 0.009915883344540905
1160.0, 0.007321313372875829
1161.0, 0.0049510739953342285
1162.0, 0.0060087518322674074
1163.0, 0.009296903384781134
1164.0, 0.013740044767776998
1165.0, 0.007217409127469003
1166.0, 0.0030650373761326546
1167.0, 0.0030923935640840418
1168.0, 0.0033067272569210263
1169.0, 0.00529394777286343
1170.0, 0.00696480922852646
1171.0, 0.004129369364779165
1172.0, 0.010879189650686951
1173.0, 0.010408554236792229
1174.0, 0.007840748197566789
1175.0, 0.002564066234274662
1176.0, 0.0029505180064678
1177.0, 0.009876609050949054
1178.0, 0.006985243770067862
1179.0, 0.0069585428437146666
1180.0, 0.009549291465896394
1181.0, 0.009792962043710725
1182.0, 0.015529685336072935
1183.0, 0.008126342788604359
1184.0, 0.010556820164807825
1185.0, 0.0018440175902139219
1186.0, 0.0018016096577002996
1187.0, 0.007477362898123807
1188.0, 0.010915816537036261
1189.0, 0.00654831768628929
1190.0, 0.00647175086213517
1191.0, 0.012474224610344083
1192.0, 0.01033776996040197
1193.0, 0.002773895621263532
1194.0, 0.0076958323952711506
1195.0, 0.014924825086761701
1196.0, 0.00763064495981844
1197.0, 0.0035877021628746165
1198.0, 0.008438329070427276
1199.0, 0.006193932851016251
1200.0, 0.006903525875895888
1201.0, 0.00406951622329038
1202.0, 0.003039100648609511
1203.0, 0.00923166128635372
1204.0, 0.014045995941132391
1205.0, 0.010360824771927854
1206.0, 0.004691042457650837
1207.0, 0.013357890175470809
1208.0, 0.010482079212058418
1209.0, 0.010016484473523726
1210.0, 0.012015761466770426
1211.0, 0.012411831637221803
1212.0, 0.006669211001448759
1213.0, 0.005615284045994742
1214.0, 0.011363310261122441
1215.0, 0.011972619761960672
1216.0, 0.00788154447713991
1217.0, 0.008908388033737556
1218.0, 0.009854731441385062
1219.0, 0.005763404532245871
1220.0, 0.011835242958829952
1221.0, 0.01291906067678792
1222.0, 0.011728296690218912
1223.0, 0.0028620039480211973
1224.0, 0.005111274417847867
1225.0, 0.011610201184585221
1226.0, 0.008172829405314828
1227.0, 0.0037476771106189975
1228.0, 0.007865499548903185
1229.0, 0.010561409192724806
1230.0, 0.00600236669842358
1231.0, 0.0053653561565862205
1232.0, 0.009034196398062364
1233.0, 0.0053162122241154994
1234.0, 0.0048183127615380435
1235.0, 0.007073350684422744
1236.0, 0.007440352653516633
1237.0, 0.009632496659512943
1238.0, 0.007157924584245873
1239.0, 0.003670321833208176
1240.0, 0.006411940479326629
1241.0, 0.012225245388071824
1242.0, 0.011691444309852387
1243.0, 0.004086503632577387
1244.0, 0.0015915864719606365
1245.0, 0.008193587400302252
1246.0, 0.005637474661129561
1247.0, 0.008447228138890603
1248.0, 0.0010091007887325666
1249.0, 0.002050321321436007
1250.0, 0.0018207242209271669
1251.0, 0.00645838268359461
1252.0, 0.009574160102461598
1253.0, 0.002900270520556517
1254.0, 0.002186552132492177
1255.0, 0.0007304526701212236
1256.0, 0.0031678461407125664
1257.0, 0.005951531001216313
1258.0, 0.008264492370012533
1259.0, 0.011753119028160272
1260.0, 0.008828600128680182
1261.0, 0.007294077624447388
1262.0, 0.0056823361440578365
1263.0, 0.009957859311155864
1264.0, 0.010094766733554784
1265.0, 0.009143424743895973
1266.0, 0.014349109013515736
1267.0, 0.014100262771691094
1268.0, 0.011082191176197671
1269.0, 0.008901227882333392
1270.0, 0.0035555847243370336
1271.0, 0.009806991000417835
1272.0, 0.014881155519083394
1273.0, 0.010178012886826368
1274.0, 0.011086284504677097
1275.0, 0.010588893599042228
1276.0, 0.010935193296812262
1277.0, 0.022773392538004006
1278.0, 0.008991808971748042
1279.0, 0.009696585907223245
1280.0, 0.018526249243795336
1281.0, 0.020638598843662974
1282.0, 0.0154099766305593
1283.0, 0.01052350301375731
1284.0, 0.013595768336586458
1285.0, 0.010766270832090849
1286.0, 0.0007957846364193829
1287.0, 0.008682506334019442
1288.0, 0.004396626629988875
1289.0, 0.005994633384488133
1290.0, 0.008425003608105898
1291.0, 0.009789260828843157
1292.0, 0.015001162239245084
1293.0, 0.0059478761430788556
1294.0, 0.0033543598992281784
1295.0, 0.004682025236851254
1296.0, 0.008066301073581635
1297.0, 0.0073487217986128815
1298.0, 0.005197830517133129
1299.0, 0.009049254014897787
1300.0, 0.004699166501849191
1301.0, 0.0059976863024059
1302.0, 0.008396701572213783
1303.0, 0.004736232753108672
1304.0, 0.010232185494400293
1305.0, 0.002462452117452142
1306.0, 0.009821397884570388
1307.0, 0.004229211823859915
1308.0, 0.006107475485776328
1309.0, 0.006426000021901439
1310.0, 0.006938163452893579
1311.0, 0.008314230682330889
1312.0, 0.005041036533161553
1313.0, 0.00033675265439564363
1314.0, 0.0009644497635232531
1315.0, 0.005907352727488773
1316.0, 0.007423443087241218
1317.0, 0.01643628371131834
1318.0, 0.0029646389321878264
1319, 0.0
1320, 0.0
1321, 0.0
1322, 0.0
1323, 0.0
1324, 0.0
1325, 0.0
1326, 0.0
1327, 0.0
1328, 0.0
1329, 0.0
1330, 0.0
1331, 0.0
1332, 0.0
1333, 0.0
1334, 0.0
1335, 0.0
1336, 0.0
1337, 0.0
1338, 0.0
1339, 0.0
1340, 0.0
1341, 0.0
1342, 0.0
1343, 0.0
1344, 0.0
1345, 0.0
1346, 0.0
1347, 0.0
1348, 0.0
1349, 0.0
1350, 0.0
1351, 0.0
1352, 0.0
1353, 0.0
1354, 0.0
1355, 0.0
1356, 0.0
1357, 0.0
1358, 0.0
1359, 0.0
1360, 0.0
1361, 0.0
1362, 0.0
1363, 0.0
1364, 0.0
1365, 0.0
1366, 0.0
1367, 0.0
1368, 0.0
1369, 0.0
1370, 0.0
1371, 0.0
1372, 0.0
1373, 0.0
1374, 0.0
1375, 0.0
1376, 0.0
1377, 0.0
1378, 0.0
1379, 0.0
1380, 0.0
1381, 0.0
1382, 0.0
1383, 0.0
1384, 0.0
1385, 0.0
1386, 0.0
1387, 0.0
1388, 0.0
1389, 0.0
1390, 0.0
1391, 0.0
1392, 0.0
1393, 0.0
1394, 0.0
1395, 0.0
1396, 0.0
1397, 0.0
1398, 0.0
1399, 0.0
1400, 0.0
1401, 0.0
1402, 0.0
1403, 0.0
1404, 0.0
1405, 0.0
1406, 0.0
1407, 0.0
1408, 0.0
1409, 0.0
1410, 0.0
1411, 0.0
1412, 0.0
1413, 0.0
1414, 0.0
1415, 0.0
1416, 0.0
1417, 0.0
1418, 0.0
1419, 0.0
1420, 0.0
1421, 0.0
1422, 0.0
1423, 0.0
1424, 0.0
1425, 0.0
1426, 0.0
1427, 0.0
1428, 0.0
1429, 0.0
1430, 0.0
1431, 0.0
1432, 0.0
1433, 0.0
1434, 0.0
1435, 0.0
1436, 0.0
1437, 0.0
1438, 0.0
1439, 0.0
1440, 0.0
1441, 0.0
1442, 0.0
1443, 0.0
1444, 0.0
1445, 0.0
1446, 0.0
1447, 0.0
1448, 0.0
1449, 0.0
1450, 0.0
1451, 0.0
1452, 0.0
1453, 0.0
1454, 0.0
1455, 0.0
1456, 0.0
1457, 0.0
1458, 0.0
1459, 0.0
1460, 0.0
1461, 0.0
1462, 0.0
1463, 0.0
1464, 0.0
1465, 0.0
1466, 0.0
1467, 0.0
1468, 0.0
1469, 0.0
1470, 0.0
1471, 0.0
1472, 0.0
1473, 0.0
1474, 0.0
1475, 0.0
1476, 0.0
1477, 0.0
1478, 0.0
1479, 0.0
1480, 0.0
1481, 0.0
1482, 0.0
1483, 0.0
1484, 0.0
1485, 0.0
1486, 0.0
1487, 0.0
1488, 0.0
1489, 0.0
1490, 0.0
1491, 0.0
1492, 0.0
1493, 0.0
1494, 0.0
1495, 0.0
1496, 0.0
1497, 0.0
1498, 0.0
1499, 0.0
1500, 0.0
1501, 0.0
1502, 0.0
1503, 0.0
1504, 0.0
1505, 0.0
1506, 0.0
1507, 0.0
1508, 0.0
1509, 0.0
1510, 0.0
1511, 0.0
1512, 0.0
1513, 0.0
1514, 0.0
1515, 0.0
1516, 0.0
1517, 0.0
1518, 0.0
1519, 0.0
1520, 0.0
1521, 0.0
1522, 0.0
1523, 0.0
1524, 0.0
1525, 0.0
1526, 0.0
1527, 0.0
1528, 0.0
1529, 0.0
1530, 0.0
1531, 0.0
1532, 0.0
1533, 0.0
1534, 0.0
1535, 0.0
1536, 0.0
1537, 0.0
1538, 0.0
1539, 0.0
1540, 0.0
1541, 0.0
1542, 0.0
1543, 0.0
1544, 0.0
1545, 0.0
1546, 0.0
1547, 0.0
1548, 0.0
1549, 0.0
1550, 0.0
1551, 0.0
1552, 0.0
1553, 0.0
1554, 0.0
1555, 0.0
1556, 0.0
1557, 0.0
1558, 0.0
1559, 0.0
1560, 0.0
1561, 0.0
1562, 0.0
1563, 0.0
1564, 0.0
1565, 0.0
1566, 0.0
1567, 0.0
1568, 0.0
1569, 0.0
1570, 0.0
1571, 0.0
1572, 0.0
1573, 0.0
1574, 0.0
1575, 0.0
1576, 0.0
1577, 0.0
1578, 0.0
1579, 0.0
1580, 0.0
1581, 0.0
1582, 0.0
1583, 0.0
1584, 0.0
1585, 0.0
1586, 0.0
1587, 0.0
1588, 0.0
1589, 0.0
1590, 0.0
1591, 0.0
1592, 0.0
1593, 0.0
1594, 0.0
1595, 0.0
1596, 0.0
1597, 0.0
1598, 0.0
1599, 0.0
