30, 0.0
31, 0.0
32, 0.0
33, 0.0
34, 0.0
35, 0.0
36, 0.0
37, 0.0
38, 0.0
39, 0.0
40, 0.0
41, 0.0
42, 0.0
43, 0.0
44, 0.0
45, 0.0
46, 0.0
47, 0.0
48, 0.0
49, 0.0
50, 0.0
51, 0.0
52, 0.0
53, 0.0
54, 0.0
55, 0.0
56, 0.0
57, 0.0
58, 0.0
59, 0.0
60, 0.0
61, 0.0
62, 0.0
63, 0.0
64, 0.0
65, 0.0
66, 0.0
67, 0.0
68, 0.0
69, 0.0
70, 0.0
71, 0.0
72, 0.0
73, 0.0
74, 0.0
75, 0.0
76, 0.0
77, 0.0
78, 0.0
79, 0.0
80, 0.0
81, 0.0
82, 0.0
83, 0.0
84, 0.0
85, 0.0
86, 0.0
87, 0.0
88, 0.0
89, 0.0
90, 0.0
91, 0.0
92, 0.0
93, 0.0
94.0, 0.00017074281757271438
95.0, 0.00031975641327918267
96.0, 6.610326508868367e-05
97.0, 0.0006337670832247722
98.0, 0.0011226819951710672
99.0, 0.001542530773902317
100.0, 0.00218063824701239
101.0, 0.0033010943976186057
102.0, 0.00450379739427956
103.0, 0.00864068915562302
104.0, 0.013945306939692002
105.0, 0.020683295987506328
106.0, 0.028480921670062276
107.0, 0.03472837825932928
108.0, 0.039048320557717085
109.0, 0.03936855324827293
110.0, 0.03620973844011073
111.0, 0.032270205786101944
112.0, 0.03213533301762619
113.0, 0.03588332706889449
114.0, 0.03921843375545882
115.0, 0.04442745011234314
116.0, 0.04899503271133997
117.0, 0.048792646973209494
118.0, 0.04593620953493609
119.0, 0.038540965208305654
120.0, 0.02879427474902421
121.0, 0.019111941978393877
122.0, 0.01152208452620622
123.0, 0.00679614281242334
124.0, 0.004549493436697262
125.0, 0.0019373561346451749
126.0, 0.0009403922574762137
127.0, 0.0014411434549714257
128.0, 0.0005510467724576153
129.0, 0.0003719909225376026
130.0, 0.00027575003373540765
131.0, 0.0012072540630695056
132.0, 0.0019812229585893745
133.0, 0.0011847279380720417
134.0, 0.0032955221478241275
135.0, 0.005783358418787369
136.0, 0.009267915281382795
137.0, 0.013737393144672733
138.0, 0.01933032810435177
139.0, 0.02697584975116474
140.0, 0.03767310676914268
141.0, 0.048491622453430944
142.0, 0.05763991473876632
143.0, 0.0628986790406737
144.0, 0.062189826969470036
145.0, 0.06122175175687975
146.0, 0.06245272890843332
147.0, 0.06531091162553238
148.0, 0.06970594070955945
149.0, 0.07565158511363604
150.0, 0.08311890519106614
151.0, 0.08901476650258654
152.0, 0.08978281699240172
153.0, 0.08430613349895213
154.0, 0.07362227115302608
155.0, 0.06134491947708406
156.0, 0.04424495784752785
157.0, 0.032757587096865895
158.0, 0.023511457079736713
159.0, 0.015833804582814838
160.0, 0.010895756801207267
161.0, 0.009999245171105663
162.0, 0.007589577508402967
163.0, 0.006202124540624611
164.0, 0.005740207002043618
165.0, 0.005716199721850912
166.0, 0.0062290469469722075
167.0, 0.00588311904972882
168.0, 0.005854980036954272
169.0, 0.006496469736720787
170.0, 0.007620925984171651
171.0, 0.00854378854564803
172.0, 0.007718370053914167
173.0, 0.00831530799754007
174.0, 0.008327606988686492
175.0, 0.007769089089539807
176.0, 0.0070142044980295625
177.0, 0.005539591657308497
178.0, 0.006353280959839707
179.0, 0.005655304024744881
180.0, 0.005290706594490301
181.0, 0.006045436120783884
182.0, 0.007048716354291442
183.0, 0.0067369621803824225
184.0, 0.007905734220999935
185.0, 0.009355977135549058
186.0, 0.010875553833658094
187.0, 0.012556310437060807
188.0, 0.014286785608224295
189.0, 0.017156868014247945
190.0, 0.01913917591844749
191.0, 0.02196214951585119
192.0, 0.025745561694310054
193.0, 0.02858614092488284
194.0, 0.031151315545673727
195.0, 0.03521967189607854
196.0, 0.03984756134354805
197.0, 0.044860727501826535
198.0, 0.050452712908732926
199.0, 0.057127029693511196
200.0, 0.06410619026051402
201.0, 0.07166591666801501
202.0, 0.07767672079800615
203.0, 0.08268777173183753
204.0, 0.08955832099611545
205.0, 0.09033831354098468
206.0, 0.09303655840326644
207.0, 0.09601037056396299
208.0, 0.09907482363017116
209.0, 0.10221399564229049
210.0, 0.10448031323642176
211.0, 0.10726794208961347
212.0, 0.10895431628218855
213.0, 0.10685512006720158
214.0, 0.10059268576065451
215.0, 0.09218868059496718
216.0, 0.08549291899558907
217.0, 0.07470920005116825
218.0, 0.06443821745390597
219.0, 0.05601180317979544
220.0, 0.04938665991853441
221.0, 0.043542642869511386
222.0, 0.035489801153332515
223.0, 0.03070546271069614
224.0, 0.027643812077168147
225.0, 0.025296034721747726
226.0, 0.023272492173181888
227.0, 0.02148786554781357
228.0, 0.02025759456064401
229.0, 0.019264561694516503
230.0, 0.018295610452594344
231.0, 0.017457121269567197
232.0, 0.017247701789509736
233.0, 0.015628812595021076
234.0, 0.014506885987429559
235.0, 0.014435481709498306
236.0, 0.01469452481251133
237.0, 0.014275659293352087
238.0, 0.013244724672331159
239.0, 0.011663697071539405
240.0, 0.011104092113424653
241.0, 0.010586444125239252
242.0, 0.00980854347449596
243.0, 0.009273176614662312
244.0, 0.008270283566844727
245.0, 0.007798390013982449
246.0, 0.007380866570303126
247.0, 0.007286001603554997
248.0, 0.00762315460279283
249.0, 0.007822592252431393
250.0, 0.00830968549282378
251.0, 0.008179198794927824
252.0, 0.008394150861000014
253.0, 0.00888821340370162
254.0, 0.00930982615471613
255.0, 0.01078520603096476
256.0, 0.010553899124391976
257.0, 0.011420502117828142
258.0, 0.012727914768810094
259.0, 0.013425001278240558
260.0, 0.012863582304107044
261.0, 0.014011821795423755
262.0, 0.012415569530406047
263.0, 0.01177023631208801
264.0, 0.011590175193405649
265.0, 0.010784114821889191
266.0, 0.009417469410548716
267.0, 0.010034532973439463
268.0, 0.010223099389109591
269.0, 0.008871938046307435
270.0, 0.007595191090777098
271.0, 0.008215402547737649
272.0, 0.008154893811210796
273.0, 0.006027723800186786
274.0, 0.004978762613832816
275.0, 0.004707986759770298
276.0, 0.004330788098671804
277.0, 0.0031542201826700723
278.0, 0.0034874812159425214
279.0, 0.003374832231473939
280.0, 0.0022416589204832774
281.0, 0.001943756170411335
282.0, 0.0027290075752467607
283.0, 0.0020281594915004526
284.0, 0.0025217106642669734
285.0, 0.0020593257743632375
286.0, 0.0020841684371243853
287.0, 0.002461388660509013
288.0, 0.00260533930564465
289.0, 0.0023141767681554596
290.0, 0.003235668599691295
291.0, 0.004035396695565299
292.0, 0.004783522429742391
293.0, 0.005504805157683112
294.0, 0.006269837541076605
295.0, 0.007520462913750749
296.0, 0.008256264153749802
297.0, 0.009977226997542745
298.0, 0.010700999862520707
299.0, 0.01037802871302318
300.0, 0.010763082978340369
301.0, 0.012277239410730927
302.0, 0.010568084825744067
303.0, 0.01060913817787758
304.0, 0.011548404950315031
305.0, 0.01228393037482204
306.0, 0.012691840085332116
307.0, 0.011396774356740975
308.0, 0.010274350449191384
309.0, 0.00895898087202424
310.0, 0.00796141220550561
311.0, 0.007302728686427879
312.0, 0.005854416119618732
313.0, 0.0054636036260763835
314.0, 0.005120413025382765
315.0, 0.004293584655658726
316.0, 0.0035407226205162548
317.0, 0.0035413449544392426
318.0, 0.0042013973671046955
319.0, 0.004688229122615249
320.0, 0.004877290661233312
321.0, 0.004672971503898064
322.0, 0.004658645970128259
323.0, 0.00518434414938856
324.0, 0.0047942522951415
325.0, 0.006248628726709923
326.0, 0.007719260206051565
327.0, 0.008514821503603278
328.0, 0.009175742996949905
329.0, 0.01062214446866196
330.0, 0.012044402670978336
331.0, 0.012390339676385451
332.0, 0.013698057655245597
333.0, 0.014863087806751107
334.0, 0.015460704880619187
335.0, 0.015822172625852712
336.0, 0.015665551357796705
337.0, 0.015696389532300528
338.0, 0.016053020937295978
339.0, 0.015561907938286912
340.0, 0.014701862382015029
341.0, 0.01507801999802114
342.0, 0.013852699398482271
343.0, 0.012222766339137416
344.0, 0.011249201161230436
345.0, 0.010103431030419762
346.0, 0.008368391494045412
347.0, 0.006463002956425055
348.0, 0.004650273326014742
349.0, 0.0037114131687913236
350.0, 0.002953653254850677
351.0, 0.002501097699503387
352.0, 0.0022098902432250043
353.0, 0.001526676131883585
354.0, 0.000883678280217886
355.0, 0.00036815476713700007
356.0, 0.000203092691080802
357.0, 0.00040646345293281915
358.0, 0.0009744828876470913
359.0, 0.0017873886070867463
360.0, 0.0007181643560984718
361.0, 0.0007720491960226607
362.0, 0.000427029719469116
363.0, 0.0005316148722531347
364.0, 0.0014354935220255935
365.0, 0.00201452964233813
366.0, 0.0010350700869703067
367.0, 0.0012400931800685335
368.0, 0.0008185810180114012
369.0, 0.0008407200801516889
370.0, 0.0013190920125359588
371.0, 0.00027796022329853814
372.0, 0.0008623665714993832
373.0, 0.0006809576313748744
374.0, 0.0007517500724925785
375.0, 0.0007358425017327076
376.0, 0.00044226623701616394
377.0, 0.00030765316981463
378.0, 0.0005155308459197729
379.0, 0.0005832332175766668
380.0, 0.0007852555769094451
381.0, 0.0009479758216273034
382.0, 0.001049138552479192
383.0, 0.0013133036866014608
384.0, 0.0011961678025792987
385.0, 0.001358071125417282
386.0, 0.0013857275817107744
387.0, 0.0015255138040127221
388.0, 0.0018859519523360885
389.0, 0.002257270395887749
390.0, 0.002520988799729665
391.0, 0.002132582651351801
392.0, 0.0025743537631123044
393.0, 0.002888591397712054
394.0, 0.0029400287833728058
395.0, 0.0036778586325309274
396.0, 0.004455793890397359
397.0, 0.004382334250392102
398.0, 0.004697485391037935
399.0, 0.0045622664220882425
400.0, 0.004381276417338802
401.0, 0.005383267297991521
402.0, 0.005984175379884294
403.0, 0.007074375486448607
404.0, 0.007463690689880977
405.0, 0.007601813342468743
406.0, 0.007820607240215265
407.0, 0.008072958984278834
408.0, 0.0078335549403313
409.0, 0.008642705373125729
410.0, 0.00972984595164876
411.0, 0.010220852159860384
412.0, 0.011055293766108813
413.0, 0.012859018973351746
414.0, 0.012087828718006004
415.0, 0.0136945971018391
416.0, 0.014892583773997194
417.0, 0.016285787025228524
418.0, 0.01769778359343791
419.0, 0.019040518144135304
420.0, 0.021326870212007718
421.0, 0.02270766536040555
422.0, 0.024799248510555677
423.0, 0.025927045585455097
424.0, 0.02730714035749833
425.0, 0.030117539547238132
426.0, 0.033533794613376425
427.0, 0.03605129278900288
428.0, 0.039488887788620655
429.0, 0.042301825796589976
430.0, 0.04464603099963215
431.0, 0.04698567949820455
432.0, 0.04956671362701321
433.0, 0.05267615275343537
434.0, 0.056140551339451894
435.0, 0.05698152199990419
436.0, 0.058470473453586407
437.0, 0.060613189137563125
438.0, 0.06077062152093776
439.0, 0.062321573589246136
440.0, 0.06240732309658056
441.0, 0.061729591503196804
442.0, 0.0618314663497537
443.0, 0.061978171732974666
444.0, 0.0615086036758546
445.0, 0.06414209237150575
446.0, 0.06317874601201783
447.0, 0.0641848455546797
448.0, 0.06592941952783114
449.0, 0.0677824410035062
450.0, 0.06947979851806375
451.0, 0.07087897205962344
452.0, 0.07333906664273465
453.0, 0.07481656100743815
454.0, 0.07597318402188621
455.0, 0.07746435311960562
456.0, 0.07913220788247514
457.0, 0.07998126797680288
458.0, 0.07971250788154347
459.0, 0.08011744430566485
460.0, 0.07857481763739013
461.0, 0.07572738719285634
462.0, 0.07278672746673218
463.0, 0.07008954524019824
464.0, 0.06499491544700928
465.0, 0.061845027493143155
466.0, 0.055731921605529346
467.0, 0.05007876492184428
468.0, 0.046069718866064445
469.0, 0.04322267649712924
470.0, 0.0405452696132667
471.0, 0.03641138641931553
472.0, 0.033808821646341164
473.0, 0.030550061909332904
474.0, 0.028188059336751406
475.0, 0.027040424378702747
476.0, 0.02499854995497597
477.0, 0.021639059769962457
478.0, 0.01894894492230111
479.0, 0.018544789577300748
480.0, 0.017520609838368572
481.0, 0.016198266210147288
482.0, 0.016206755624723596
483.0, 0.01502809264691938
484.0, 0.013716659155335235
485.0, 0.012726270544560367
486.0, 0.011850666057251491
487.0, 0.01132195041603043
488.0, 0.010947959321018122
489.0, 0.009848772275370146
490.0, 0.00945478492362738
491.0, 0.00888971365754257
492.0, 0.008384912404852125
493.0, 0.00813073690466891
494.0, 0.007800084237456173
495.0, 0.00705619224466439
496.0, 0.007120341886500016
497.0, 0.00640298441485833
498.0, 0.005705221890432561
499.0, 0.005924321176330338
500.0, 0.0060293837025500036
501.0, 0.005286799256564005
502.0, 0.005047083441087198
503.0, 0.005068669570685898
504.0, 0.004726871772561931
505.0, 0.0046911886081448945
506.0, 0.0046882558897810445
507.0, 0.004580851145407302
508.0, 0.004492101464771747
509.0, 0.0042245867521050915
510.0, 0.0038320513680808834
511.0, 0.003720472913476035
512.0, 0.0036181843790829386
513.0, 0.003462974252921357
514.0, 0.0033523708674861284
515.0, 0.003398497146658911
516.0, 0.0032973475712209403
517.0, 0.0028907383786381797
518.0, 0.0024136436118555467
519.0, 0.002258228847521896
520.0, 0.0022805023419265836
521.0, 0.002078396876904337
522.0, 0.002151624815153739
523.0, 0.0033252652178999333
524.0, 0.0026779278961873757
525.0, 0.0027636832910310784
526.0, 0.0031411285663765676
527.0, 0.002739528090876307
528.0, 0.001960162197626266
529.0, 0.002626615684965131
530.0, 0.002665308072504596
531.0, 0.0034280116053601248
532.0, 0.0033059416038263407
533.0, 0.0024177282321618276
534.0, 0.0022363802837042576
535.0, 0.003237143312460322
536.0, 0.0021738656022537313
537.0, 0.0024956830976649346
538.0, 0.0026098495497718587
539.0, 0.002323007141688246
540.0, 0.0022568742723607497
541.0, 0.002834005308294871
542.0, 0.0016044948889527195
543.0, 0.0022318245223964094
544.0, 0.0024157657336480306
545.0, 0.0021809696143996007
546.0, 0.0020306764359102995
547.0, 0.002215797596319672
548.0, 0.002286986825400717
549.0, 0.002372187301712988
550.0, 0.0019958723832399048
551.0, 0.0020303178415731734
552.0, 0.002494440410435821
553.0, 0.0026409154390123896
554.0, 0.001970973596306404
555.0, 0.001964370564151467
556.0, 0.0013149577837424696
557.0, 0.001557141749381541
558.0, 0.0016072542961793395
559.0, 0.002073338643632575
560.0, 0.0025216025527534467
561.0, 0.001579339767431844
562.0, 0.0021277818763390938
563.0, 0.001762261808295826
564.0, 0.001421269478842444
565.0, 0.0017066167557927415
566.0, 0.0018674919311470995
567.0, 0.001328459019363452
568.0, 0.0008401119343481472
569.0, 0.0011630255281523797
570.0, 0.0013906368545103325
571.0, 0.001376842174067942
572.0, 0.0010858666554517584
573.0, 0.0010579676143188796
574.0, 0.0013534924996789763
575.0, 0.0004818586973002855
576.0, 7.23897798476556e-05
577.0, 8.828946676618458e-05
578.0, 0.0002637437619311551
579.0, 0.0005393501546975798
580.0, 0.0007142751290240001
581.0, 0.0006070789570315141
582.0, 0.00048799503132425246
583.0, 0.00025766783720377907
584.0, 0.00018985734869196984
585.0, 8.908620227534798e-05
586.0, 0.00011680176171966993
587.0, 0.00037783169198842253
588.0, 0.0007451270821790165
589.0, 0.0008910699045141489
590.0, 0.0015545717476810644
591.0, 0.001703149808973871
592.0, 0.0018176681483376455
593.0, 0.0019036524065322844
594.0, 0.0018307353689455577
595.0, 0.0016390281107655368
596.0, 0.0017751523411713762
597.0, 0.0017821781881787139
598.0, 0.0017488197912170036
599.0, 0.0013518236473515515
600.0, 0.0009625594360861492
601.0, 0.000799419748127293
602.0, 0.0006146913605515936
603.0, 0.0011912522003094815
604.0, 0.0010720665903525591
605.0, 0.0008653037377398369
606.0, 0.0011655786681283688
607.0, 0.0013888169708647362
608.0, 0.0013230579514712172
609.0, 0.0017924923969315472
610.0, 0.0011524697192473574
611.0, 0.0018622172980375614
612.0, 0.0014704106165835788
613.0, 0.0008462210389033536
614.0, 0.0003780143271553207
615.0, 0.0001620817298447432
616.0, 0.00039699886241122096
617.0, 0.0004820721875833277
618.0, 0.0005142664178937343
619.0, 0.0004676944875788484
620.0, 0.0008190064149731717
621.0, 0.0011289733393280287
622.0, 0.001112705941975868
623.0, 0.00134748367632349
624.0, 0.0009017424292414167
625.0, 0.0016185723981314557
626.0, 0.0015146807506218154
627.0, 0.0013445597110390585
628.0, 0.0017826907131150275
629.0, 0.002622117925469613
630.0, 0.0029544888111424444
631.0, 0.0039125012104616564
632.0, 0.004235116494230265
633.0, 0.0031994461961879243
634.0, 0.003763433712020765
635.0, 0.004797427034920981
636.0, 0.004995187495396723
637.0, 0.005819732295906604
638.0, 0.007021334797403635
639.0, 0.006133115488476911
640.0, 0.006773442457424972
641.0, 0.007374138153856764
642.0, 0.0076977269918644346
643.0, 0.007979828295550094
644.0, 0.008033672233447618
645.0, 0.007771387268372443
646.0, 0.008998694500915722
647.0, 0.009564594100335071
648.0, 0.010002714804926939
649.0, 0.009957349836866424
650.0, 0.00952004265783466
651.0, 0.00961278475647325
652.0, 0.010579428738816139
653.0, 0.009961695506884282
654.0, 0.010388184217741459
655.0, 0.010858089293019927
656.0, 0.010750224732523295
657.0, 0.01076795251349876
658.0, 0.011632751767953479
659.0, 0.010968583351123905
660.0, 0.01030245513331315
661.0, 0.009793018777518137
662.0, 0.009217176595041622
663.0, 0.008816504134538565
664.0, 0.008480755678143919
665.0, 0.00806675766560698
666.0, 0.008147052543964126
667.0, 0.008529659334876679
668.0, 0.007735320187292635
669.0, 0.008097847979392767
670.0, 0.008406974503853082
671.0, 0.008464038714545305
672.0, 0.008324815362398144
673.0, 0.0070571632588019104
674.0, 0.0064099412401014515
675.0, 0.007207321166321666
676.0, 0.007062807453506863
677.0, 0.006977314933295631
678.0, 0.007459270171281669
679.0, 0.007561130776778991
680.0, 0.00623787621171651
681.0, 0.007595958291192196
682.0, 0.005664451257965664
683.0, 0.007213426868776544
684.0, 0.0072606217973675375
685.0, 0.007289578033276806
686.0, 0.007882767060052684
687.0, 0.007535156812988245
688.0, 0.007490686354304938
689.0, 0.007667094620814368
690.0, 0.008110250345423809
691.0, 0.007804087977022347
692.0, 0.008002510882526749
693.0, 0.008162694065946255
694.0, 0.007797256404962766
695.0, 0.008748386053214947
696.0, 0.008911897377693894
697.0, 0.00836424847900968
698.0, 0.008253611192027738
699.0, 0.00911572778591969
700.0, 0.00965132305157908
701.0, 0.009337714682951451
702.0, 0.009479935878197988
703.0, 0.01089422803413418
704.0, 0.011152114490389416
705.0, 0.011899710955992257
706.0, 0.010803169183325698
707.0, 0.010395367575397323
708.0, 0.010847869938252007
709.0, 0.010777555809256286
710.0, 0.011582688280160085
711.0, 0.011340670449271216
712.0, 0.014356970608409887
713.0, 0.013840886727385985
714.0, 0.013445015775516024
715.0, 0.014187077512336823
716.0, 0.014596819310326692
717.0, 0.01386124657179386
718.0, 0.0156950878070956
719.0, 0.01475912798794236
720.0, 0.01523084116746855
721.0, 0.015710712352841785
722.0, 0.015823016992213935
723.0, 0.015612174065332532
724.0, 0.015651142352694783
725.0, 0.016997128356333314
726.0, 0.01714916934523243
727.0, 0.017803402383385857
728.0, 0.018220260404981533
729.0, 0.01823621485665518
730.0, 0.018086473388978903
731.0, 0.018244515783253177
732.0, 0.01871992745995419
733.0, 0.017894287168310555
734.0, 0.020065098014853913
735.0, 0.020947064851271374
736.0, 0.02132358877067121
737.0, 0.02235545526718772
738.0, 0.023036543176157158
739.0, 0.02283930126156743
740.0, 0.02392655087222676
741.0, 0.024404467121910144
742.0, 0.02585183767611006
743.0, 0.02680244380851546
744.0, 0.027606892088249076
745.0, 0.028750233720588332
746.0, 0.0304564919334381
747.0, 0.03198938577672167
748.0, 0.031656839400657166
749.0, 0.03527490171878277
750.0, 0.03565586415483092
751.0, 0.038200490646770856
752.0, 0.041130794982685105
753.0, 0.04345250163950876
754.0, 0.04571388675997287
755.0, 0.0485358294863013
756.0, 0.05029804361100373
757.0, 0.053437716568711414
758.0, 0.05641692068428653
759.0, 0.06111804219468236
760.0, 0.06598788776361232
761.0, 0.07036518236935772
762.0, 0.07470748701057035
763.0, 0.07978771876919444
764.0, 0.08706112962026884
765.0, 0.09247855026446354
766.0, 0.10064270426589961
767.0, 0.109480054718102
768.0, 0.11790282930792846
769.0, 0.1274199815472542
770.0, 0.1396901038739092
771.0, 0.1537569702906227
772.0, 0.16924091165195812
773.0, 0.18991014875100687
774.0, 0.21127208439628778
775.0, 0.23477422288525082
776.0, 0.25971408226874415
777.0, 0.28930667015060263
778.0, 0.3256168243726359
779.0, 0.36249820578975556
780.0, 0.4056318656979963
781.0, 0.45114850390783745
782.0, 0.5043333217356966
783.0, 0.5590801211334927
784.0, 0.6150679023289335
785.0, 0.673798328814101
786.0, 0.7331698023205561
787.0, 0.787284898948421
788.0, 0.8501028784385657
789.0, 0.8916115677693159
790.0, 0.9326655033035263
791.0, 0.9648233341056578
792.0, 0.9850646749739073
793.0, 0.9956385362742247
794.0, 0.9971317647251082
795.0, 0.983680399458073
796.0, 0.9613311020060035
797.0, 0.9295539071677584
798.0, 0.8894545681497487
799.0, 0.837996286555006
800.0, 0.78297227634366
801.0, 0.7272821985913003
802.0, 0.6667433298310524
803.0, 0.6016829139611677
804.0, 0.5445413991119474
805.0, 0.48825943213947554
806.0, 0.4371029972478125
807.0, 0.39114655244448104
808.0, 0.35070303004099795
809.0, 0.3137349308101916
810.0, 0.27916103782759716
811.0, 0.2508961038830751
812.0, 0.22577984211537427
813.0, 0.20448416218247484
814.0, 0.18478396839806946
815.0, 0.16863222032134606
816.0, 0.15379161617304019
817.0, 0.14018002851391384
818.0, 0.1288488718601194
819.0, 0.1182303145709911
820.0, 0.10811240548158382
821.0, 0.10370732982048443
822.0, 0.09501338698433122
823.0, 0.0880352222496457
824.0, 0.08283567145729129
825.0, 0.07717452056392231
826.0, 0.0717222628292897
827.0, 0.06953817264035274
828.0, 0.06462073499199367
829.0, 0.06221686027325882
830.0, 0.058184798356760804
831.0, 0.05636074591522484
832.0, 0.05363668865092953
833.0, 0.05113030451555913
834.0, 0.049858402581213414
835.0, 0.04821063320162368
836.0, 0.047753359498679884
837.0, 0.04539751337938061
838.0, 0.04460875674103256
839.0, 0.04527350771382944
840.0, 0.04573757163182421
841.0, 0.04615739163534475
842.0, 0.0469923324076007
843.0, 0.04832547890291784
844.0, 0.05019239746167962
845.0, 0.05003375088888239
846.0, 0.05338487006160097
847.0, 0.05607533912292635
848.0, 0.05953873205758906
849.0, 0.062112714936701396
850.0, 0.06297128662699512
851.0, 0.06369136271520306
852.0, 0.06594899678425471
853.0, 0.0659587989507911
854.0, 0.06644890727761053
855.0, 0.0652561295021216
856.0, 0.06374005929852997
857.0, 0.06121907337126464
858.0, 0.05818622848670188
859.0, 0.054831677823793085
860.0, 0.05087031880309175
861.0, 0.04748173371319084
862.0, 0.043884656369399935
863.0, 0.041217231301804
864.0, 0.03756717109872166
865.0, 0.033618050019433
866.0, 0.031257377295070096
867.0, 0.028831247870301085
868.0, 0.025675226193849838
869.0, 0.025202901070967385
870.0, 0.0233315940860306
871.0, 0.022116368714396893
872.0, 0.020791696827855633
873.0, 0.01995313303045424
874.0, 0.019221042308860133
875.0, 0.018169371911634733
876.0, 0.017471310502790827
877.0, 0.017780847706940026
878.0, 0.017687258664056422
879.0, 0.01765525527720505
880.0, 0.01624771451385594
881.0, 0.015444587900365004
882.0, 0.015140132612362947
883.0, 0.01533803852190563
884.0, 0.015339130589826043
885.0, 0.014899970416996538
886.0, 0.014926157670050627
887.0, 0.01591274731504522
888.0, 0.0163017606185797
889.0, 0.01602384312373468
890.0, 0.016756660195463416
891.0, 0.015806029423321696
892.0, 0.01522577698245296
893.0, 0.015713675448870087
894.0, 0.016011391537193213
895.0, 0.016065844586382654
896.0, 0.016537455612832618
897.0, 0.01686612520588947
898.0, 0.016960116784052556
899.0, 0.016957679386973266
900.0, 0.016877575062860056
901.0, 0.01670013270631432
902.0, 0.016420679968582357
903.0, 0.016133994100645085
904.0, 0.015958818753126526
905.0, 0.015485844225966501
906.0, 0.015942988844312462
907.0, 0.016167420403578835
908.0, 0.016512765756987693
909.0, 0.015378995116771729
910.0, 0.014895488396573125
911.0, 0.01504842658610191
912.0, 0.014136462520174068
913.0, 0.014584675328557822
914.0, 0.014333313788183066
915.0, 0.013666973442607097
916.0, 0.012586374728350423
917.0, 0.011935542993668708
918.0, 0.01174240696896334
919.0, 0.011185583184863556
920.0, 0.01041212289924438
921.0, 0.010202484923047444
922.0, 0.009922368520359999
923.0, 0.009294575627249278
924.0, 0.009650844913682234
925.0, 0.008157040454179254
926.0, 0.0075816092781587924
927.0, 0.0064258663812915414
928.0, 0.005669547140700377
929.0, 0.005870901784307665
930.0, 0.0057019806818577575
931.0, 0.004818006471869873
932.0, 0.005150636884738104
933.0, 0.004682243131273561
934.0, 0.004781312073570636
935.0, 0.0046108791041239335
936.0, 0.0038522321090720133
937.0, 0.0028682982188637718
938.0, 0.002264868046199129
939.0, 0.002057967133107377
940.0, 0.0016503266758417549
941.0, 0.002022913781812855
942.0, 0.0016499995894953374
943.0, 0.0019422479183809223
944.0, 0.0026003542478751245
945.0, 0.0024912826457543164
946.0, 0.0021224299935031
947.0, 0.0015906561413248671
948.0, 0.0011239299515193415
949.0, 0.001551025254983302
950.0, 0.0006285835182528335
951.0, 0.0004911344457411402
952.0, 0.0013658051744054375
953.0, 0.0012628777209246042
954.0, 0.001160404410604858
955.0, 0.0012448957302293186
956.0, 0.0011041425238100414
957.0, 0.000704407242685381
958.0, 0.00042214699557231467
959.0, 2.460266219878091e-05
960.0, 0.0002604296905325175
961.0, 5.415616593188339e-05
962.0, 8.034041434633161e-05
963.0, 0.00016127926882058335
964.0, 0.00030884766601823503
965.0, 0.0008017551398556752
966.0, 0.000854942822731787
967.0, 0.00014898776509925527
968.0, 0.0005649449511900401
969.0, 0.0003610382060166052
970.0, 8.06914706584488e-05
971.0, 0.0005644424688872136
972.0, 0.0007412759085831171
973.0, 0.0004589145942956744
974.0, 0.0005972043273654586
975.0, 0.0005930272010247903
976.0, 0.00022966367451562948
977.0, 0.0008496828114622823
978.0, 0.0017470280634948624
979.0, 0.0005002287075426431
980.0, 0.0002990188308628043
981.0, 0.00021960637594132252
982.0, 0.0001213961632336419
983.0, 0.0004343435656223997
984.0, 0.0005434305641034653
985.0, 0.0006116342895545963
986.0, 0.000991718787302226
987.0, 0.000652546542435173
988.0, 0.000502012605276443
989.0, 0.00017102789259802777
990.0, 0.0002541439798760068
991.0, 0.0002239346988737641
992.0, 0.00010678275883298725
993.0, 0.00018081681479525417
994.0, 0.0007043517492269025
995.0, 0.0010175551074892845
996.0, 0.000587598341473626
997.0, 0.0008017608981274623
998.0, 0.0009279626398047563
999.0, 7.996914119133238e-05
1000.0, 0.0010640947966907633
1001.0, 0.001712787081330098
1002.0, 0.0007508179091071537
1003.0, 0.000200533822181722
1004.0, 0.0006014106309482656
1005.0, 0.0010336709694531508
1006.0, 0.0010577622389175384
1007.0, 0.00047977692996381647
1008.0, 0.000976565693929748
1009.0, 0.0007754573158545107
1010.0, 0.0007814577144323627
1011.0, 0.0003029774144602887
1012.0, 0.000652093803715974
1013.0, 0.0005735729562767588
1014.0, 0.00045928730570654467
1015.0, 0.0008144412902483765
1016.0, 0.0004532028048198351
1017.0, 0.0003385557982770944
1018.0, 0.00033951375832554055
1019.0, 0.0002158462637601062
1020.0, 9.049157787510809e-05
1021.0, 5.0978232855553286e-05
1022.0, 0.00048590709419776666
1023.0, 0.000897072589145166
1024.0, 0.000798395734152875
1025.0, 0.0004712826751755584
1026.0, 0.0003730097699351685
1027.0, 8.548561547419586e-05
1028.0, 0.0003810981194995135
1029.0, 0.0004431828496526065
1030.0, 0.0004895719347392954
1031.0, 0.0005107650119009251
1032.0, 0.0008305759105498493
1033.0, 0.0007406713198391001
1034.0, 0.001008532131813818
1035.0, 0.0011819823766163354
1036.0, 0.00023589397205661395
1037.0, 0.000984188317366878
1038.0, 0.0008149780286594068
1039.0, 0.0003464928882954962
1040.0, 5.169835533920739e-05
1041.0, 0.0006193437693587364
1042.0, 0.0009499859525640326
1043.0, 0.0013060418991123679
1044.0, 0.0017208529384068097
1045.0, 0.001833390910688316
1046.0, 0.0016847303533228334
1047.0, 0.0016555156814268505
1048.0, 0.001114656401994423
1049.0, 0.001947339854093462
1050.0, 0.0013837481503377453
1051.0, 0.0015328590080614605
1052.0, 0.0014844648988597234
1053.0, 0.001003060777158542
1054.0, 0.0018330922169511811
1055.0, 0.002608690639844388
1056.0, 0.0020634710497829333
1057.0, 0.0024146265481885636
1058.0, 0.003084675636420509
1059.0, 0.003121614081112005
1060.0, 0.0010041173193948
1061.0, 0.001179244090952873
1062.0, 0.0013213834395780794
1063.0, 0.002721764508485147
1064.0, 0.002347656809740332
1065.0, 0.002262176926429948
1066.0, 0.0028739423122354298
1067.0, 0.0020791933808653462
1068.0, 0.002354162256444919
1069.0, 0.002126004843473688
1070.0, 0.0024112040026728772
1071.0, 0.0016050262105057635
1072.0, 0.0018045863484098437
1073.0, 0.002758110222466675
1074.0, 0.002524680374060437
1075.0, 0.002532488255010161
1076.0, 0.002671389816539692
1077.0, 0.0025093160742817957
1078.0, 0.003190355719800486
1079.0, 0.0040915957506696375
1080.0, 0.0032797586848737886
1081.0, 0.0028746463246967745
1082.0, 0.0021807007204766365
1083.0, 0.0022884251018263804
1084.0, 0.002633567428414556
1085.0, 0.0027608942094957127
1086.0, 0.002879638376026646
1087.0, 0.0030572930359553207
1088.0, 0.0031490009434079216
1089.0, 0.0032310261005972763
1090.0, 0.003427239297279074
1091.0, 0.003434000115976393
1092.0, 0.003714370232620609
1093.0, 0.003401701883378273
1094.0, 0.0032735431770091585
1095.0, 0.0024888298034604493
1096.0, 0.002932266022637718
1097.0, 0.003303206772942699
1098.0, 0.0030826732277126337
1099.0, 0.0033212621573942315
1100.0, 0.003767343169586434
1101.0, 0.00316879256326087
1102.0, 0.0029638424280568794
1103.0, 0.0030314524149404197
1104.0, 0.0038346429418882437
1105.0, 0.0033567532609923754
1106.0, 0.0032346978465566923
1107.0, 0.002914587695068335
1108.0, 0.0029008195547415884
1109.0, 0.003457412855136559
1110.0, 0.003981645087215213
1111.0, 0.004011031338413318
1112.0, 0.003746548432055611
1113.0, 0.0030792261985888468
1114.0, 0.002575716826132621
1115.0, 0.0032288443459772527
1116.0, 0.003249476125822134
1117.0, 0.002917737882289809
1118.0, 0.0030545057697785416
1119.0, 0.0035243938973440816
1120.0, 0.003479439656953461
1121.0, 0.003359262845617433
1122.0, 0.0036079263054006137
1123.0, 0.0032160774946220837
1124.0, 0.0035033552547332593
1125.0, 0.004646008599626226
1126.0, 0.003772622074090884
1127.0, 0.0038051882442031617
1128.0, 0.005267950471548819
1129.0, 0.004353438467423552
1130.0, 0.004037188881287117
1131.0, 0.003441783016341548
1132.0, 0.0028822425794327857
1133.0, 0.003151548412750478
1134.0, 0.0028932298907089833
1135.0, 0.002599520677772846
1136.0, 0.0027799674818045745
1137.0, 0.0022724694177425654
1138.0, 0.0025286813460954796
1139.0, 0.0023575183186573217
1140.0, 0.0025505544463279048
1141.0, 0.002469304714468576
1142.0, 0.002446147707345995
1143.0, 0.0020465374955886116
1144.0, 0.0021152395005343905
1145.0, 0.002717504791921771
1146.0, 0.0021979764667898957
1147.0, 0.002211735090259039
1148.0, 0.002554932925985952
1149.0, 0.0009218041123309013
1150.0, 0.0014778388860816228
1151.0, 0.0020757561525093556
1152.0, 0.0022353840655384453
1153.0, 0.0014407814089930726
1154.0, 0.0008830624204801889
1155.0, 0.0012808078647590993
1156.0, 0.0018780499504979656
1157.0, 0.002094589422216894
1158.0, 0.0021919918987322383
1159.0, 0.0016308328544968676
1160.0, 0.0013110555076161078
1161.0, 0.0009791441343129717
1162.0, 0.0007886940066275144
1163.0, 0.0006292305673500757
1164.0, 0.001143787969537045
1165.0, 0.0009489281640439804
1166.0, 0.0009849501536032938
1167.0, 0.001568944353400226
1168.0, 0.0013494187371331226
1169.0, 0.000889324282693638
1170.0, 0.0014080299264599282
1171.0, 0.00035367700488535703
1172.0, 0.0011819051556984858
1173.0, 0.0002797612486392442
1174.0, 0.0009358490074067368
1175.0, 0.0007675632591204619
1176.0, 0.0013553312735406988
1177.0, 0.0010792005534793975
1178.0, 0.0010640363864125037
1179.0, 0.001191742641080521
1180.0, 0.0013095238984540476
1181.0, 0.0013840421083563931
1182.0, 0.0013480928681117302
1183.0, 0.0013803780327784057
1184.0, 0.0005004568109343598
1185.0, 0.0005475336032633555
1186.0, 0.0003801557035031963
1187.0, 0.0002259759444174326
1188.0, 0.0009443956561742725
1189.0, 0.0007145915439118734
1190.0, 0.0009973247243104855
1191.0, 0.001535526703080328
1192.0, 0.0017054531066322803
1193.0, 0.0015439237118038693
1194.0, 0.001322340321564002
1195.0, 0.0011343905455683233
1196.0, 0.000995272149981953
1197.0, 0.0008272883432224837
1198.0, 0.0013029247836431896
1199.0, 0.0017004276896898734
1200.0, 0.0022820441429851793
1201.0, 0.0023140934479171766
1202.0, 0.0016575992183489982
1203.0, 0.000856998915825886
1204.0, 0.001152358050438359
1205.0, 0.0012832707897274425
1206.0, 0.0011847783023435365
1207.0, 0.0014432112752638332
1208.0, 0.0013749255021834462
1209.0, 0.0017649425200910918
1210.0, 0.0018918692723773273
1211.0, 0.0016923774178800362
1212.0, 0.001209907234761308
1213.0, 0.001716154287696768
1214.0, 0.0022741404896173788
1215.0, 0.001705877257850915
1216.0, 0.0010855736809913233
1217.0, 0.0012006676942681903
1218.0, 0.00156927166440765
1219.0, 0.0018868561620946417
1220.0, 0.0016352477319799105
1221.0, 0.0007574684930444442
1222.0, 0.0008831427339783997
1223.0, 0.0012682044537509786
1224.0, 0.0010299981122954248
1225.0, 0.001338144618111306
1226.0, 0.001743185926678686
1227.0, 0.0016830988183039572
1228.0, 0.00040735506872142664
1229.0, 0.0007289976225552204
1230.0, 0.0008504456805927475
1231.0, 0.0014366916276086997
1232.0, 0.0015929773932313834
1233.0, 0.0008611006365814091
1234.0, 0.0007656545474032838
1235.0, 0.0009581715899622018
1236.0, 0.00034690919335364067
1237.0, 0.0019132379161888665
1238.0, 0.002244187708035608
1239.0, 0.0012669791574926
1240.0, 0.0013031651137869085
1241.0, 0.0013972252465962393
1242.0, 0.0020761401884698306
1243.0, 0.0018445588724598336
1244.0, 0.001503883319937312
1245.0, 0.001269856477566582
1246.0, 0.0013311978943705291
1247.0, 0.0017135461983062768
1248.0, 0.0015981090693835038
1249.0, 0.0008046959545951052
1250.0, 0.0008326114026975163
1251.0, 0.0015391179462182093
1252.0, 0.0005115625005367911
1253.0, 0.0023274812107141277
1254.0, 0.0014007224537344208
1255.0, 0.0012497907144915698
1256.0, 0.0020365290258121875
1257.0, 0.0019049398097561612
1258.0, 0.0014197881213747503
1259.0, 0.0006877269633483249
1260.0, 0.0005953374556627632
1261.0, 0.000891536070783437
1262.0, 0.0007360065810600961
1263.0, 0.0008401784014577482
1264.0, 0.0012001340493109271
1265.0, 0.0017475431455265637
1266.0, 0.001608416165044755
1267.0, 0.0015763022933637876
1268.0, 0.00032962303583374214
1269.0, 0.00026881995829936467
1270.0, 0.0003057886671011908
1271.0, 0.0011472077958589596
1272.0, 0.0007365078697004315
1273.0, 0.0014080277701312648
1274.0, 0.0020359395925497
1275.0, 0.0015762548261293312
1276.0, 0.0012854622756120263
1277.0, 0.0015890065108714103
1278.0, 0.0016207431607223554
1279.0, 0.0010452533976023132
1280.0, 0.0018340661233194196
1281.0, 0.0008730902186374723
1282.0, 0.0016974894306593076
1283.0, 0.0016194972331420449
1284.0, 0.00047008545866028566
1285.0, 0.0006244933918120826
1286.0, 0.0016966017270883507
1287.0, 0.0012729974460672444
1288.0, 0.001338995154448236
1289.0, 0.0016194623740288776
1290.0, 0.0016772307999960434
1291.0, 0.0013441602347855491
1292.0, 0.0008774001036789911
1293.0, 0.0016017771744516616
1294.0, 0.0014338828041601324
1295.0, 0.0009744161365303764
1296.0, 0.0012468191590466879
1297.0, 0.0008873134881712194
1298.0, 0.0011256113114939373
1299.0, 0.001069863158198072
1300.0, 0.001416040930945787
1301.0, 0.0004152384346352008
1302.0, 0.0006424498797932708
1303.0, 0.0004137887574149396
1304.0, 0.0005985295193989005
1305.0, 0.0008521789688113591
1306.0, 0.0004090022277426299
1307.0, 0.0005946662186095879
1308.0, 0.0014669065368393777
1309.0, 0.0012283498922918247
1310.0, 0.0012607282978216777
1311.0, 0.00154234624552095
1312.0, 0.0020512266192659256
1313.0, 0.001771950346706772
1314.0, 0.001619781921431719
1315.0, 0.0022508691175092193
1316.0, 0.0018242233077142998
1317.0, 0.0017623449414967355
1318.0, 0.0016942903806848823
1319.0, 0.0013925143556715452
1320.0, 0.000921722126373159
1321.0, 0.0007111637709923785
1322.0, 0.0010345576628917447
1323.0, 0.001262980444246369
1324.0, 0.0011105364172417683
1325.0, 0.0015066654724587053
1326.0, 0.0018615910098168974
1327.0, 0.0012970846116783206
1328.0, 0.0013414570276799476
1329.0, 0.0007475470154276588
1330.0, 0.0010824734860523503
1331.0, 0.00048691476490570986
1332.0, 0.00033623722870795
1333.0, 0.0007059101804766856
1334.0, 0.0009618324030055287
1335.0, 0.0006368436495041078
1336.0, 0.0010891657625844966
1337.0, 0.0013646976003324528
1338.0, 0.0012295084812784832
1339.0, 0.0014433826682332437
1340.0, 0.0016309344099424625
1341.0, 0.0012714450006453227
1342.0, 0.0004817472469663814
1343.0, 0.00031498866592719803
1344.0, 0.0012256709497564858
1345.0, 0.0018252061640250143
1346.0, 0.0014276195872282833
1347.0, 0.001674487941829013
1348.0, 0.00045618241139488806
1349.0, 0.000592411395249186
1350.0, 0.0005466013871093329
1351.0, 0.0015746814942106222
1352.0, 0.0008457734217237177
1353.0, 0.0008164061047283597
1354.0, 0.0013859855413588388
1355.0, 0.0010820981016868795
1356.0, 0.0012390688808393668
1357.0, 0.0018348124778851131
1358.0, 0.0012847799285326943
1359.0, 0.001072988888941458
1360.0, 0.0008813391081485395
1361.0, 0.00033472154086991717
1362.0, 0.0013405494413197896
1363.0, 0.0018734069819905694
1364.0, 0.000660696324663002
1365.0, 0.0006839306368668145
1366.0, 0.0006586559723359004
1367.0, 0.0009686525254838477
1368.0, 0.0011333164346188957
1369.0, 0.0005053251407541753
1370.0, 0.0008803645057940896
1371.0, 0.0009069399766518388
1372.0, 0.0006470503538863302
1373.0, 0.0008278355760296054
1374.0, 0.000999761034659008
1375.0, 0.0008561388763196569
1376.0, 0.0007810804926783654
1377.0, 0.000860159946189921
1378.0, 0.0008591892220743871
1379.0, 0.000980789121334898
1380.0, 0.0009735404724931028
1381.0, 0.001411336134629655
1382.0, 0.001423002996589909
1383.0, 0.0015963117109356615
1384.0, 0.0012076630648000027
1385.0, 0.000714502230398048
1386.0, 0.0005342886253192888
1387.0, 0.0005074220416685247
1388.0, 0.001430544781454057
1389.0, 0.001156315215299006
1390.0, 0.0006219361476599197
1391.0, 0.0013954804652768274
1392.0, 0.00188176864996741
1393.0, 0.001452077679367793
1394.0, 0.001384406718048375
1395.0, 0.0015255259383035772
1396.0, 0.0015524100785300411
1397.0, 0.0017744052420746665
1398.0, 0.0013811984540895504
1399.0, 0.0007888085841373223
1400.0, 0.0016698816458201224
1401.0, 0.00018770157513193803
1402.0, 0.0006915872973069323
1403.0, 0.0018918791314791181
1404.0, 0.0005954638684079778
1405.0, 0.00010757241073778782
1406.0, 0.0006466921732423726
1407.0, 0.0007896184221911445
1408.0, 0.0005735648602020728
1409.0, 0.001180385275565573
1410.0, 0.0017756547061214374
1411.0, 0.001334205759018614
1412.0, 0.0006851570331032128
1413.0, 0.000560091451644956
1414.0, 0.0009320172187556874
1415.0, 0.0013724420958891774
1416.0, 0.0011462290521459197
1417.0, 0.0011638801683977575
1418.0, 0.0014799456446668124
1419.0, 0.0006748693162262535
1420.0, 0.0011915871528556936
1421.0, 0.0017552913294281056
1422.0, 0.0005619926860718978
1423.0, 0.001782634519924315
1424.0, 0.002617443332731864
1425.0, 0.0016697042744671692
1426.0, 0.0011885537861441018
1427.0, 0.0011130880004423093
1428.0, 0.000378208504470123
1429.0, 0.000501209412948263
1430.0, 0.0004957988017914333
1431.0, 0.0008126229102197596
1432.0, 0.0008547337603285316
1433.0, 0.0004180380014781643
1434.0, 0.00040124527612590404
1435.0, 0.0007966168704441431
1436.0, 0.0010184040553160166
1437.0, 0.0011196108107766431
1438.0, 0.0010581845457717119
1439.0, 0.000356871154447865
1440.0, 0.0004388240951238834
1441.0, 0.0004456133648053354
1442.0, 0.0003853711231270446
1443.0, 0.0017274753493917124
1444.0, 0.0025350421228036418
1445.0, 0.0001543355245333187
1446.0, 0.001617228271888006
1447.0, 0.0007510809426568964
1448.0, 0.0019385412573364774
1449.0, 0.0011837748359066899
1450.0, 0.0013540317970208644
1451.0, 0.0012058750754977902
1452.0, 0.0016810729879395852
1453.0, 0.0007810517290680066
1454.0, 0.000428121601599799
1455.0, 0.0004123274926205724
1456.0, 0.0003077438746728021
1457.0, 0.0006392696374374356
1458.0, 0.0004901010914178272
1459.0, 0.0007455801979559665
1460.0, 0.0015524352271216579
1461.0, 0.0008874272175349946
1462.0, 0.0015819948013215714
1463.0, 0.0009079926977567331
1464.0, 0.0012264225186532118
1465.0, 0.0016582934624606266
1466.0, 0.0009301533106421455
1467.0, 0.0008557294406950874
1468.0, 0.0009721874956700365
1469.0, 0.002136699731466277
1470.0, 0.0009539882647263295
1471.0, 0.0013245623513049413
1472.0, 0.0014569734797081676
1473.0, 0.00035103485800837514
1474.0, 0.0008025529629111464
1475.0, 0.0014790213019577267
1476.0, 0.0011819861523379397
1477.0, 0.0010232844995528164
1478.0, 0.0014611236912395618
1479.0, 0.0021529309197488894
1480.0, 0.002559392964207865
1481.0, 0.0026503738189673797
1482.0, 0.0026844810765758857
1483.0, 0.0025918721945134933
1484.0, 0.0024741745097621257
1485.0, 0.0020933343506737948
1486.0, 0.0012054673875783425
1487.0, 0.0011595350450710122
1488.0, 0.0006716024672938101
1489.0, 0.00015099794618560916
1490.0, 0.0004697911679054984
1491.0, 0.0005268826830129426
1492.0, 0.001278713685785671
1493.0, 0.0013795781574247256
1494.0, 0.0012567985619014353
1495.0, 0.0006840329383234662
1496.0, 0.000822556206122894
1497.0, 0.0015714323669364977
1498.0, 0.000891844364032255
1499.0, 0.0010466675083450482
1500.0, 0.000629391642091135
1501.0, 0.0013704459382253426
1502.0, 0.001268242314867584
1503.0, 0.0019163770256066912
1504.0, 0.0014702901973637995
1505.0, 0.0007653989130747343
1506.0, 0.0003259094629116262
1507.0, 0.0005469758105311574
1508.0, 0.0015208564152554209
1509.0, 0.001996144624954362
1510.0, 0.0018334590780791885
1511.0, 0.0015024313978910775
1512.0, 0.0009066622539612414
1513.0, 0.0006034435087103261
1514.0, 0.0006583003963040477
1515.0, 0.0006171249632743904
1516.0, 0.0006880523393958936
1517.0, 0.001277360099015751
1518.0, 0.0017256389741176672
1519.0, 0.0020206707585824894
1520.0, 0.0013118196209973732
1521.0, 5.5242920235056285e-05
1522.0, 0.0003411268695431736
1523.0, 0.0008292448439995161
1524.0, 0.00042295474581805143
1525.0, 6.255761694973859e-05
1526.0, 0.0014885547804772098
1527.0, 0.0012062131862944124
1528.0, 0.0005979814141205576
1529.0, 0.00118518270145309
1530.0, 0.002234661646935124
1531.0, 0.0014457327869440361
1532.0, 0.0011983872535644697
1533.0, 0.00046831197660252726
1534.0, 0.0011927071116224236
1535.0, 0.00205813086626104
1536.0, 0.003958947703349214
1537.0, 0.0034973071172632176
1538.0, 0.0011781029892109559
1539.0, 0.00040517900981742224
1540.0, 0.0010523650899549374
1541.0, 0.0033691474973986195
1542.0, 0.004210740631071644
1543.0, 0.002393174025423135
1544.0, 0.0022569180655710995
1545.0, 0.0010427477429966942
1546.0, 0.000700085843156181
1547.0, 0.0020523995281938757
1548.0, 0.0014277123355643968
1549.0, 0.0015251879295239172
1550.0, 0.0018306587344103762
1551.0, 0.0017122195231214603
1552.0, 0.003981040490195191
1553.0, 0.002713233899125138
1554.0, 0.004450534137708709
1555.0, 0.0043696134394152885
1556.0, 0.0023133874223093317
1557.0, 0.0020367733593253923
1558.0, 0.0013036544876349665
1559.0, 0.0003060157661071923
1560.0, 0.0001259390643084483
1561.0, 3.24960146320635e-05
1562.0, 5.478919832622374e-05
1563.0, 0.0004867873765991487
1564.0, 0.0014109749675841276
1565.0, 0.002140970042639674
1566.0, 0.0012124398909188093
1567.0, 0.000997279696949206
1568.0, 0.00037355469943368903
1569.0, 1.388118059193724e-05
1570.0, 5.836528025162921e-07
1571, 0.0
1572, 0.0
1573, 0.0
1574, 0.0
1575, 0.0
1576, 0.0
1577, 0.0
1578, 0.0
1579, 0.0
1580, 0.0
1581, 0.0
1582, 0.0
1583, 0.0
1584, 0.0
1585, 0.0
1586, 0.0
1587, 0.0
1588, 0.0
1589, 0.0
1590, 0.0
1591, 0.0
1592, 0.0
1593, 0.0
1594, 0.0
1595, 0.0
1596, 0.0
1597, 0.0
1598, 0.0
1599, 0.0
