30, 0.0
31, 0.0
32, 0.0
33, 0.0
34, 0.0
35, 0.0
36, 0.0
37, 0.0
38, 0.0
39, 0.0
40, 0.0
41, 0.0
42, 0.0
43, 0.0
44, 0.0
45, 0.0
46, 0.0
47, 0.0
48, 0.0
49, 0.0
50, 0.0
51, 0.0
52, 0.0
53, 0.0
54, 0.0
55, 0.0
56, 0.0
57, 0.0
58, 0.0
59, 0.0
60, 0.0
61, 0.0
62, 0.0
63, 0.0
64, 0.0
65, 0.0
66, 0.0
67, 0.0
68, 0.0
69, 0.0
70, 0.0
71, 0.0
72, 0.0
73, 0.0
74, 0.0
75, 0.0
76, 0.0
77, 0.0
78, 0.0
79, 0.0
80, 0.0
81, 0.0
82, 0.0
83, 0.0
84, 0.0
85, 0.0
86, 0.0
87, 0.0
88, 0.0
89, 0.0
90, 0.0
91, 0.0
92, 0.0
93, 0.0
94, 0.0
95, 0.0
96, 0.0
97, 0.0
98, 0.0
99, 0.0
100, 0.0
101, 0.0
102, 0.0
103, 0.0
104, 0.0
105, 0.0
106, 0.0
107, 0.0
108, 0.0
109, 0.0
110, 0.0
111, 0.0
112, 0.0
113, 0.0
114, 0.0
115, 0.0
116, 0.0
117, 0.0
118, 0.0
119, 0.0
120, 0.0
121, 0.0
122, 0.0
123, 0.0
124, 0.0
125, 0.0
126, 0.0
127, 0.0
128, 0.0
129, 0.0
130, 0.0
131, 0.0
132, 0.0
133, 0.0
134, 0.0
135, 0.0
136, 0.0
137, 0.0
138, 0.0
139, 0.0
140, 0.0
141, 0.0
142, 0.0
143, 0.0
144, 0.0
145, 0.0
146, 0.0
147, 0.0
148, 0.0
149, 0.0
150, 0.0
151, 0.0
152, 0.0
153, 0.0
154, 0.0
155, 0.0
156, 0.0
157, 0.0
158, 0.0
159, 0.0
160, 0.0
161, 0.0
162, 0.0
163, 0.0
164, 0.0
165, 0.0
166, 0.0
167, 0.0
168, 0.0
169, 0.0
170, 0.0
171, 0.0
172, 0.0
173, 0.0
174, 0.0
175, 0.0
176, 0.0
177, 0.0
178, 0.0
179, 0.0
180, 0.0
181, 0.0
182.0, 0.0010339442466147574
183.0, 0.012252588356788862
184.0, 0.0322616268865259
185.0, 0.056534624461550796
186.0, 0.08791595060611856
187.0, 0.12034364095123244
188.0, 0.1469037783357542
189.0, 0.17267869028802152
190.0, 0.19992663224433505
191.0, 0.21598566111089879
192.0, 0.22248903940338488
193.0, 0.22635416492323127
194.0, 0.22747495853684419
195.0, 0.22011067542112187
196.0, 0.20801482288329576
197.0, 0.201005195223874
198.0, 0.1975473542933299
199.0, 0.18995865600585254
200.0, 0.1771569680009041
201.0, 0.1659934777184413
202.0, 0.1505187471601866
203.0, 0.12788410204330594
204.0, 0.10579545094446455
205.0, 0.09129881569875845
206.0, 0.07905255639328541
207.0, 0.0669296739557898
208.0, 0.05633061664861854
209.0, 0.04622876170640798
210.0, 0.03830633300338264
211.0, 0.030709382980582962
212.0, 0.023872947893592653
213.0, 0.025058031096828415
214.0, 0.016983890619929536
215.0, 0.012104445601524242
216.0, 0.014853697016776645
217.0, 0.014249720211070559
218.0, 0.016111383390047924
219.0, 0.016104384783960646
220.0, 0.014106430914125789
221.0, 0.01017585161772258
222.0, 0.011486738433415184
223.0, 0.013619907575399402
224.0, 0.01397680411751452
225.0, 0.011718981180769795
226.0, 0.009672488774042996
227.0, 0.005249887064958354
228.0, 0.0024986867154932067
229.0, 0.0027787323882915217
230.0, 0.004001584275543628
231.0, 0.0003853449251938354
232.0, 0.0001545733603375269
233.0, 0.0011568805568917962
234.0, 0.0010546712971619687
235.0, 0.0044219681944048395
236.0, 0.0007272223413086085
237.0, 0.0009622134808542989
238.0, 0.0038871771214387895
239.0, 0.003049400011786407
240.0, 0.0026582776006344663
241.0, 0.0031503863926634575
242.0, 0.0014068486218486588
243.0, 0.0008533059195405938
244.0, 0.002142606306616389
245.0, 0.002996603828015582
246.0, 0.0030882401233879326
247.0, 0.0027508696729689093
248.0, 0.00218089758039379
249.0, 0.004502157899679509
250.0, 0.00535711940411625
251.0, 0.0037914054645945897
252.0, 0.002003016624346605
253.0, 0.0037830979989509545
254.0, 0.0036981089866025465
255.0, 0.0027633904685353088
256.0, 0.0009497192603824302
257.0, 0.0003510338481804849
258.0, 0.0039863636868234294
259.0, 0.002460230170972205
260.0, 0.001279851074387134
261.0, 0.0020293951962236426
262.0, 0.001025486836738062
263.0, 0.005035674689290835
264.0, 0.003729039523983053
265.0, 0.0021714829413208253
266.0, 0.0056227748206805666
267.0, 0.0061819661885869565
268.0, 0.007319947294148304
269.0, 0.007031761878896544
270.0, 0.007101652012279165
271.0, 0.01017166586413116
272.0, 0.011735142221406718
273.0, 0.010614481626151282
274.0, 0.010711705695377697
275.0, 0.012849380195932146
276.0, 0.01339126665211723
277.0, 0.014212354435061391
278.0, 0.017029594272584173
279.0, 0.018684470713147928
280.0, 0.017026925737159873
281.0, 0.01696161463713022
282.0, 0.016796325492834753
283.0, 0.017852181234764602
284.0, 0.016551365924508753
285.0, 0.008941813275745955
286.0, 0.009291812733497155
287.0, 0.01223139367874306
288.0, 0.012945694209258085
289.0, 0.01120467959856372
290.0, 0.012020338805960082
291.0, 0.011897355682027032
292.0, 0.011307849643513617
293.0, 0.010306041969942102
294.0, 0.009825914953483747
295.0, 0.011179682152201812
296.0, 0.010596777767700339
297.0, 0.010277219714011096
298.0, 0.009205992265994818
299.0, 0.005160255617613472
300.0, 0.005428372354518388
301.0, 0.007703494183629935
302.0, 0.00973974752168447
303.0, 0.01007692072185574
304.0, 0.007349079784007535
305.0, 0.005210316587732811
306.0, 0.003356601079665895
307.0, 0.0032333352884924642
308.0, 0.006839618247612324
309.0, 0.012702345674879427
310.0, 0.00975063752140481
311.0, 0.005741978580048977
312.0, 0.006270299332770342
313.0, 0.00921048988088657
314.0, 0.00580429099935315
315.0, 0.006089547228489081
316.0, 0.007396416811291383
317.0, 0.007333022197579046
318.0, 0.005888940451268277
319.0, 0.004613291202015838
320.0, 0.003653944214626938
321.0, 0.005387617300737501
322.0, 0.009343453825392417
323.0, 0.010038747108163496
324.0, 0.008695304412859265
325.0, 0.009702302980707431
326.0, 0.015916090645985814
327.0, 0.025884154979527802
328.0, 0.02775814933623747
329.0, 0.032790052303941365
330.0, 0.037652777726409466
331.0, 0.04148454672623025
332.0, 0.04556935692180104
333.0, 0.043202062849606405
334.0, 0.04626578044198825
335.0, 0.05311090388566259
336.0, 0.059992820037846326
337.0, 0.0677263340450342
338.0, 0.08486239424079596
339.0, 0.10212659017268182
340.0, 0.12083676924155368
341.0, 0.143022556800939
342.0, 0.16329840367341128
343.0, 0.19127542640521533
344.0, 0.20021947128161072
345.0, 0.17921911559419001
346.0, 0.1386305182473346
347.0, 0.10754089586831662
348.0, 0.08617835057996542
349.0, 0.07681540297242787
350.0, 0.07689685897897948
351.0, 0.08110496890273285
352.0, 0.08716447044822215
353.0, 0.09715655787500035
354.0, 0.1098094095849739
355.0, 0.12131161677480413
356.0, 0.1306488828178092
357.0, 0.15129060088685578
358.0, 0.16569339541674244
359.0, 0.18068262883392644
360.0, 0.19861949433023227
361.0, 0.21395269766992125
362.0, 0.24158429007152585
363.0, 0.26908794188759494
364.0, 0.2998636862158454
365.0, 0.3372347492007312
366.0, 0.37649173958372334
367.0, 0.42404281441542857
368.0, 0.4602919663040489
369.0, 0.48616688821245313
370.0, 0.5014799819228457
371.0, 0.4926135237517754
372.0, 0.46627002086767594
373.0, 0.4190382473335064
374.0, 0.3629301836756851
375.0, 0.3117958252594702
376.0, 0.26900286041517735
377.0, 0.24127179940844795
378.0, 0.22144234546940716
379.0, 0.20603435808707557
380.0, 0.19460226266086406
381.0, 0.18400330909450455
382.0, 0.1699611340552472
383.0, 0.14965070149216936
384.0, 0.12642730072285438
385.0, 0.1057455375758249
386.0, 0.08971722053596361
387.0, 0.07329791135068711
388.0, 0.05918433124943839
389.0, 0.04693562055557578
390.0, 0.035013808813766055
391.0, 0.02671287631743296
392.0, 0.021301393105718644
393.0, 0.019550951531753038
394.0, 0.01624632711986229
395.0, 0.008537958893559692
396.0, 0.007190762810613073
397.0, 0.006930910205576012
398.0, 0.007356361691394074
399.0, 0.006415925328109516
400.0, 0.0019884629263866417
401.0, 0.001254716696111925
402.0, 0.0009948194345353219
403.0, 0.0001251412552802275
404.0, 0.0006367277991339863
405.0, 0.002068333740299794
406.0, 0.003102493728220298
407.0, 0.0011741459593091965
408.0, 0.0016771552465354874
409.0, 0.003421086186803702
410.0, 0.0014251171354757017
411.0, 0.000525080841980133
412.0, 0.0009408388218190939
413.0, 0.00405261001099282
414.0, 0.006850632505164378
415.0, 0.008696349386426015
416.0, 0.010106787836373105
417.0, 0.01159586664354353
418.0, 0.01434873426209892
419.0, 0.01733818735513183
420.0, 0.019782627353145683
421.0, 0.02479406534555915
422.0, 0.025031693091122346
423.0, 0.028420952139635323
424.0, 0.03370873190294405
425.0, 0.036812868177589594
426.0, 0.04434650659679255
427.0, 0.053366414109332475
428.0, 0.06394957757204317
429.0, 0.07586616855080143
430.0, 0.08748295573882556
431.0, 0.0967615999178546
432.0, 0.10753538849363177
433.0, 0.11110387215872593
434.0, 0.10198212711499198
435.0, 0.08268520730038371
436.0, 0.06421252147136487
437.0, 0.04746864008451501
438.0, 0.03426099244639397
439.0, 0.025554342080266898
440.0, 0.019680166652313532
441.0, 0.012853113888952251
442.0, 0.008927792324590343
443.0, 0.00794393926125645
444.0, 0.00613869929279796
445.0, 0.0029141561909974464
446.0, 0.0024134633617876153
447.0, 0.002881581933476931
448.0, 0.002705474213985683
449.0, 0.00027198798320983886
450.0, 0.002571996401343298
451.0, 0.0011815949825583348
452.0, 0.001874165976350459
453.0, 0.0032082736999990502
454.0, 0.0040825984034303184
455.0, 0.003922451384648246
456.0, 0.0027716780935249084
457.0, 0.0017167151818313305
458.0, 0.0029679921358375084
459.0, 0.003565493673946888
460.0, 0.003444862279479082
461.0, 0.003697797312581406
462.0, 0.0004859978626082762
463.0, 0.0013865928369192855
464.0, 0.0004604222864285735
465.0, 0.0008713625391362298
466.0, 0.00115688118211064
467.0, 0.0015472676473156787
468.0, 0.010143798785633342
469.0, 0.01344284771174956
470.0, 0.014252716537427363
471.0, 0.018572749285890505
472.0, 0.025786665819634794
473.0, 0.03504155226315398
474.0, 0.045790302107905405
475.0, 0.06032720986804725
476.0, 0.07813990773111242
477.0, 0.09491817381766479
478.0, 0.10968581109378098
479.0, 0.12461946167757344
480.0, 0.14764907824443468
481.0, 0.1697772363696251
482.0, 0.18059144098213797
483.0, 0.2089855202332086
484.0, 0.23545034831909256
485.0, 0.27275365722178063
486.0, 0.31895612205345153
487.0, 0.36460430958487694
488.0, 0.4143729347907983
489.0, 0.46575359095910573
490.0, 0.5100923942164326
491.0, 0.5424765785694687
492.0, 0.5499413305092935
493.0, 0.502995939446168
494.0, 0.426216728966961
495.0, 0.3425811062695185
496.0, 0.2682949505232533
497.0, 0.21060742051158637
498.0, 0.16926989801947898
499.0, 0.14581518971356353
500.0, 0.1293521711230137
501.0, 0.11586568500105673
502.0, 0.10647619406361042
503.0, 0.10229687459811863
504.0, 0.10129909002921132
505.0, 0.1035245845404228
506.0, 0.10460467024937704
507.0, 0.10598447281310376
508.0, 0.11087503535549444
509.0, 0.11972116786980969
510.0, 0.12406923634211246
511.0, 0.13193225863754937
512.0, 0.14125851378857632
513.0, 0.14854641409890615
514.0, 0.15522880452851676
515.0, 0.16490510887996573
516.0, 0.1628694215540918
517.0, 0.15994195793044377
518.0, 0.15204044575986597
519.0, 0.13504252012688833
520.0, 0.12419394888817051
521.0, 0.10770678655112288
522.0, 0.09515473601981925
523.0, 0.0829368698329268
524.0, 0.06714649319232464
525.0, 0.05363079647817387
526.0, 0.050165927209074396
527.0, 0.04281066176104566
528.0, 0.034801443719878936
529.0, 0.02936492161895501
530.0, 0.026647505264699157
531.0, 0.028999009668004873
532.0, 0.020164589071931978
533.0, 0.02108697356049088
534.0, 0.02188796390683887
535.0, 0.017167072442035466
536.0, 0.019493132229119525
537.0, 0.01996264754138774
538.0, 0.01785461341655921
539.0, 0.020457253120248015
540.0, 0.025464155521785124
541.0, 0.026937067487247376
542.0, 0.03004802773824013
543.0, 0.036893796469674625
544.0, 0.04829702877008774
545.0, 0.05588988759185224
546.0, 0.06352654427695369
547.0, 0.08586171988302867
548.0, 0.09896676402289753
549.0, 0.11676573287609947
550.0, 0.13777014322738937
551.0, 0.1577664646130985
552.0, 0.1766610472838622
553.0, 0.19940307453518838
554.0, 0.2234239720235574
555.0, 0.2532743393423497
556.0, 0.2872152333430558
557.0, 0.3254882613209821
558.0, 0.37072419179611754
559.0, 0.4136941340129381
560.0, 0.45051431012325266
561.0, 0.4856019651866249
562.0, 0.507805720462988
563.0, 0.5040172171237871
564.0, 0.4741078187959102
565.0, 0.42115299529811706
566.0, 0.3489337804684316
567.0, 0.2732083585955635
568.0, 0.2104064883971731
569.0, 0.16570949599145035
570.0, 0.13029347391650886
571.0, 0.1043257624789543
572.0, 0.0836442725742562
573.0, 0.06898948539222134
574.0, 0.059322904897993876
575.0, 0.04949598459422677
576.0, 0.04115455081857641
577.0, 0.037364544154247045
578.0, 0.034072079498535544
579.0, 0.028433603100467907
580.0, 0.02375291828917021
581.0, 0.02635781742279168
582.0, 0.023432423737161503
583.0, 0.021425184234240988
584.0, 0.019821427783318243
585.0, 0.01863334493902698
586.0, 0.01887707570931922
587.0, 0.013660138392248413
588.0, 0.010158443109293994
589.0, 0.008402100161704935
590.0, 0.006998395142620614
591.0, 0.005222346734347328
592.0, 0.0033523394805907943
593.0, 0.0018426024305727812
594.0, 0.0021301593584000106
595.0, 0.0032122377586205
596.0, 0.001291556044502696
597.0, 0.001965082395551041
598.0, 0.001210806505548452
599.0, 0.0022646954543465033
600.0, 0.0021762887786369698
601.0, 0.00303979001753017
602.0, 0.00509878987807056
603.0, 0.004364381606098514
604.0, 0.0028442671615799197
605.0, 0.0012969980163106247
606.0, 0.0013483030281470141
607.0, 0.0006481651838669092
608.0, 0.0029501835363485093
609.0, 0.004278068927435614
610.0, 0.0037968581816486147
611.0, 0.006610298727190458
612.0, 0.011782444339855123
613.0, 0.015456389117986327
614.0, 0.017389483439320303
615.0, 0.020669178321957554
616.0, 0.026972344001405815
617.0, 0.03748975806958124
618.0, 0.04376810992632842
619.0, 0.04956868623617118
620.0, 0.06012623903802706
621.0, 0.0709489782459013
622.0, 0.07652513988514362
623.0, 0.09305139911941218
624.0, 0.10677975073159175
625.0, 0.11956380557429976
626.0, 0.13560276221613166
627.0, 0.14816784156950286
628.0, 0.16209576444062923
629.0, 0.1716737508413507
630.0, 0.17565189967689393
631.0, 0.17147485694343753
632.0, 0.1570728445325685
633.0, 0.13476447196813046
634.0, 0.10827477576926152
635.0, 0.08725598494071066
636.0, 0.06775585593213952
637.0, 0.05149091127519217
638.0, 0.040352674539490464
639.0, 0.028223966982718847
640.0, 0.02448150598394499
641.0, 0.017254784780486445
642.0, 0.012177679471951034
643.0, 0.011262841209693404
644.0, 0.010432477508960938
645.0, 0.00808177118003058
646.0, 0.00855268382836247
647.0, 0.005869731466041342
648.0, 0.00275163075560477
649.0, 0.001375334842047084
650.0, 0.0013549488899794477
651.0, 0.001729982209076203
652.0, 0.0011510693194037027
653.0, 0.00424429591279233
654.0, 0.0038709774656728968
655.0, 0.0010200140564263394
656.0, 0.000978103328689946
657.0, 0.0024973183476362936
658.0, 0.0006472352085574017
659.0, 0.004503184301741007
660.0, 0.0030465461471824704
661.0, 0.001848788931984943
662.0, 0.0021269003447309336
663.0, 0.0005850568255728059
664.0, 0.0011797054127976637
665.0, 0.00043983272141006024
666.0, 0.0007427906529809573
667.0, 0.0012208837606390221
668.0, 0.0007176919459339499
669.0, 0.0019110231933040657
670.0, 0.0020334244748068642
671.0, 0.00044781408298482663
672.0, 0.0015245656062333214
673.0, 0.0032037347374848637
674.0, 0.0016662359788570333
675.0, 0.0018340727414067463
676.0, 0.0007027513962189804
677.0, 0.0016948769655128761
678.0, 0.0005610528317768675
679.0, 0.0006550150055411414
680.0, 0.0003474756741583705
681.0, 0.00585885048599449
682.0, 0.005729036217394876
683.0, 0.0045408899969645745
684.0, 0.0022898214821725446
685.0, 0.002225117255908925
686.0, 0.0038882524480829146
687.0, 0.0034050491144654643
688.0, 0.001808233984151198
689.0, 0.0029590023651366354
690.0, 0.005425426218698199
691.0, 0.006182535657709436
692.0, 0.005179807924424197
693.0, 0.004637311744152085
694.0, 0.005774553653625721
695.0, 0.007479382195058253
696.0, 0.005800773554270109
697.0, 0.006111343019231071
698.0, 0.007317377127029716
699.0, 0.006359326682227972
700.0, 0.005388354562920346
701.0, 0.0034593089508966265
702.0, 0.006629091924427016
703.0, 0.00696663910095113
704.0, 0.006613485413161027
705.0, 0.008479891666375755
706.0, 0.00935484954280369
707.0, 0.007932349129704752
708.0, 0.011155625331150077
709.0, 0.013013912298209394
710.0, 0.012246932425116604
711.0, 0.010508728446367688
712.0, 0.009542107853823912
713.0, 0.010551919138583339
714.0, 0.01071406930239432
715.0, 0.011583393020661093
716.0, 0.012734209371524648
717.0, 0.013047533743081475
718.0, 0.012419963709414564
719.0, 0.012674216914459316
720.0, 0.01466571134636616
721.0, 0.01589024937981845
722.0, 0.020201171495514755
723.0, 0.02303685013872052
724.0, 0.0235496995803085
725.0, 0.026333245561754978
726.0, 0.028020258704974755
727.0, 0.03162496239415931
728.0, 0.033128442062313045
729.0, 0.03614397953623321
730.0, 0.040981563813115025
731.0, 0.04383465259379523
732.0, 0.043703359150420076
733.0, 0.04179037931454932
734.0, 0.04555668027958061
735.0, 0.042301781965099414
736.0, 0.03629735391813829
737.0, 0.033599327076858115
738.0, 0.030047323518377102
739.0, 0.02444377023642691
740.0, 0.024461187157987247
741.0, 0.0207435995254833
742.0, 0.01684750579681023
743.0, 0.014361898512361073
744.0, 0.011954480891750606
745.0, 0.012150900106646932
746.0, 0.012946299767492852
747.0, 0.010236875745403369
748.0, 0.008445460289983551
749.0, 0.007499400844432474
750.0, 0.0061167783957029355
751.0, 0.005835811513061079
752.0, 0.009185994593632896
753.0, 0.008101273251549206
754.0, 0.0077597884539196355
755.0, 0.005756901973627787
756.0, 0.0030030296982519536
757.0, 0.002630244139329695
758.0, 0.0037146659838871525
759.0, 0.0035594473871095526
760.0, 0.0030062429873661685
761.0, 0.0036860514951002326
762.0, 0.003941299437843771
763.0, 0.004454787178884302
764.0, 0.005358590771559662
765.0, 0.0019883590524580326
766.0, 0.0027482168941853316
767.0, 0.0050344599867425495
768.0, 0.0032305464611169063
769.0, 0.0029235786633647265
770.0, 0.005090243847225993
771.0, 0.0029631089264799426
772.0, 0.0005647803923479605
773.0, 0.0016468689907789017
774.0, 0.0012153555310550224
775.0, 0.0013415048505164009
776.0, 0.0014221303220977263
777.0, 0.0003109380507351005
778.0, 0.0002676934664341255
779.0, 0.0008910182523761105
780.0, 0.0023577898428591886
781.0, 0.0018209157808181775
782.0, 0.0020103903738146875
783.0, 0.004025010274028244
784.0, 0.0017943578474605517
785.0, 0.0005584703343132853
786.0, 0.0002762485147151204
787.0, 0.0013206428732935
788.0, 0.0014962463008197024
789.0, 0.00031296054971113884
790.0, 0.0010842173592655474
791.0, 0.005290174776725035
792.0, 0.00436960018993369
793.0, 0.003336989462245929
794.0, 0.0028801138295474955
795.0, 0.005158480152708676
796.0, 0.006414120412824032
797.0, 0.003839453391457535
798.0, 0.0004043330592767428
799.0, 0.0014801724281626085
800.0, 0.0010967595048399562
801.0, 0.004503209087088808
802.0, 0.004201637079328138
803.0, 0.004103357290183901
804.0, 0.006938260214406322
805.0, 0.007991348101116224
806.0, 0.005356488003933796
807.0, 0.004853948222167448
808.0, 0.007987138510452397
809.0, 0.010729985160319352
810.0, 0.010097489655454848
811.0, 0.008094749733053458
812.0, 0.007991577661331113
813.0, 0.008887867519383877
814.0, 0.0095841219484026
815.0, 0.00914574211431611
816.0, 0.005710440084011326
817.0, 0.004878958390827984
818.0, 0.0070784900886614556
819.0, 0.00684319000010322
820.0, 0.006543573547606904
821.0, 0.007620708732958027
822.0, 0.0067954917618547675
823.0, 0.007433270147548361
824.0, 0.007210803735619704
825.0, 0.007384402743570661
826.0, 0.009653852647545372
827.0, 0.007052818591116988
828.0, 0.004483803795916428
829.0, 0.0030423393641748004
830.0, 0.006123138691086723
831.0, 0.008491253363057836
832.0, 0.007687878564510261
833.0, 0.006041412263709331
834.0, 0.0031532076928467516
835.0, 0.0063110415408904426
836.0, 0.0035759503560004024
837.0, 0.0028645935142728664
838.0, 0.007366155805377053
839.0, 0.008939370057793437
840.0, 0.006583583035366053
841.0, 0.010451517265833979
842.0, 0.00906572271046647
843.0, 0.005930788849481715
844.0, 0.008826999939116753
845.0, 0.007345692442154723
846.0, 0.005235266027557474
847.0, 0.007599393460798476
848.0, 0.006198394401229913
849.0, 0.0051179509343154215
850.0, 0.007761335409847218
851.0, 0.01054768028317574
852.0, 0.010778240236921156
853.0, 0.009738926581975518
854.0, 0.008525853068941559
855.0, 0.007898119588755782
856.0, 0.011561989342713108
857.0, 0.015449485377211058
858.0, 0.013209597033613378
859.0, 0.01230994800350092
860.0, 0.01132255619735335
861.0, 0.009993632666483744
862.0, 0.009741635010864516
863.0, 0.0072706654938129445
864.0, 0.0060389560142024125
865.0, 0.00254338528697042
866.0, 0.0053012553581063835
867.0, 0.005474641020964278
868.0, 0.0024357320991638606
869.0, 0.0003604558188047346
870.0, 0.0021056644488491806
871.0, 0.00019144534317614185
872.0, 0.0002454929576297399
873.0, 0.0013838540672349985
874.0, 0.0005940070781011451
875.0, 0.0011154819069490321
876.0, 0.000900376997845747
877.0, 0.002784568435236099
878.0, 0.0026722410171221784
879.0, 0.004439136460470869
880.0, 0.0019473373449802227
881.0, 6.592294758535182e-05
882.0, 0.0020373943317224196
883.0, 0.004088354911765181
884.0, 0.0029050732365428758
885.0, 0.0018102504259300562
886.0, 0.005555301133528871
887.0, 0.0012223001516835728
888.0, 0.0004857909578435496
889.0, 0.0007626002421813032
890.0, 0.0017537900512983717
891.0, 0.0018146178932002882
892.0, 0.001089117845065058
893.0, 0.0010617712374783905
894.0, 0.0024221215535234373
895.0, 0.004414376710180501
896.0, 0.005023630802014333
897.0, 0.00594760147166825
898.0, 0.00787742619523675
899.0, 0.011303097875887397
900.0, 0.015422931721547024
901.0, 0.017913015407192718
902.0, 0.019801033312305177
903.0, 0.02408100408082809
904.0, 0.03285051734897633
905.0, 0.03691381036642121
906.0, 0.03680090967720098
907.0, 0.041068416290765006
908.0, 0.052018318773592205
909.0, 0.06188336185310605
910.0, 0.06885578563822656
911.0, 0.07617938106845074
912.0, 0.08547658927370437
913.0, 0.09185080444879364
914.0, 0.09291908428952042
915.0, 0.09235638901980764
916.0, 0.09528187374810371
917.0, 0.10121033513873245
918.0, 0.10190929818066972
919.0, 0.10127146406611566
920.0, 0.1065648811684693
921.0, 0.11228026107870288
922.0, 0.11762816962250763
923.0, 0.12467389173024551
924.0, 0.13323862027574188
925.0, 0.1459813145802173
926.0, 0.15697460503957755
927.0, 0.1727217531047537
928.0, 0.18677037270546032
929.0, 0.20235427265149758
930.0, 0.21809671775127873
931.0, 0.22658855440942535
932.0, 0.22519050856157952
933.0, 0.21554638079615707
934.0, 0.19368714792810382
935.0, 0.16771948556782032
936.0, 0.13698607258724607
937.0, 0.10860014893068962
938.0, 0.08599358618668292
939.0, 0.06759302349380919
940.0, 0.05403873014592731
941.0, 0.04702303130583133
942.0, 0.03602565350377717
943.0, 0.027462671365803076
944.0, 0.020183416443079992
945.0, 0.018544106669975555
946.0, 0.018595111445760263
947.0, 0.016711411849095067
948.0, 0.016552493790432873
949.0, 0.02078704544361683
950.0, 0.01754883528674353
951.0, 0.016792253053334084
952.0, 0.020840641369123166
953.0, 0.02699995158997378
954.0, 0.03104558192514716
955.0, 0.03583070655879288
956.0, 0.04537645378098078
957.0, 0.05515399066891181
958.0, 0.06700741060917444
959.0, 0.08019285420622237
960.0, 0.09460377229925732
961.0, 0.11349472153695216
962.0, 0.1363448134947519
963.0, 0.15759117117680738
964.0, 0.17727628806628168
965.0, 0.20536862014865673
966.0, 0.24060923279233082
967.0, 0.26080187092052654
968.0, 0.2888582050697358
969.0, 0.3185799018578392
970.0, 0.33982488466911853
971.0, 0.36066392208903625
972.0, 0.38217277294225055
973.0, 0.39546783358720133
974.0, 0.4081629711964189
975.0, 0.41724971937241573
976.0, 0.43620779716033203
977.0, 0.4568912936277004
978.0, 0.48039879990785933
979.0, 0.5132501610874599
980.0, 0.5551535671675036
981.0, 0.6026255068808054
982.0, 0.6584355687143006
983.0, 0.7189830887320826
984.0, 0.7677891412993636
985.0, 0.8301572527961889
986.0, 0.8867428919811922
987.0, 0.9304864253902609
988.0, 0.9655975928773886
989.0, 0.9917473050568935
990.0, 0.9993583152041697
991.0, 0.9812536620402647
992.0, 0.9537524274585997
993.0, 0.8950526420845965
994.0, 0.826528721533451
995.0, 0.752462883918926
996.0, 0.6691327719696045
997.0, 0.5855787361918083
998.0, 0.5101178599116934
999.0, 0.44091019043334345
1000.0, 0.38107397296224016
1001.0, 0.3306989950582231
1002.0, 0.28232140595448957
1003.0, 0.24769463923843044
1004.0, 0.21483660896042603
1005.0, 0.1881804115990725
1006.0, 0.17236031257716272
1007.0, 0.1557232479333247
1008.0, 0.1303502899132941
1009.0, 0.11711859776050353
1010.0, 0.10634484091322297
1011.0, 0.09992312705520952
1012.0, 0.09065918763363114
1013.0, 0.08049738492321157
1014.0, 0.07542406113711338
1015.0, 0.06923298212636494
1016.0, 0.05711719447183561
1017.0, 0.04677270734333944
1018.0, 0.03878651635095461
1019.0, 0.02659702244882342
1020.0, 0.023239486053933008
1021.0, 0.01853042280623626
1022.0, 0.012161966360447817
1023.0, 0.008204040387532656
1024.0, 0.004616506094054577
1025.0, 0.0005321689606433628
1026.0, 0.0006763744465216391
1027.0, 0.001764303781407392
1028.0, 0.002044159463356923
1029.0, 0.002133132798883627
1030.0, 0.0031185843243502244
1031.0, 0.0032067895662269198
1032.0, 0.003994930557795872
1033.0, 0.004529086267502035
1034.0, 0.003401564383930412
1035.0, 0.002413868984825624
1036.0, 0.0015738926531721697
1037.0, 0.0007859724948572642
1038.0, 0.0009398078944884565
1039.0, 0.0015928856395392567
1040.0, 0.0008632811741862945
1041.0, 0.004113506842639211
1042.0, 0.005857559692742244
1043.0, 0.008192894449149004
1044.0, 0.012288725130652147
1045.0, 0.013154485353840686
1046.0, 0.01943308804080392
1047.0, 0.02024566068410683
1048.0, 0.021416887186309012
1049.0, 0.025170862637017014
1050.0, 0.03189510392130461
1051.0, 0.037982442793348135
1052.0, 0.042494637028974276
1053.0, 0.04979744428647567
1054.0, 0.05932063442505119
1055.0, 0.06159721420095668
1056.0, 0.06340005225641024
1057.0, 0.06676751621055062
1058.0, 0.06527356116038542
1059.0, 0.06510441545891749
1060.0, 0.06322858534382941
1061.0, 0.05899570651251184
1062.0, 0.05450193538395796
1063.0, 0.0490080416018798
1064.0, 0.04146842719066308
1065.0, 0.03129489561399159
1066.0, 0.032601514729644766
1067.0, 0.024347385093535383
1068.0, 0.017625641397938343
1069.0, 0.013712794003439787
1070.0, 0.01488680616603272
1071.0, 0.01333154366818951
1072.0, 0.005422974911433712
1073.0, 0.002188269687665728
1074.0, 0.005075871382307946
1075.0, 0.004959049658421989
1076.0, 0.005996953723531292
1077.0, 0.004375182023260797
1078.0, 0.00229433455573765
1079.0, 0.0028477946478305603
1080.0, 0.0019492387974826227
1081.0, 0.0007158695514030195
1082.0, 0.0007720139426756899
1083.0, 0.0001807392180582508
1084.0, 0.00217415561820282
1085.0, 0.0009119578020944113
1086.0, 0.003987709373078331
1087.0, 0.0027608704220927066
1088.0, 0.0005720349707857247
1089.0, 0.0008854561155896116
1090.0, 0.0005129171990913905
1091.0, 0.0016913019957477886
1092.0, 0.0019772385877189747
1093.0, 0.000634874983267656
1094.0, 0.0004430846864521314
1095.0, 0.0034314682722085543
1096.0, 0.0013729874821465126
1097.0, 0.00014090159551064616
1098.0, 0.002854578787831963
1099.0, 0.0042389121109256715
1100.0, 0.0030152528163863027
1101.0, 0.0029283950238886453
1102.0, 0.004125405988482461
1103.0, 0.004499613588424896
1104.0, 0.003905141118244791
1105.0, 0.0031481417690199056
1106.0, 0.00465434955432978
1107.0, 0.0051328026357263246
1108.0, 0.0053146489420091165
1109.0, 0.005212170206967864
1110.0, 0.006568279193061209
1111.0, 0.008124636645742747
1112.0, 0.00903004832611918
1113.0, 0.009228337008097566
1114.0, 0.008460921788933092
1115.0, 0.01034744838717151
1116.0, 0.010887118674747509
1117.0, 0.011784428972170004
1118.0, 0.010168329267889804
1119.0, 0.00993819236990384
1120.0, 0.011345960117006362
1121.0, 0.010699639400370994
1122.0, 0.008614100019676309
1123.0, 0.0073724049707380645
1124.0, 0.0077605111440554875
1125.0, 0.010389879205367797
1126.0, 0.006992154381404489
1127.0, 0.011644524000109754
1128.0, 0.010613372481912648
1129.0, 0.010500541896705403
1130.0, 0.008185353380139966
1131.0, 0.007233406713944817
1132.0, 0.010802074674488828
1133.0, 0.01194832169724924
1134.0, 0.009006422484123837
1135.0, 0.0080195361327164
1136.0, 0.0064904705322618664
1137.0, 0.006292982360782665
1138.0, 0.00754909843911573
1139.0, 0.012327134370643502
1140.0, 0.007813558323617771
1141.0, 0.003486635021787996
1142.0, 0.00356429875121927
1143.0, 0.00533022979150939
1144.0, 0.0057076858523190215
1145.0, 0.00424514312286472
1146.0, 0.005313406708735919
1147.0, 0.00783984781761051
1148.0, 0.004598362979178127
1149.0, 0.007924965043134155
1150.0, 0.004259495499976429
1151.0, 0.002906077337426088
1152.0, 0.003302447259269402
1153.0, 0.003539633805157111
1154.0, 0.0035878655112074483
1155.0, 0.0046414928695803085
1156.0, 0.0061924710463563334
1157.0, 0.006488411286681639
1158.0, 0.007847188140076428
1159.0, 0.004181231717224626
1160.0, 0.005488144610070704
1161.0, 0.001368006186764813
1162.0, 0.001390995777332978
1163.0, 0.004123599936840104
1164.0, 0.003130787913679768
1165.0, 0.001974190198211272
1166.0, 0.0007921699887550346
1167.0, 0.0005711031185103695
1168.0, 0.00269742071340671
1169.0, 0.00436130940426391
1170.0, 0.002452634558486687
1171.0, 0.0048060563171932425
1172.0, 0.004451471874698647
1173.0, 0.0022325214920215267
1174.0, 0.0035723804734705683
1175.0, 0.00493384356076782
1176.0, 0.0034944861929648648
1177.0, 0.003427546556868924
1178.0, 0.002739579569268645
1179.0, 6.844005518451854e-05
1180.0, 0.00036375418287655774
1181.0, 0.0025664594720669035
1182.0, 0.002667606214609974
1183.0, 0.0002684461070075326
1184.0, 0.0026276613178200076
1185.0, 0.00304970412226236
1186.0, 0.001098678797095921
1187.0, 8.779440957348607e-05
1188.0, 0.0006508264488334556
1189.0, 0.001439938580287018
1190.0, 0.0003444985387124653
1191.0, 0.002548320810186488
1192.0, 0.0033188097302046314
1193.0, 0.0007082949643526218
1194.0, 0.0027951220263522257
1195.0, 0.0034873976898558805
1196.0, 0.0033826339823471094
1197.0, 0.0005932904246995629
1198.0, 0.0003251933596570638
1199.0, 0.0017880592413072466
1200.0, 0.003825302743108802
1201.0, 0.0041723670794362785
1202.0, 0.0030386762284727435
1203.0, 0.002327620084841849
1204.0, 0.0021854305568371254
1205.0, 0.0019266190467519214
1206.0, 0.0030209769262236614
1207.0, 0.002503004337798859
1208.0, 0.00340117383846353
1209.0, 0.0038548030082572325
1210.0, 0.0027972478498550475
1211.0, 0.005692351509124151
1212.0, 0.0019793704476844323
1213.0, 0.0008749243129265291
1214.0, 0.009107828363957265
1215.0, 0.010195381132548302
1216.0, 0.003973343717356536
1217.0, 0.006287538805793812
1218.0, 0.003073249300490177
1219.0, 0.002137188039811797
1220.0, 0.0003194297974693815
1221.0, 0.0012214219291032983
1222.0, 0.004117984579684958
1223.0, 0.005683025608428271
1224.0, 0.002546590780898817
1225.0, 0.0011441500926439867
1226.0, 0.002554163519232829
1227.0, 0.0048052552601170395
1228.0, 0.004145932388824871
1229.0, 0.0008078845889051029
1230.0, 0.0028287759725859674
1231.0, 0.00958518353256956
1232.0, 0.005149897544189409
1233.0, 0.0006753193051653582
1234.0, 0.0022333101707323866
1235.0, 0.0018202341979343894
1236.0, 0.00011703935001826044
1237.0, 0.0019987981153756595
1238.0, 0.004150474814886897
1239.0, 0.004622578035960543
1240.0, 0.00422642327261433
1241.0, 0.0034302623863176583
1242.0, 0.002216416579503684
1243.0, 0.0021758666298194165
1244.0, 0.0042968242051213456
1245.0, 0.003760210286390952
1246.0, 0.004394736633500647
1247.0, 0.0028280438485364136
1248.0, 0.0003777441531181169
1249.0, 0.0008427180245667676
1250.0, 0.0026867502489373732
1251.0, 0.0034745849161518473
1252.0, 0.002743987183678362
1253.0, 0.0028775118880414387
1254.0, 0.0020691160054457664
1255.0, 0.0016214656855001452
1256.0, 0.004143083114166277
1257.0, 0.00495172840185386
1258.0, 0.0027500335409494014
1259.0, 0.005007390462884011
1260.0, 0.004078664886803431
1261.0, 0.006301408547222522
1262.0, 0.00843260064042408
1263.0, 0.004568198976430513
1264.0, 0.005525366194127513
1265.0, 0.00419388876466118
1266.0, 0.00598109341648026
1267.0, 0.007327468224804306
1268.0, 0.006743660086175956
1269.0, 0.005567997702601251
1270.0, 0.006672297121576603
1271.0, 0.00835589270872041
1272.0, 0.00519170968525136
1273.0, 0.007872518487583626
1274.0, 0.0022720350552974146
1275.0, 0.004843656124616713
1276.0, 0.002489841401036
1277.0, 0.00038756226621239033
1278.0, 0.0037203541946124854
1279.0, 0.005007322647124783
1280.0, 0.0031025737446225493
1281.0, 0.0007115982276193528
1282.0, 0.00254503769793435
1283.0, 0.003383408218234086
1284.0, 0.0027479712409674262
1285.0, 0.0033207752619132196
1286.0, 0.0022457644380373737
1287.0, 0.0025418741131429685
1288.0, 0.004457449306980579
1289.0, 0.004145931327821794
1290.0, 0.0028297303927866005
1291.0, 0.007190939956352598
1292.0, 0.002597640373609589
1293.0, 0.0045408472096992464
1294.0, 0.004103053578293565
1295.0, 0.0022733948546346887
1296.0, 0.004036064589494394
1297.0, 0.0019006778349502924
1298.0, 4.620790732781451e-05
1299.0, 0.001870993411203196
1300.0, 0.0033333139753916577
1301.0, 0.0025618191765391313
1302, 0.0
1303, 0.0
1304, 0.0
1305, 0.0
1306, 0.0
1307, 0.0
1308, 0.0
1309, 0.0
1310, 0.0
1311, 0.0
1312, 0.0
1313, 0.0
1314, 0.0
1315, 0.0
1316, 0.0
1317, 0.0
1318, 0.0
1319, 0.0
1320, 0.0
1321, 0.0
1322, 0.0
1323, 0.0
1324, 0.0
1325, 0.0
1326, 0.0
1327, 0.0
1328, 0.0
1329, 0.0
1330, 0.0
1331, 0.0
1332, 0.0
1333, 0.0
1334, 0.0
1335, 0.0
1336, 0.0
1337, 0.0
1338, 0.0
1339, 0.0
1340, 0.0
1341, 0.0
1342, 0.0
1343, 0.0
1344, 0.0
1345, 0.0
1346, 0.0
1347, 0.0
1348, 0.0
1349, 0.0
1350, 0.0
1351, 0.0
1352, 0.0
1353, 0.0
1354, 0.0
1355, 0.0
1356, 0.0
1357, 0.0
1358, 0.0
1359, 0.0
1360, 0.0
1361, 0.0
1362, 0.0
1363, 0.0
1364, 0.0
1365, 0.0
1366, 0.0
1367, 0.0
1368, 0.0
1369, 0.0
1370, 0.0
1371, 0.0
1372, 0.0
1373, 0.0
1374, 0.0
1375, 0.0
1376, 0.0
1377, 0.0
1378, 0.0
1379, 0.0
1380, 0.0
1381, 0.0
1382, 0.0
1383, 0.0
1384, 0.0
1385, 0.0
1386, 0.0
1387, 0.0
1388, 0.0
1389, 0.0
1390, 0.0
1391, 0.0
1392, 0.0
1393, 0.0
1394, 0.0
1395, 0.0
1396, 0.0
1397, 0.0
1398, 0.0
1399, 0.0
1400, 0.0
1401, 0.0
1402, 0.0
1403, 0.0
1404, 0.0
1405, 0.0
1406, 0.0
1407, 0.0
1408, 0.0
1409, 0.0
1410, 0.0
1411, 0.0
1412, 0.0
1413, 0.0
1414, 0.0
1415, 0.0
1416, 0.0
1417, 0.0
1418, 0.0
1419, 0.0
1420, 0.0
1421, 0.0
1422, 0.0
1423, 0.0
1424, 0.0
1425, 0.0
1426, 0.0
1427, 0.0
1428, 0.0
1429, 0.0
1430, 0.0
1431, 0.0
1432, 0.0
1433, 0.0
1434, 0.0
1435, 0.0
1436, 0.0
1437, 0.0
1438, 0.0
1439, 0.0
1440, 0.0
1441, 0.0
1442, 0.0
1443, 0.0
1444, 0.0
1445, 0.0
1446, 0.0
1447, 0.0
1448, 0.0
1449, 0.0
1450, 0.0
1451, 0.0
1452, 0.0
1453, 0.0
1454, 0.0
1455, 0.0
1456, 0.0
1457, 0.0
1458, 0.0
1459, 0.0
1460, 0.0
1461, 0.0
1462, 0.0
1463, 0.0
1464, 0.0
1465, 0.0
1466, 0.0
1467, 0.0
1468, 0.0
1469, 0.0
1470, 0.0
1471, 0.0
1472, 0.0
1473, 0.0
1474, 0.0
1475, 0.0
1476, 0.0
1477, 0.0
1478, 0.0
1479, 0.0
1480, 0.0
1481, 0.0
1482, 0.0
1483, 0.0
1484, 0.0
1485, 0.0
1486, 0.0
1487, 0.0
1488, 0.0
1489, 0.0
1490, 0.0
1491, 0.0
1492, 0.0
1493, 0.0
1494, 0.0
1495, 0.0
1496, 0.0
1497, 0.0
1498, 0.0
1499, 0.0
1500, 0.0
1501, 0.0
1502, 0.0
1503, 0.0
1504, 0.0
1505, 0.0
1506, 0.0
1507, 0.0
1508, 0.0
1509, 0.0
1510, 0.0
1511, 0.0
1512, 0.0
1513, 0.0
1514, 0.0
1515, 0.0
1516, 0.0
1517, 0.0
1518, 0.0
1519, 0.0
1520, 0.0
1521, 0.0
1522, 0.0
1523, 0.0
1524, 0.0
1525, 0.0
1526, 0.0
1527, 0.0
1528, 0.0
1529, 0.0
1530, 0.0
1531, 0.0
1532, 0.0
1533, 0.0
1534, 0.0
1535, 0.0
1536, 0.0
1537, 0.0
1538, 0.0
1539, 0.0
1540, 0.0
1541, 0.0
1542, 0.0
1543, 0.0
1544, 0.0
1545, 0.0
1546, 0.0
1547, 0.0
1548, 0.0
1549, 0.0
1550, 0.0
1551, 0.0
1552, 0.0
1553, 0.0
1554, 0.0
1555, 0.0
1556, 0.0
1557, 0.0
1558, 0.0
1559, 0.0
1560, 0.0
1561, 0.0
1562, 0.0
1563, 0.0
1564, 0.0
1565, 0.0
1566, 0.0
1567, 0.0
1568, 0.0
1569, 0.0
1570, 0.0
1571, 0.0
1572, 0.0
1573, 0.0
1574, 0.0
1575, 0.0
1576, 0.0
1577, 0.0
1578, 0.0
1579, 0.0
1580, 0.0
1581, 0.0
1582, 0.0
1583, 0.0
1584, 0.0
1585, 0.0
1586, 0.0
1587, 0.0
1588, 0.0
1589, 0.0
1590, 0.0
1591, 0.0
1592, 0.0
1593, 0.0
1594, 0.0
1595, 0.0
1596, 0.0
1597, 0.0
1598, 0.0
1599, 0.0
