30, 0.0
31, 0.0
32, 0.0
33, 0.0
34, 0.0
35, 0.0
36, 0.0
37, 0.0
38, 0.0
39, 0.0
40, 0.0
41, 0.0
42, 0.0
43, 0.0
44, 0.0
45, 0.0
46, 0.0
47, 0.0
48, 0.0
49, 0.0
50, 0.0
51, 0.0
52, 0.0
53, 0.0
54, 0.0
55, 0.0
56, 0.0
57, 0.0
58, 0.0
59, 0.0
60, 0.0
61, 0.0
62, 0.0
63, 0.0
64, 0.0
65, 0.0
66, 0.0
67, 0.0
68, 0.0
69, 0.0
70, 0.0
71, 0.0
72, 0.0
73, 0.0
74, 0.0
75, 0.0
76, 0.0
77, 0.0
78, 0.0
79, 0.0
80, 0.0
81, 0.0
82, 0.0
83, 0.0
84, 0.0
85, 0.0
86, 0.0
87, 0.0
88, 0.0
89, 0.0
90, 0.0
91, 0.0
92, 0.0
93, 0.0
94, 0.0
95, 0.0
96, 0.0
97, 0.0
98, 0.0
99, 0.0
100, 0.0
101, 0.0
102, 0.0
103, 0.0
104, 0.0
105, 0.0
106, 0.0
107, 0.0
108, 0.0
109, 0.0
110, 0.0
111, 0.0
112, 0.0
113, 0.0
114, 0.0
115, 0.0
116, 0.0
117, 0.0
118, 0.0
119, 0.0
120, 0.0
121, 0.0
122, 0.0
123, 0.0
124, 0.0
125, 0.0
126, 0.0
127, 0.0
128, 0.0
129, 0.0
130, 0.0
131, 0.0
132, 0.0
133.0, 0.00014993777523639163
134.0, 0.00161991596382841
135.0, 0.002013339133492988
136.0, 0.0038190066887588093
137.0, 0.005486467725945537
138.0, 0.006233213831607378
139.0, 0.009153357476686955
140.0, 0.014001314372360634
141.0, 0.01480264659969393
142.0, 0.013906425734378171
143.0, 0.012163087783289492
144.0, 0.008735607844866208
145.0, 0.008612666242996508
146.0, 0.007611480537767872
147.0, 0.008266933955997865
148.0, 0.007925634717335633
149.0, 0.004104793749753687
150.0, 0.0040979461364805065
151.0, 0.005745216002027294
152.0, 0.008186063184661998
153.0, 0.010280535404049647
154.0, 0.011556676655211793
155.0, 0.012699292693126363
156.0, 0.015194009871399508
157.0, 0.012765493122959628
158.0, 0.00926789833384721
159.0, 0.00588699243909179
160.0, 0.003040342669555153
161.0, 0.009938686903658452
162.0, 0.005804207171157131
163.0, 0.001980054726360116
164.0, 0.0022756667800444257
165.0, 0.0053525047875588394
166.0, 0.002278711052055977
167.0, 0.005320211048651528
168.0, 0.0026926651404867467
169.0, 0.0012160536036293357
170.0, 0.0025163354034088486
171.0, 0.003136425559955699
172.0, 0.0039095816017262796
173.0, 0.0041985978382418545
174.0, 0.0025772076148829625
175.0, 0.0015967685425303073
176.0, 0.0027124305196468807
177.0, 0.0003814298760852872
178.0, 0.00027335256821971876
179.0, 0.0019019632981550469
180.0, 0.003106552032734805
181.0, 0.003426606488478054
182.0, 0.004110760484020183
183.0, 0.001927859398793601
184.0, 0.0022948206242816398
185.0, 0.003378119256132352
186.0, 0.0028606238206870666
187.0, 0.0002936889647973714
188.0, 0.001936764251333778
189.0, 0.0013954177496812118
190.0, 0.0028046241006075647
191.0, 0.0025320531334672527
192.0, 0.0011374873142676275
193.0, 0.00381034681352336
194.0, 0.002191871365617116
195.0, 0.002092104477798875
196.0, 0.003769069464919457
197.0, 0.004062680718674083
198.0, 0.0014936900494203736
199.0, 0.0043049653483247735
200.0, 0.002538987435165977
201.0, 0.003619939976142974
202.0, 0.0037521162073028106
203.0, 0.003035824858017644
204.0, 0.0058466378203016235
205.0, 0.003586831107325195
206.0, 0.0012317963133134584
207.0, 0.0006972504781883691
208.0, 0.0011485231421986526
209.0, 0.0011484696189536933
210.0, 0.0003614486155120256
211.0, 0.0016379637886624644
212.0, 0.0020984966268742006
213.0, 0.0024671954804031723
214.0, 0.0027771471836844997
215.0, 0.0023109832809534558
216.0, 0.0010810492942568074
217.0, 0.0017623096439794035
218.0, 0.0015437805435487627
219.0, 0.0007864277007326631
220.0, 0.0005476033575972977
221.0, 0.0014412684233780929
222.0, 0.0008762708718975362
223.0, 0.001867740482399554
224.0, 0.0031285415838017746
225.0, 0.002954666062989544
226.0, 0.0004809352435571361
227.0, 0.0005102859663176384
228.0, 0.0030181973098255548
229.0, 0.0034754924224082028
230.0, 0.003201546730482171
231.0, 0.004617483458716886
232.0, 0.009641289219351024
233.0, 0.004553299628660845
234.0, 0.004529143330782604
235.0, 0.005734933185558064
236.0, 0.006179707964407733
237.0, 0.0056019635310033756
238.0, 0.006460996729813684
239.0, 0.006245649971100241
240.0, 0.006407402796243827
241.0, 0.006738183618714258
242.0, 0.006925700970586567
243.0, 0.006748724320846336
244.0, 0.006188120215065246
245.0, 0.0031337894370919014
246.0, 0.003405163942037644
247.0, 0.003941582404906758
248.0, 0.002492823330907187
249.0, 0.0031180644080521175
250.0, 0.003512996629685688
251.0, 0.005732807308260169
252.0, 0.007316326529337006
253.0, 0.008332319884724333
254.0, 0.009835371173781568
255.0, 0.01049702046925652
256.0, 0.011349533351754856
257.0, 0.011993622089132638
258.0, 0.013322592935073898
259.0, 0.01593833936325518
260.0, 0.0192859427047966
261.0, 0.014996222600962887
262.0, 0.01930566494119715
263.0, 0.01774341689027984
264.0, 0.014707005834170471
265.0, 0.01639428743611159
266.0, 0.02187777402302968
267.0, 0.01970821204163223
268.0, 0.01767602930637343
269.0, 0.016447997049186314
270.0, 0.016302571929098272
271.0, 0.016511010579320577
272.0, 0.013490808895949655
273.0, 0.012953591558157722
274.0, 0.010888269778790241
275.0, 0.009295055087002057
276.0, 0.00938128827931559
277.0, 0.010564678049764917
278.0, 0.008305966407515155
279.0, 0.010603160608810447
280.0, 0.010259087448445173
281.0, 0.008006609880720524
282.0, 0.007688941723333308
283.0, 0.01393568820510761
284.0, 0.00823521752862685
285.0, 0.005822338883522394
286.0, 0.00824138136960252
287.0, 0.010542028477813171
288.0, 0.008237057894079924
289.0, 0.0036281868658312086
290.0, 0.008811757945839258
291.0, 0.009080244557800774
292.0, 0.008745187827789911
293.0, 0.0083844497448466
294.0, 0.006733244010266459
295.0, 0.005478884422761354
296.0, 0.009370653417716045
297.0, 0.011274744341329912
298.0, 0.009913761218484812
299.0, 0.008660403763850072
300.0, 0.01196304753831267
301.0, 0.008660372658717472
302.0, 0.009642724394291525
303.0, 0.010445621123423168
304.0, 0.0096749263319139
305.0, 0.008771140520148758
306.0, 0.011107833792768692
307.0, 0.009823176149553465
308.0, 0.006855577428819496
309.0, 0.006683251330923712
310.0, 0.006319202563033853
311.0, 0.004933568760391468
312.0, 0.008470063145831251
313.0, 0.0064152572357454255
314.0, 0.006960588374870655
315.0, 0.009618830376664014
316.0, 0.009497571667687
317.0, 0.005337211845068941
318.0, 0.007996995366124382
319.0, 0.003748554741619701
320.0, 0.0037342012565805397
321.0, 0.00510771311909708
322.0, 0.0062773535698611195
323.0, 0.006684154057363569
324.0, 0.006058626181729859
325.0, 0.007104358226339528
326.0, 0.004685306542841013
327.0, 0.003779951835970728
328.0, 0.0041463088163355265
329.0, 0.003067531380531537
330.0, 0.004565098540737187
331.0, 0.0058002220394479005
332.0, 0.00579538369447224
333.0, 0.006413615556976216
334.0, 0.005807026651404387
335.0, 0.0011981665625347866
336.0, 0.0024065206112996273
337.0, 0.0018964935821317048
338.0, 0.0025765461661428892
339.0, 0.002359772536633997
340.0, 0.0032579545623327997
341.0, 0.009246284760808198
342.0, 0.006404491473771492
343.0, 0.0049098109678199645
344.0, 0.00806081970985619
345.0, 0.010294882830081372
346.0, 0.00762562939823247
347.0, 0.0016435919787710623
348.0, 0.009823737427937506
349.0, 0.004487202192872443
350.0, 0.0019496879699249104
351.0, 0.0017863068320937436
352.0, 0.0026588115617181547
353.0, 0.0057683605552857195
354.0, 0.006817559798218659
355.0, 0.00704462006079951
356.0, 0.003274251552050365
357.0, 0.00205552886474321
358.0, 0.005272109986883457
359.0, 0.006095830504231271
360.0, 0.0018713051039172918
361.0, 0.007781085857650303
362.0, 0.0046908272324674
363.0, 0.0011662142728588614
364.0, 0.002420146157560697
365.0, 0.0006861369658157843
366.0, 0.003483932916053497
367.0, 0.003324585192625353
368.0, 0.003262861278026932
369.0, 0.0028682585068535884
370.0, 0.0020317257906698875
371.0, 0.0022941697542679246
372.0, 0.006058326771814901
373.0, 0.00634440408582947
374.0, 0.0036676535299733953
375.0, 0.0014774820020730928
376.0, 0.0019780546615531724
377.0, 0.004145951834800105
378.0, 0.0023054673787959914
379.0, 0.0033762695635201935
380.0, 0.0024154596826912586
381.0, 0.0029288864777246124
382.0, 0.005195897555238967
383.0, 0.003833213581631764
384.0, 0.0017124689813445041
385.0, 0.006866449549278641
386.0, 0.0048572605034810645
387.0, 0.003786766589979341
388.0, 0.007401061322406438
389.0, 0.008905709238873086
390.0, 0.004000104729861686
391.0, 0.0036785668091805024
392.0, 0.0071397487811461265
393.0, 0.007366506916923489
394.0, 0.004534726112924763
395.0, 0.005508416700084124
396.0, 0.003952226323519567
397.0, 0.003879927492400859
398.0, 0.0019262990025353832
399.0, 0.0018051723862554927
400.0, 0.003171067993621963
401.0, 0.0026061752808641497
402.0, 0.004724982537532958
403.0, 0.005259623991568748
404.0, 0.003347436175390074
405.0, 0.0037085007129506174
406.0, 0.0055787721608387
407.0, 0.005612725976814097
408.0, 0.00894875979946193
409.0, 0.007781345869948864
410.0, 0.006949077701810465
411.0, 0.004754366711005079
412.0, 0.0031531030041776985
413.0, 0.004024160821762228
414.0, 0.0016942665831019155
415.0, 0.0065757908637381025
416.0, 0.0071042060739708954
417.0, 0.008374157600725168
418.0, 0.013115348535287862
419.0, 0.018331520022874227
420.0, 0.013007068363796183
421.0, 0.01427055095874794
422.0, 0.019699584722532616
423.0, 0.019227000971601033
424.0, 0.017842397184734578
425.0, 0.020914164459151226
426.0, 0.024503244182179085
427.0, 0.024064726041273028
428.0, 0.022975091009941502
429.0, 0.027679062821461084
430.0, 0.031749293464832254
431.0, 0.02996665773669403
432.0, 0.02464047574620465
433.0, 0.029638232763333917
434.0, 0.028532410980151583
435.0, 0.03317118895071048
436.0, 0.03585842797418877
437.0, 0.034648682942473766
438.0, 0.03472413513409247
439.0, 0.03540802146795175
440.0, 0.03876684852833539
441.0, 0.03995514365698507
442.0, 0.04104085985379784
443.0, 0.04195460443058102
444.0, 0.041988194230705725
445.0, 0.04361203171545045
446.0, 0.04792203468173156
447.0, 0.046374026688778276
448.0, 0.04706741953523497
449.0, 0.04691957885065335
450.0, 0.04217230690464706
451.0, 0.037327655334094115
452.0, 0.03898441599424505
453.0, 0.03732458042648882
454.0, 0.032810691902031563
455.0, 0.028626107767143253
456.0, 0.027535731568071525
457.0, 0.02904859605002031
458.0, 0.021013596034588872
459.0, 0.022662241889992427
460.0, 0.018267189260248597
461.0, 0.018340062929419705
462.0, 0.02391242713252194
463.0, 0.025217204187868998
464.0, 0.011811657823495861
465.0, 0.01258573350319884
466.0, 0.012086496193512338
467.0, 0.013606417516535522
468.0, 0.014653433876163831
469.0, 0.011850584520130686
470.0, 0.006796202732510591
471.0, 0.007515589549481872
472.0, 0.006342471251928483
473.0, 0.003973239365340316
474.0, 0.0047775622215255435
475.0, 0.007389703380806199
476.0, 0.005370731862223725
477.0, 0.009799643845409206
478.0, 0.004213440431203114
479.0, 0.003921587084379341
480.0, 0.005835418886335019
481.0, 0.005998089206747797
482.0, 0.0033752826384513645
483.0, 0.0018086985592370005
484.0, 0.005171271075763415
485.0, 0.0050348036188316
486.0, 0.0027173102283476786
487.0, 0.003359846547839553
488.0, 0.006260043757879854
489.0, 0.0017286806504669167
490.0, 0.000379500843440733
491.0, 0.0006139053359254768
492.0, 0.004597232872003293
493.0, 0.006987175358720965
494.0, 0.006320734143581994
495.0, 0.005193239733652727
496.0, 0.0031552912120137106
497.0, 0.003265375732610656
498.0, 0.0045769186657425775
499.0, 0.003786411817439831
500.0, 0.0030463204082221023
501.0, 0.0040880546706616346
502.0, 0.003298429982242066
503.0, 0.0005269404513785683
504.0, 0.003395938343968702
505.0, 0.007403757160357193
506.0, 0.006217260330819545
507.0, 0.0025197601874440254
508.0, 0.003775387145727677
509.0, 0.0010323337047142716
510.0, 0.0017007821505209608
511.0, 0.0029004148241484297
512.0, 0.002827320661397806
513.0, 0.0017943332753031502
514.0, 0.001718022460871072
515.0, 0.004846729103028321
516.0, 0.007543309920838543
517.0, 0.0026950973206572018
518.0, 0.002109598720073811
519.0, 0.0033695812662104512
520.0, 0.003955512372558129
521.0, 0.004289926468412957
522.0, 0.00535143231860014
523.0, 0.006926949756719136
524.0, 0.007024261611981895
525.0, 0.005777022565079854
526.0, 0.005317792144180823
527.0, 0.005431696081267498
528.0, 0.0023242199888100327
529.0, 0.0034134177881023197
530.0, 0.003585172155870095
531.0, 0.0036422091302238425
532.0, 0.004082207561517183
533.0, 0.0039208935563275335
534.0, 0.0026522211562243327
535.0, 0.0037251246566675925
536.0, 0.0024518739154539776
537.0, 0.0021862767086538713
538.0, 0.0023661534478543454
539.0, 0.0025591118718921073
540.0, 0.002731660880614786
541.0, 0.0032871371006728545
542.0, 0.0047989809946887875
543.0, 0.0055186691435488095
544.0, 0.006665388654096736
545.0, 0.007762880274595066
546.0, 0.008741839707917394
547.0, 0.007913897736820372
548.0, 0.0014386130353047587
549.0, 0.0009255653383250163
550.0, 0.0013178952655793512
551.0, 0.0011796835814057672
552.0, 0.0008813075461798761
553.0, 0.0009444678419589337
554.0, 0.0013073135708218662
555.0, 0.0008471848819386075
556.0, 0.0011521470547291664
557.0, 0.0006732699903839257
558.0, 0.0003917809163041556
559.0, 0.0013908376310625419
560.0, 0.0032696161269961913
561.0, 0.0042493866337792235
562.0, 0.00401968208390127
563.0, 0.007496926155886239
564.0, 0.009485525430453851
565.0, 0.0066075131572841195
566.0, 0.0023655787299744165
567.0, 0.003969049728513629
568.0, 0.015334809845753304
569.0, 0.011310315055015188
570.0, 0.022177565880730138
571.0, 0.022212914827579897
572.0, 0.025250213809865144
573.0, 0.028887091436227256
574.0, 0.024105744394751265
575.0, 0.01920693633048702
576.0, 0.03385854241911909
577.0, 0.038051744863078926
578.0, 0.044713069932794024
579.0, 0.05217114350718312
580.0, 0.05769020527642444
581.0, 0.05998820222384478
582.0, 0.056721909556919366
583.0, 0.050136714290610014
584.0, 0.03993296729956186
585.0, 0.033707625091483874
586.0, 0.027672143703601656
587.0, 0.023933099062674188
588.0, 0.02861121583003843
589.0, 0.028179685188971137
590.0, 0.020108143117735656
591.0, 0.024663103708213122
592.0, 0.02779758676478432
593.0, 0.028391488354867357
594.0, 0.025463907415997595
595.0, 0.0163418693557381
596.0, 0.01918262159190592
597.0, 0.018071448010401864
598.0, 0.016309968960546147
599.0, 0.015545386536158503
600.0, 0.01744023883226487
601.0, 0.019853588338495345
602.0, 0.01837056677283768
603.0, 0.023933378767345616
604.0, 0.024191970654621798
605.0, 0.03232327878811375
606.0, 0.039175229599424925
607.0, 0.039882900600897025
608.0, 0.039599547679529466
609.0, 0.04713240224485673
610.0, 0.03176486179365224
611.0, 0.03233999299435443
612.0, 0.03209346515769726
613.0, 0.028646914874767716
614.0, 0.026215607865795496
615.0, 0.025637080017875236
616.0, 0.020656809454826928
617.0, 0.021963133483620695
618.0, 0.017587259026150347
619.0, 0.010525458926131614
620.0, 0.013989833462028287
621.0, 0.0176851902337791
622.0, 0.013129428330713202
623.0, 0.012956908454791803
624.0, 0.008698673790414661
625.0, 0.007111931903834845
626.0, 0.005495017029197787
627.0, 0.004425426347098383
628.0, 0.0033623385143034634
629.0, 0.001830975726531156
630.0, 0.0008178032975770013
631.0, 0.0025865028791392445
632.0, 0.002514569971448948
633.0, 0.00822923435593224
634.0, 0.006993275859020365
635.0, 0.005234285634219233
636.0, 0.007570728312951015
637.0, 0.004472464960651298
638.0, 0.010004337290616236
639.0, 0.007452732027010799
640.0, 0.007336608530153863
641.0, 0.00715395682548958
642.0, 0.01113994404225217
643.0, 0.015922246696946807
644.0, 0.010560883497441654
645.0, 0.015976729826456666
646.0, 0.016896843609363228
647.0, 0.012724050064679396
648.0, 0.01019470302714313
649.0, 0.00999676410158962
650.0, 0.009047744389455544
651.0, 0.006003795208342689
652.0, 0.010168329242973125
653.0, 0.012185966277256058
654.0, 0.009276769846602946
655.0, 0.01155788794528544
656.0, 0.009713906690611568
657.0, 0.00713001930602884
658.0, 0.01549548421638068
659.0, 0.01622566758607154
660.0, 0.005584586356990964
661.0, 0.013746421957285062
662.0, 0.014666636048152762
663.0, 0.011591788110954446
664.0, 0.010031493847584906
665.0, 0.010526175294694306
666.0, 0.012260714800831124
667.0, 0.013243132094998906
668.0, 0.014894785230716006
669.0, 0.009732367890529505
670.0, 0.00487812758091468
671.0, 0.0038769950647224685
672.0, 0.005143805410144296
673.0, 0.005563016233506406
674.0, 0.0036857548771787826
675.0, 0.00629203930930144
676.0, 0.008316235723341878
677.0, 0.0084665912896475
678.0, 0.008474093886068818
679.0, 0.007198645393824073
680.0, 0.0019806450158228067
681.0, 0.0062809367551462155
682.0, 0.005586817241464998
683.0, 0.0015915198032980563
684.0, 0.0055318465225363544
685.0, 0.008916794785096969
686.0, 0.0060877467195719894
687.0, 0.0032224642284531787
688.0, 0.010986886589929126
689.0, 0.007047854968425385
690.0, 0.00605555249853178
691.0, 0.009168250779036038
692.0, 0.010136798214873519
693.0, 0.007179853315088816
694.0, 0.005156226165054293
695.0, 0.009646816123550277
696.0, 0.0007658265589600786
697.0, 0.004680584295697347
698.0, 0.00955038233495011
699.0, 0.007013455303744708
700.0, 0.0025665159851883997
701.0, 0.005887541953533153
702.0, 0.015482814159161116
703.0, 0.0015443077700587069
704.0, 0.0073788688424906105
705.0, 0.009434015823387284
706.0, 0.0049170817298217085
707.0, 0.0038017032767354727
708.0, 0.008184053268367695
709.0, 0.010703628329297669
710.0, 0.006191844780684005
711.0, 0.011033243504570387
712.0, 0.005434304296493938
713.0, 0.005676894821933706
714.0, 0.006501134782360542
715.0, 0.008129607599180053
716.0, 0.010682045394569005
717.0, 0.010045904280999078
718.0, 0.007195396106428905
719.0, 0.012398097334528378
720.0, 0.010256652252071986
721.0, 0.007956059707680508
722.0, 0.005887431914092053
723.0, 0.004544608087763204
724.0, 0.003955945423745681
725.0, 0.0017667180913236583
726.0, 0.014836790860183795
727.0, 0.009249909469385174
728.0, 0.013642276116716376
729.0, 0.01603597439573742
730.0, 0.014035973313727445
731.0, 0.01227802342621108
732.0, 0.013267996369685432
733.0, 0.011655607656325815
734.0, 0.010164203992525208
735.0, 0.0036101116367760213
736.0, 0.003448554992242275
737.0, 0.0027304859372696863
738.0, 0.0015212313615897812
739.0, 0.0025570905587275067
740.0, 0.0012303060070219826
741.0, 0.0003228636403949919
742.0, 0.006170787224759599
743.0, 0.004262411242801868
744.0, 0.00796192484062162
745.0, 0.01078113075147018
746.0, 0.006713539362596146
747.0, 0.001643591808498021
748.0, 0.008503614698369692
749.0, 0.014674779504091521
750.0, 0.011569688831689372
751.0, 0.011006870571267674
752.0, 0.011241120125708227
753.0, 0.007733966169594463
754.0, 0.0037302868685593652
755.0, 0.006654305264052723
756.0, 0.006292084794657878
757.0, 0.0007293565193246597
758.0, 0.012369918453063426
759.0, 0.015632291928172594
760.0, 0.011473645497778396
761.0, 0.006132640697379659
762.0, 0.003232086186511563
763.0, 0.0034570663407793465
764.0, 0.010733190907240238
765.0, 0.00931619602717194
766.0, 0.005791716004982513
767.0, 0.00327020043253783
768.0, 0.002045116424146809
769.0, 0.004092130052016886
770.0, 0.00691083530409326
771.0, 0.001380331094557769
772.0, 0.0021739992977176125
773.0, 0.0036695183090542914
774.0, 0.014995522945248507
775.0, 0.009513297749219569
776.0, 0.006602821253832309
777.0, 0.009141071648518413
778.0, 0.006113349099953495
779.0, 0.009091759845678478
780.0, 0.005510902966764067
781.0, 0.0035056981018940754
782.0, 0.010842223826373981
783.0, 0.007971357462061358
784.0, 0.005558138286534724
785.0, 0.007713011122388399
786.0, 0.006432252971495603
787.0, 0.004307185496975942
788.0, 0.010268666183030862
789.0, 0.011020431709542434
790.0, 0.004109834149242907
791.0, 0.0011201452860279636
792.0, 0.0018568977988170868
793.0, 0.002170129702962723
794.0, 0.0026416798335338145
795.0, 0.00911620611044606
796.0, 0.0066124121067760505
797.0, 0.010210842893321305
798.0, 0.009366282540071663
799.0, 0.004169001986879454
800.0, 0.003195875491631131
801.0, 0.005400236690348669
802.0, 0.0036925878028042374
803.0, 0.0024238736414967732
804.0, 0.004656210496292006
805.0, 0.008869683588186145
806.0, 0.016464053509938407
807.0, 0.011982667788496262
808.0, 0.00806088310627698
809.0, 0.007370775472964335
810.0, 0.0052373723389340324
811.0, 0.012675059865114953
812.0, 0.007837866175336982
813.0, 0.009177405505538794
814.0, 0.010806159183011298
815.0, 0.007431788930746971
816.0, 0.008825392723314618
817.0, 0.010847140433007841
818.0, 0.0069579914990071405
819.0, 0.008611323090192781
820.0, 0.010580347516589607
821.0, 0.0072945032896353105
822.0, 0.011062998181619862
823.0, 0.009125074325126823
824.0, 0.004985891740213036
825.0, 0.0019619595083075194
826.0, 0.0007772662387064255
827.0, 0.002753944080986353
828.0, 0.008088705211208838
829.0, 0.008059294831428497
830.0, 0.006336413843008631
831.0, 0.006876384734034047
832.0, 0.004644278335469122
833.0, 0.005556453815330786
834.0, 0.00856682405112595
835.0, 0.003715404017717758
836.0, 0.002814711136352806
837.0, 0.010758955438517511
838.0, 0.007162978496803637
839.0, 0.0070654171246852075
840.0, 0.005922061059096403
841.0, 0.004340491912813654
842.0, 0.008604921235315125
843.0, 0.01528384442810454
844.0, 0.0037917464579003877
845.0, 0.004105426629121973
846.0, 0.0032208561743110584
847.0, 0.007738546923121682
848.0, 0.004584729665217139
849.0, 0.0033811381574416063
850.0, 0.005928032873613557
851.0, 0.009270975594220469
852.0, 0.014378092922439262
853.0, 0.003448240039571288
854.0, 0.006425141347704567
855.0, 0.007593470076804247
856.0, 0.018309469070586743
857.0, 0.019999725397901028
858.0, 0.015694045135123087
859.0, 0.013325171104458227
860.0, 0.011151247260831118
861.0, 0.008120706689633063
862.0, 0.006789043901970809
863.0, 0.015764587378555663
864.0, 0.015848067586097928
865.0, 0.01431754819080952
866.0, 0.012144844868590302
867.0, 0.011774995075494999
868.0, 0.014729295612051503
869.0, 0.01625265192025042
870.0, 0.012166560317048656
871.0, 0.012297868040838005
872.0, 0.012120854234600919
873.0, 0.01125662032732173
874.0, 0.01129399747855911
875.0, 0.011121944641822885
876.0, 0.011030046139530642
877.0, 0.011873930626908759
878.0, 0.010373719569080782
879.0, 0.010037303896235346
880.0, 0.0015939690770680466
881.0, 0.009607096417536407
882.0, 0.0049879925998884325
883.0, 0.0038788713376011826
884.0, 0.006910656363290898
885.0, 0.005456613616230438
886.0, 0.0035464028061148838
887.0, 0.006118312313713353
888.0, 0.005409841956385253
889.0, 0.004773896599030055
890.0, 0.006098733445668732
891.0, 0.009241987645795884
892.0, 0.010498472241438916
893.0, 0.01080918672863359
894.0, 0.010200533500540765
895.0, 0.005711751478219382
896.0, 0.014777839258948485
897.0, 0.00688787760501737
898.0, 0.008275872145698446
899.0, 0.009677358503301803
900.0, 0.004458409572207443
901.0, 0.000164714746617681
902.0, 0.0017337493606753465
903.0, 0.005330684347684222
904.0, 0.006985616796785966
905.0, 0.008700561370133843
906.0, 0.0010297031381501201
907.0, 0.004376881120278749
908.0, 0.00952523895569499
909.0, 0.0053772570964233934
910.0, 0.0047791041029759005
911.0, 0.00887723061628967
912.0, 0.006308365734731485
913.0, 0.006091940263958555
914.0, 0.006049663209873637
915.0, 0.008114722577125607
916.0, 0.003915267976258108
917.0, 0.004519748565265366
918.0, 0.00785240824468554
919.0, 0.009152171552393224
920.0, 0.010821075839291022
921.0, 0.015081312210043501
922.0, 0.012088226347322614
923.0, 0.00977839795248283
924.0, 0.005351824722115974
925.0, 0.001503424551169643
926.0, 0.00041290651624330927
927.0, 0.0011029817625610387
928.0, 0.0010942766988057825
929.0, 0.0008530602584793032
930.0, 0.002110342921239474
931.0, 0.00271709733070351
932.0, 0.002396163294644273
933.0, 0.014153607905936547
934.0, 0.02030786208571235
935.0, 0.016570221508544935
936.0, 0.006267260753918759
937.0, 0.00518341842493567
938.0, 0.01390667010200535
939.0, 0.019480496298161985
940.0, 0.02049353549872999
941.0, 0.022747592553713367
942.0, 0.02286619174903802
943.0, 0.030198387265631902
944.0, 0.029301907432517392
945.0, 0.029078553140335864
946.0, 0.032245194063568614
947.0, 0.03932551181362036
948.0, 0.04620320335495833
949.0, 0.04690472270775265
950.0, 0.05823336793662555
951.0, 0.06969599663127382
952.0, 0.09174266877853486
953.0, 0.12103005400396333
954.0, 0.15076113555827803
955.0, 0.20054618846600644
956.0, 0.2576489658402037
957.0, 0.31936281191880456
958.0, 0.40619798462318213
959.0, 0.48379933250661294
960.0, 0.5744323455366324
961.0, 0.6954549552406784
962.0, 0.8232055069320198
963.0, 0.951373623237731
964.0, 0.9943496116482372
965.0, 0.9468098803080742
966.0, 0.826523590823227
967.0, 0.6599282250783357
968.0, 0.5200561610083551
969.0, 0.3887501999981545
970.0, 0.3244183792321133
971.0, 0.25236753679405355
972.0, 0.19104707814744595
973.0, 0.1567352213785374
974.0, 0.1328323405570066
975.0, 0.10654687836011252
976.0, 0.07995497172308104
977.0, 0.05614349777234203
978.0, 0.03343435526562103
979.0, 0.04290831109184211
980.0, 0.033012032685579625
981.0, 0.021873803543283412
982.0, 0.022842153793312545
983.0, 0.019744793505444242
984.0, 0.012392330644591873
985.0, 0.011796117006213771
986.0, 0.017054143412653572
987.0, 0.013003471217797689
988.0, 0.006694883321217721
989.0, 0.0006012375860793167
990.0, 0.001449922076396242
991.0, 0.0006244468994491242
992.0, 0.0008035307567606013
993.0, 0.006478559496227441
994.0, 0.00962973956522807
995.0, 0.00827374068885943
996.0, 0.011282826274748792
997.0, 0.015431362755899377
998.0, 0.010718393673038321
999.0, 0.005933015531952014
1000.0, 0.009990037562958198
1001.0, 0.012352282755609446
1002.0, 0.011685828075225075
1003.0, 0.015145761792262164
1004.0, 0.014387606620948247
1005.0, 0.01239112320396146
1006.0, 0.023236665939934554
1007.0, 0.01946138636805865
1008.0, 0.0037415961707369405
1009.0, 0.00528074512698017
1010.0, 0.01232929292880794
1011.0, 0.011479004837893969
1012.0, 0.015291742193884381
1013.0, 0.018673814238392112
1014.0, 0.016589647241789962
1015.0, 0.010931703273122841
1016.0, 0.007475751443782521
1017.0, 0.015247294853211864
1018.0, 0.01322413508312759
1019.0, 0.003978707500764857
1020.0, 0.019015305320456578
1021.0, 0.018479280719275282
1022.0, 0.011917436813369788
1023.0, 0.01467689718720476
1024.0, 0.022205853759751315
1025.0, 0.02475895908935883
1026.0, 0.027375313320140274
1027.0, 0.03745183204457995
1028.0, 0.03238677928590981
1029.0, 0.03135423668155686
1030.0, 0.04067226433536472
1031.0, 0.036598794331212506
1032.0, 0.04032957610135009
1033.0, 0.038128454432913045
1034.0, 0.027664882685265558
1035.0, 0.022099811904559636
1036.0, 0.025942693972939475
1037.0, 0.030236510266083802
1038.0, 0.023188194382719345
1039.0, 0.022761765238742
1040.0, 0.016075363389647112
1041.0, 0.022919786725023327
1042.0, 0.024657738325678594
1043.0, 0.021161774195359
1044.0, 0.017259855430133156
1045.0, 0.01403129441454939
1046.0, 0.013082710506275795
1047.0, 0.018346574180896226
1048.0, 0.022158086820858132
1049.0, 0.023411105907884894
1050.0, 0.030268984117179612
1051.0, 0.027824897792812428
1052.0, 0.03372925468617843
1053.0, 0.030147156541925287
1054.0, 0.030680095520957074
1055.0, 0.03417909592571435
1056.0, 0.03129851275019931
1057.0, 0.03113548041221467
1058.0, 0.02744840080993813
1059.0, 0.028914176525487438
1060.0, 0.040859426897691495
1061.0, 0.03526136544409995
1062.0, 0.030451572746328447
1063.0, 0.0215814593826918
1064.0, 0.020887237583159964
1065.0, 0.023483660029920916
1066.0, 0.02222254816017151
1067.0, 0.02081130970204347
1068.0, 0.02059566482397259
1069.0, 0.02305594025813214
1070.0, 0.022752835201290872
1071.0, 0.028080481308262174
1072.0, 0.023390657246712552
1073.0, 0.021253673743869682
1074.0, 0.015446786784712573
1075.0, 0.01762541109174073
1076.0, 0.02237343119044641
1077.0, 0.024228102271768682
1078.0, 0.028777253249492072
1079.0, 0.02588855426300025
1080.0, 0.03361553677470558
1081.0, 0.025379507079240003
1082.0, 0.015428452364175685
1083.0, 0.0194084843889921
1084.0, 0.016267365200991896
1085.0, 0.00611357616924567
1086.0, 0.00324087616727302
1087.0, 0.006499293987201767
1088.0, 0.0054312995254699615
1089.0, 0.004490530685787782
1090.0, 0.014512053024263971
1091.0, 0.00642324018797306
1092.0, 0.006506050371773256
1093.0, 0.00718105544371292
1094.0, 0.004239798446498813
1095.0, 0.0077652615347553605
1096.0, 0.008043514274375826
1097.0, 0.009930646147374987
1098.0, 0.011015183905502424
1099.0, 0.006138198735776529
1100.0, 0.0021639776751964457
1101.0, 0.0032460100012220595
1102.0, 0.007784413197820316
1103.0, 0.0023629375640243934
1104.0, 0.01755233580596589
1105.0, 0.01651879834759127
1106.0, 0.018558116691723463
1107.0, 0.00860435733249615
1108.0, 0.0029832021608569353
1109.0, 0.005906055726690994
1110.0, 0.011642678548376861
1111.0, 0.015796523840597543
1112.0, 0.005201931713106025
1113.0, 0.008545627434641543
1114.0, 0.013371526293928033
1115.0, 0.011540510486197619
1116.0, 0.019329114138707863
1117.0, 0.019346852051513576
1118.0, 0.00952745875064338
1119.0, 0.009498658870859242
1120.0, 0.013029205709798474
1121.0, 0.008323766229277515
1122.0, 0.003625239829341223
1123.0, 0.01012463348451219
1124.0, 0.018961975656832126
1125.0, 0.009903848917960492
1126.0, 0.01676215236793206
1127.0, 0.01341204871930471
1128.0, 0.012940275288867417
1129.0, 0.010013709774559301
1130.0, 0.004171272094880893
1131.0, 0.013552112346212026
1132.0, 0.018415727177371336
1133.0, 0.006900078596715979
1134.0, 0.0076810851477543095
1135.0, 0.01935797608997505
1136.0, 0.022429777263144917
1137.0, 0.014451650093160486
1138.0, 0.008377707433474182
1139.0, 0.0076753984929075324
1140.0, 0.005237074775001438
1141.0, 0.013508250702169832
1142.0, 0.017183202475848845
1143.0, 0.016385470785718732
1144.0, 0.018693252757827218
1145.0, 0.0225129575244224
1146.0, 0.022589180916587202
1147.0, 0.018840654145725885
1148.0, 0.018167391063812703
1149.0, 0.02122140996381129
1150.0, 0.024327625068544866
1151.0, 0.016044537787633692
1152.0, 0.020358591290083997
1153.0, 0.009551671923661055
1154.0, 0.010843198937014116
1155.0, 0.015857730796656068
1156.0, 0.01206713029954898
1157.0, 0.007114409916850549
1158.0, 0.0041508649616203925
1159.0, 0.00896181762992151
1160.0, 0.010488385250410074
1161.0, 0.016558804500558636
1162.0, 0.005039007837221734
1163.0, 0.012930324324673708
1164.0, 0.012609352009226558
1165.0, 0.006435819025960025
1166.0, 0.012882511750106785
1167.0, 0.017314794345098406
1168.0, 0.01377243709069621
1169.0, 0.011867168205182186
1170.0, 0.008289733639776344
1171.0, 0.0009134658697574488
1172.0, 0.003391796879599755
1173.0, 0.0031529718093142685
1174.0, 0.006129329245183738
1175.0, 0.009758176290031707
1176.0, 0.012733402789223204
1177.0, 0.016434886447121648
1178.0, 0.010089364143887678
1179.0, 0.007014247422067625
1180.0, 0.008542989400845698
1181.0, 0.012725129760421802
1182.0, 0.018525372958973902
1183.0, 0.013893455681086936
1184.0, 0.015527623394212455
1185.0, 0.005914754504404782
1186.0, 0.0163047659420872
1187.0, 0.007084784944592159
1188.0, 0.005670891086615612
1189.0, 0.010149006663457315
1190.0, 0.005600542177313098
1191.0, 0.009383192572595893
1192.0, 0.020249805090071762
1193.0, 0.023751269785394928
1194.0, 0.02132778819435491
1195.0, 0.022139140378378
1196.0, 0.01782379386411975
1197.0, 0.007471411593298125
1198.0, 0.035021251292898535
1199.0, 0.025751319950748804
1200.0, 0.012276532531614131
1201.0, 0.01636862408047633
1202.0, 0.012500774472188173
1203.0, 0.005053905046747437
1204.0, 0.014334797549070402
1205.0, 0.021290982627056122
1206.0, 0.01616979173534347
1207.0, 0.016556046935438478
1208.0, 0.02340556290414197
1209.0, 0.020695047231072992
1210.0, 0.0212595400946819
1211.0, 0.013780297982117589
1212.0, 0.00385319887909807
1213.0, 0.022763361114217735
1214.0, 0.01022146430169292
1215.0, 0.016220412776178555
1216.0, 0.02041688781938358
1217.0, 0.018487560647990474
1218.0, 0.017627367300784222
1219.0, 0.02194011186711591
1220.0, 0.02514460673466406
1221.0, 0.016232880977867393
1222.0, 0.002852824346357883
1223.0, 0.012927715713578545
1224.0, 0.017167180518956025
1225.0, 0.021503024646049335
1226.0, 0.029839119761467955
1227.0, 0.018306101651867638
1228.0, 0.022249053116106254
1229.0, 0.009567418911130679
1230.0, 0.007197491872731486
1231.0, 0.019062150033365574
1232.0, 0.018889984185675262
1233.0, 0.0167422089148344
1234.0, 0.023940257464811106
1235.0, 0.01576318366176706
1236.0, 0.01310884060317715
1237.0, 0.015822182355102764
1238.0, 0.02758638799173243
1239.0, 0.023783107441213112
1240.0, 0.02898730741856509
1241.0, 0.025272428236164747
1242.0, 0.023252055360351336
1243.0, 0.018457121767473862
1244.0, 0.02050899667712465
1245.0, 0.023655931194237104
1246.0, 0.02479619840026828
1247.0, 0.026559105732152335
1248.0, 0.026219134587823267
1249.0, 0.023848842662455075
1250.0, 0.026940837619484594
1251.0, 0.026740671301248922
1252.0, 0.02343980236705987
1253.0, 0.01463311651810965
1254.0, 0.01816684302331725
1255.0, 0.0035181112658315434
1256.0, 0.0038328456832944823
1257.0, 0.009269178611357851
1258.0, 0.004757611545702168
1259.0, 0.006350342465217878
1260.0, 0.012676308347178044
1261.0, 0.020476970792632648
1262.0, 0.02296431025622115
1263.0, 0.012614528017252184
1264.0, 0.019902262997448208
1265.0, 0.017048980766388375
1266.0, 0.020273598400650083
1267.0, 0.017918808869758655
1268.0, 0.03380627707167097
1269.0, 0.015598569760880383
1270.0, 0.007387130336097413
1271.0, 0.008025916563805203
1272.0, 0.02147893472085633
1273.0, 0.018336755431375223
1274.0, 0.014334262003065751
1275.0, 0.0153114125001893
1276.0, 0.008347117954326435
1277.0, 0.0077921431112552295
1278.0, 0.022332766312847713
1279.0, 0.02247626180000088
1280.0, 0.02362727867775727
1281.0, 0.01770653114348944
1282.0, 0.01214742052570788
1283.0, 0.005256431101173678
1284.0, 0.009635406228966425
1285.0, 0.0023482595684423697
1286, 0.0
1287, 0.0
1288, 0.0
1289, 0.0
1290, 0.0
1291, 0.0
1292, 0.0
1293, 0.0
1294, 0.0
1295, 0.0
1296, 0.0
1297, 0.0
1298, 0.0
1299, 0.0
1300, 0.0
1301, 0.0
1302, 0.0
1303, 0.0
1304, 0.0
1305, 0.0
1306, 0.0
1307, 0.0
1308, 0.0
1309, 0.0
1310, 0.0
1311, 0.0
1312, 0.0
1313, 0.0
1314, 0.0
1315, 0.0
1316, 0.0
1317, 0.0
1318, 0.0
1319, 0.0
1320, 0.0
1321, 0.0
1322, 0.0
1323, 0.0
1324, 0.0
1325, 0.0
1326, 0.0
1327, 0.0
1328, 0.0
1329, 0.0
1330, 0.0
1331, 0.0
1332, 0.0
1333, 0.0
1334, 0.0
1335, 0.0
1336, 0.0
1337, 0.0
1338, 0.0
1339, 0.0
1340, 0.0
1341, 0.0
1342, 0.0
1343, 0.0
1344, 0.0
1345, 0.0
1346, 0.0
1347, 0.0
1348, 0.0
1349, 0.0
1350, 0.0
1351, 0.0
1352, 0.0
1353, 0.0
1354, 0.0
1355, 0.0
1356, 0.0
1357, 0.0
1358, 0.0
1359, 0.0
1360, 0.0
1361, 0.0
1362, 0.0
1363, 0.0
1364, 0.0
1365, 0.0
1366, 0.0
1367, 0.0
1368, 0.0
1369, 0.0
1370, 0.0
1371, 0.0
1372, 0.0
1373, 0.0
1374, 0.0
1375, 0.0
1376, 0.0
1377, 0.0
1378, 0.0
1379, 0.0
1380, 0.0
1381, 0.0
1382, 0.0
1383, 0.0
1384, 0.0
1385, 0.0
1386, 0.0
1387, 0.0
1388, 0.0
1389, 0.0
1390, 0.0
1391, 0.0
1392, 0.0
1393, 0.0
1394, 0.0
1395, 0.0
1396, 0.0
1397, 0.0
1398, 0.0
1399, 0.0
1400, 0.0
1401, 0.0
1402, 0.0
1403, 0.0
1404, 0.0
1405, 0.0
1406, 0.0
1407, 0.0
1408, 0.0
1409, 0.0
1410, 0.0
1411, 0.0
1412, 0.0
1413, 0.0
1414, 0.0
1415, 0.0
1416, 0.0
1417, 0.0
1418, 0.0
1419, 0.0
1420, 0.0
1421, 0.0
1422, 0.0
1423, 0.0
1424, 0.0
1425, 0.0
1426, 0.0
1427, 0.0
1428, 0.0
1429, 0.0
1430, 0.0
1431, 0.0
1432, 0.0
1433, 0.0
1434, 0.0
1435, 0.0
1436, 0.0
1437, 0.0
1438, 0.0
1439, 0.0
1440, 0.0
1441, 0.0
1442, 0.0
1443, 0.0
1444, 0.0
1445, 0.0
1446, 0.0
1447, 0.0
1448, 0.0
1449, 0.0
1450, 0.0
1451, 0.0
1452, 0.0
1453, 0.0
1454, 0.0
1455, 0.0
1456, 0.0
1457, 0.0
1458, 0.0
1459, 0.0
1460, 0.0
1461, 0.0
1462, 0.0
1463, 0.0
1464, 0.0
1465, 0.0
1466, 0.0
1467, 0.0
1468, 0.0
1469, 0.0
1470, 0.0
1471, 0.0
1472, 0.0
1473, 0.0
1474, 0.0
1475, 0.0
1476, 0.0
1477, 0.0
1478, 0.0
1479, 0.0
1480, 0.0
1481, 0.0
1482, 0.0
1483, 0.0
1484, 0.0
1485, 0.0
1486, 0.0
1487, 0.0
1488, 0.0
1489, 0.0
1490, 0.0
1491, 0.0
1492, 0.0
1493, 0.0
1494, 0.0
1495, 0.0
1496, 0.0
1497, 0.0
1498, 0.0
1499, 0.0
1500, 0.0
1501, 0.0
1502, 0.0
1503, 0.0
1504, 0.0
1505, 0.0
1506, 0.0
1507, 0.0
1508, 0.0
1509, 0.0
1510, 0.0
1511, 0.0
1512, 0.0
1513, 0.0
1514, 0.0
1515, 0.0
1516, 0.0
1517, 0.0
1518, 0.0
1519, 0.0
1520, 0.0
1521, 0.0
1522, 0.0
1523, 0.0
1524, 0.0
1525, 0.0
1526, 0.0
1527, 0.0
1528, 0.0
1529, 0.0
1530, 0.0
1531, 0.0
1532, 0.0
1533, 0.0
1534, 0.0
1535, 0.0
1536, 0.0
1537, 0.0
1538, 0.0
1539, 0.0
1540, 0.0
1541, 0.0
1542, 0.0
1543, 0.0
1544, 0.0
1545, 0.0
1546, 0.0
1547, 0.0
1548, 0.0
1549, 0.0
1550, 0.0
1551, 0.0
1552, 0.0
1553, 0.0
1554, 0.0
1555, 0.0
1556, 0.0
1557, 0.0
1558, 0.0
1559, 0.0
1560, 0.0
1561, 0.0
1562, 0.0
1563, 0.0
1564, 0.0
1565, 0.0
1566, 0.0
1567, 0.0
1568, 0.0
1569, 0.0
1570, 0.0
1571, 0.0
1572, 0.0
1573, 0.0
1574, 0.0
1575, 0.0
1576, 0.0
1577, 0.0
1578, 0.0
1579, 0.0
1580, 0.0
1581, 0.0
1582, 0.0
1583, 0.0
1584, 0.0
1585, 0.0
1586, 0.0
1587, 0.0
1588, 0.0
1589, 0.0
1590, 0.0
1591, 0.0
1592, 0.0
1593, 0.0
1594, 0.0
1595, 0.0
1596, 0.0
1597, 0.0
1598, 0.0
1599, 0.0
