30, 0.0
31, 0.0
32, 0.0
33, 0.0
34, 0.0
35, 0.0
36, 0.0
37, 0.0
38, 0.0
39, 0.0
40, 0.0
41, 0.0
42, 0.0
43, 0.0
44, 0.0
45, 0.0
46, 0.0
47, 0.0
48, 0.0
49, 0.0
50, 0.0
51, 0.0
52, 0.0
53, 0.0
54, 0.0
55, 0.0
56, 0.0
57, 0.0
58, 0.0
59, 0.0
60, 0.0
61, 0.0
62, 0.0
63, 0.0
64, 0.0
65, 0.0
66, 0.0
67, 0.0
68, 0.0
69, 0.0
70, 0.0
71, 0.0
72, 0.0
73, 0.0
74, 0.0
75, 0.0
76, 0.0
77, 0.0
78, 0.0
79, 0.0
80, 0.0
81, 0.0
82, 0.0
83, 0.0
84, 0.0
85, 0.0
86, 0.0
87, 0.0
88, 0.0
89, 0.0
90, 0.0
91, 0.0
92, 0.0
93, 0.0
94, 0.0
95, 0.0
96, 0.0
97, 0.0
98, 0.0
99, 0.0
100, 0.0
101, 0.0
102, 0.0
103, 0.0
104, 0.0
105, 0.0
106, 0.0
107, 0.0
108, 0.0
109, 0.0
110, 0.0
111, 0.0
112, 0.0
113, 0.0
114, 0.0
115, 0.0
116, 0.0
117, 0.0
118, 0.0
119.0, 2.102426635861945e-05
120.0, 0.0014783067550218692
121.0, 0.0020310102157785385
122.0, 0.00042507777728375336
123.0, 0.0006882479534105848
124.0, 0.005246132962974716
125.0, 0.004613008153507497
126.0, 0.0031352498571935107
127.0, 0.0037982815588547335
128.0, 0.006389342733681285
129.0, 0.0055005741240319326
130.0, 0.009834996546271605
131.0, 0.011245790103659378
132.0, 0.012617381774356463
133.0, 0.019686451801062693
134.0, 0.017953348440773363
135.0, 0.014604769877975047
136.0, 0.014560695422869788
137.0, 0.016602078322627212
138.0, 0.018093536563788183
139.0, 0.016383571653542164
140.0, 0.018200456320978154
141.0, 0.019831000685609574
142.0, 0.02027512828781636
143.0, 0.019242100664190954
144.0, 0.017165280968112772
145.0, 0.016770824241663696
146.0, 0.01892757878052413
147.0, 0.019754030505785742
148.0, 0.020696789985446436
149.0, 0.022779714182352445
150.0, 0.015546471146776757
151.0, 0.015420919869400142
152.0, 0.019369856975657934
153.0, 0.02322256271864115
154.0, 0.022947826243725468
155.0, 0.0154745676099816
156.0, 0.019125166632312
157.0, 0.01781745789354325
158.0, 0.02080003436384239
159.0, 0.02447437103588999
160.0, 0.019533825315412902
161.0, 0.016481300337185326
162.0, 0.018752206260421272
163.0, 0.019456238200234618
164.0, 0.01972455719044421
165.0, 0.02174931361871461
166.0, 0.025847901806889492
167.0, 0.023154145076464985
168.0, 0.01969353101429478
169.0, 0.018141848843933373
170.0, 0.019196769358422044
171.0, 0.021621071069383047
172.0, 0.02139474043744099
173.0, 0.02335783245037263
174.0, 0.024026714681666447
175.0, 0.0246383836354238
176.0, 0.02566182791886204
177.0, 0.020770159467925955
178.0, 0.024125516123902457
179.0, 0.025444386073743747
180.0, 0.022113442694569913
181.0, 0.018894451136590662
182.0, 0.02537054250849494
183.0, 0.01946018094720631
184.0, 0.021588562935373496
185.0, 0.0204018593679606
186.0, 0.018383827885017513
187.0, 0.01940865672043676
188.0, 0.01451060284786973
189.0, 0.01933548737891259
190.0, 0.023281831086289097
191.0, 0.023924285667141262
192.0, 0.02229215120697763
193.0, 0.022207001108078443
194.0, 0.02479214274867486
195.0, 0.023324231397154324
196.0, 0.027175281013201973
197.0, 0.03157387908949898
198.0, 0.030864699635903044
199.0, 0.03439169390272657
200.0, 0.03594072667251318
201.0, 0.03857320990380933
202.0, 0.03903860872710661
203.0, 0.03628150620294648
204.0, 0.03241673880157209
205.0, 0.03223718581669462
206.0, 0.033910272261238265
207.0, 0.03390034206298651
208.0, 0.03387761811613023
209.0, 0.03432710358541621
210.0, 0.027260289565346554
211.0, 0.029219771391742196
212.0, 0.026265604505716796
213.0, 0.024412160463764272
214.0, 0.02579656350985524
215.0, 0.0274850256265623
216.0, 0.024016633710413484
217.0, 0.022897528407321434
218.0, 0.022820516602895344
219.0, 0.022248228390221808
220.0, 0.020252355005933153
221.0, 0.017413270472112767
222.0, 0.01911962146729961
223.0, 0.0205673850987253
224.0, 0.02084238738691223
225.0, 0.019211639579449658
226.0, 0.016641134367383566
227.0, 0.0240586198739119
228.0, 0.02088371939560695
229.0, 0.019639527932266115
230.0, 0.02104977855583685
231.0, 0.02228827511824513
232.0, 0.018919360709437873
233.0, 0.019800568527564063
234.0, 0.01626495219061356
235.0, 0.015788238140394668
236.0, 0.017643346071155086
237.0, 0.018036350318044757
238.0, 0.01630627013889119
239.0, 0.016208896921872776
240.0, 0.016575979898074363
241.0, 0.018116223970474674
242.0, 0.01972437355454595
243.0, 0.018867144168854825
244.0, 0.01709323627580939
245.0, 0.018986474483576495
246.0, 0.018919209848141334
247.0, 0.016449064664508392
248.0, 0.014008568961129945
249.0, 0.01656909079906919
250.0, 0.014694621751758966
251.0, 0.01246210324499303
252.0, 0.012582650667654105
253.0, 0.013310841636877412
254.0, 0.012221624094002716
255.0, 0.014952317973324433
256.0, 0.012670707951786845
257.0, 0.014950038318527524
258.0, 0.018445266919159438
259.0, 0.019621185991684012
260.0, 0.017101901556064787
261.0, 0.014713885183267316
262.0, 0.017582141322891515
263.0, 0.014982965135681856
264.0, 0.01634509325691224
265.0, 0.024249624576171122
266.0, 0.018004327145205192
267.0, 0.021480927964056266
268.0, 0.01916223595803182
269.0, 0.01877289195823957
270.0, 0.02068329356366905
271.0, 0.021486419654249352
272.0, 0.01923929879597428
273.0, 0.019632935093185738
274.0, 0.018755972917099982
275.0, 0.017718145799939286
276.0, 0.01724107245921116
277.0, 0.017915320575390387
278.0, 0.026004187993210574
279.0, 0.023191066009443387
280.0, 0.021842857223092173
281.0, 0.022409797284300103
282.0, 0.02245735640301309
283.0, 0.019570264137347283
284.0, 0.022833137874644974
285.0, 0.01941099102163043
286.0, 0.019402990175011285
287.0, 0.021303716415018128
288.0, 0.021056491983940197
289.0, 0.019105686231764632
290.0, 0.02015910923531178
291.0, 0.0211234308885588
292.0, 0.020886817097271526
293.0, 0.020509872242110216
294.0, 0.021217089234688336
295.0, 0.020020001058944036
296.0, 0.021779603989381675
297.0, 0.021011519892802036
298.0, 0.020629525708689755
299.0, 0.02152078129682468
300.0, 0.02190686748330519
301.0, 0.01918158138803812
302.0, 0.017050006100926565
303.0, 0.017146266705588553
304.0, 0.01727595527885665
305.0, 0.017703123148645153
306.0, 0.02146140588647696
307.0, 0.016810904210042384
308.0, 0.019609724984825477
309.0, 0.019362376298292818
310.0, 0.015320219862605474
311.0, 0.01128900336635024
312.0, 0.01328534104225337
313.0, 0.013434512432313719
314.0, 0.012987322026511693
315.0, 0.012593751903891377
316.0, 0.009736097766788954
317.0, 0.004936235192205231
318.0, 0.008315933199532676
319.0, 0.004327523933168907
320.0, 0.00534508824531963
321.0, 0.003599292804890843
322.0, 0.001970737587743695
323.0, 0.005753181168775261
324.0, 0.008903215192823628
325.0, 0.005712737667969165
326.0, 0.00790703743594468
327.0, 0.007452690386622591
328.0, 0.003774777017981128
329.0, 0.0017308156101298617
330.0, 0.0035170522433668784
331.0, 0.007466958490986094
332.0, 0.005064048417284576
333.0, 0.0030650626801829554
334.0, 0.002649959510925096
335.0, 0.0006383662998279919
336.0, 0.0033000614210662634
337.0, 0.0012737276321325409
338.0, 0.0016115632838206878
339.0, 0.004255528051906689
340.0, 0.005281918025706826
341.0, 0.0008031887840848871
342.0, 0.005012550426932837
343.0, 0.003319637044136573
344.0, 0.0059488827377617405
345.0, 0.005634472502007996
346.0, 0.0028240885726577587
347.0, 0.007006666677162206
348.0, 0.0035662770342278103
349.0, 0.003947956079314357
350.0, 0.0037903136774980295
351.0, 0.003003660903711815
352.0, 0.0022637050544489913
353.0, 0.0022699354371953895
354.0, 0.005959343874240941
355.0, 0.008663599667409743
356.0, 0.008560897175378028
357.0, 0.0067113806176654035
358.0, 0.004973259292738565
359.0, 0.004858602439084967
360.0, 0.004376274358217771
361.0, 0.00222607715421208
362.0, 0.003004806550910672
363.0, 0.0052780270822171665
364.0, 0.006237061345349744
365.0, 0.003916519671879209
366.0, 0.001057742100886798
367.0, 0.005021470498936613
368.0, 0.00930766903247274
369.0, 0.009148631575549222
370.0, 0.004693691786698962
371.0, 0.001771695505296574
372.0, 0.002375721100859357
373.0, 0.003777666136728371
374.0, 0.0030411911224984926
375.0, 0.004604721998160402
376.0, 0.007400296763176989
377.0, 0.002561306327562912
378.0, 0.0008617572998720946
379.0, 0.0014258015780739786
380.0, 0.0025950240100601645
381.0, 0.00223356777657507
382.0, 0.0011337418084238476
383.0, 0.003340103345901501
384.0, 0.008536088955427335
385.0, 0.004970848094747361
386.0, 0.0028342192707878004
387.0, 0.0033627313624927614
388.0, 0.005765273206312852
389.0, 0.008421496224663821
390.0, 0.0035152014990528823
391.0, 0.002172886754207041
392.0, 0.0017465375025422496
393.0, 0.0031325258579461275
394.0, 0.004608656587959816
395.0, 0.002804842650623493
396.0, 0.004578866533992256
397.0, 0.01123140601556167
398.0, 0.005917512335909016
399.0, 0.004709254229555873
400.0, 0.007478906580251805
401.0, 0.0017160410937048206
402.0, 0.010254626602582684
403.0, 0.008915411178682954
404.0, 0.009168945090278685
405.0, 0.009923434789889114
406.0, 0.009806107159552513
407.0, 0.009667142361651754
408.0, 0.015571307751722748
409.0, 0.009060561406991963
410.0, 0.009588705007151704
411.0, 0.011441356286014018
412.0, 0.01637753352865033
413.0, 0.025699489241451955
414.0, 0.022715004397745566
415.0, 0.02049045781436882
416.0, 0.03017776095124487
417.0, 0.03710954480530187
418.0, 0.04112113322039848
419.0, 0.04729129748839297
420.0, 0.054312558500147705
421.0, 0.05752697631532974
422.0, 0.06423017258280939
423.0, 0.06967285223941072
424.0, 0.07257942789755181
425.0, 0.07444085085688146
426.0, 0.07836026520405684
427.0, 0.08014919997764319
428.0, 0.08134742067764307
429.0, 0.08055353061788534
430.0, 0.07904552797318819
431.0, 0.07674962105439559
432.0, 0.07186126855207177
433.0, 0.06899475129941421
434.0, 0.06604077953618272
435.0, 0.058902730951732346
436.0, 0.05719376578651403
437.0, 0.055971587608408396
438.0, 0.0432372981744245
439.0, 0.043612718148810896
440.0, 0.04234064111873195
441.0, 0.04372763463227479
442.0, 0.041207873862274674
443.0, 0.037723169054716704
444.0, 0.039035107745232354
445.0, 0.03978453494537274
446.0, 0.03355978411529455
447.0, 0.03431662762447912
448.0, 0.03134712281198232
449.0, 0.030628300041276552
450.0, 0.03479321037272165
451.0, 0.02870063048592412
452.0, 0.02928551501396947
453.0, 0.024558818219731302
454.0, 0.018418809336884317
455.0, 0.016532883456558036
456.0, 0.019973553929465687
457.0, 0.023053670527832013
458.0, 0.014995412065396434
459.0, 0.014952943658746177
460.0, 0.014091422050797879
461.0, 0.01041901599223938
462.0, 0.009338279802365478
463.0, 0.015022276231761986
464.0, 0.011135190809152064
465.0, 0.00854153740150919
466.0, 0.008043589607931416
467.0, 0.00717699691516298
468.0, 0.00629902073460306
469.0, 0.006964242282382398
470.0, 0.009665402986285807
471.0, 0.007308541855495982
472.0, 0.006476475449143708
473.0, 0.006366427123926433
474.0, 0.004663240779330132
475.0, 0.0029413542634388603
476.0, 0.005610226780440193
477.0, 0.0037660975253148775
478.0, 0.0019280359219461707
479.0, 0.0013389738137663128
480.0, 0.002468126960405569
481.0, 0.0026886350372738376
482.0, 0.0012611159713863482
483.0, 0.008338191476272539
484.0, 0.004580263913585524
485.0, 0.006100893167124759
486.0, 0.007750341389182282
487.0, 0.005467655627897603
488.0, 0.002034004506261386
489.0, 0.0072700783972929365
490.0, 0.009828868933271567
491.0, 0.004778922614354695
492.0, 0.0034263950348823557
493.0, 0.0038418588631426148
494.0, 0.005161201827990735
495.0, 0.007320878265541952
496.0, 0.001390276484652576
497.0, 0.005179233934682387
498.0, 0.005018601919005213
499.0, 0.004319912790807896
500.0, 0.0029814466644319353
501.0, 0.0014714762800741752
502.0, 0.003969040390158042
503.0, 0.0009589905556481812
504.0, 0.0027166870414932665
505.0, 0.003893232550812725
506.0, 0.008338899273548226
507.0, 0.011528834186601462
508.0, 0.005471802479010082
509.0, 0.006828186131303028
510.0, 0.001483338197452957
511.0, 0.0017586254283075335
512.0, 0.004014660539942366
513.0, 0.003875024123373275
514.0, 0.0008675005374208592
515.0, 0.0006292819633301311
516.0, 0.005030048237138579
517.0, 0.0037097308668536115
518.0, 0.0060291344090724576
519.0, 0.005269426682597777
520.0, 0.0017095648306267237
521.0, 0.0023376765526499873
522.0, 0.004399756740031503
523.0, 0.007245059499566744
524.0, 0.00921811493520084
525.0, 0.011909185835403588
526.0, 0.009542453955026575
527.0, 0.0030988412309753076
528.0, 0.005630739538048411
529.0, 0.002019539897087347
530.0, 0.0013931198770430837
531.0, 0.0012467165863120269
532.0, 0.0026837788047034458
533.0, 0.004802402863459614
534.0, 0.004860393818388994
535.0, 0.0006134676041087573
536.0, 0.0006006990065879734
537.0, 0.0011770559207177442
538.0, 0.0034311141662439026
539.0, 0.006054450612540344
540.0, 0.00621087477746708
541.0, 0.0028473390052304493
542.0, 0.007921657214876896
543.0, 0.0026385769703790064
544.0, 0.003458690512804491
545.0, 0.005519811692758304
546.0, 0.006159936068840516
547.0, 0.0066925047411101335
548.0, 0.010081547851750841
549.0, 0.0021364749618973063
550.0, 0.008525623229165237
551.0, 0.00617249211499067
552.0, 0.004798184335032184
553.0, 0.007683508687391459
554.0, 0.010025704954024904
555.0, 0.01484414009949467
556.0, 0.013875751336725063
557.0, 0.014617971613776707
558.0, 0.013628003803793042
559.0, 0.011536454533804112
560.0, 0.010248154425344304
561.0, 0.009603074569309221
562.0, 0.0008608905804636429
563.0, 0.010110326007379284
564.0, 0.015608465994801939
565.0, 0.012782278975095242
566.0, 0.010666605445836473
567.0, 0.01425013090014645
568.0, 0.014169589855747608
569.0, 0.016212729505681832
570.0, 0.022293804571945106
571.0, 0.017156691166395493
572.0, 0.023575172132000794
573.0, 0.032876648424966286
574.0, 0.029877441775073767
575.0, 0.0351009582612753
576.0, 0.027844402001009447
577.0, 0.03413537974786625
578.0, 0.04854005901268465
579.0, 0.060310325539292615
580.0, 0.06289963272763069
581.0, 0.059183465844985135
582.0, 0.063439132510238
583.0, 0.06887785653119533
584.0, 0.08048323801839116
585.0, 0.08734241899319929
586.0, 0.09000886970512495
587.0, 0.0921001016524348
588.0, 0.09432066885810177
589.0, 0.08948839360540571
590.0, 0.07506763083572347
591.0, 0.07499504877468358
592.0, 0.0695297571965325
593.0, 0.061283430638474405
594.0, 0.05577520374623519
595.0, 0.05088388731065541
596.0, 0.044590250125037506
597.0, 0.04008636895263321
598.0, 0.037075489432774396
599.0, 0.03299536563857342
600.0, 0.029235975463952065
601.0, 0.027510038766375325
602.0, 0.02832664874782589
603.0, 0.037704696064492296
604.0, 0.038956473680483945
605.0, 0.03944291423344185
606.0, 0.03665506194218929
607.0, 0.034831820661205805
608.0, 0.03516862894724717
609.0, 0.03038817457781174
610.0, 0.021946564674854094
611.0, 0.025309093970232868
612.0, 0.023743350698875145
613.0, 0.025442723247924355
614.0, 0.025562923563247655
615.0, 0.019363383673035466
616.0, 0.015410386067194744
617.0, 0.02580404928878836
618.0, 0.02818990928353523
619.0, 0.021886701687126114
620.0, 0.01860885681528643
621.0, 0.023922217240140996
622.0, 0.03139521625656556
623.0, 0.027309525207464408
624.0, 0.027585284206248582
625.0, 0.02267306841950427
626.0, 0.021582232381289857
627.0, 0.022907365576888987
628.0, 0.025512501248872138
629.0, 0.026875813710783996
630.0, 0.023053688704076133
631.0, 0.0208949696935318
632.0, 0.02340588910152919
633.0, 0.018464449342474543
634.0, 0.015229624417754443
635.0, 0.017283602047048787
636.0, 0.02092004939631188
637.0, 0.02027254527160681
638.0, 0.02313783388397426
639.0, 0.020948821258359777
640.0, 0.020831078106934728
641.0, 0.014854391177212
642.0, 0.01058971066897127
643.0, 0.012628643671863093
644.0, 0.014068793193640928
645.0, 0.02047479613123869
646.0, 0.02174036619725866
647.0, 0.020587173602611374
648.0, 0.023725573040097665
649.0, 0.025118602689163497
650.0, 0.019169749692028754
651.0, 0.012746874533252125
652.0, 0.03338475624858234
653.0, 0.017372234861650602
654.0, 0.025913284247271472
655.0, 0.025403000737379312
656.0, 0.021346385518747544
657.0, 0.017117394326428906
658.0, 0.010161993662487752
659.0, 0.02455285137917202
660.0, 0.01862472400515068
661.0, 0.017321626253087672
662.0, 0.01863535024955316
663.0, 0.017612245222066
664.0, 0.020284819531219613
665.0, 0.028883732918217716
666.0, 0.019612727155900605
667.0, 0.01446043835217943
668.0, 0.023860812366691048
669.0, 0.022950173689101287
670.0, 0.018810457263160323
671.0, 0.015620702653850923
672.0, 0.014624793254474064
673.0, 0.01924773745121358
674.0, 0.017587470753472507
675.0, 0.019070662251774805
676.0, 0.0187709404947365
677.0, 0.02081047771334376
678.0, 0.02285914083797448
679.0, 0.0235598977532967
680.0, 0.025715708949435197
681.0, 0.024770253376487885
682.0, 0.025903801666951307
683.0, 0.02582138891291931
684.0, 0.024429469252971705
685.0, 0.023508085181872074
686.0, 0.02176881446266929
687.0, 0.018059433625063282
688.0, 0.020011906102809746
689.0, 0.016250912523301426
690.0, 0.012565098617187874
691.0, 0.016208913131781685
692.0, 0.01703928586621224
693.0, 0.019167776567092964
694.0, 0.0272890368161998
695.0, 0.02828335211439513
696.0, 0.03108650558392402
697.0, 0.02358512916668352
698.0, 0.019641308788967644
699.0, 0.02174621826725291
700.0, 0.023161933928988996
701.0, 0.02011094984440723
702.0, 0.016574017677816
703.0, 0.01446292054978101
704.0, 0.011985772865929788
705.0, 0.011873949064629151
706.0, 0.012315926898958645
707.0, 0.013733242350062928
708.0, 0.01527079923109954
709.0, 0.016178770151830432
710.0, 0.01849209177800685
711.0, 0.017852231276397356
712.0, 0.019839777192242915
713.0, 0.026623433603237722
714.0, 0.034103245088418735
715.0, 0.028370311843760723
716.0, 0.016271847596493586
717.0, 0.02297432302902638
718.0, 0.0193953810068878
719.0, 0.030496507187802165
720.0, 0.019889620246417307
721.0, 0.011638218323959016
722.0, 0.017579196552114176
723.0, 0.02489980188739187
724.0, 0.019921136690894764
725.0, 0.019319292264825455
726.0, 0.022379356409754442
727.0, 0.01281458953681057
728.0, 0.016665079375476764
729.0, 0.0206013122427489
730.0, 0.018129289865829824
731.0, 0.017336350231095463
732.0, 0.02667042308585764
733.0, 0.021827959577643937
734.0, 0.018811616174141937
735.0, 0.01657602516588564
736.0, 0.01869974844560319
737.0, 0.015664073433714936
738.0, 0.011908648598051507
739.0, 0.015327569410620795
740.0, 0.018641737260138624
741.0, 0.007596181215979186
742.0, 0.02221072053532082
743.0, 0.02115600957135989
744.0, 0.018238315942777587
745.0, 0.02107769286664002
746.0, 0.021416984102841007
747.0, 0.013181201083090364
748.0, 0.018693661902117565
749.0, 0.022108777997090687
750.0, 0.026130741871944068
751.0, 0.025897039470763623
752.0, 0.017612323970304072
753.0, 0.015158599207809183
754.0, 0.019962370554186096
755.0, 0.01705489871199508
756.0, 0.01873203407489676
757.0, 0.020465709351560953
758.0, 0.02075982549016972
759.0, 0.0167271465681284
760.0, 0.013430123385992903
761.0, 0.016224837041820796
762.0, 0.020760796902550366
763.0, 0.0168721696441672
764.0, 0.023988918676525306
765.0, 0.013442971584191308
766.0, 0.015400861153757875
767.0, 0.020339204845724893
768.0, 0.018688072036784523
769.0, 0.016244043475864733
770.0, 0.020771232377615436
771.0, 0.024008890611392837
772.0, 0.018509439697509587
773.0, 0.01869587608592836
774.0, 0.01941013478390725
775.0, 0.0201176155530192
776.0, 0.021853329088785713
777.0, 0.02182240003035954
778.0, 0.01868612094107116
779.0, 0.018775988924554926
780.0, 0.013578919861207678
781.0, 0.019264343691587436
782.0, 0.02044016132127884
783.0, 0.026575638555297102
784.0, 0.022319599351281923
785.0, 0.012453703823308128
786.0, 0.014783716521757466
787.0, 0.01864830889524199
788.0, 0.02150279352441123
789.0, 0.022714888194845285
790.0, 0.020739056716622354
791.0, 0.01868454911669882
792.0, 0.013813392359856238
793.0, 0.009366750452627127
794.0, 0.011171740827803523
795.0, 0.015194882656510603
796.0, 0.030935574450708568
797.0, 0.025684187051645494
798.0, 0.017391473418534278
799.0, 0.018534055076776197
800.0, 0.015710033256282452
801.0, 0.009621189342410665
802.0, 0.011941557543709994
803.0, 0.01224206391070097
804.0, 0.010249218549450984
805.0, 0.013104004505820513
806.0, 0.013905231156010858
807.0, 0.012900384473394528
808.0, 0.013798324234418003
809.0, 0.01880011461536728
810.0, 0.02345383680857009
811.0, 0.018297653413304964
812.0, 0.015641585722052626
813.0, 0.018071198076797475
814.0, 0.01388103777416687
815.0, 0.010409413168995229
816.0, 0.0178051601673329
817.0, 0.028685683142392043
818.0, 0.02874219508078661
819.0, 0.020424902869820245
820.0, 0.02629625324721964
821.0, 0.01617550646711798
822.0, 0.010993234312442122
823.0, 0.01433709108406782
824.0, 0.015574301983941777
825.0, 0.015649970553822046
826.0, 0.020069415708774893
827.0, 0.02456537195527447
828.0, 0.02111238060262271
829.0, 0.023869509281947792
830.0, 0.01956219092858416
831.0, 0.01495390137633775
832.0, 0.013773669482676875
833.0, 0.01504871876252222
834.0, 0.013244714406643161
835.0, 0.007978113396832881
836.0, 0.01720112789383302
837.0, 0.011695445298415982
838.0, 0.010488918893636966
839.0, 0.01189347893936528
840.0, 0.010140089155053704
841.0, 0.00944171540590618
842.0, 0.009297198876893726
843.0, 0.0061340456978747895
844.0, 0.006464410087597569
845.0, 0.005315232982354935
846.0, 0.008008542949461718
847.0, 0.006946458464166768
848.0, 0.009767572598265044
849.0, 0.011376227747757862
850.0, 0.008357707543421453
851.0, 0.004691598904061487
852.0, 0.00708463001251021
853.0, 0.013834440615176444
854.0, 0.006568187875648701
855.0, 0.00812676691882177
856.0, 0.009710169323039546
857.0, 0.008580017019418724
858.0, 0.006077544580272797
859.0, 0.004967225923498934
860.0, 0.005479143780780047
861.0, 0.0032593826689749092
862.0, 0.0030545527339168005
863.0, 0.005183362932372531
864.0, 0.007859398165441563
865.0, 0.008266680188477687
866.0, 0.007801212536015809
867.0, 0.007845378816663579
868.0, 0.008830895452452494
869.0, 0.010849408077088927
870.0, 0.01195587182045023
871.0, 0.012359999750210428
872.0, 0.0125027949769936
873.0, 0.013090717586379303
874.0, 0.013145306070362446
875.0, 0.01332631257754378
876.0, 0.015238033558314988
877.0, 0.014699397753392254
878.0, 0.0009142756288944992
879.0, 0.0015807506284105147
880.0, 0.002348479280441282
881.0, 0.0019497967340796722
882.0, 0.0017543572118021817
883.0, 0.002809804752575569
884.0, 0.006955293666126894
885.0, 0.008595697939910059
886.0, 0.0008990691680993142
887.0, 0.0017015970559310738
888.0, 0.0030693643936898145
889.0, 0.004426313994283287
890.0, 0.008438930698849097
891.0, 0.010672437877548627
892.0, 0.007333776769186674
893.0, 0.005490915607967683
894.0, 0.007418394044093217
895.0, 0.0037284088439638718
896.0, 0.01708901290494861
897.0, 0.01044040369381437
898.0, 0.005354071330261211
899.0, 0.005001100388388287
900.0, 0.003982844231692142
901.0, 0.005188984274540965
902.0, 0.005800308777309416
903.0, 0.003083158527935299
904.0, 0.006690124287405896
905.0, 0.005691227360045044
906.0, 0.014386753756240734
907.0, 0.005166138212567412
908.0, 0.005362269286145511
909.0, 0.00781527558071099
910.0, 0.007231605940342427
911.0, 0.005174431980402094
912.0, 0.006349521469730242
913.0, 0.012618139327660082
914.0, 0.00706570105517705
915.0, 0.018802154174816572
916.0, 0.004944644669385586
917.0, 0.007698132268704556
918.0, 0.008987080180565848
919.0, 0.005680691084827367
920.0, 0.0027323117760666045
921.0, 0.0011712170175904048
922.0, 0.00457883581508958
923.0, 0.003907204045085594
924.0, 0.008018553859967826
925.0, 0.002358288044979797
926.0, 0.002865428443587765
927.0, 0.008550526232369184
928.0, 0.011779663704997315
929.0, 0.007857177125408708
930.0, 0.0024666253127286816
931.0, 0.006596682422912732
932.0, 0.0006214523144238348
933.0, 0.009418547061088378
934.0, 0.007240695694355686
935.0, 0.008064778962066643
936.0, 0.01287788470498728
937.0, 0.015638863224166202
938.0, 0.015391423104994183
939.0, 0.019530456866702895
940.0, 0.032231048122161626
941.0, 0.033327936275858346
942.0, 0.03306464906751666
943.0, 0.03395869743223619
944.0, 0.03599397668477196
945.0, 0.04423608651087587
946.0, 0.060119241539123285
947.0, 0.07740765194615747
948.0, 0.09399711989214121
949.0, 0.1187327805593794
950.0, 0.15171605299616014
951.0, 0.2061611442304815
952.0, 0.2485159782361948
953.0, 0.3106782488355688
954.0, 0.39434827207698797
955.0, 0.5073208773363167
956.0, 0.6306699098362527
957.0, 0.7434629110491252
958.0, 0.8472205368618738
959.0, 0.9397097127914446
960.0, 0.9986444998965804
961.0, 0.9976819647826599
962.0, 0.9464340271082232
963.0, 0.8793640463399237
964.0, 0.7918831091872469
965.0, 0.6924289137210791
966.0, 0.5872911540747365
967.0, 0.4778967176631857
968.0, 0.3806622755367045
969.0, 0.30465328652721124
970.0, 0.23358321376119803
971.0, 0.17284620140699614
972.0, 0.1448658946755629
973.0, 0.11465461209473542
974.0, 0.08302772638213408
975.0, 0.06146632976403067
976.0, 0.05166847386487414
977.0, 0.04557481871755391
978.0, 0.033296894576216096
979.0, 0.029065531969865534
980.0, 0.03231384323846025
981.0, 0.022445067387140423
982.0, 0.016612658820964164
983.0, 0.0139682522357609
984.0, 0.014658302630078694
985.0, 0.010987571349695528
986.0, 0.000836737532074852
987.0, 0.002956922833574048
988.0, 0.01173105698955441
989.0, 0.0012864871252035222
990.0, 0.0005162403587817896
991.0, 0.0024917587213708053
992.0, 0.001574712670748773
993.0, 0.003812784341325106
994.0, 0.004557789584989241
995.0, 0.00547784119248341
996.0, 0.013551764437793797
997.0, 0.014040408110336257
998.0, 0.009604402699317048
999.0, 0.008387149783762444
1000.0, 0.01762767370847992
1001.0, 0.015821344546458966
1002.0, 0.015130681567291972
1003.0, 0.013535510821366614
1004.0, 0.013092645375876366
1005.0, 0.015065561701960953
1006.0, 0.015555640987445458
1007.0, 0.02177216525206086
1008.0, 0.02749625348274734
1009.0, 0.02499980770534501
1010.0, 0.011767838997251194
1011.0, 0.01774105013977309
1012.0, 0.01998234405134687
1013.0, 0.01778513195443276
1014.0, 0.018303458443328622
1015.0, 0.01791277622637133
1016.0, 0.01130824381734166
1017.0, 0.0112066246463299
1018.0, 0.013631168378203763
1019.0, 0.011334846060881507
1020.0, 0.010797876968276393
1021.0, 0.01317774179352883
1022.0, 0.017355038805596485
1023.0, 0.020745223620995262
1024.0, 0.024009171675163723
1025.0, 0.02704090071818691
1026.0, 0.027370122405890335
1027.0, 0.027367462477367193
1028.0, 0.027394423540059262
1029.0, 0.0319725019463111
1030.0, 0.034119397536502276
1031.0, 0.03450783571716673
1032.0, 0.04003520565143146
1033.0, 0.040346257174854835
1034.0, 0.03807586928067466
1035.0, 0.040789737180655254
1036.0, 0.04630034832565929
1037.0, 0.0531255825960946
1038.0, 0.06186497530529885
1039.0, 0.06949666857357721
1040.0, 0.06591278001660253
1041.0, 0.06978740779367092
1042.0, 0.08117749238495718
1043.0, 0.09490424811843368
1044.0, 0.10318997983797458
1045.0, 0.10831963635295982
1046.0, 0.11367014001897159
1047.0, 0.1116971854112376
1048.0, 0.11605747630690097
1049.0, 0.11202708817528774
1050.0, 0.09825630583202322
1051.0, 0.09192821681634712
1052.0, 0.085955521514275
1053.0, 0.07298102662558975
1054.0, 0.0659292779113578
1055.0, 0.06218128101857053
1056.0, 0.05608913870936761
1057.0, 0.05301608460480062
1058.0, 0.034026413167680084
1059.0, 0.02184868114583428
1060.0, 0.028796491494374063
1061.0, 0.02824039355332564
1062.0, 0.022085515555327447
1063.0, 0.025545031625959124
1064.0, 0.018525759192712515
1065.0, 0.01765418611876698
1066.0, 0.023501359763676802
1067.0, 0.01827897077923067
1068.0, 0.022562349313801792
1069.0, 0.02041983608146218
1070.0, 0.028706280619596264
1071.0, 0.036732662805876594
1072.0, 0.045759123928825515
1073.0, 0.03675449506141129
1074.0, 0.03788439979230244
1075.0, 0.036850902769626014
1076.0, 0.031077250150228785
1077.0, 0.03341054864526894
1078.0, 0.04096354418616338
1079.0, 0.03847584786783865
1080.0, 0.03171508582897052
1081.0, 0.022735016565248553
1082.0, 0.023931718575392117
1083.0, 0.014659645939174128
1084.0, 0.01181468696457546
1085.0, 0.01150447909841953
1086.0, 0.014870919009512684
1087.0, 0.018092357355452095
1088.0, 0.018628941665746284
1089.0, 0.019038495838679535
1090.0, 0.013097975472065244
1091.0, 0.01565602318011615
1092.0, 0.008007875556428555
1093.0, 0.01274808152951274
1094.0, 0.0060272855948206566
1095.0, 0.011937065131260782
1096.0, 0.014881015955149169
1097.0, 0.01223598300383664
1098.0, 0.009404110624333089
1099.0, 0.008691694088293905
1100.0, 0.010442010752373467
1101.0, 0.012733978343124343
1102.0, 0.009457290646663742
1103.0, 0.002338441214212704
1104.0, 0.004306398482827609
1105.0, 0.015296368656299702
1106.0, 0.009920499577634063
1107.0, 0.002929190543852391
1108.0, 0.008277557492950635
1109.0, 0.009703704412975168
1110.0, 0.004724182880495472
1111.0, 0.012972227894338157
1112.0, 0.02099025438884998
1113.0, 0.012403702287118162
1114.0, 0.005672186756227998
1115.0, 0.0010670063322459362
1116.0, 0.011815241073782106
1117.0, 0.019056046076114306
1118.0, 0.014613949548717819
1119.0, 0.005110092454049922
1120.0, 0.009263103110483646
1121.0, 0.02202646387143911
1122.0, 0.023969221657702468
1123.0, 0.018239362534586728
1124.0, 0.011901151964575273
1125.0, 0.022387241949386672
1126.0, 0.015512260943687494
1127.0, 0.020793859156283144
1128.0, 0.0179105194578925
1129.0, 0.016269843243024443
1130.0, 0.016810956668602613
1131.0, 0.018672336721241554
1132.0, 0.017938128707851688
1133.0, 0.015907275049251483
1134.0, 0.016348405063028867
1135.0, 0.01090905482830564
1136.0, 0.0013675479141708074
1137.0, 0.0041598641107039565
1138.0, 0.006335292107391278
1139.0, 0.010553226416353999
1140.0, 0.014584488053282748
1141.0, 0.016776325220110334
1142.0, 0.0164198372726122
1143.0, 0.015016303025689143
1144.0, 0.012687099915289421
1145.0, 0.01015919782483801
1146.0, 0.009940896903319731
1147.0, 0.011015300562299131
1148.0, 0.015155102200683909
1149.0, 0.010794907254802338
1150.0, 0.002172173613243455
1151.0, 0.004751368923226367
1152.0, 0.0022856188861899
1153.0, 0.0006968754328313749
1154.0, 0.0014842017910297665
1155.0, 0.0017286454787702322
1156.0, 0.0020386856545477334
1157.0, 0.00314866855294511
1158.0, 0.0035820830413982366
1159.0, 0.0063820464031276135
1160.0, 0.0039218562549432155
1161.0, 0.004248900617954929
1162.0, 0.0073271923799905336
1163.0, 0.005375117862480041
1164.0, 0.0113735153034673
1165.0, 0.011296064975757346
1166.0, 0.012570728883724909
1167.0, 0.008704637742557454
1168.0, 0.004814589336532147
1169.0, 0.005259472791892002
1170.0, 0.0014098411991667551
1171.0, 0.00703804872414485
1172.0, 0.014877014932886658
1173.0, 0.007472111920729198
1174.0, 0.006810376763437823
1175.0, 0.0010556428875848384
1176, 0.0
1177, 0.0
1178, 0.0
1179, 0.0
1180, 0.0
1181, 0.0
1182, 0.0
1183, 0.0
1184, 0.0
1185, 0.0
1186, 0.0
1187, 0.0
1188, 0.0
1189, 0.0
1190, 0.0
1191, 0.0
1192, 0.0
1193, 0.0
1194, 0.0
1195, 0.0
1196, 0.0
1197, 0.0
1198, 0.0
1199, 0.0
1200, 0.0
1201, 0.0
1202, 0.0
1203, 0.0
1204, 0.0
1205, 0.0
1206, 0.0
1207, 0.0
1208, 0.0
1209, 0.0
1210, 0.0
1211, 0.0
1212, 0.0
1213, 0.0
1214, 0.0
1215, 0.0
1216, 0.0
1217, 0.0
1218, 0.0
1219, 0.0
1220, 0.0
1221, 0.0
1222, 0.0
1223, 0.0
1224, 0.0
1225, 0.0
1226, 0.0
1227, 0.0
1228, 0.0
1229, 0.0
1230, 0.0
1231, 0.0
1232, 0.0
1233, 0.0
1234, 0.0
1235, 0.0
1236, 0.0
1237, 0.0
1238, 0.0
1239, 0.0
1240, 0.0
1241, 0.0
1242, 0.0
1243, 0.0
1244, 0.0
1245, 0.0
1246, 0.0
1247, 0.0
1248, 0.0
1249, 0.0
1250, 0.0
1251, 0.0
1252, 0.0
1253, 0.0
1254, 0.0
1255, 0.0
1256, 0.0
1257, 0.0
1258, 0.0
1259, 0.0
1260, 0.0
1261, 0.0
1262, 0.0
1263, 0.0
1264, 0.0
1265, 0.0
1266, 0.0
1267, 0.0
1268, 0.0
1269, 0.0
1270, 0.0
1271, 0.0
1272, 0.0
1273, 0.0
1274, 0.0
1275, 0.0
1276, 0.0
1277, 0.0
1278, 0.0
1279, 0.0
1280, 0.0
1281, 0.0
1282, 0.0
1283, 0.0
1284, 0.0
1285, 0.0
1286, 0.0
1287, 0.0
1288, 0.0
1289, 0.0
1290, 0.0
1291, 0.0
1292, 0.0
1293, 0.0
1294, 0.0
1295, 0.0
1296, 0.0
1297, 0.0
1298, 0.0
1299, 0.0
1300, 0.0
1301, 0.0
1302, 0.0
1303, 0.0
1304, 0.0
1305, 0.0
1306, 0.0
1307, 0.0
1308, 0.0
1309, 0.0
1310, 0.0
1311, 0.0
1312, 0.0
1313, 0.0
1314, 0.0
1315, 0.0
1316, 0.0
1317, 0.0
1318, 0.0
1319, 0.0
1320, 0.0
1321, 0.0
1322, 0.0
1323, 0.0
1324, 0.0
1325, 0.0
1326, 0.0
1327, 0.0
1328, 0.0
1329, 0.0
1330, 0.0
1331, 0.0
1332, 0.0
1333, 0.0
1334, 0.0
1335, 0.0
1336, 0.0
1337, 0.0
1338, 0.0
1339, 0.0
1340, 0.0
1341, 0.0
1342, 0.0
1343, 0.0
1344, 0.0
1345, 0.0
1346, 0.0
1347, 0.0
1348, 0.0
1349, 0.0
1350, 0.0
1351, 0.0
1352, 0.0
1353, 0.0
1354, 0.0
1355, 0.0
1356, 0.0
1357, 0.0
1358, 0.0
1359, 0.0
1360, 0.0
1361, 0.0
1362, 0.0
1363, 0.0
1364, 0.0
1365, 0.0
1366, 0.0
1367, 0.0
1368, 0.0
1369, 0.0
1370, 0.0
1371, 0.0
1372, 0.0
1373, 0.0
1374, 0.0
1375, 0.0
1376, 0.0
1377, 0.0
1378, 0.0
1379, 0.0
1380, 0.0
1381, 0.0
1382, 0.0
1383, 0.0
1384, 0.0
1385, 0.0
1386, 0.0
1387, 0.0
1388, 0.0
1389, 0.0
1390, 0.0
1391, 0.0
1392, 0.0
1393, 0.0
1394, 0.0
1395, 0.0
1396, 0.0
1397, 0.0
1398, 0.0
1399, 0.0
1400, 0.0
1401, 0.0
1402, 0.0
1403, 0.0
1404, 0.0
1405, 0.0
1406, 0.0
1407, 0.0
1408, 0.0
1409, 0.0
1410, 0.0
1411, 0.0
1412, 0.0
1413, 0.0
1414, 0.0
1415, 0.0
1416, 0.0
1417, 0.0
1418, 0.0
1419, 0.0
1420, 0.0
1421, 0.0
1422, 0.0
1423, 0.0
1424, 0.0
1425, 0.0
1426, 0.0
1427, 0.0
1428, 0.0
1429, 0.0
1430, 0.0
1431, 0.0
1432, 0.0
1433, 0.0
1434, 0.0
1435, 0.0
1436, 0.0
1437, 0.0
1438, 0.0
1439, 0.0
1440, 0.0
1441, 0.0
1442, 0.0
1443, 0.0
1444, 0.0
1445, 0.0
1446, 0.0
1447, 0.0
1448, 0.0
1449, 0.0
1450, 0.0
1451, 0.0
1452, 0.0
1453, 0.0
1454, 0.0
1455, 0.0
1456, 0.0
1457, 0.0
1458, 0.0
1459, 0.0
1460, 0.0
1461, 0.0
1462, 0.0
1463, 0.0
1464, 0.0
1465, 0.0
1466, 0.0
1467, 0.0
1468, 0.0
1469, 0.0
1470, 0.0
1471, 0.0
1472, 0.0
1473, 0.0
1474, 0.0
1475, 0.0
1476, 0.0
1477, 0.0
1478, 0.0
1479, 0.0
1480, 0.0
1481, 0.0
1482, 0.0
1483, 0.0
1484, 0.0
1485, 0.0
1486, 0.0
1487, 0.0
1488, 0.0
1489, 0.0
1490, 0.0
1491, 0.0
1492, 0.0
1493, 0.0
1494, 0.0
1495, 0.0
1496, 0.0
1497, 0.0
1498, 0.0
1499, 0.0
1500, 0.0
1501, 0.0
1502, 0.0
1503, 0.0
1504, 0.0
1505, 0.0
1506, 0.0
1507, 0.0
1508, 0.0
1509, 0.0
1510, 0.0
1511, 0.0
1512, 0.0
1513, 0.0
1514, 0.0
1515, 0.0
1516, 0.0
1517, 0.0
1518, 0.0
1519, 0.0
1520, 0.0
1521, 0.0
1522, 0.0
1523, 0.0
1524, 0.0
1525, 0.0
1526, 0.0
1527, 0.0
1528, 0.0
1529, 0.0
1530, 0.0
1531, 0.0
1532, 0.0
1533, 0.0
1534, 0.0
1535, 0.0
1536, 0.0
1537, 0.0
1538, 0.0
1539, 0.0
1540, 0.0
1541, 0.0
1542, 0.0
1543, 0.0
1544, 0.0
1545, 0.0
1546, 0.0
1547, 0.0
1548, 0.0
1549, 0.0
1550, 0.0
1551, 0.0
1552, 0.0
1553, 0.0
1554, 0.0
1555, 0.0
1556, 0.0
1557, 0.0
1558, 0.0
1559, 0.0
1560, 0.0
1561, 0.0
1562, 0.0
1563, 0.0
1564, 0.0
1565, 0.0
1566, 0.0
1567, 0.0
1568, 0.0
1569, 0.0
1570, 0.0
1571, 0.0
1572, 0.0
1573, 0.0
1574, 0.0
1575, 0.0
1576, 0.0
1577, 0.0
1578, 0.0
1579, 0.0
1580, 0.0
1581, 0.0
1582, 0.0
1583, 0.0
1584, 0.0
1585, 0.0
1586, 0.0
1587, 0.0
1588, 0.0
1589, 0.0
1590, 0.0
1591, 0.0
1592, 0.0
1593, 0.0
1594, 0.0
1595, 0.0
1596, 0.0
1597, 0.0
1598, 0.0
1599, 0.0
