30, 0.0
31, 0.0
32, 0.0
33, 0.0
34, 0.0
35, 0.0
36, 0.0
37, 0.0
38, 0.0
39, 0.0
40, 0.0
41, 0.0
42, 0.0
43, 0.0
44, 0.0
45, 0.0
46, 0.0
47, 0.0
48, 0.0
49, 0.0
50, 0.0
51, 0.0
52, 0.0
53, 0.0
54, 0.0
55, 0.0
56, 0.0
57, 0.0
58, 0.0
59, 0.0
60, 0.0
61, 0.0
62, 0.0
63, 0.0
64, 0.0
65, 0.0
66, 0.0
67, 0.0
68, 0.0
69, 0.0
70, 0.0
71, 0.0
72, 0.0
73, 0.0
74, 0.0
75, 0.0
76, 0.0
77, 0.0
78, 0.0
79, 0.0
80, 0.0
81, 0.0
82, 0.0
83, 0.0
84, 0.0
85, 0.0
86, 0.0
87, 0.0
88, 0.0
89, 0.0
90, 0.0
91, 0.0
92, 0.0
93, 0.0
94, 0.0
95.0, 0.0036936068426782227
96.0, 0.015299282646140592
97.0, 0.003040271950292434
98.0, 0.006044402019248339
99.0, 0.005002358055058581
100.0, 0.006603026294552835
101.0, 0.019593881063820404
102.0, 0.007693122631872314
103.0, 0.01131718824516919
104.0, 0.015316985988053429
105.0, 0.027958869933645485
106.0, 0.05638214447837693
107.0, 0.09585619563685824
108.0, 0.14406378427987093
109.0, 0.1857316426348845
110.0, 0.1825162470389567
111.0, 0.14025302787899582
112.0, 0.11384784868963466
113.0, 0.11790806045534624
114.0, 0.15011696518093348
115.0, 0.19457188179204027
116.0, 0.23460477236722316
117.0, 0.2576065338364332
118.0, 0.2784219855358307
119.0, 0.31016604244700463
120.0, 0.35238816765566894
121.0, 0.4029248432679478
122.0, 0.4600311154753204
123.0, 0.5255258508978807
124.0, 0.5568116723748512
125.0, 0.5494772243639012
126.0, 0.522032429137941
127.0, 0.48341212254364485
128.0, 0.4288829384211036
129.0, 0.38571463515032256
130.0, 0.3407675414549344
131.0, 0.2958764317300045
132.0, 0.253367341730268
133.0, 0.215680887815314
134.0, 0.1855486280375321
135.0, 0.15653200052856053
136.0, 0.13733137964828085
137.0, 0.1282695335538201
138.0, 0.127415027012831
139.0, 0.1328532650671197
140.0, 0.12348006482601269
141.0, 0.11132684737378808
142.0, 0.10029036627202174
143.0, 0.093742115485287
144.0, 0.09409389276539039
145.0, 0.09401478122224774
146.0, 0.09927695447750513
147.0, 0.0984462883577399
148.0, 0.09761508154750209
149.0, 0.10528316592899166
150.0, 0.10936427034621281
151.0, 0.12405126285265125
152.0, 0.12934424190485022
153.0, 0.12476655734790662
154.0, 0.11386197404392208
155.0, 0.10174935123716572
156.0, 0.10154912162609575
157.0, 0.09832244085430066
158.0, 0.09341847675683171
159.0, 0.08933551634774499
160.0, 0.08866371092607923
161.0, 0.0907933501670862
162.0, 0.09412626642314009
163.0, 0.10072775097925897
164.0, 0.10972103941445278
165.0, 0.1201347774448214
166.0, 0.1326183465495322
167.0, 0.13410514616931385
168.0, 0.13221344293185086
169.0, 0.13467670618405123
170.0, 0.1383158950335586
171.0, 0.1316122329520708
172.0, 0.11515172341984896
173.0, 0.10307014833439086
174.0, 0.09605610498293454
175.0, 0.09185461986980979
176.0, 0.08603838567426657
177.0, 0.07080314886968299
178.0, 0.056482331720903695
179.0, 0.05504557103485649
180.0, 0.05807637039311541
181.0, 0.05654217650894048
182.0, 0.045313016611273314
183.0, 0.054293702324808756
184.0, 0.062205062124040915
185.0, 0.07070422565676612
186.0, 0.08098823553809412
187.0, 0.09282323889721597
188.0, 0.10196338012916903
189.0, 0.10670984674736017
190.0, 0.11943126771557384
191.0, 0.13339326241119295
192.0, 0.1435954383069358
193.0, 0.14959933285100568
194.0, 0.15483408587596753
195.0, 0.15785541994038543
196.0, 0.16058987156848611
197.0, 0.16241896626130736
198.0, 0.16180784555521852
199.0, 0.15722678304164484
200.0, 0.16242019503877544
201.0, 0.18206559224938218
202.0, 0.1952089067063701
203.0, 0.18311261397426612
204.0, 0.13591042046571655
205.0, 0.07375972387273458
206.0, 0.037808418283162226
207.0, 0.016431994932045703
208.0, 0.006542190589979024
209.0, 0.005513715302815412
210.0, 0.005162606782384906
211.0, 0.0046689087814012365
212.0, 0.0045606445422563605
213.0, 0.004086340490383658
214.0, 0.0038314732188805176
215.0, 0.005044536991390392
216.0, 0.0030507393283200268
217.0, 0.0026132641271958035
218.0, 0.004067176882282731
219.0, 0.004305450436055218
220.0, 0.0030591958751660267
221.0, 0.008130857807641126
222.0, 0.0037345306417681445
223.0, 0.0065200099935223835
224.0, 0.00898490047033169
225.0, 0.009563613991725709
226.0, 0.01006964073558999
227.0, 0.0033981809352808126
228.0, 0.00541076742913869
229.0, 0.0053694888853090305
230.0, 0.0031307585904327365
231.0, 0.00220021760685243
232.0, 0.007865325726213436
233.0, 0.00185591937210936
234.0, 0.0012498225200179077
235.0, 0.0011254606733871505
236.0, 0.004360062439030298
237.0, 0.012206580962343953
238.0, 0.007464089502591886
239.0, 0.010548448722027093
240.0, 0.013043962450027985
241.0, 0.010927932138402393
242.0, 0.009366009062927049
243.0, 0.018293641776981055
244.0, 0.011225002282014488
245.0, 0.008506578437943363
246.0, 0.009764976925565648
247.0, 0.008850168153081298
248.0, 0.004124703851365698
249.0, 0.005663844922282483
250.0, 0.005679970000129845
251.0, 0.004005807225510353
252.0, 0.006435296428686693
253.0, 0.010770907489234193
254.0, 0.012299409016662535
255.0, 0.015590828010237404
256.0, 0.01678236846371157
257.0, 0.018045939177885297
258.0, 0.029674845420096692
259.0, 0.04378722190426784
260.0, 0.03811089703255372
261.0, 0.051045962571034054
262.0, 0.04199245299961854
263.0, 0.03245853050085796
264.0, 0.028131427949981233
265.0, 0.028714102728072115
266.0, 0.030960303604282313
267.0, 0.031147383622875075
268.0, 0.03587143174198856
269.0, 0.03853548270271411
270.0, 0.04277784888207703
271.0, 0.052768376867143
272.0, 0.05450068729066487
273.0, 0.06174197247575631
274.0, 0.06646012830792575
275.0, 0.07071307647382032
276.0, 0.0729719388472866
277.0, 0.06862929294295249
278.0, 0.05884819856122564
279.0, 0.062025478833650484
280.0, 0.060666568683428575
281.0, 0.061102464950387216
282.0, 0.06511924711015121
283.0, 0.061863188569971264
284.0, 0.062078205653405986
285.0, 0.07015279274375066
286.0, 0.07381899823192284
287.0, 0.07221805397287111
288.0, 0.0696998470884231
289.0, 0.07207514338893456
290.0, 0.0776280914178027
291.0, 0.07677620155203618
292.0, 0.07532213184405435
293.0, 0.07857879778762498
294.0, 0.08681211848278353
295.0, 0.08423543794143705
296.0, 0.09399733813303195
297.0, 0.09277680763976946
298.0, 0.08819821187276157
299.0, 0.08695498866379378
300.0, 0.08982021837047291
301.0, 0.08402401216085593
302.0, 0.08971401679440101
303.0, 0.07380985940643409
304.0, 0.05774961213625468
305.0, 0.0538574056340566
306.0, 0.051177120308781965
307.0, 0.05371136935681523
308.0, 0.048332647390482486
309.0, 0.04401807040398637
310.0, 0.04019608403580669
311.0, 0.03519652322320391
312.0, 0.030197153383748614
313.0, 0.02898016986224152
314.0, 0.026298567637408347
315.0, 0.02737754551464242
316.0, 0.0237339531033896
317.0, 0.011555715112586042
318.0, 0.010213563335853092
319.0, 0.01949022547022723
320.0, 0.01990806415919737
321.0, 0.022150586904948682
322.0, 0.02425035671173673
323.0, 0.020984240553736388
324.0, 0.019849573900209
325.0, 0.029775882902212177
326.0, 0.03748639701886276
327.0, 0.0401142058832754
328.0, 0.04110387138679009
329.0, 0.04611166607664481
330.0, 0.05400397542053065
331.0, 0.04779897497644024
332.0, 0.046205967892766965
333.0, 0.03842307423201221
334.0, 0.02919229461795694
335.0, 0.032546673037875944
336.0, 0.031039417021399705
337.0, 0.016975311004284347
338.0, 0.012992085439758452
339.0, 0.013410214887925752
340.0, 0.013142416902699018
341.0, 0.012059748049119546
342.0, 0.011581590982033135
343.0, 0.016005549703090493
344.0, 0.0193750408418062
345.0, 0.016146780247073396
346.0, 0.00985940942248725
347.0, 0.01255685407776197
348.0, 0.027324686974179505
349.0, 0.01621845791472064
350.0, 0.017819997082847552
351.0, 0.0219766283494768
352.0, 0.02367856871798467
353.0, 0.03365885862798938
354.0, 0.03176852685152346
355.0, 0.037223436875680374
356.0, 0.046940073207384796
357.0, 0.05386487046006886
358.0, 0.05852465859284379
359.0, 0.07146798273758433
360.0, 0.09265328093373583
361.0, 0.10574948373543523
362.0, 0.1212848660023905
363.0, 0.14160961664491178
364.0, 0.16713291880586434
365.0, 0.19838549347399415
366.0, 0.2370063021739084
367.0, 0.2855161318595133
368.0, 0.3345197705795642
369.0, 0.3921660266777322
370.0, 0.4621903806203479
371.0, 0.5359841125077656
372.0, 0.6014786344636863
373.0, 0.6699384270316122
374.0, 0.7230817284402917
375.0, 0.7515485448389537
376.0, 0.7484219515096925
377.0, 0.7093682196337057
378.0, 0.6487002587623528
379.0, 0.574934614591901
380.0, 0.4928107590922721
381.0, 0.4151170877550097
382.0, 0.34950880607840573
383.0, 0.293122630682481
384.0, 0.23361356204992736
385.0, 0.2020439528715596
386.0, 0.17814784332793498
387.0, 0.1486856805624333
388.0, 0.11849376565980337
389.0, 0.10753510029087548
390.0, 0.10595554892832545
391.0, 0.08828370511751914
392.0, 0.08064074640217625
393.0, 0.07278896054238305
394.0, 0.05907145411210295
395.0, 0.04583880540120387
396.0, 0.03895554092510495
397.0, 0.037140150166370886
398.0, 0.04039097169568594
399.0, 0.04247873964096809
400.0, 0.04025653387489797
401.0, 0.035350506056287416
402.0, 0.03332692558791677
403.0, 0.035431460476302426
404.0, 0.03738359664102374
405.0, 0.035611295562923015
406.0, 0.032474703118909085
407.0, 0.033719829665708835
408.0, 0.04098466944608079
409.0, 0.043453765845523594
410.0, 0.050376633545293655
411.0, 0.060449020856629045
412.0, 0.0745154831804524
413.0, 0.090037770209775
414.0, 0.0898803789168217
415.0, 0.09517564351167712
416.0, 0.10143095087179868
417.0, 0.09937618710920594
418.0, 0.09123225673514004
419.0, 0.08151969824448037
420.0, 0.0666138752180285
421.0, 0.05633094447092038
422.0, 0.05293439029840422
423.0, 0.04330305251894491
424.0, 0.03355484938040567
425.0, 0.02943335654009293
426.0, 0.023740878102136664
427.0, 0.012264200629649662
428.0, 0.020403625529907155
429.0, 0.02017815757232856
430.0, 0.012946090180665929
431.0, 0.005837125776282153
432.0, 0.0027983041163462813
433.0, 0.0077629985912585735
434.0, 0.01467378901205734
435.0, 0.009250864056549436
436.0, 0.005082362510644039
437.0, 0.005072105417832737
438.0, 0.001632347552397531
439.0, 0.004908754380992053
440.0, 0.003761622485149306
441.0, 0.002303269414861634
442.0, 0.00316300630248529
443.0, 0.0043287993590711265
444.0, 0.003029805346937539
445.0, 0.0025340267190582964
446.0, 0.002292463110784581
447.0, 0.003949184639930926
448.0, 0.003270457009482137
449.0, 0.003074268340015486
450.0, 0.006153281051506277
451.0, 0.009179711058533109
452.0, 0.002923718169958153
453.0, 0.004481582322103546
454.0, 0.003862384606525481
455.0, 0.002984322475091767
456.0, 0.003603804067422769
457.0, 0.0037959737156572646
458.0, 0.00502861970027598
459.0, 0.007919434377544905
460.0, 0.012070266451681891
461.0, 0.01615680159916821
462.0, 0.017730567339294852
463.0, 0.01662806842906217
464.0, 0.022396715089929593
465.0, 0.01717590334833292
466.0, 0.019479701848394947
467.0, 0.024709577570216645
468.0, 0.03175315425940859
469.0, 0.038673505011381754
470.0, 0.038463868471113105
471.0, 0.03898373773246661
472.0, 0.042237919052420435
473.0, 0.041136020657857715
474.0, 0.03621601755691525
475.0, 0.029189690844140512
476.0, 0.022550715718252737
477.0, 0.032592550332027015
478.0, 0.033418907505082425
479.0, 0.037686772752085804
480.0, 0.0436741127828719
481.0, 0.044567876230023756
482.0, 0.03848493359313657
483.0, 0.04303921928415812
484.0, 0.051413153211063635
485.0, 0.04501367797693233
486.0, 0.03366743373855738
487.0, 0.030170603482444897
488.0, 0.0313363507703861
489.0, 0.014099987822887797
490.0, 0.00900073434257724
491.0, 0.003003364620199923
492.0, 0.002210092989190393
493.0, 0.003836343387396182
494.0, 0.0038287796842739704
495.0, 0.0018626026683535336
496.0, 0.008812593895142693
497.0, 0.007361504038932815
498.0, 0.002625530372453476
499.0, 0.0011964681174396646
500.0, 0.005748973516808682
501.0, 0.011728934049061323
502.0, 0.0077890927142081345
503.0, 0.004748265610622613
504.0, 0.003918507421039558
505.0, 0.0037610409870208954
506.0, 0.005680328431872378
507.0, 0.007804113509768511
508.0, 0.006632153438655493
509.0, 0.006620210160478025
510.0, 0.00821294064830055
511.0, 0.009143203177358396
512.0, 0.006896785799875119
513.0, 0.00794124298850642
514.0, 0.012290076950989132
515.0, 0.0037772479024024974
516.0, 0.0016696571288139098
517.0, 0.000441200208946965
518.0, 0.0016740820811626956
519.0, 0.012354782789606939
520.0, 0.020679571345650204
521.0, 0.010560937887095329
522.0, 0.01211807220883886
523.0, 0.03042936046495801
524.0, 0.023101317118129835
525.0, 0.018853817115738403
526.0, 0.0177422238839531
527.0, 0.016191326590641375
528.0, 0.02396331528515884
529.0, 0.021714194128355943
530.0, 0.025044368639174502
531.0, 0.023428943432169134
532.0, 0.026843379889098004
533.0, 0.03205564876229472
534.0, 0.029706384930808353
535.0, 0.027626452755709636
536.0, 0.03227753560995016
537.0, 0.035070014364361364
538.0, 0.03168988677672907
539.0, 0.02961261519835682
540.0, 0.0321040590122961
541.0, 0.03467127906939875
542.0, 0.04413582283588722
543.0, 0.05031630634218515
544.0, 0.04430967974177315
545.0, 0.04634949731760526
546.0, 0.05068364585897127
547.0, 0.05141898892312615
548.0, 0.06748769084568453
549.0, 0.06680076211525363
550.0, 0.06102099234772057
551.0, 0.06519399426909499
552.0, 0.06598353962694649
553.0, 0.06919673805387731
554.0, 0.08432052084767572
555.0, 0.0749126614584705
556.0, 0.08149367439909268
557.0, 0.08541605035331239
558.0, 0.08294052276324843
559.0, 0.08257830133461473
560.0, 0.0859861211330789
561.0, 0.08684706255669646
562.0, 0.10143160021400616
563.0, 0.10126316531018068
564.0, 0.1140991277245279
565.0, 0.11564965253370502
566.0, 0.11866052922114861
567.0, 0.13392947032563718
568.0, 0.14061165819609708
569.0, 0.14525983446901788
570.0, 0.16348245742886017
571.0, 0.17287089948062118
572.0, 0.19292177462866966
573.0, 0.21752472097118739
574.0, 0.23562670859560617
575.0, 0.26739529972761233
576.0, 0.29013116523760196
577.0, 0.3247322208720227
578.0, 0.358245938019161
579.0, 0.3902356853234315
580.0, 0.4280537198351784
581.0, 0.4718574933348215
582.0, 0.49267145306868027
583.0, 0.5211002971035318
584.0, 0.5356821464498828
585.0, 0.5366699819701009
586.0, 0.5195889614002315
587.0, 0.4893431168114735
588.0, 0.4592385471679294
589.0, 0.4338759163638938
590.0, 0.42072827275234187
591.0, 0.3451466458770159
592.0, 0.2713270759138964
593.0, 0.23147342757981765
594.0, 0.21273294777795473
595.0, 0.17825675652710826
596.0, 0.14468309622360026
597.0, 0.13062932384962353
598.0, 0.12020548017276671
599.0, 0.09484101396310436
600.0, 0.07813848491604776
601.0, 0.0789395109440506
602.0, 0.06816124570910403
603.0, 0.06028757375383118
604.0, 0.05104067500230855
605.0, 0.043057723362045865
606.0, 0.04026188867484308
607.0, 0.03792858016159405
608.0, 0.032580897807970986
609.0, 0.028366208474946687
610.0, 0.024765186564520654
611.0, 0.02693265342388023
612.0, 0.026885046231151757
613.0, 0.024773225803216413
614.0, 0.018410286420600344
615.0, 0.012548358348415441
616.0, 0.0192052999856401
617.0, 0.011202773885607236
618.0, 0.011191931548610368
619.0, 0.008744390383558192
620.0, 0.0049974034555228765
621.0, 0.0046983830552022685
622.0, 0.008071205623691137
623.0, 0.008030977182720202
624.0, 0.009092206825911435
625.0, 0.004786728834515967
626.0, 0.010811726382986471
627.0, 0.016918309105659283
628.0, 0.023594134280089128
629.0, 0.027113300774442746
630.0, 0.013511555815811331
631.0, 0.014910991020519973
632.0, 0.003748337350422703
633.0, 0.0010949359150323858
634.0, 0.005623679469948575
635.0, 0.007425418154508554
636.0, 0.005201668052888155
637.0, 0.009433074548861723
638.0, 0.000561996654154945
639.0, 0.0002635276973791431
640.0, 0.002029569912339681
641.0, 0.003805449909261297
642.0, 0.0037453278432955425
643.0, 0.0018645471771032516
644.0, 0.0016398376569370992
645.0, 0.01167359570542054
646.0, 0.006879968839383778
647.0, 0.002826955648237233
648.0, 0.005884605328923294
649.0, 0.007997355064163596
650.0, 0.0063874119056707155
651.0, 0.007257994127768936
652.0, 0.0030282092266899893
653.0, 0.00967584363727637
654.0, 0.013430724705850976
655.0, 0.008300506609718221
656.0, 0.009829909865002465
657.0, 0.01476450270853917
658.0, 0.008145039658313931
659.0, 0.013835418391305056
660.0, 0.015893717619112468
661.0, 0.018612556006837245
662.0, 0.015423003297154328
663.0, 0.01736451961242809
664.0, 0.022630726014171678
665.0, 0.02285437874786568
666.0, 0.026012286573231083
667.0, 0.030753662628022444
668.0, 0.035688732402023575
669.0, 0.03983167959349331
670.0, 0.04350304164745083
671.0, 0.04555386437142325
672.0, 0.04745512639325897
673.0, 0.054912537314341314
674.0, 0.059282344828432615
675.0, 0.06669484828494647
676.0, 0.07731993775041757
677.0, 0.08478578350066589
678.0, 0.09280971987497277
679.0, 0.10408119567872898
680.0, 0.11469311313684284
681.0, 0.12753244632200875
682.0, 0.1358286522326938
683.0, 0.15000833067490382
684.0, 0.16671560110649197
685.0, 0.17334380435086658
686.0, 0.1774135648722578
687.0, 0.19594896469897677
688.0, 0.21283375941768437
689.0, 0.22089137979141535
690.0, 0.24266704860630248
691.0, 0.25329167535725744
692.0, 0.26291870553948227
693.0, 0.26860647625593886
694.0, 0.26690936579939395
695.0, 0.27414376109647104
696.0, 0.2761846147491155
697.0, 0.2712522629496702
698.0, 0.2710833903213486
699.0, 0.26137285084096806
700.0, 0.24694768484844568
701.0, 0.23559907662329965
702.0, 0.22548588158700783
703.0, 0.21205000130640095
704.0, 0.20302174005309778
705.0, 0.1926347341179124
706.0, 0.17810789359055118
707.0, 0.1642093944019118
708.0, 0.15098728496441702
709.0, 0.13440038885420194
710.0, 0.1149152850754221
711.0, 0.10716613372199119
712.0, 0.09639586217063321
713.0, 0.09079804156490344
714.0, 0.08979352594471247
715.0, 0.08848155736223966
716.0, 0.0834833758151988
717.0, 0.07487116682255267
718.0, 0.059909184598384166
719.0, 0.0536594945970405
720.0, 0.05703720982191281
721.0, 0.050365626140737696
722.0, 0.04865967973441587
723.0, 0.050236361743050684
724.0, 0.043847658458661364
725.0, 0.04061936125060366
726.0, 0.03006409882825874
727.0, 0.021934183265900166
728.0, 0.026871462314529238
729.0, 0.030807407410357746
730.0, 0.031018503346127088
731.0, 0.030131279251363902
732.0, 0.029069564011342062
733.0, 0.028814949455331872
734.0, 0.026857798454558785
735.0, 0.02683768931009749
736.0, 0.02306127642525008
737.0, 0.020267967215606322
738.0, 0.01753076254495094
739.0, 0.010905476302538502
740.0, 0.003857239233521676
741.0, 0.017534147895177717
742.0, 0.019888135637816926
743.0, 0.019265359040531622
744.0, 0.013645334743424145
745.0, 0.010678388973051477
746.0, 0.013165732771250705
747.0, 0.01607598353504738
748.0, 0.015292992250663539
749.0, 0.011850924613141299
750.0, 0.010611503665537574
751.0, 0.010127185851937044
752.0, 0.00855926164285509
753.0, 0.008669425914775599
754.0, 0.009276485522906759
755.0, 0.005967295645611534
756.0, 0.007194462800870186
757.0, 0.009923949708106294
758.0, 0.01268157977760731
759.0, 0.00777403010120411
760.0, 0.005064033437010492
761.0, 0.005505909804406591
762.0, 0.004881894830454545
763.0, 0.0036426698410379488
764.0, 0.00496334879404475
765.0, 0.003176435531564568
766.0, 0.0019514515183522516
767.0, 0.0014342129372360867
768.0, 0.001993420009628344
769.0, 0.00635380638407341
770.0, 0.013353815440861746
771.0, 0.013850519058301194
772.0, 0.00756092216822874
773.0, 0.023738091243147127
774.0, 0.01587939302668441
775.0, 0.012364439957624348
776.0, 0.016129973158978204
777.0, 0.018471587430189822
778.0, 0.015611079927978142
779.0, 0.015632784410972055
780.0, 0.02055399978781023
781.0, 0.0188839322082124
782.0, 0.0244187357063812
783.0, 0.02625590080643807
784.0, 0.022444440423171567
785.0, 0.021787615669882215
786.0, 0.028388943425027305
787.0, 0.027654418291438096
788.0, 0.03560168336626569
789.0, 0.036475375944199126
790.0, 0.03572426867233117
791.0, 0.03565832100120941
792.0, 0.033685807146709414
793.0, 0.02884316211685239
794.0, 0.023494985646356294
795.0, 0.02032249174521512
796.0, 0.024165781573356675
797.0, 0.01743163710845054
798.0, 0.020355211973336357
799.0, 0.01971313353235974
800.0, 0.0174597886660961
801.0, 0.01807919134511287
802.0, 0.019873643430438053
803.0, 0.01815026714079072
804.0, 0.018286708475452967
805.0, 0.00931179608832701
806.0, 0.010524292378845779
807.0, 0.0058297082045236015
808.0, 0.005461965811683592
809.0, 0.008815272250176117
810.0, 0.00969576136184637
811.0, 0.02113043843698645
812.0, 0.01660350291347561
813.0, 0.021764003382996406
814.0, 0.014894587829991174
815.0, 0.011350226605578408
816.0, 0.010293634360269806
817.0, 0.01097173762021799
818.0, 0.013135418184216596
819.0, 0.010311208835062409
820.0, 0.0006320876560604299
821.0, 0.011955716234245503
822.0, 0.011325416248599429
823.0, 0.014233694354242462
824.0, 0.011371922435654146
825.0, 0.0040227240649837225
826.0, 0.0010629064410604947
827.0, 0.0029048271852771795
828.0, 0.0023825356750751896
829.0, 0.004338468487470032
830.0, 0.010996854764226667
831.0, 0.011522911894532228
832.0, 0.010781054457486904
833.0, 0.009187058993571934
834.0, 0.006876121559940386
835.0, 0.006131181280429233
836.0, 0.0033290523508428503
837.0, 0.013040930272690054
838.0, 0.006820757377336145
839.0, 0.006895197179847331
840.0, 0.009052312959966337
841.0, 0.006447247183418848
842.0, 0.004871000619748896
843.0, 0.010939867876616122
844.0, 0.010802179517919326
845.0, 0.005097246116141804
846.0, 0.004362804600734673
847.0, 0.013706448973457762
848.0, 0.010895174000530163
849.0, 0.014085008191676693
850.0, 0.013505191754796402
851.0, 0.003902301805139749
852.0, 0.015326852484424329
853.0, 0.01799588308192314
854.0, 0.011895671818623148
855.0, 0.013760804525115383
856.0, 0.017683117741278176
857.0, 0.021430545368902657
858.0, 0.023629883150784844
859.0, 0.021514144166699927
860.0, 0.017352350989109495
861.0, 0.02424553936141295
862.0, 0.012423817103691774
863.0, 0.012356248828621725
864.0, 0.0059560557693482865
865.0, 0.0017404195848773286
866.0, 0.00800922204262904
867.0, 0.01144762515898336
868.0, 0.006586358174771852
869.0, 0.014810602233971067
870.0, 0.02007425668792406
871.0, 0.022073948707721825
872.0, 0.013673123835186839
873.0, 0.004144668029865801
874.0, 0.002544906215611425
875.0, 0.005215709901284992
876.0, 0.007007197139158405
877.0, 0.008460130793551953
878.0, 0.010262413607436908
879.0, 0.0019357100420584056
880.0, 0.0009997471542461185
881.0, 0.003961112982386732
882.0, 0.009369476190927598
883.0, 0.00950808114344368
884.0, 0.004522355322035241
885.0, 0.004452701670075375
886.0, 0.012944991591316738
887.0, 0.0053231692399129844
888.0, 0.008187603975400233
889.0, 0.009483655257483478
890.0, 0.004141228246106092
891.0, 0.0025110239699030344
892.0, 0.0036786605508506843
893.0, 0.003858170089589704
894.0, 0.00515749610367058
895.0, 0.011326041044415645
896.0, 0.006861862901431398
897.0, 0.005618940115881041
898.0, 0.0024975671576964393
899.0, 0.0015380264793947692
900.0, 0.004363456394096706
901.0, 0.006985866311114665
902.0, 0.004919558683425986
903.0, 0.0022153385435108226
904.0, 0.009102839796890859
905.0, 0.00649573981551911
906.0, 0.0028871633424316957
907.0, 0.004367062173858259
908.0, 0.0043475241994423205
909.0, 0.006033777082713534
910.0, 0.007655110939746944
911.0, 0.005871718210960202
912.0, 0.0021787079020144234
913.0, 0.003284904109743735
914.0, 0.011226567482336774
915.0, 0.003674277982649913
916.0, 0.009319639116377322
917.0, 0.003864796856993013
918.0, 0.0021360852863309097
919.0, 0.0049125246460057625
920.0, 0.006255587340610537
921.0, 0.0049737840831773775
922.0, 0.0008820071053020379
923.0, 0.0007317335171855934
924.0, 0.0008803450560392521
925.0, 0.010713708915240148
926.0, 0.006204149282349153
927.0, 0.00524029958418363
928.0, 0.007023344133588366
929.0, 0.0065690296630402855
930.0, 0.009340809082845784
931.0, 0.018585868964985902
932.0, 0.0202915969107271
933.0, 0.008277575858622823
934.0, 0.005716679009293674
935.0, 0.0031998790867622407
936.0, 0.005735710919732956
937.0, 0.014165412214460217
938.0, 0.016409872389441624
939.0, 0.006396979668022299
940.0, 0.00237050926877779
941.0, 0.009493377395225037
942.0, 0.0012949612451708032
943.0, 0.012882217111774511
944.0, 0.018560952091425113
945.0, 0.02057575632363008
946.0, 0.019347259235047223
947.0, 0.0188060142785999
948.0, 0.018695413269601287
949.0, 0.012547850583781921
950.0, 0.016887334551370762
951.0, 0.017801250417094502
952.0, 0.009298095554359991
953.0, 0.019867600204857918
954.0, 0.01946966893988286
955.0, 0.017706249032286587
956.0, 0.019675799838514384
957.0, 0.0181827332870177
958.0, 0.012951475488778565
959.0, 0.01726666443319981
960.0, 0.029749442620842746
961.0, 0.02196255218938086
962.0, 0.017612226724102356
963.0, 0.024704235549550053
964.0, 0.026488560267379304
965.0, 0.027136952314084382
966.0, 0.02811161741248703
967.0, 0.024971518346714426
968.0, 0.030598172079202422
969.0, 0.04581552202501647
970.0, 0.029257102445665678
971.0, 0.024566590140849186
972.0, 0.031317818560220645
973.0, 0.027592966286346665
974.0, 0.03228290399065332
975.0, 0.034880246550554876
976.0, 0.030173329444950624
977.0, 0.040231581505030596
978.0, 0.029095918406406966
979.0, 0.03463772886297071
980.0, 0.04794934258638868
981.0, 0.041423622607333545
982.0, 0.05774142356615305
983.0, 0.05363362006266976
984.0, 0.03513434437133279
985.0, 0.03373553191869629
986.0, 0.05001351042491923
987.0, 0.055887150619086286
988.0, 0.05766728764585136
989.0, 0.051348986593012354
990.0, 0.05527549247282661
991.0, 0.06981943543457356
992.0, 0.07630070787037738
993.0, 0.08086907429906928
994.0, 0.08196641359339
995.0, 0.08365149756967105
996.0, 0.09321514444347591
997.0, 0.0930933377041075
998.0, 0.09267190675816431
999.0, 0.11105129826166313
1000.0, 0.122326070013538
1001.0, 0.1277554758593927
1002.0, 0.13403568223303397
1003.0, 0.14397038902377768
1004.0, 0.1561992623817851
1005.0, 0.16636108149547452
1006.0, 0.1757474689584934
1007.0, 0.19769207372060676
1008.0, 0.21497652863077749
1009.0, 0.2309223604445348
1010.0, 0.2550936244540984
1011.0, 0.2709377376959608
1012.0, 0.29547269482200006
1013.0, 0.31846063310312805
1014.0, 0.3519312917339673
1015.0, 0.39919780346214906
1016.0, 0.43634073552200464
1017.0, 0.4834896021536676
1018.0, 0.5358418965731768
1019.0, 0.5742343090556891
1020.0, 0.6371843440819197
1021.0, 0.7063824089863103
1022.0, 0.7683048885584658
1023.0, 0.8196973784635848
1024.0, 0.8704660030981427
1025.0, 0.9189684362664357
1026.0, 0.9516642406427883
1027.0, 0.9807820369342803
1028.0, 0.9992914624887148
1029.0, 0.9999367607685739
1030.0, 0.9889815761398918
1031.0, 0.9806410703332036
1032.0, 0.9511700935759629
1033.0, 0.9175470804240308
1034.0, 0.8821556719749689
1035.0, 0.8415928273379362
1036.0, 0.8030835764895148
1037.0, 0.7587899673946451
1038.0, 0.7063960110345266
1039.0, 0.6516998579005362
1040.0, 0.6107120738711919
1041.0, 0.558017438934509
1042.0, 0.500389261548974
1043.0, 0.4479852103607813
1044.0, 0.40575387394951773
1045.0, 0.3683820577346469
1046.0, 0.3312621548369147
1047.0, 0.30095202566463525
1048.0, 0.27363015572691723
1049.0, 0.24653968402876908
1050.0, 0.2231677178885165
1051.0, 0.2137326591946996
1052.0, 0.19125739747991344
1053.0, 0.17979741112903938
1054.0, 0.1655142937524702
1055.0, 0.14637031007666831
1056.0, 0.13487889120821178
1057.0, 0.12506989557940992
1058.0, 0.11292153051272656
1059.0, 0.10383720774750253
1060.0, 0.10425342024910783
1061.0, 0.10072796117687559
1062.0, 0.09326145281003002
1063.0, 0.08989309420696237
1064.0, 0.08389172554769488
1065.0, 0.08206922969008189
1066.0, 0.08240614098492224
1067.0, 0.0788588800872475
1068.0, 0.08275412442480304
1069.0, 0.07099695062223253
1070.0, 0.07542280047712013
1071.0, 0.07023850493756188
1072.0, 0.07651001652412552
1073.0, 0.10265900932756462
1074.0, 0.09920334475785858
1075.0, 0.09741624821922515
1076.0, 0.09635551749116554
1077.0, 0.09330989595185749
1078.0, 0.11132806894209778
1079.0, 0.11729388226579616
1080.0, 0.12070669897572428
1081.0, 0.11770175203712957
1082.0, 0.11894115027940766
1083.0, 0.11299133718636423
1084.0, 0.10331016334280274
1085.0, 0.09373218974260693
1086.0, 0.09398637369543253
1087.0, 0.09469022913278194
1088.0, 0.08218916456344617
1089.0, 0.068784063043233
1090.0, 0.0736300141496431
1091.0, 0.05778985996094123
1092.0, 0.054411231636835714
1093.0, 0.06706849360149239
1094.0, 0.05342773305840786
1095.0, 0.05437111399826198
1096.0, 0.054205082052647645
1097.0, 0.046919600710961344
1098.0, 0.040360457995223656
1099.0, 0.0378101444243267
1100.0, 0.036700979048824946
1101.0, 0.038452723327755615
1102.0, 0.03626646400241795
1103.0, 0.03015937574805434
1104.0, 0.032942846735972885
1105.0, 0.031390189040028195
1106.0, 0.03432038079531122
1107.0, 0.03276340963021972
1108.0, 0.027576755851888346
1109.0, 0.023910168678679716
1110.0, 0.023468624632479618
1111.0, 0.02402831410414263
1112.0, 0.022391718292085874
1113.0, 0.020793451711403795
1114.0, 0.025921594251984842
1115.0, 0.028004966810517302
1116.0, 0.03190342495988972
1117.0, 0.02638623446236995
1118.0, 0.022395761099401248
1119.0, 0.020344235177633386
1120.0, 0.017804383813061955
1121.0, 0.01672951881473095
1122.0, 0.01737877099845209
1123.0, 0.01804080503969759
1124.0, 0.02687157145717019
1125.0, 0.022078033861943156
1126.0, 0.024675583739022917
1127.0, 0.012304327028476676
1128.0, 0.023928502814583086
1129.0, 0.014205577867748013
1130.0, 0.01165899481920831
1131.0, 0.0149598094644083
1132.0, 0.019059993260293732
1133.0, 0.017962900821484353
1134.0, 0.009540663944176582
1135.0, 0.02100237119145141
1136.0, 0.018641802355434233
1137.0, 0.009949351527091671
1138.0, 0.021928250580419244
1139.0, 0.014081745646471397
1140.0, 0.013383377748249445
1141.0, 0.012074550848746228
1142.0, 0.008793236226908197
1143.0, 0.007364327722536242
1144.0, 0.006933426397733361
1145.0, 0.005349736939332041
1146.0, 0.004874321116217823
1147.0, 0.005138762016209802
1148.0, 0.0008494477181563863
1149.0, 0.0026869967851896764
1150.0, 0.0037366925161191424
1151.0, 0.004260987897300725
1152.0, 0.003284406638958336
1153.0, 0.001278186075617578
1154.0, 0.0005024987383489965
1155.0, 0.003414496080304192
1156.0, 0.005887297708941692
1157.0, 0.004007964579720981
1158.0, 0.001815180187329246
1159.0, 0.0023252061066942973
1160.0, 0.007117384291198146
1161.0, 0.00016546228914140256
1162.0, 0.0038459169661176473
1163.0, 0.008556658275515772
1164.0, 0.004888285388114448
1165.0, 0.00598201387486704
1166.0, 0.005107884965742646
1167.0, 0.005580206956389704
1168.0, 0.006034646715161221
1169.0, 0.005247353903717784
1170.0, 0.009073196807173637
1171.0, 0.009714571111614128
1172.0, 0.011002925828079064
1173.0, 0.005573915341246695
1174.0, 0.0074755084361551255
1175.0, 0.00674927176623264
1176.0, 0.006433986254302888
1177.0, 0.009544779513126843
1178.0, 0.010460309442471007
1179.0, 0.009721134950530619
1180.0, 0.005271688137034779
1181.0, 0.0016105440956182895
1182.0, 0.003553687634726133
1183.0, 0.0031339162908192615
1184.0, 0.007636016380398009
1185.0, 0.005707818817862722
1186.0, 0.016686885550297775
1187.0, 0.0062588429557731105
1188.0, 0.0052076705883974134
1189.0, 0.0021330463580986696
1190.0, 0.003791310083677809
1191.0, 0.005592700674154993
1192.0, 0.004046609409712187
1193.0, 0.0015861250577606178
1194.0, 0.0017406157430665992
1195.0, 0.0036754328606621554
1196.0, 0.003277474692768823
1197.0, 0.0045885884930039695
1198.0, 0.013768214975559728
1199.0, 0.0054169519030171556
1200.0, 0.006878371547990419
1201.0, 0.004297661259114985
1202.0, 0.002720953251572157
1203.0, 0.0017739839052985772
1204.0, 0.007444011549709974
1205.0, 0.012948915994328687
1206.0, 0.009745727145284735
1207.0, 0.003487372925469321
1208.0, 0.0021058325676143823
1209.0, 0.0004213759254862314
1210.0, 0.0018749903856912745
1211.0, 0.008392823553638075
1212.0, 0.011658111018248572
1213.0, 0.004497740823744484
1214.0, 0.0033013612679692926
1215.0, 0.00354163317847181
1216.0, 0.010754097948497963
1217.0, 0.011446218285638198
1218.0, 0.006185638582035376
1219.0, 0.008363849940718843
1220.0, 0.014233667532570644
1221.0, 0.00912414671813617
1222.0, 0.004472128217429387
1223.0, 0.01800634298046413
1224.0, 0.00883760707262586
1225.0, 0.008164049762703065
1226.0, 0.020181812009338627
1227.0, 0.0130220127195725
1228.0, 0.013866267213495327
1229.0, 0.01645365538261719
1230.0, 0.01540437582911248
1231.0, 0.01454865261154337
1232.0, 0.008806215266082114
1233.0, 0.00142536465342283
1234.0, 0.0012190295875862051
1235.0, 0.0032632029147786823
1236.0, 0.006357045062004156
1237.0, 0.010261172671614489
1238.0, 0.012076484787852013
1239.0, 0.016431015133475075
1240.0, 0.011491271403752754
1241.0, 0.004271884612587598
1242.0, 0.0055689771402319555
1243.0, 0.00825542880262247
1244.0, 0.01409310193687043
1245.0, 0.014341280442132457
1246.0, 0.008620218468652817
1247.0, 0.005315999361963753
1248.0, 0.0045339041851717565
1249.0, 0.0035389438492250984
1250.0, 0.009859081867165762
1251.0, 0.017757037043760242
1252.0, 0.01561834583254948
1253.0, 0.013436774857733765
1254.0, 0.018446362954648188
1255.0, 0.016086064026551664
1256.0, 0.012226937761642196
1257.0, 0.013157941258495679
1258.0, 0.014243808771155825
1259.0, 0.014386820792054304
1260.0, 0.01489914078925598
1261.0, 0.016837879414424793
1262.0, 0.01573775787592751
1263.0, 0.011659759671721412
1264.0, 0.017500556735131078
1265.0, 0.015098934908634362
1266.0, 0.01487293936369325
1267.0, 0.017116460133202508
1268.0, 0.02149335519967181
1269.0, 0.024045553948784597
1270.0, 0.028796495422770085
1271.0, 0.017989091605994705
1272.0, 0.020061382750426727
1273.0, 0.02391288812905793
1274.0, 0.01781634097988178
1275.0, 0.018183152885273866
1276.0, 0.02672485724590609
1277.0, 0.028517399714253006
1278.0, 0.02852290067297622
1279.0, 0.0224406855417047
1280.0, 0.011825371402289168
1281.0, 0.015949929721714773
1282.0, 0.02724508068118491
1283.0, 0.03366538986426079
1284.0, 0.02158134196662472
1285.0, 0.027078824943232497
1286.0, 0.022408503211908293
1287.0, 0.026970615620671226
1288.0, 0.02320394027447288
1289.0, 0.013913368253247325
1290.0, 0.022000468309712508
1291.0, 0.03106605479568192
1292.0, 0.022285135726831967
1293.0, 0.021624695782014806
1294.0, 0.024222108499548423
1295.0, 0.02467050179030262
1296.0, 0.01960511906169205
1297.0, 0.015880271776165692
1298.0, 0.018107300215818262
1299.0, 0.01450474862144492
1300.0, 0.02038416068230852
1301.0, 0.02998887429371803
1302.0, 0.02877374302766386
1303.0, 0.030200420188597074
1304.0, 0.023702526400211622
1305.0, 0.02326423658765378
1306.0, 0.027776964410631537
1307.0, 0.027353808893123374
1308.0, 0.03130963402359005
1309.0, 0.026087629428729307
1310.0, 0.023560799559025566
1311.0, 0.018330284652621737
1312.0, 0.03158898176161475
1313.0, 0.016521739144296603
1314.0, 0.021590430421554507
1315.0, 0.010474403166880378
1316.0, 0.01967543578504219
1317.0, 0.030222601002442277
1318.0, 0.031574954873907435
1319.0, 0.026418517116684165
1320.0, 0.02261529611254909
1321.0, 0.018602591125128465
1322.0, 0.020599889089616245
1323.0, 0.0229460503055617
1324.0, 0.01168187906224107
1325.0, 0.012710120972044006
1326.0, 0.03286273572368133
1327.0, 0.02767048922118929
1328.0, 0.027856318819003658
1329.0, 0.026658953283522063
1330.0, 0.021920791659548917
1331.0, 0.024902375101025342
1332.0, 0.027546123787898585
1333.0, 0.025684141222923264
1334.0, 0.024341555995284314
1335.0, 0.02675642199046276
1336.0, 0.02478558428444573
1337.0, 0.026149596368229222
1338.0, 0.030211464457728193
1339.0, 0.028028945312866583
1340.0, 0.027341016371591337
1341.0, 0.03055393893960252
1342.0, 0.023387151759269392
1343.0, 0.025546500086379924
1344.0, 0.020687458804279035
1345.0, 0.022526870959600178
1346.0, 0.025493885028010373
1347.0, 0.026090876470033244
1348.0, 0.025702100468350197
1349.0, 0.0259862329168692
1350.0, 0.032978991236623255
1351.0, 0.020899616286958245
1352.0, 0.024800300704552896
1353.0, 0.023844042165473624
1354.0, 0.021835023898071515
1355.0, 0.024587269143150556
1356.0, 0.021306006124065878
1357.0, 0.021066380341097125
1358.0, 0.027882639654485068
1359.0, 0.02478387129286462
1360.0, 0.03161188284703974
1361.0, 0.027808541704548096
1362.0, 0.02203766827760818
1363.0, 0.024234034549041526
1364.0, 0.01921663580531674
1365.0, 0.013956264704888977
1366.0, 0.01645172293321037
1367.0, 0.015389006418455923
1368.0, 0.018542441780976884
1369.0, 0.019891826120601804
1370.0, 0.02763147661127
1371.0, 0.029281987049829903
1372.0, 0.02264317424799484
1373.0, 0.02487644737929855
1374.0, 0.03500276808834907
1375.0, 0.034908144452763766
1376.0, 0.02534961740206258
1377.0, 0.022131617100425594
1378.0, 0.02461490812702939
1379.0, 0.01935591115765294
1380.0, 0.019034385746945732
1381.0, 0.02568876848046356
1382.0, 0.022162912116053667
1383.0, 0.020059463327441986
1384.0, 0.025031100279802945
1385.0, 0.02403609689881709
1386.0, 0.026457380192215593
1387.0, 0.02429043698169932
1388.0, 0.019549619152518242
1389.0, 0.01717881056371827
1390.0, 0.019171646540755843
1391.0, 0.01768821479067908
1392.0, 0.022234786404734343
1393.0, 0.029884824353858547
1394.0, 0.03175953334790673
1395.0, 0.02786881369078004
1396.0, 0.015837749817965336
1397.0, 0.022712601469491136
1398.0, 0.02564805107475458
1399.0, 0.03210575328467041
1400.0, 0.020196076872095316
1401.0, 0.016218248297009474
1402.0, 0.017252762810275313
1403.0, 0.014955571771662792
1404.0, 0.01519868502165467
1405.0, 0.01951166701925418
1406.0, 0.01804224050369631
1407.0, 0.01950363357186579
1408.0, 0.021639427794127607
1409.0, 0.0162607878674638
1410.0, 0.015804793769885188
1411.0, 0.015054573708137661
1412.0, 0.014810340273807263
1413.0, 0.015375417491117201
1414.0, 0.018164297347146308
1415.0, 0.019863684055632092
1416.0, 0.010493134765307187
1417.0, 0.02015273051605369
1418.0, 0.020453874872444464
1419.0, 0.013963046546717787
1420.0, 0.01769403123872967
1421.0, 0.017086663166264216
1422.0, 0.013878712122733077
1423.0, 0.017070584270198967
1424.0, 0.01183043794519749
1425.0, 0.004406491925683547
1426.0, 0.010697721161589176
1427.0, 0.016702810989333614
1428.0, 0.011114381816638944
1429.0, 0.021074537609429282
1430.0, 0.013379421103016688
1431.0, 0.011451719708346603
1432.0, 0.011582830037731657
1433.0, 0.016188611306395526
1434.0, 0.02021495069242146
1435.0, 0.017778125768628337
1436.0, 0.0191920205751526
1437.0, 0.017486112476554357
1438.0, 0.022477895964547752
1439.0, 0.01850270033847934
1440.0, 0.017039772679244697
1441.0, 0.010698670211633803
1442.0, 0.009322525345188487
1443.0, 0.005229431469591606
1444.0, 0.004621476102430054
1445.0, 0.007912760990559316
1446.0, 0.005851342584944984
1447.0, 0.012445438180269618
1448.0, 0.015037023669558914
1449.0, 0.01043216831808825
1450.0, 0.019789755354396494
1451.0, 0.01408090495678917
1452.0, 0.010434020405490277
1453.0, 0.017051556403670443
1454.0, 0.011303865655653701
1455.0, 0.004641011421212752
1456.0, 0.007064256973896939
1457.0, 0.008616460446879462
1458.0, 0.007383914780994064
1459.0, 0.011121958235891757
1460.0, 0.017350910339900265
1461.0, 0.012413920372986054
1462.0, 0.013650525727368239
1463.0, 0.009329070168227243
1464.0, 0.00842410398165911
1465.0, 0.015378235065904446
1466.0, 0.013203866933950223
1467.0, 0.008487269135026825
1468.0, 0.01419241498943299
1469.0, 0.003652798950348286
1470.0, 0.002899974147589498
1471.0, 0.005580808247618791
1472.0, 0.002601155051658871
1473.0, 0.00574917537657621
1474.0, 0.004184981379137928
1475.0, 0.010080680264464119
1476.0, 0.010649188961247738
1477.0, 0.012713157801759249
1478.0, 0.013950005653689382
1479.0, 0.012832506115646097
1480.0, 0.01204354533771345
1481.0, 0.00782418983332399
1482.0, 0.003153100070488739
1483.0, 0.003199521199784435
1484.0, 0.008212539231425314
1485.0, 0.014945124337913703
1486.0, 0.012828773338412404
1487.0, 0.013993188130658423
1488.0, 0.010450949076529478
1489.0, 0.00691483335164904
1490.0, 0.013870717316745985
1491.0, 0.006952330987215845
1492.0, 0.008160561563100204
1493.0, 0.005695734378678613
1494.0, 0.008308019128341636
1495.0, 0.002740994097686827
1496.0, 0.002664403884727817
1497.0, 0.005763639661441165
1498.0, 0.003532324851474926
1499.0, 0.011752946334345593
1500.0, 0.007509629190104284
1501.0, 0.003071541805971332
1502.0, 0.013087195504752711
1503.0, 0.017928354675539406
1504.0, 0.016263485233939973
1505.0, 0.010774642828947127
1506.0, 0.010655283616880219
1507.0, 0.013302122697320765
1508.0, 0.007416535874550021
1509.0, 0.0037776833667232746
1510.0, 0.006022366313236034
1511.0, 0.003213578025897393
1512.0, 0.010450182636131684
1513.0, 0.020955084926026463
1514.0, 0.01000893747947609
1515.0, 0.014763405350359837
1516.0, 0.007160102881778347
1517.0, 0.0094104902452689
1518.0, 0.02285522085260088
1519.0, 0.008326201135143737
1520.0, 0.0064818974947750295
1521.0, 0.019270619765986777
1522.0, 0.006697779614865366
1523.0, 0.016796038088815513
1524.0, 0.009925029491950628
1525.0, 0.01215451576106819
1526.0, 0.021972060713667887
1527.0, 0.00686334971952843
1528.0, 0.0022387190109262457
1529.0, 0.009273540421656878
1530.0, 0.011475798301078829
1531.0, 0.012148899340558591
1532.0, 0.00932119087696188
1533.0, 0.007515838250283023
1534.0, 0.02024047560999987
1535.0, 0.011430677418088939
1536.0, 0.008877259908754575
1537.0, 0.00686554432122578
1538.0, 0.010379171304965457
1539.0, 0.01114091685833098
1540.0, 0.002189926167255497
1541.0, 0.004637914772234492
1542.0, 0.00917035642024583
1543.0, 0.01268243070477224
1544.0, 0.015057357355392527
1545.0, 0.01616398922415925
1546.0, 0.005839719970500458
1547.0, 0.013658620021667591
1548.0, 0.029407004869194935
1549.0, 0.019479368508105263
1550.0, 0.023612336486774615
1551.0, 0.021992820847632783
1552.0, 0.02355650710632735
1553.0, 0.023983794486560562
1554.0, 0.016662204114193207
1555.0, 0.030757338416660375
1556.0, 0.019620788435028836
1557.0, 0.015531925197233015
1558.0, 0.0018984488056191977
1559.0, 0.005435508316646172
1560.0, 0.0006934725716010596
1561.0, 0.011708015584564219
1562.0, 0.0022775513185983465
1563, 0.0
1564, 0.0
1565, 0.0
1566, 0.0
1567, 0.0
1568, 0.0
1569, 0.0
1570, 0.0
1571, 0.0
1572, 0.0
1573, 0.0
1574, 0.0
1575, 0.0
1576, 0.0
1577, 0.0
1578, 0.0
1579, 0.0
1580, 0.0
1581, 0.0
1582, 0.0
1583, 0.0
1584, 0.0
1585, 0.0
1586, 0.0
1587, 0.0
1588, 0.0
1589, 0.0
1590, 0.0
1591, 0.0
1592, 0.0
1593, 0.0
1594, 0.0
1595, 0.0
1596, 0.0
1597, 0.0
1598, 0.0
1599, 0.0
