30, 0.0
31, 0.0
32, 0.0
33, 0.0
34, 0.0
35, 0.0
36, 0.0
37, 0.0
38, 0.0
39, 0.0
40, 0.0
41, 0.0
42, 0.0
43, 0.0
44, 0.0
45, 0.0
46, 0.0
47, 0.0
48, 0.0
49, 0.0
50, 0.0
51, 0.0
52, 0.0
53, 0.0
54, 0.0
55, 0.0
56, 0.0
57, 0.0
58, 0.0
59, 0.0
60, 0.0
61, 0.0
62, 0.0
63, 0.0
64, 0.0
65, 0.0
66, 0.0
67, 0.0
68, 0.0
69, 0.0
70, 0.0
71, 0.0
72, 0.0
73, 0.0
74, 0.0
75, 0.0
76, 0.0
77, 0.0
78, 0.0
79, 0.0
80, 0.0
81, 0.0
82, 0.0
83, 0.0
84, 0.0
85, 0.0
86, 0.0
87, 0.0
88, 0.0
89, 0.0
90, 0.0
91, 0.0
92, 0.0
93, 0.0
94, 0.0
95, 0.0
96, 0.0
97, 0.0
98, 0.0
99, 0.0
100, 0.0
101, 0.0
102, 0.0
103, 0.0
104, 0.0
105, 0.0
106, 0.0
107, 0.0
108, 0.0
109, 0.0
110, 0.0
111, 0.0
112, 0.0
113, 0.0
114, 0.0
115, 0.0
116, 0.0
117, 0.0
118, 0.0
119, 0.0
120, 0.0
121, 0.0
122, 0.0
123, 0.0
124, 0.0
125, 0.0
126, 0.0
127, 0.0
128, 0.0
129, 0.0
130, 0.0
131, 0.0
132, 0.0
133, 0.0
134, 0.0
135, 0.0
136, 0.0
137, 0.0
138, 0.0
139, 0.0
140, 0.0
141, 0.0
142, 0.0
143, 0.0
144, 0.0
145, 0.0
146.0, 0.0012079012160330143
147.0, 0.00305873351334406
148.0, 0.004788582591715438
149.0, 0.008292265167279949
150.0, 0.008624270258021502
151.0, 0.008793744858813408
152.0, 0.011011652825182312
153.0, 0.007193048344465479
154.0, 0.005982084360303953
155.0, 0.004631560624396093
156.0, 0.0017658309444769367
157.0, 0.0010784924187702536
158.0, 0.0003302798472029087
159.0, 0.00021742905325219402
160.0, 0.0007026593427339854
161.0, 0.001807907125745265
162.0, 0.0029703899274177914
163.0, 0.004028974650145526
164.0, 0.0019493260874146353
165.0, 0.0005732269394301769
166.0, 0.002479106949182879
167.0, 0.003689464164927817
168.0, 0.006000690901594265
169.0, 0.0072693043380467285
170.0, 0.007456283492656862
171.0, 0.010700011283661813
172.0, 0.00982620037654725
173.0, 0.007955089535967345
174.0, 0.006823688106602378
175.0, 0.006465092720473329
176.0, 0.009904854752099087
177.0, 0.01320014547868484
178.0, 0.013427153292234224
179.0, 0.01218431732850342
180.0, 0.013812383565550349
181.0, 0.01764589640882326
182.0, 0.019264856996279875
183.0, 0.01960974414540094
184.0, 0.02099963116336795
185.0, 0.022429383448880104
186.0, 0.022586018901685302
187.0, 0.02468390020320209
188.0, 0.028287066863535906
189.0, 0.02717431708830563
190.0, 0.029071235432757428
191.0, 0.03176629880531256
192.0, 0.03403678658466649
193.0, 0.035150200085950156
194.0, 0.03431904357357565
195.0, 0.036059301942909065
196.0, 0.03840298393786742
197.0, 0.039825616274030834
198.0, 0.04152803497833266
199.0, 0.042712155589723896
200.0, 0.04407324390024111
201.0, 0.04439394209934899
202.0, 0.043799066912220026
203.0, 0.04476368729341531
204.0, 0.04456959734421852
205.0, 0.04504293378879183
206.0, 0.046351138234907066
207.0, 0.046893604368307376
208.0, 0.04328356744010652
209.0, 0.042711696032310266
210.0, 0.041972570118799166
211.0, 0.03960785199375121
212.0, 0.03856060324772632
213.0, 0.03788534445247498
214.0, 0.03543006511457428
215.0, 0.03205134021267236
216.0, 0.02968935177114387
217.0, 0.02842945380569689
218.0, 0.026146141224500843
219.0, 0.02433358797972012
220.0, 0.02370168178927678
221.0, 0.0234513448087598
222.0, 0.02184908083417114
223.0, 0.01698729273389986
224.0, 0.014819812691613215
225.0, 0.015994494349763307
226.0, 0.012159227822275041
227.0, 0.011429499370151022
228.0, 0.011693068030263144
229.0, 0.011689658284110541
230.0, 0.011318797242198128
231.0, 0.009289057410914705
232.0, 0.011760452454593619
233.0, 0.01027433369946257
234.0, 0.006924931169457202
235.0, 0.0076695859919409266
236.0, 0.007343905938475477
237.0, 0.00885500833245909
238.0, 0.00926441699421366
239.0, 0.008376935494205998
240.0, 0.010050171375140853
241.0, 0.00916292436727039
242.0, 0.009435068704285867
243.0, 0.010211575205221242
244.0, 0.009908161100202572
245.0, 0.009200514231683088
246.0, 0.00951421731407678
247.0, 0.009573201659048174
248.0, 0.007812155298766827
249.0, 0.004829556033528426
250.0, 0.006029489039967903
251.0, 0.00879054535607669
252.0, 0.007677205066136201
253.0, 0.005960862294789836
254.0, 0.008837768023917541
255.0, 0.007064183042709952
256.0, 0.005025196198394549
257.0, 0.003822078454232593
258.0, 0.0034896314620573854
259.0, 0.0038606834460724847
260.0, 0.0003971984843693129
261.0, 0.001602036043348805
262.0, 0.004218438629988252
263.0, 0.003284339085700367
264.0, 0.003665684374992986
265.0, 0.004956237916277033
266.0, 0.004976431297652807
267.0, 0.00403864983016686
268.0, 0.0031587230966488725
269.0, 0.0027144902795661215
270.0, 0.0033255632383135344
271.0, 0.001657059105588557
272.0, 0.00024088627998129918
273.0, 0.0012843569201189957
274.0, 0.0011408662749446707
275.0, 0.0009815253300350065
276.0, 0.0013750213893205133
277.0, 0.0004972487831985953
278.0, 0.0012187619944855638
279.0, 0.0017993599668607138
280.0, 0.001829100231340455
281.0, 0.0020665946897967303
282.0, 0.002259506000390844
283.0, 0.0038170081872065244
284.0, 0.0010561661488417973
285.0, 0.0024645546931988337
286.0, 0.0022019882676846524
287.0, 0.0017780874317992407
288.0, 0.0003391687604073771
289.0, 0.002275821343504261
290.0, 0.0013420115904409116
291.0, 0.001226943496606372
292.0, 0.0013580493575410923
293.0, 0.0007075150800953255
294.0, 0.0013448057613506333
295.0, 0.0020610103596824863
296.0, 0.0007825885331499607
297.0, 0.0028930697617166323
298.0, 0.00021747716812483314
299.0, 0.004768898954746344
300.0, 0.0036826909854579554
301.0, 0.0006562211975588582
302.0, 0.001647529677507033
303.0, 0.005709534067555258
304.0, 0.006109500356469913
305.0, 0.003738374867459565
306.0, 0.00571179935420291
307.0, 0.010815150748741415
308.0, 0.007067039295927442
309.0, 0.00911052235568883
310.0, 0.010395238011202873
311.0, 0.011079266358440566
312.0, 0.01354486249157706
313.0, 0.017989703266241698
314.0, 0.01808231340499529
315.0, 0.017697872696944696
316.0, 0.018963374213326167
317.0, 0.0204744811182264
318.0, 0.019209561732628933
319.0, 0.019824023641071668
320.0, 0.021162819452175432
321.0, 0.021665069391351092
322.0, 0.02090555297601399
323.0, 0.019685405304155325
324.0, 0.022948638642159375
325.0, 0.023068686165205188
326.0, 0.022954644401601863
327.0, 0.026164673162081844
328.0, 0.030015600407997008
329.0, 0.03359280680157408
330.0, 0.034072931967189635
331.0, 0.033402519025170656
332.0, 0.0359677063350689
333.0, 0.04241568428568572
334.0, 0.044753588457498834
335.0, 0.049890135736499745
336.0, 0.053137476261385576
337.0, 0.05623464586405356
338.0, 0.06550016536168317
339.0, 0.06576548647174899
340.0, 0.07261757939224844
341.0, 0.07944782635942554
342.0, 0.08338399077395278
343.0, 0.08922231633257163
344.0, 0.10005800264747072
345.0, 0.10711942570390769
346.0, 0.114948645837318
347.0, 0.124286311957336
348.0, 0.1318045325028533
349.0, 0.14014355460302472
350.0, 0.15824203668499542
351.0, 0.1747565355940169
352.0, 0.1865906310298187
353.0, 0.19859443733562682
354.0, 0.21511461951844008
355.0, 0.2362322168283835
356.0, 0.25822840682130604
357.0, 0.2784473743281836
358.0, 0.29578995412448733
359.0, 0.31056555695540855
360.0, 0.32499683900316556
361.0, 0.3325664184624574
362.0, 0.33383805627925917
363.0, 0.329418473493158
364.0, 0.31547570466185304
365.0, 0.2972132280736987
366.0, 0.2721601426373563
367.0, 0.2459720535377903
368.0, 0.22457166810239218
369.0, 0.20917686808367691
370.0, 0.19264963615484154
371.0, 0.17393400748138585
372.0, 0.15932168158465793
373.0, 0.14832650023369204
374.0, 0.1347305091635721
375.0, 0.12192382687137752
376.0, 0.11309278540519085
377.0, 0.10640170228395857
378.0, 0.1004400889369839
379.0, 0.09359370770813039
380.0, 0.08342624291175806
381.0, 0.07562334288652733
382.0, 0.07069172806849293
383.0, 0.06684237995513925
384.0, 0.061654862836344394
385.0, 0.05469523839752744
386.0, 0.04943476187005773
387.0, 0.04542875863243093
388.0, 0.04132446118532335
389.0, 0.036661045887995826
390.0, 0.03311605796310087
391.0, 0.033637377161986524
392.0, 0.02960787957066138
393.0, 0.02482027689449663
394.0, 0.02281543520824771
395.0, 0.0230473200301363
396.0, 0.02272292308487347
397.0, 0.01978764483666639
398.0, 0.016507190918815712
399.0, 0.013979866635744367
400.0, 0.012981553117292259
401.0, 0.013782412536876607
402.0, 0.010291126304538602
403.0, 0.008915441101296518
404.0, 0.009390875274517074
405.0, 0.008636469770750605
406.0, 0.006212517283546547
407.0, 0.005401405306645085
408.0, 0.0054758827937866445
409.0, 0.005938597792172618
410.0, 0.005281144262930611
411.0, 0.003967662858193033
412.0, 0.005146469096924966
413.0, 0.003944151275577875
414.0, 0.002398834111329035
415.0, 0.0018387101662804832
416.0, 0.0031260185055699092
417.0, 0.005884223244468309
418.0, 0.004374341363264244
419.0, 0.00010058003307790149
420.0, 0.0008521462654048553
421.0, 0.0017259442143144478
422.0, 0.0013122405755174797
423.0, 0.001817814696213396
424.0, 0.002322747709207195
425.0, 0.0007146318750240762
426.0, 0.0023596173520750775
427.0, 0.0026041672943983296
428.0, 0.0002922137489761483
429.0, 0.0010530896824311423
430.0, 0.0008948127089379383
431.0, 0.0005776376247608922
432.0, 0.001827256030302491
433.0, 0.0006995846696113705
434.0, 0.0012100362250154944
435.0, 0.0013309135911088246
436.0, 0.0026220328576210717
437.0, 0.001418419823261559
438.0, 0.0005695954607443113
439.0, 0.002147965761782579
440.0, 0.00277598409926812
441.0, 0.0006640468087073573
442.0, 8.258075477516423e-05
443.0, 0.0007531891905199824
444.0, 0.0011829453871988048
445.0, 0.0014280762122370406
446.0, 0.0008251686524752399
447.0, 0.0005347826222330053
448.0, 0.0009471074161440448
449.0, 0.0030298555091948583
450.0, 0.0033663060312908817
451.0, 0.000791457959557413
452.0, 0.0028866833319020646
453.0, 0.003130526077305438
454.0, 0.002476867474822097
455.0, 0.002697629696093701
456.0, 0.0016748398940632783
457.0, 0.002135924402678036
458.0, 0.0025112676517771194
459.0, 0.004475865178714091
460.0, 0.006008471523169068
461.0, 0.00497265860951697
462.0, 0.005733745205295676
463.0, 0.005956348915607852
464.0, 0.00618283697562129
465.0, 0.007227461369543027
466.0, 0.008149940323184387
467.0, 0.007715038525006173
468.0, 0.0072095263151381464
469.0, 0.007300751884592559
470.0, 0.009083706319544289
471.0, 0.010281791960518425
472.0, 0.01012566922718068
473.0, 0.01123827431784927
474.0, 0.012919056639298637
475.0, 0.011190629567484074
476.0, 0.013454686547605739
477.0, 0.017695376775539465
478.0, 0.018284626839005936
479.0, 0.01715273964585765
480.0, 0.016119631305298043
481.0, 0.017625684077067855
482.0, 0.019520380726833212
483.0, 0.02167485893320688
484.0, 0.02438239501131203
485.0, 0.024930400619628673
486.0, 0.026085270148993298
487.0, 0.02562814507564321
488.0, 0.02352498362467075
489.0, 0.02124095443528699
490.0, 0.019878240922353792
491.0, 0.018401904759409896
492.0, 0.01686295551444539
493.0, 0.013900419940241111
494.0, 0.012460493327245938
495.0, 0.014203704970018395
496.0, 0.016195124009933122
497.0, 0.010315496830977539
498.0, 0.011885546219369625
499.0, 0.014640362006948363
500.0, 0.017420985092578212
501.0, 0.020792276260303562
502.0, 0.02359096325233002
503.0, 0.025411678884581408
504.0, 0.029696802709932656
505.0, 0.033647135388410604
506.0, 0.03993213597929461
507.0, 0.04511387260634199
508.0, 0.04284652673431401
509.0, 0.04689087420790546
510.0, 0.04683544210733355
511.0, 0.043677413398469436
512.0, 0.03970469524132742
513.0, 0.03511820641933679
514.0, 0.029134054053602358
515.0, 0.027078764389801665
516.0, 0.02270427754594104
517.0, 0.01937287519111522
518.0, 0.01842309079015952
519.0, 0.018407511583479752
520.0, 0.017741188144287646
521.0, 0.01614860049464084
522.0, 0.015166468836400882
523.0, 0.01545088247278182
524.0, 0.015815305302052354
525.0, 0.01526506112687101
526.0, 0.014107365784702995
527.0, 0.014011041617829149
528.0, 0.01826284682064738
529.0, 0.01962649125477025
530.0, 0.01987699192204483
531.0, 0.02049293789281493
532.0, 0.019695041392589187
533.0, 0.019983837895826577
534.0, 0.020893786398114417
535.0, 0.025135185819505912
536.0, 0.028215840833015596
537.0, 0.029614723407080296
538.0, 0.03249483475301692
539.0, 0.033807969448192386
540.0, 0.038330786544182566
541.0, 0.04353936786024647
542.0, 0.04798154988517268
543.0, 0.052791222030009334
544.0, 0.059491488559320724
545.0, 0.06796654119438417
546.0, 0.0790643814967261
547.0, 0.08710410984303442
548.0, 0.09751133912381224
549.0, 0.11128565500394935
550.0, 0.12507396551962888
551.0, 0.1384259915618637
552.0, 0.14945582946053398
553.0, 0.1678289099500917
554.0, 0.1875908401842846
555.0, 0.2070939095884749
556.0, 0.22600770013233273
557.0, 0.24134266248970346
558.0, 0.25311664921697136
559.0, 0.25403037552664387
560.0, 0.24439055185596747
561.0, 0.22829304446697515
562.0, 0.20438272487081055
563.0, 0.17182924721571644
564.0, 0.14517944290535092
565.0, 0.11975836006725807
566.0, 0.09625426648850029
567.0, 0.07908671732660437
568.0, 0.06575578648222792
569.0, 0.05230846419686043
570.0, 0.041712150113408224
571.0, 0.03347361667009349
572.0, 0.027609568271416772
573.0, 0.02282697174347801
574.0, 0.01718962259703935
575.0, 0.012211801093201597
576.0, 0.01103015650442375
577.0, 0.007677356309357116
578.0, 0.0064095842314089635
579.0, 0.0075895592428265116
580.0, 0.008784601266990684
581.0, 0.007632927631036353
582.0, 0.004384073026274883
583.0, 0.006008786149102689
584.0, 0.0051537981684213864
585.0, 0.0037444899019878856
586.0, 0.0031918918039605224
587.0, 0.004514868603179475
588.0, 0.006763517781767358
589.0, 0.006714075819259781
590.0, 0.00802333729565482
591.0, 0.005431649988929937
592.0, 0.007245830197109623
593.0, 0.007210373578281545
594.0, 0.002122730778628781
595.0, 0.002144455046848262
596.0, 0.003447239765806763
597.0, 0.00033032020910441623
598.0, 0.002369009502806823
599.0, 0.0020344169549517286
600.0, 0.0006220835855342736
601.0, 0.0005939335535519287
602.0, 0.0002492255394217583
603.0, 0.0006853631299276678
604.0, 0.0011702005883610144
605.0, 0.00011562499072089485
606.0, 0.003179899674101873
607.0, 0.006881017986677905
608.0, 0.0012119789400010972
609.0, 0.0016408140345930112
610.0, 0.0012374418602696363
611.0, 0.0011186498819120783
612.0, 0.001591625745097254
613.0, 0.00040260035766910465
614.0, 0.0005073391582241821
615.0, 0.0017339589550859527
616.0, 0.0015163046088131286
617.0, 0.0038786362568983867
618.0, 0.003065280100348445
619.0, 0.001214518817340456
620.0, 0.00036128779436611495
621.0, 0.00031441194537940693
622.0, 0.003194533743769812
623.0, 0.0040965560671503524
624.0, 0.007453081900046736
625.0, 0.008168621298342374
626.0, 0.007826823957895556
627.0, 0.009739129350465678
628.0, 0.012527310395393417
629.0, 0.013262987224483581
630.0, 0.01381955378960894
631.0, 0.018709693507069896
632.0, 0.025914784051529787
633.0, 0.03151752207889247
634.0, 0.033704557367043426
635.0, 0.0352145659583627
636.0, 0.04599692914475621
637.0, 0.052192086771603516
638.0, 0.05500766046062822
639.0, 0.06193124404686873
640.0, 0.0693399389819843
641.0, 0.07139074396476054
642.0, 0.07362844833724112
643.0, 0.07714091037320205
644.0, 0.07405575151397953
645.0, 0.06565123951380278
646.0, 0.05987913562430172
647.0, 0.053366673887850186
648.0, 0.042786197439871686
649.0, 0.03622001389966219
650.0, 0.03166073557301942
651.0, 0.026147295211834877
652.0, 0.024863495729655342
653.0, 0.02220346756433756
654.0, 0.018416056451304837
655.0, 0.01611276576727157
656.0, 0.013919107187960942
657.0, 0.014066075171428771
658.0, 0.01171437295101064
659.0, 0.01076527914136343
660.0, 0.009465312575190668
661.0, 0.009201626423866799
662.0, 0.0090483322382945
663.0, 0.006129053664172595
664.0, 0.006901577872583196
665.0, 0.005990858603764421
666.0, 0.006174610484782164
667.0, 0.003590147314364813
668.0, 0.0019898062982086446
669.0, 0.00392354672829489
670.0, 0.00379935074991183
671.0, 0.0039100359214531795
672.0, 0.0019151901600232227
673.0, 0.001761418204976278
674.0, 0.00207248327994259
675.0, 0.003409853201846007
676.0, 0.004711895357538015
677.0, 0.0021231047718432957
678.0, 0.001496681887814363
679.0, 0.001034382504836256
680.0, 0.000609107410082291
681.0, 0.0016502184229089246
682.0, 0.0028004160480283044
683.0, 0.001258959378090251
684.0, 0.0017425388041397696
685.0, 0.0016735263019875537
686.0, 0.005264076671435495
687.0, 0.0029997780715213095
688.0, 0.0011801476961118074
689.0, 6.419842820602528e-05
690.0, 0.0004261006828914255
691.0, 0.0015301334235264163
692.0, 0.002687079911341926
693.0, 0.002769248198617399
694.0, 0.0009255197883861617
695.0, 0.000727157704271825
696.0, 0.0019374660308800803
697.0, 0.0012273247163842175
698.0, 0.0007318468031755892
699.0, 0.002987867437021778
700.0, 0.0023926733747466305
701.0, 0.000994167844274581
702.0, 0.001281098384482891
703.0, 0.0006581983871504411
704.0, 0.002147402979599449
705.0, 0.00435482265754604
706.0, 0.0031743382918448253
707.0, 0.002798152187714665
708.0, 0.0022748141756496463
709.0, 0.002155632491511658
710.0, 0.003047367037258597
711.0, 0.0037790545750287937
712.0, 0.003431545084859592
713.0, 0.0035055355041450744
714.0, 0.005339327072003267
715.0, 0.002749106481612546
716.0, 0.0050773395861691524
717.0, 0.004920047254347166
718.0, 0.004219977463593259
719.0, 0.004098705217052319
720.0, 0.005055815999322068
721.0, 0.0057071136973704546
722.0, 0.004070533682682156
723.0, 0.0053813320509625475
724.0, 0.006242764852089466
725.0, 0.007246081059910916
726.0, 0.00695246195224433
727.0, 0.005634442027179587
728.0, 0.004292453886249439
729.0, 0.0037777959529472585
730.0, 0.004955354319621433
731.0, 0.005840163831860849
732.0, 0.005992733411586792
733.0, 0.005886208930554725
734.0, 0.006333838555371477
735.0, 0.006020512285582947
736.0, 0.0050005347467462664
737.0, 0.005429644867002273
738.0, 0.004562854006592644
739.0, 0.003616016124772682
740.0, 0.005957187191030047
741.0, 0.0040300007282757806
742.0, 0.0053607172381092295
743.0, 0.007877433115842273
744.0, 0.005606103863957222
745.0, 0.005863187864580397
746.0, 0.007023466254509072
747.0, 0.009772728336754716
748.0, 0.006211929223484167
749.0, 0.006054522767258461
750.0, 0.006732553974851787
751.0, 0.00679693731793477
752.0, 0.008069172174395072
753.0, 0.00833767482783068
754.0, 0.006332749611653883
755.0, 0.007726656599751399
756.0, 0.006276359061157575
757.0, 0.00577963162278785
758.0, 0.005025322809985574
759.0, 0.005709496227972552
760.0, 0.007996986291100792
761.0, 0.005493034819991864
762.0, 0.005725089130973299
763.0, 0.005004577826243196
764.0, 0.0056248260351383144
765.0, 0.006227194509883251
766.0, 0.006213265508215562
767.0, 0.005208805976604866
768.0, 0.003994533887498546
769.0, 0.004672323104646658
770.0, 0.00471677220662829
771.0, 0.0025898441936280515
772.0, 0.003562804392493049
773.0, 0.00466259698229331
774.0, 0.0040993506387416246
775.0, 0.003299417410075504
776.0, 0.002663779518244581
777.0, 0.0020016684911341323
778.0, 0.0027394699505790703
779.0, 0.0013558767026555076
780.0, 0.003056124612455879
781.0, 0.003569268478606884
782.0, 0.003622828744965247
783.0, 0.002927556060356272
784.0, 0.0015284225896617537
785.0, 0.001334012413622933
786.0, 0.0024600888881869277
787.0, 0.0009801530400454334
788.0, 0.0011330411022030318
789.0, 0.0016587034272845594
790.0, 0.002049255446760998
791.0, 0.0008344167866998768
792.0, 6.56736468409806e-05
793.0, 0.001155766850985012
794.0, 0.0016828037013356801
795.0, 0.0005738881163797013
796.0, 0.00026364512305024573
797.0, 0.0002410480900865954
798.0, 0.0006758847648639067
799.0, 0.0011139028314559062
800.0, 0.0020321524212064818
801.0, 0.0006605746681202863
802.0, 0.00019481397643725574
803.0, 0.0008891678323543644
804.0, 0.0014258129860132546
805.0, 0.0023430429644176764
806.0, 0.0019275260003302828
807.0, 0.0018055689651341575
808.0, 0.00045782458542928693
809.0, 0.0010792709500349008
810.0, 0.0031985790518667197
811.0, 0.0003271066359189892
812.0, 0.0005153209418810763
813.0, 0.000445518364263013
814.0, 0.002070886892050868
815.0, 0.004598907611866512
816.0, 0.002423411661550754
817.0, 0.0010170697747626102
818.0, 0.0006570396739124784
819.0, 0.0017760224916301389
820.0, 0.0009689767922163775
821.0, 0.0033259193854950583
822.0, 0.0015986646164339933
823.0, 0.0042910724506593475
824.0, 0.001993174822293892
825.0, 0.0016756746310337427
826.0, 0.0024735287037271434
827.0, 0.0038909731530555143
828.0, 0.005826544795778883
829.0, 0.0029515784597428252
830.0, 0.005453356179371123
831.0, 0.0048916774694963755
832.0, 0.005552830226525257
833.0, 0.007548542762938133
834.0, 0.0076459158581239795
835.0, 0.006550184849236942
836.0, 0.009490598449238056
837.0, 0.015623035364339476
838.0, 0.01786137817937377
839.0, 0.019346059351250517
840.0, 0.020718509980951757
841.0, 0.024017772602549777
842.0, 0.031005453074666848
843.0, 0.03715629438357397
844.0, 0.0409842575843124
845.0, 0.0452552488238646
846.0, 0.053087094849831935
847.0, 0.06265946488037832
848.0, 0.06950482417626073
849.0, 0.07855313143136446
850.0, 0.09146735343434277
851.0, 0.10122005229069034
852.0, 0.11394849639177593
853.0, 0.12623550638928263
854.0, 0.1371639572163456
855.0, 0.14974028804634962
856.0, 0.16156085340378437
857.0, 0.16872125778543873
858.0, 0.17494858962385704
859.0, 0.1753244760047483
860.0, 0.17613594899629723
861.0, 0.1758956509088261
862.0, 0.1679238544299861
863.0, 0.1566625768417178
864.0, 0.1472416136608357
865.0, 0.13416162835108605
866.0, 0.11347625941828089
867.0, 0.11030084386611302
868.0, 0.09828254179663427
869.0, 0.08889541519801424
870.0, 0.0782933688011213
871.0, 0.07135947545694515
872.0, 0.0653274987993492
873.0, 0.06071545436120929
874.0, 0.05654531048328955
875.0, 0.04936147871248685
876.0, 0.04395507297547247
877.0, 0.045024732169861754
878.0, 0.042059427604336626
879.0, 0.043368777829228065
880.0, 0.04169968175524705
881.0, 0.04255392153109664
882.0, 0.04214549626153774
883.0, 0.04327985155156358
884.0, 0.04809850486315588
885.0, 0.048811495743548906
886.0, 0.04908351884063015
887.0, 0.055697675345073715
888.0, 0.05644908544399653
889.0, 0.057091327498031405
890.0, 0.061236690700225874
891.0, 0.0652366119179958
892.0, 0.06867941136674192
893.0, 0.07456301507355133
894.0, 0.0826506187563121
895.0, 0.09082524988128583
896.0, 0.0986541148971035
897.0, 0.10487523752729637
898.0, 0.11655636294480765
899.0, 0.12917080855384827
900.0, 0.14411416788224374
901.0, 0.15988114434938577
902.0, 0.17863455082595617
903.0, 0.2037941771711992
904.0, 0.23311791197094653
905.0, 0.26617174066708404
906.0, 0.30678900176574114
907.0, 0.3482801978973422
908.0, 0.4006224603765341
909.0, 0.4600632036658966
910.0, 0.5281036186382453
911.0, 0.605966399661788
912.0, 0.679839299510107
913.0, 0.7505266025497319
914.0, 0.8217484000586137
915.0, 0.8868028750934905
916.0, 0.9441327431881908
917.0, 0.9957975095524518
918.0, 0.9973856800016585
919.0, 0.9766172472086956
920.0, 0.9312711053561861
921.0, 0.8660379135966478
922.0, 0.7822994173716573
923.0, 0.6895059104803513
924.0, 0.5999910181645411
925.0, 0.5226898743613773
926.0, 0.45392138097907264
927.0, 0.38804663562361924
928.0, 0.33541426900920723
929.0, 0.293062276946639
930.0, 0.2524102936588423
931.0, 0.22240593241927029
932.0, 0.2052106635541406
933.0, 0.17829731700647292
934.0, 0.1489694235108842
935.0, 0.1351964163375325
936.0, 0.12363364061424663
937.0, 0.10390166120604155
938.0, 0.0896243652044094
939.0, 0.07554400982486302
940.0, 0.06362929067579089
941.0, 0.056627705222106126
942.0, 0.048545745362724615
943.0, 0.04027487443550664
944.0, 0.03952780099190401
945.0, 0.03457570809333685
946.0, 0.027607574041259887
947.0, 0.0245436427672577
948.0, 0.02216018767748553
949.0, 0.02004185876077286
950.0, 0.01781190329495628
951.0, 0.014448255683382991
952.0, 0.014613434038507688
953.0, 0.011823350137775747
954.0, 0.008525017555768202
955.0, 0.009535800937103557
956.0, 0.009002899300309364
957.0, 0.00857135441002413
958.0, 0.00632719037878687
959.0, 0.002843330801060576
960.0, 0.003773265028243435
961.0, 0.0035189749647807594
962.0, 0.0024047415213102777
963.0, 0.0030404223602512256
964.0, 0.0006613318890634402
965.0, 0.0002389551388092183
966.0, 0.0011316438344690515
967.0, 0.0008231482585052781
968.0, 0.0022760317365862555
969.0, 0.0019234711191921591
970.0, 0.0013717313195503273
971.0, 0.004732505810271991
972.0, 0.004219616180648278
973.0, 0.0012706939669255277
974.0, 0.0002735610404150995
975.0, 0.0006508550871104512
976.0, 0.0004327165631632224
977.0, 0.0005420544991829229
978.0, 0.0018298706688252393
979.0, 0.0014233214898112672
980.0, 0.002472326057404639
981.0, 0.0022445281297591205
982.0, 0.0007189190146276171
983.0, 0.0009741296219427934
984.0, 0.0013995710331798097
985.0, 0.002507155398365959
986.0, 0.0009706612796006158
987.0, 0.0006570153048964219
988.0, 0.0019979774646128865
989.0, 0.0018273155215376717
990.0, 0.0010866248427250055
991.0, 0.0018488783137243538
992.0, 0.0021994760472022618
993.0, 0.0009657866856487799
994.0, 0.002387602816684889
995.0, 0.0007544787584858071
996.0, 0.0014157411186828325
997.0, 0.0006576238540202601
998.0, 0.0009829540930133796
999.0, 0.00041200123145556137
1000.0, 0.0013387168212236028
1001.0, 0.002813825822253137
1002.0, 0.0023493525801186617
1003.0, 0.0005479850294513449
1004.0, 0.001731753961436415
1005.0, 0.0012965213047029123
1006.0, 0.0004119321050401214
1007.0, 0.000706498463383319
1008.0, 0.000628922790029859
1009.0, 0.0014046116562262693
1010.0, 0.002547915707358112
1011.0, 0.004652261254980398
1012.0, 0.007781591430737517
1013.0, 0.005533375888300027
1014.0, 0.00795431048973855
1015.0, 0.006034178988023949
1016.0, 0.008844605767671296
1017.0, 0.010871161156909394
1018.0, 0.011584703475494349
1019.0, 0.01256738228429142
1020.0, 0.012402772158098187
1021.0, 0.01285747563924199
1022.0, 0.013959788094920326
1023.0, 0.014276540611174872
1024.0, 0.016774861757687456
1025.0, 0.01641631213535121
1026.0, 0.019955527755066614
1027.0, 0.017850813310369546
1028.0, 0.01906952302236257
1029.0, 0.01800417673303462
1030.0, 0.021369396063407757
1031.0, 0.020529215969511357
1032.0, 0.021095121255483115
1033.0, 0.024012860602532868
1034.0, 0.02442852818690955
1035.0, 0.02541626424527177
1036.0, 0.027101121409481965
1037.0, 0.027669938440660683
1038.0, 0.03461520687706605
1039.0, 0.034061448390510216
1040.0, 0.03494571688778984
1041.0, 0.03548727030157498
1042.0, 0.03877910114324442
1043.0, 0.04135975242596116
1044.0, 0.044772433666170626
1045.0, 0.04812740087275509
1046.0, 0.05162466820249188
1047.0, 0.056852286197598224
1048.0, 0.06071592600055212
1049.0, 0.06268849751072103
1050.0, 0.06410844605241262
1051.0, 0.06499198142105053
1052.0, 0.06901293355525052
1053.0, 0.06699540905226142
1054.0, 0.06557782117721436
1055.0, 0.05932063502245748
1056.0, 0.05591368573489283
1057.0, 0.05487066621031982
1058.0, 0.05196455142293559
1059.0, 0.04622210760375493
1060.0, 0.04173005416393075
1061.0, 0.03367214803742037
1062.0, 0.027110516525868742
1063.0, 0.02637399430051158
1064.0, 0.025333134220842084
1065.0, 0.02116186038687279
1066.0, 0.01834793280287686
1067.0, 0.016783055988020615
1068.0, 0.011946784899270157
1069.0, 0.011116103701034994
1070.0, 0.010785093010620597
1071.0, 0.008475344459994072
1072.0, 0.007620452733833277
1073.0, 0.004142876361072796
1074.0, 0.004248272049179276
1075.0, 0.004243015348387915
1076.0, 0.004920891612232708
1077.0, 0.007491681360655242
1078.0, 0.007750744481250068
1079.0, 0.0042714401680039775
1080.0, 0.0015346385533878783
1081.0, 0.0031755657050255575
1082.0, 0.005860421526352618
1083.0, 0.0041072754295107304
1084.0, 0.006306304631037628
1085.0, 0.0041712950040381155
1086.0, 0.003951449835705714
1087.0, 0.005379245355936182
1088.0, 0.0018306180512038654
1089.0, 0.0010349475951745716
1090.0, 0.002372346650618872
1091.0, 0.0032571911984349963
1092.0, 7.877036434224619e-05
1093.0, 0.0001727794313980055
1094.0, 0.002612919399807308
1095.0, 0.0013276686898960688
1096.0, 0.0009691309274883866
1097.0, 0.0036524803189007145
1098.0, 0.0022262118373688683
1099.0, 0.0017364180368208985
1100.0, 0.0014401272855597655
1101.0, 0.00048801755322599836
1102.0, 0.0019394769503047313
1103.0, 0.0015148473245576932
1104.0, 0.0045701154227452455
1105.0, 0.0038599604306551794
1106.0, 0.005017342093845559
1107.0, 0.0028978274388277263
1108.0, 0.001107002137220279
1109.0, 0.0028551057316024246
1110.0, 0.0032897656604743493
1111.0, 0.0010477056826349058
1112.0, 0.0005934694173285903
1113.0, 0.0025594480663145105
1114.0, 0.0026758667391706867
1115.0, 0.001494180299791832
1116.0, 0.0015909172983390217
1117.0, 0.000633148273384162
1118.0, 0.001129625251776547
1119.0, 0.0019837911783260513
1120.0, 0.0014120093750823266
1121.0, 0.0001261070496354013
1122.0, 0.0010655468433645086
1123.0, 0.0006176652100722932
1124.0, 0.0004000423069979464
1125.0, 0.0006157205095817695
1126.0, 0.0019273153729286836
1127.0, 0.0006466581060901985
1128.0, 0.0003698291173535314
1129.0, 0.0023448546108771826
1130.0, 0.0022857919503839782
1131.0, 0.0017512207960714097
1132.0, 0.0022388925528682496
1133.0, 0.0009401857947710388
1134.0, 0.00021170257680373078
1135.0, 0.0012768841783708305
1136.0, 0.0007868560961860063
1137.0, 0.003099027337482998
1138.0, 0.0007660435076346973
1139.0, 0.001633650206277588
1140.0, 0.00020236549900054637
1141.0, 0.0016881522768314036
1142.0, 0.001972798824998613
1143.0, 0.0006539242300613968
1144.0, 0.0001511847378619399
1145.0, 0.00040976580972134464
1146.0, 0.002294218564084753
1147.0, 0.0004854172895523049
1148.0, 0.0002959546060651772
1149.0, 0.0017377076922585335
1150.0, 0.002693333888140427
1151.0, 0.0027992034531581916
1152.0, 0.0031173833660582393
1153.0, 0.003018745876242788
1154.0, 0.0017823885089715773
1155.0, 0.0010929347827066365
1156.0, 0.0011361319989124385
1157.0, 0.0010437013932414105
1158.0, 0.0035831181721902683
1159.0, 0.001377517402418655
1160.0, 0.0009880852942625808
1161.0, 0.00034236919402980256
1162.0, 0.003595529229901406
1163.0, 0.003638977678868148
1164.0, 0.004156609685096371
1165.0, 0.002359863338820509
1166.0, 0.0021940194801145434
1167.0, 0.0017603049487751286
1168.0, 0.0027847751543766965
1169.0, 0.0011759549472137396
1170.0, 0.0023557375825160303
1171.0, 0.00322615034652219
1172.0, 0.0020770436251581793
1173.0, 0.0021264445160009016
1174.0, 0.0014822361892973615
1175.0, 0.0018879416341644462
1176.0, 0.003427469163983704
1177.0, 0.0023089450959006877
1178.0, 0.0012577762940683623
1179.0, 0.0007624144533583421
1180.0, 0.0031527849063424838
1181.0, 0.003937763084332843
1182.0, 0.004482110104385387
1183.0, 0.0038170586606912586
1184.0, 0.003052063983835786
1185.0, 0.002775758541308402
1186.0, 0.002376098566556653
1187.0, 0.002865094571826596
1188.0, 0.002314255978456955
1189.0, 0.007260684938493658
1190.0, 0.0014717227882565052
1191.0, 0.001492396197095734
1192.0, 0.003205305555526556
1193.0, 0.0036488349609152568
1194.0, 0.005102416243449646
1195.0, 0.0037811224000855737
1196.0, 0.0032883298558540803
1197.0, 0.004063420737808795
1198.0, 0.0018181484764283602
1199.0, 0.0005233175279727413
1200.0, 0.001764601115126223
1201.0, 0.002038753269907688
1202.0, 0.0035095356014790643
1203.0, 0.005780118366952412
1204.0, 0.0028636901115437975
1205.0, 0.0019090728539512486
1206.0, 0.002275050249518116
1207.0, 0.0015058255345840963
1208.0, 0.0033086389970341194
1209.0, 0.00320303445979582
1210.0, 0.00497269779004757
1211.0, 0.0028491598607616893
1212.0, 0.001333966456917254
1213.0, 0.004359418529168683
1214.0, 0.004736284190613063
1215.0, 0.00038067073846830305
1216.0, 0.003084055691107573
1217.0, 0.0018021079039054757
1218.0, 0.004844689050369913
1219.0, 0.0041909104086519456
1220.0, 0.002590894771029401
1221.0, 0.002323876086320765
1222.0, 0.0006402950883455374
1223.0, 0.0025581954372040656
1224.0, 0.0014580227872771953
1225.0, 0.0003093136524770221
1226.0, 0.002375421328887058
1227.0, 0.0029428978692482262
1228.0, 0.0017156807872455546
1229.0, 0.0005166187175573056
1230.0, 0.003044555952509339
1231.0, 0.004555911511586881
1232.0, 0.001199519670382722
1233.0, 0.003099860526109544
1234.0, 0.0027269277111941818
1235.0, 0.0017645713762528721
1236.0, 0.002104219450708057
1237.0, 0.0003457516582917719
1238.0, 0.0009738877650105817
1239, 0.0
1240, 0.0
1241, 0.0
1242, 0.0
1243, 0.0
1244, 0.0
1245, 0.0
1246, 0.0
1247, 0.0
1248, 0.0
1249, 0.0
1250, 0.0
1251, 0.0
1252, 0.0
1253, 0.0
1254, 0.0
1255, 0.0
1256, 0.0
1257, 0.0
1258, 0.0
1259, 0.0
1260, 0.0
1261, 0.0
1262, 0.0
1263, 0.0
1264, 0.0
1265, 0.0
1266, 0.0
1267, 0.0
1268, 0.0
1269, 0.0
1270, 0.0
1271, 0.0
1272, 0.0
1273, 0.0
1274, 0.0
1275, 0.0
1276, 0.0
1277, 0.0
1278, 0.0
1279, 0.0
1280, 0.0
1281, 0.0
1282, 0.0
1283, 0.0
1284, 0.0
1285, 0.0
1286, 0.0
1287, 0.0
1288, 0.0
1289, 0.0
1290, 0.0
1291, 0.0
1292, 0.0
1293, 0.0
1294, 0.0
1295, 0.0
1296, 0.0
1297, 0.0
1298, 0.0
1299, 0.0
1300, 0.0
1301, 0.0
1302, 0.0
1303, 0.0
1304, 0.0
1305, 0.0
1306, 0.0
1307, 0.0
1308, 0.0
1309, 0.0
1310, 0.0
1311, 0.0
1312, 0.0
1313, 0.0
1314, 0.0
1315, 0.0
1316, 0.0
1317, 0.0
1318, 0.0
1319, 0.0
1320, 0.0
1321, 0.0
1322, 0.0
1323, 0.0
1324, 0.0
1325, 0.0
1326, 0.0
1327, 0.0
1328, 0.0
1329, 0.0
1330, 0.0
1331, 0.0
1332, 0.0
1333, 0.0
1334, 0.0
1335, 0.0
1336, 0.0
1337, 0.0
1338, 0.0
1339, 0.0
1340, 0.0
1341, 0.0
1342, 0.0
1343, 0.0
1344, 0.0
1345, 0.0
1346, 0.0
1347, 0.0
1348, 0.0
1349, 0.0
1350, 0.0
1351, 0.0
1352, 0.0
1353, 0.0
1354, 0.0
1355, 0.0
1356, 0.0
1357, 0.0
1358, 0.0
1359, 0.0
1360, 0.0
1361, 0.0
1362, 0.0
1363, 0.0
1364, 0.0
1365, 0.0
1366, 0.0
1367, 0.0
1368, 0.0
1369, 0.0
1370, 0.0
1371, 0.0
1372, 0.0
1373, 0.0
1374, 0.0
1375, 0.0
1376, 0.0
1377, 0.0
1378, 0.0
1379, 0.0
1380, 0.0
1381, 0.0
1382, 0.0
1383, 0.0
1384, 0.0
1385, 0.0
1386, 0.0
1387, 0.0
1388, 0.0
1389, 0.0
1390, 0.0
1391, 0.0
1392, 0.0
1393, 0.0
1394, 0.0
1395, 0.0
1396, 0.0
1397, 0.0
1398, 0.0
1399, 0.0
1400, 0.0
1401, 0.0
1402, 0.0
1403, 0.0
1404, 0.0
1405, 0.0
1406, 0.0
1407, 0.0
1408, 0.0
1409, 0.0
1410, 0.0
1411, 0.0
1412, 0.0
1413, 0.0
1414, 0.0
1415, 0.0
1416, 0.0
1417, 0.0
1418, 0.0
1419, 0.0
1420, 0.0
1421, 0.0
1422, 0.0
1423, 0.0
1424, 0.0
1425, 0.0
1426, 0.0
1427, 0.0
1428, 0.0
1429, 0.0
1430, 0.0
1431, 0.0
1432, 0.0
1433, 0.0
1434, 0.0
1435, 0.0
1436, 0.0
1437, 0.0
1438, 0.0
1439, 0.0
1440, 0.0
1441, 0.0
1442, 0.0
1443, 0.0
1444, 0.0
1445, 0.0
1446, 0.0
1447, 0.0
1448, 0.0
1449, 0.0
1450, 0.0
1451, 0.0
1452, 0.0
1453, 0.0
1454, 0.0
1455, 0.0
1456, 0.0
1457, 0.0
1458, 0.0
1459, 0.0
1460, 0.0
1461, 0.0
1462, 0.0
1463, 0.0
1464, 0.0
1465, 0.0
1466, 0.0
1467, 0.0
1468, 0.0
1469, 0.0
1470, 0.0
1471, 0.0
1472, 0.0
1473, 0.0
1474, 0.0
1475, 0.0
1476, 0.0
1477, 0.0
1478, 0.0
1479, 0.0
1480, 0.0
1481, 0.0
1482, 0.0
1483, 0.0
1484, 0.0
1485, 0.0
1486, 0.0
1487, 0.0
1488, 0.0
1489, 0.0
1490, 0.0
1491, 0.0
1492, 0.0
1493, 0.0
1494, 0.0
1495, 0.0
1496, 0.0
1497, 0.0
1498, 0.0
1499, 0.0
1500, 0.0
1501, 0.0
1502, 0.0
1503, 0.0
1504, 0.0
1505, 0.0
1506, 0.0
1507, 0.0
1508, 0.0
1509, 0.0
1510, 0.0
1511, 0.0
1512, 0.0
1513, 0.0
1514, 0.0
1515, 0.0
1516, 0.0
1517, 0.0
1518, 0.0
1519, 0.0
1520, 0.0
1521, 0.0
1522, 0.0
1523, 0.0
1524, 0.0
1525, 0.0
1526, 0.0
1527, 0.0
1528, 0.0
1529, 0.0
1530, 0.0
1531, 0.0
1532, 0.0
1533, 0.0
1534, 0.0
1535, 0.0
1536, 0.0
1537, 0.0
1538, 0.0
1539, 0.0
1540, 0.0
1541, 0.0
1542, 0.0
1543, 0.0
1544, 0.0
1545, 0.0
1546, 0.0
1547, 0.0
1548, 0.0
1549, 0.0
1550, 0.0
1551, 0.0
1552, 0.0
1553, 0.0
1554, 0.0
1555, 0.0
1556, 0.0
1557, 0.0
1558, 0.0
1559, 0.0
1560, 0.0
1561, 0.0
1562, 0.0
1563, 0.0
1564, 0.0
1565, 0.0
1566, 0.0
1567, 0.0
1568, 0.0
1569, 0.0
1570, 0.0
1571, 0.0
1572, 0.0
1573, 0.0
1574, 0.0
1575, 0.0
1576, 0.0
1577, 0.0
1578, 0.0
1579, 0.0
1580, 0.0
1581, 0.0
1582, 0.0
1583, 0.0
1584, 0.0
1585, 0.0
1586, 0.0
1587, 0.0
1588, 0.0
1589, 0.0
1590, 0.0
1591, 0.0
1592, 0.0
1593, 0.0
1594, 0.0
1595, 0.0
1596, 0.0
1597, 0.0
1598, 0.0
1599, 0.0
