30, 0.0
31, 0.0
32, 0.0
33, 0.0
34, 0.0
35, 0.0
36, 0.0
37, 0.0
38, 0.0
39, 0.0
40, 0.0
41, 0.0
42, 0.0
43, 0.0
44, 0.0
45, 0.0
46, 0.0
47, 0.0
48, 0.0
49, 0.0
50, 0.0
51, 0.0
52, 0.0
53, 0.0
54, 0.0
55, 0.0
56, 0.0
57, 0.0
58, 0.0
59, 0.0
60, 0.0
61, 0.0
62, 0.0
63, 0.0
64, 0.0
65, 0.0
66, 0.0
67, 0.0
68, 0.0
69, 0.0
70, 0.0
71, 0.0
72, 0.0
73, 0.0
74, 0.0
75, 0.0
76, 0.0
77, 0.0
78, 0.0
79, 0.0
80, 0.0
81, 0.0
82, 0.0
83, 0.0
84, 0.0
85, 0.0
86, 0.0
87, 0.0
88, 0.0
89, 0.0
90, 0.0
91, 0.0
92, 0.0
93, 0.0
94, 0.0
95, 0.0
96, 0.0
97, 0.0
98, 0.0
99, 0.0
100, 0.0
101, 0.0
102, 0.0
103, 0.0
104, 0.0
105, 0.0
106, 0.0
107, 0.0
108, 0.0
109, 0.0
110, 0.0
111, 0.0
112, 0.0
113, 0.0
114, 0.0
115, 0.0
116, 0.0
117, 0.0
118, 0.0
119, 0.0
120, 0.0
121, 0.0
122, 0.0
123, 0.0
124, 0.0
125, 0.0
126, 0.0
127, 0.0
128, 0.0
129, 0.0
130, 0.0
131, 0.0
132, 0.0
133, 0.0
134, 0.0
135, 0.0
136, 0.0
137, 0.0
138, 0.0
139, 0.0
140, 0.0
141, 0.0
142, 0.0
143, 0.0
144, 0.0
145, 0.0
146, 0.0
147, 0.0
148, 0.0
149, 0.0
150, 0.0
151, 0.0
152, 0.0
153, 0.0
154, 0.0
155, 0.0
156, 0.0
157, 0.0
158, 0.0
159.0, 4.677926250534144e-06
160.0, 0.0006975054872962391
161.0, 0.008083509131090176
162.0, 0.011820907170037937
163.0, 0.012897125914276221
164.0, 0.014135861647800016
165.0, 0.014124960612008623
166.0, 0.0006661613732142869
167.0, 0.02072787218093182
168.0, 0.013770938902461251
169.0, 0.008966225393136832
170.0, 0.013404117390270502
171.0, 0.01297481784564736
172.0, 0.021708199595904882
173.0, 0.025584793728145858
174.0, 0.01359247912243972
175.0, 0.010775590353150273
176.0, 0.031100494357171184
177.0, 0.022109550314255984
178.0, 0.011955730413919338
179.0, 0.015387315486323194
180.0, 0.012871111894299766
181.0, 0.004193978621813626
182.0, 0.009376432620145678
183.0, 0.002443692817052111
184.0, 0.00874434960784305
185.0, 0.015562093364493618
186.0, 0.01424130713658597
187.0, 0.0059468114427096205
188.0, 0.018888070496357028
189.0, 0.009741787449758423
190.0, 0.013347988613791521
191.0, 0.021720584828666345
192.0, 0.023031352431332842
193.0, 0.008825892509945851
194.0, 0.012303284224306805
195.0, 0.020214112179357917
196.0, 0.03054342160872976
197.0, 0.030952464247829173
198.0, 0.018219363381140993
199.0, 0.031160693343159483
200.0, 0.016210252690376015
201.0, 0.011725305595824386
202.0, 0.022836663359240325
203.0, 0.038095038117641575
204.0, 0.034720137165750814
205.0, 0.02155670525626715
206.0, 0.018405738711744904
207.0, 0.017677631199967903
208.0, 0.021379782922015707
209.0, 0.027910228521290735
210.0, 0.016558318585117797
211.0, 0.021452925036993663
212.0, 0.016673173716756057
213.0, 0.014919972394055807
214.0, 0.018530886355712508
215.0, 0.01935813968333677
216.0, 0.02286165852209696
217.0, 0.03220533138807391
218.0, 0.035655581093076434
219.0, 0.03291912788938198
220.0, 0.027255348655284433
221.0, 0.0223204050236703
222.0, 0.01553546555129923
223.0, 0.02314287259387618
224.0, 0.020604007635656688
225.0, 0.013414168763188784
226.0, 0.021140064088367275
227.0, 0.016212330307800515
228.0, 0.020646089372025733
229.0, 0.021255175699997582
230.0, 0.02502063347938324
231.0, 0.0349459201547946
232.0, 0.04241816948056184
233.0, 0.032545615763851614
234.0, 0.022457363012720947
235.0, 0.02657808644891085
236.0, 0.032918926608697996
237.0, 0.026532907625639177
238.0, 0.02558491436505337
239.0, 0.02446838172143467
240.0, 0.03208265464633253
241.0, 0.03340363843406663
242.0, 0.02674758886724883
243.0, 0.02508142202086399
244.0, 0.034235624440671825
245.0, 0.0324414018033108
246.0, 0.027678191287832842
247.0, 0.02825799453556175
248.0, 0.03663392264229476
249.0, 0.04372414537635672
250.0, 0.041942773987722795
251.0, 0.04403290708844628
252.0, 0.04586450817444268
253.0, 0.04684987599187005
254.0, 0.047663658511477185
255.0, 0.04464681446419141
256.0, 0.04850151120719196
257.0, 0.05976408721310642
258.0, 0.06380308483756619
259.0, 0.058686319381351264
260.0, 0.05720063640732057
261.0, 0.062062677697915444
262.0, 0.08606568522431787
263.0, 0.08486926382507125
264.0, 0.09243693770975651
265.0, 0.12171079145919887
266.0, 0.10498226207035923
267.0, 0.15196854766607207
268.0, 0.1870238018994965
269.0, 0.20151062938374203
270.0, 0.21582383246221082
271.0, 0.24786021407204953
272.0, 0.25202350515110467
273.0, 0.29252356931839685
274.0, 0.31067625536242816
275.0, 0.3210797555724198
276.0, 0.3318722432097917
277.0, 0.3389813895657231
278.0, 0.3380883444133602
279.0, 0.3101136823747558
280.0, 0.2812973303063154
281.0, 0.24395116419398302
282.0, 0.20141844025198405
283.0, 0.17976243446691356
284.0, 0.15188993467455753
285.0, 0.12905959704000283
286.0, 0.11243514630744351
287.0, 0.09890917835672848
288.0, 0.08629275110730884
289.0, 0.07843448335251968
290.0, 0.07093380044812964
291.0, 0.05651245041945163
292.0, 0.04977131855582761
293.0, 0.04927909805522311
294.0, 0.04451833769230563
295.0, 0.02896379982236378
296.0, 0.048183880316277246
297.0, 0.053089064489248924
298.0, 0.05350211254826739
299.0, 0.05079116945694523
300.0, 0.03883808224351274
301.0, 0.04423232222194361
302.0, 0.03542718183495827
303.0, 0.016750522258527353
304.0, 0.0058109910374706565
305.0, 0.010697588295535986
306.0, 0.022739698904965723
307.0, 0.01646874533893105
308.0, 0.03194638173546198
309.0, 0.03871756593231897
310.0, 0.0358404005761267
311.0, 0.032975297830837184
312.0, 0.04168695068305779
313.0, 0.04195209029674643
314.0, 0.03505597447977978
315.0, 0.026180253888825812
316.0, 0.018320418039042552
317.0, 0.014212404507695916
318.0, 0.01803254408844744
319.0, 0.018265076974227742
320.0, 0.013445035463082575
321.0, 0.020721613711644375
322.0, 0.025099841309219967
323.0, 0.00929760430656689
324.0, 0.003351769000225096
325.0, 0.015439894327320063
326.0, 0.020139325758959346
327.0, 0.020013071107348217
328.0, 0.020047459170628387
329.0, 0.02245219599620772
330.0, 0.016282988344634784
331.0, 0.020129771305497163
332.0, 0.010977981625199315
333.0, 0.004132460885788277
334.0, 0.009203519714297545
335.0, 0.021262678657855003
336.0, 0.0028973982100500076
337.0, 0.010230020962185619
338.0, 0.010973640047085703
339.0, 0.011667284762112625
340.0, 0.014775305658640147
341.0, 0.015527129265842623
342.0, 0.023046148524158816
343.0, 0.007146367614776917
344.0, 0.0067538996995240574
345.0, 0.009539754103633313
346.0, 0.007660701302431084
347.0, 0.007305231170336069
348.0, 0.0031956245283913005
349.0, 0.01616525037322839
350.0, 0.01137334870480087
351.0, 0.006352040367921478
352.0, 0.011150063824847662
353.0, 0.014054773615515562
354.0, 0.015992236880347066
355.0, 0.015190876619440684
356.0, 0.01396450460968836
357.0, 0.013095715858883574
358.0, 0.013015499565489821
359.0, 0.013803529107125501
360.0, 0.011945438936718771
361.0, 0.01622617620954084
362.0, 0.020415943926791604
363.0, 0.023605599475212697
364.0, 0.023720878088734933
365.0, 0.01745215693252693
366.0, 0.025935512712105938
367.0, 0.017717723660025043
368.0, 0.00728635411548632
369.0, 0.0057281064489454565
370.0, 0.009614709123701243
371.0, 0.0017751796046975316
372.0, 0.020512096897958278
373.0, 0.011327682025796097
374.0, 0.0035531534860535692
375.0, 0.006060923090681079
376.0, 0.012763776303366219
377.0, 0.008501698559126473
378.0, 0.016911907996718944
379.0, 0.012220058342797114
380.0, 0.0184624702890836
381.0, 0.016117537501164434
382.0, 0.006238210083445289
383.0, 0.020822727627659764
384.0, 0.01880871372343504
385.0, 0.020557845963951247
386.0, 0.010639384293282659
387.0, 0.00408855005746122
388.0, 0.006676115824855721
389.0, 0.006769688913424669
390.0, 0.0035668361194876102
391.0, 0.00922280493991054
392.0, 0.022149427291710773
393.0, 0.032091366909881444
394.0, 0.03116413985189305
395.0, 0.02039768651494561
396.0, 0.027283716751786962
397.0, 0.03529176164500293
398.0, 0.017350469036871374
399.0, 0.017250939964213258
400.0, 0.03339327099432787
401.0, 0.0261855784510752
402.0, 0.022526729917154948
403.0, 0.017090285983019888
404.0, 0.012845183851742447
405.0, 0.020859013416683385
406.0, 0.03042647450112818
407.0, 0.02351108601590643
408.0, 0.01958174634430851
409.0, 0.03282280373184444
410.0, 0.028061541639244028
411.0, 0.02024056752110618
412.0, 0.02492663474643162
413.0, 0.03965856595378872
414.0, 0.018645801901314013
415.0, 0.03554320718097039
416.0, 0.03464242150614693
417.0, 0.03836369070265271
418.0, 0.049652248255723
419.0, 0.05501312294662047
420.0, 0.0327659077787202
421.0, 0.04446648946909962
422.0, 0.07877489213549596
423.0, 0.09032615715968732
424.0, 0.08546876841057857
425.0, 0.08367421171217868
426.0, 0.0911459478083044
427.0, 0.11951372344210068
428.0, 0.13900356958759208
429.0, 0.17037601382759043
430.0, 0.2090231606880747
431.0, 0.2506908267335696
432.0, 0.29948552544492607
433.0, 0.3541252158194416
434.0, 0.44018093933100855
435.0, 0.5112027670606565
436.0, 0.6002473584448713
437.0, 0.7057314515504539
438.0, 0.7952294009692378
439.0, 0.8949022878975174
440.0, 0.9536348862955386
441.0, 0.988016348559424
442.0, 0.9593959851786582
443.0, 0.8968714982307939
444.0, 0.8368125192801908
445.0, 0.7069067061442391
446.0, 0.6062306460802891
447.0, 0.5095966584240402
448.0, 0.4302222255769029
449.0, 0.35551331349072507
450.0, 0.280426117462145
451.0, 0.231821355788505
452.0, 0.20115335273319454
453.0, 0.16881445411878876
454.0, 0.14904437178296076
455.0, 0.13423822546959696
456.0, 0.11689895642680906
457.0, 0.09843473057355824
458.0, 0.0878797956814821
459.0, 0.07766159524280926
460.0, 0.0698601397313044
461.0, 0.06220180327813991
462.0, 0.05643698192619675
463.0, 0.055411127305271105
464.0, 0.05352895073270715
465.0, 0.03794847055564787
466.0, 0.045416819921340404
467.0, 0.032510059177757324
468.0, 0.021699998158394046
469.0, 0.039214001655595535
470.0, 0.0510085713259128
471.0, 0.03185458287779146
472.0, 0.03268404628334518
473.0, 0.04345487759428096
474.0, 0.03775658337319238
475.0, 0.02075677224427644
476.0, 0.027606182932434577
477.0, 0.017401965685128994
478.0, 0.0253726793249041
479.0, 0.017165252120768276
480.0, 0.009407490498221717
481.0, 0.015628908395549188
482.0, 0.031665382807662006
483.0, 0.025815550331271246
484.0, 0.01978317264179396
485.0, 0.03569525272123443
486.0, 0.03943648030757225
487.0, 0.024392288875657028
488.0, 0.008710568588131021
489.0, 0.02220486426048187
490.0, 0.03497349782119863
491.0, 0.012287308385602647
492.0, 0.009722947609805058
493.0, 0.007994754698516767
494.0, 0.005231297271411912
495.0, 0.01578821792763637
496.0, 0.009857096552391736
497.0, 0.01787472104321362
498.0, 0.010642999817782585
499.0, 0.01179064657592012
500.0, 0.014286540641262014
501.0, 0.012438135003033021
502.0, 0.027956560017176998
503.0, 0.027408727834856317
504.0, 0.02724985232664531
505.0, 0.012914101958800332
506.0, 0.008931369572030763
507.0, 0.01656183729035125
508.0, 0.01279399790563038
509.0, 0.0006239324070452142
510.0, 0.029302792510597097
511.0, 0.035714993423084686
512.0, 0.02740927083517174
513.0, 0.013994613650372698
514.0, 0.007642978478370644
515.0, 0.023498347026000864
516.0, 0.045339484336503075
517.0, 0.026280514932449046
518.0, 0.010534167126546541
519.0, 0.012440110390099705
520.0, 0.016062627502497547
521.0, 0.0004984393735359725
522.0, 0.0017488073331005131
523.0, 0.00716549470197707
524.0, 0.016512253880859588
525.0, 0.025523374429183825
526.0, 0.028325794136206
527.0, 0.0216980028026081
528.0, 0.008660752913109752
529.0, 0.003954815051572736
530.0, 0.00517288319552633
531.0, 0.015212604077253788
532.0, 0.027626068663146836
533.0, 0.03224416374018778
534.0, 0.023060606391028117
535.0, 0.008380822030354729
536.0, 0.020251481543101194
537.0, 0.02561159520686024
538.0, 0.01243652929936168
539.0, 0.008226782667429792
540.0, 0.02207178799890722
541.0, 0.028039474785983308
542.0, 0.015187447672284513
543.0, 0.027150413293347164
544.0, 0.016678810289563625
545.0, 0.005743514343209649
546.0, 0.01074443774250226
547.0, 0.022853366881363493
548.0, 0.007252506085576763
549.0, 0.00931567260165669
550.0, 0.003081069178873383
551.0, 0.001249076321608351
552.0, 0.003510005289557825
553.0, 0.007878667722506533
554.0, 0.01267288305922142
555.0, 0.01500660201886493
556.0, 0.011008925763019945
557.0, 0.008633005616897262
558.0, 0.00915801428613565
559.0, 0.006356330257471199
560.0, 0.004316499765348175
561.0, 0.01556319337499986
562.0, 0.024269821770660952
563.0, 0.029411857890201648
564.0, 0.01461359246264931
565.0, 0.0251530233482459
566.0, 0.03338678861559039
567.0, 0.02003880124312046
568.0, 0.02979060846995029
569.0, 0.025143085018705675
570.0, 0.013268396318617565
571.0, 0.014910981952370762
572.0, 0.019931428492132305
573.0, 0.0220759025501308
574.0, 0.018691109421878443
575.0, 0.004476017317751272
576.0, 0.0020704312800584597
577.0, 0.008869541276498957
578.0, 0.017821091900731535
579.0, 0.01805772025294355
580.0, 0.011524782558557788
581.0, 0.007616451827787304
582.0, 0.004173952281523328
583.0, 0.008884602101579948
584.0, 0.011056158641268198
585.0, 0.00647786661358043
586.0, 0.011152482082030526
587.0, 0.018972164134349663
588.0, 0.008932091688613848
589.0, 0.008967213020283473
590.0, 0.003083858275156412
591.0, 0.0011728356564586573
592.0, 0.015029234979331051
593.0, 0.018607419105214993
594.0, 0.006965915873202221
595.0, 0.007625931848225357
596.0, 0.0024147442252798143
597.0, 0.011873976071524099
598.0, 0.0058371405807280015
599.0, 0.005464523671650187
600.0, 0.011053464820426986
601.0, 0.014783571741019928
602.0, 0.015096794770790314
603.0, 0.023482431523034912
604.0, 0.009019240376825801
605.0, 0.004980059892886076
606.0, 0.004417523185982562
607.0, 0.01133631888511593
608.0, 0.01919109660683468
609.0, 0.0061109835551926926
610.0, 0.014038348295402316
611.0, 0.024069291292083354
612.0, 0.021892918099341185
613.0, 0.016036196990462576
614.0, 0.017610209737099834
615.0, 0.02077332872075234
616.0, 0.004114843353272592
617.0, 0.016398778570710676
618.0, 0.023171026786468624
619.0, 0.011422486839371805
620.0, 0.009796876096722333
621.0, 0.009760180061510136
622.0, 0.0017029263964164995
623.0, 0.00607062911031901
624.0, 0.012993845491763866
625.0, 0.01397554517360401
626.0, 0.013211917259430864
627.0, 0.012889722527498494
628.0, 0.01861415848295462
629.0, 0.023711780107088028
630.0, 0.009645777273417536
631.0, 0.018273677929258672
632.0, 0.010706890480068156
633.0, 0.005847174728976878
634.0, 0.01055268280258422
635.0, 0.014345462371411332
636.0, 0.01614956326171755
637.0, 0.02907924704876625
638.0, 0.0014898692652776813
639.0, 4.680200956275382e-05
640.0, 0.002509667503420492
641.0, 0.006456308230291358
642.0, 0.005545798410230581
643.0, 0.006528680703444147
644.0, 0.025282650024720583
645.0, 0.027901524366792906
646.0, 0.0115018199212381
647.0, 0.015013530257927732
648.0, 0.029465103284856888
649.0, 0.03219305445902211
650.0, 0.02224841406997605
651.0, 0.01834530297285194
652.0, 0.0006050892572235858
653.0, 0.015459317786593646
654.0, 0.0060104972215668725
655.0, 0.008091967481875541
656.0, 0.012908338883766584
657.0, 0.012069931606330577
658.0, 0.012249685427629293
659.0, 0.016742441937169558
660.0, 0.0171000054649068
661.0, 0.02109851343917442
662.0, 0.02354440614815506
663.0, 0.02770015184301924
664.0, 0.033942321455152205
665.0, 0.035945727938054804
666.0, 0.023336069727625208
667.0, 0.0032480237415368433
668.0, 0.007335383862573536
669.0, 0.011289563202809761
670.0, 0.018120476361629854
671.0, 0.021826790402637672
672.0, 0.016875872466574016
673.0, 0.013111340959484907
674.0, 0.018871202609124553
675.0, 0.014566887526250932
676.0, 0.012413415984204588
677.0, 0.012117635706861803
678.0, 0.012321923072386824
679.0, 0.012405498268020069
680.0, 0.014275653233052908
681.0, 0.026575074775441496
682.0, 0.013454203627149022
683.0, 0.027918925175502648
684.0, 0.03979132986500915
685.0, 0.041857504725110864
686.0, 0.031907053632847654
687.0, 0.012190958659993407
688.0, 0.005617720184188714
689.0, 0.031212363105571343
690.0, 0.014956926981063504
691.0, 0.016563830288855774
692.0, 0.02517653263854115
693.0, 0.03258020122198616
694.0, 0.030879531541939516
695.0, 0.004223738995544797
696.0, 0.029062838012219684
697.0, 0.021456162468672588
698.0, 0.027631527293474727
699.0, 0.046418246944570446
700.0, 0.051895069160151346
701.0, 0.04363258265322897
702.0, 0.05001307455135225
703.0, 0.05185748585061524
704.0, 0.0391031104530624
705.0, 0.047161370381917374
706.0, 0.042199860485552174
707.0, 0.03607429266707493
708.0, 0.03475246349425129
709.0, 0.03337730550929384
710.0, 0.03522188911331183
711.0, 0.02629735565319815
712.0, 0.0425590995893179
713.0, 0.0449307042782973
714.0, 0.0423378036468104
715.0, 0.05527513392603687
716.0, 0.07163634845850325
717.0, 0.05764920143448921
718.0, 0.070311547887305
719.0, 0.06470771639337539
720.0, 0.06357723654189368
721.0, 0.08617657606178068
722.0, 0.08886679923135958
723.0, 0.0748931891486749
724.0, 0.07472716263167363
725.0, 0.06868057828969143
726.0, 0.052890883377067544
727.0, 0.05931734465190169
728.0, 0.07709808133263743
729.0, 0.07380570790472832
730.0, 0.0688166943398909
731.0, 0.07362105135483578
732.0, 0.06862203431094085
733.0, 0.06417225836774426
734.0, 0.054659466048517076
735.0, 0.06627088825900707
736.0, 0.06678911676773501
737.0, 0.06605679209402052
738.0, 0.06820924447099466
739.0, 0.06632665414305432
740.0, 0.05771148462283895
741.0, 0.06611436748012624
742.0, 0.062426044851929034
743.0, 0.06234741565765945
744.0, 0.05698675588834888
745.0, 0.04843141860910498
746.0, 0.03793180237683726
747.0, 0.03001828645249988
748.0, 0.043963046203121345
749.0, 0.05357405450297687
750.0, 0.041919214051476875
751.0, 0.037195440268126705
752.0, 0.023472594343475494
753.0, 0.02835806542884348
754.0, 0.04853253441063044
755.0, 0.03991068799495404
756.0, 0.03636446439057162
757.0, 0.04584240761977133
758.0, 0.03721385591385629
759.0, 0.04151076218672255
760.0, 0.041046152661364695
761.0, 0.03125747389828165
762.0, 0.023790129387354923
763.0, 0.02888687397992418
764.0, 0.04114596113444721
765.0, 0.025518295459072173
766.0, 0.02832993718557058
767.0, 0.04271815027866013
768.0, 0.04442167276425043
769.0, 0.032275468856169755
770.0, 0.026666718507362578
771.0, 0.04150161418929839
772.0, 0.04716287270292406
773.0, 0.03685944732140038
774.0, 0.06625357709412265
775.0, 0.05584952726391837
776.0, 0.04421321659152602
777.0, 0.051805379773509165
778.0, 0.0509247225934797
779.0, 0.02754228921211639
780.0, 0.033174067433717105
781.0, 0.0370737018334973
782.0, 0.040380003495552604
783.0, 0.04561863057539798
784.0, 0.04180654548147998
785.0, 0.02651668717536984
786.0, 0.01473487009334214
787.0, 0.024469213606679918
788.0, 0.014161233635678835
789.0, 0.028586160395096955
790.0, 0.03926415373002377
791.0, 0.03570532477221539
792.0, 0.027270366999029433
793.0, 0.026456568004469536
794.0, 0.030273603449984622
795.0, 0.01800954800517896
796.0, 0.02589628496215798
797.0, 0.030188165948492253
798.0, 0.04482151105881607
799.0, 0.05538928098721315
800.0, 0.04958511811893087
801.0, 0.036245676725256276
802.0, 0.03499860346231542
803.0, 0.04519339791801131
804.0, 0.0230291529213393
805.0, 0.032889808557187025
806.0, 0.05531486388311818
807.0, 0.04733293896320971
808.0, 0.039779986037852724
809.0, 0.04840622275511392
810.0, 0.05046392775802767
811.0, 0.032415346184375846
812.0, 0.05205893804859126
813.0, 0.05604711249806045
814.0, 0.032087876350777166
815.0, 0.03407407486294438
816.0, 0.037873371649780635
817.0, 0.03016171029080913
818.0, 0.030242886098026892
819.0, 0.049528258269165376
820.0, 0.033753552330118106
821.0, 0.0412384361292609
822.0, 0.03404661669064808
823.0, 0.03464726637843058
824.0, 0.03751368160840879
825.0, 0.030547507706505852
826.0, 0.021730577103304703
827.0, 0.03343040158656405
828.0, 0.03752848962174773
829.0, 0.031693041330163596
830.0, 0.02243771171077447
831.0, 0.03263947768796081
832.0, 0.036613580801994595
833.0, 0.041249988425096154
834.0, 0.04765091496294927
835.0, 0.038929910173655026
836.0, 0.04354435034665104
837.0, 0.05098664682851656
838.0, 0.026552703638206273
839.0, 0.029864633645460107
840.0, 0.03839188839877768
841.0, 0.03941653006683751
842.0, 0.034701311187671474
843.0, 0.029272520016646243
844.0, 0.024091077614514476
845.0, 0.0276755922102486
846.0, 0.030795472118483064
847.0, 0.03183224648943883
848.0, 0.03229504881273403
849.0, 0.03984052293140587
850.0, 0.05035049600543998
851.0, 0.04848074003291289
852.0, 0.03126641532114765
853.0, 0.046672005885177344
854.0, 0.040120097048650195
855.0, 0.019418712210090335
856.0, 0.028236525923524707
857.0, 0.03382212276751465
858.0, 0.03457816330403556
859.0, 0.03916119507840215
860.0, 0.039484953365209505
861.0, 0.025825361063765137
862.0, 0.030054226684566903
863.0, 0.019782080502260713
864.0, 0.022743669787699563
865.0, 0.0379223715205929
866.0, 0.027953542957604348
867.0, 0.015671994879865637
868.0, 0.023755706677861407
869.0, 0.012014997686575171
870.0, 0.01978129881575942
871.0, 0.0025685697504261706
872.0, 0.023339718859678248
873.0, 0.03837093604969125
874.0, 0.023603434510677104
875.0, 0.011689799195009575
876.0, 0.019870793024383486
877.0, 0.026703198422200477
878.0, 0.023204005039499202
879.0, 0.023970285073510757
880.0, 0.009092578114566468
881.0, 0.02238222976092187
882.0, 0.01670375303355217
883.0, 0.021951919042419995
884.0, 0.02087934650385824
885.0, 0.01089512901450901
886.0, 0.0273079530289242
887.0, 0.0024216775599042346
888.0, 0.022605001471337437
889.0, 0.01594093826265824
890.0, 0.005101387467909694
891.0, 0.00797686612445827
892.0, 0.02250946484786654
893.0, 0.02715342659391568
894.0, 0.01412053129353692
895.0, 0.007008581149557333
896.0, 0.005946960960282981
897.0, 0.0031780620660244938
898.0, 0.022821080077142786
899.0, 0.02760796906447145
900.0, 0.025578596120486425
901.0, 0.02196070197892525
902.0, 0.021213819964526166
903.0, 0.02465882993377479
904.0, 0.021630221086450036
905.0, 0.00021516950882479336
906.0, 0.01271576166091774
907.0, 0.011939780180732912
908.0, 0.005979870441131669
909.0, 0.0180157507902311
910.0, 0.018727680302362514
911.0, 0.007971105069516617
912.0, 0.01169757206995408
913.0, 0.0033143569843036495
914.0, 0.001398699995471334
915.0, 0.0019508596575887214
916.0, 0.0021347130327428005
917.0, 0.01844974313305735
918.0, 0.015402486264164692
919.0, 0.019434037604408066
920.0, 0.02616725711260838
921.0, 0.008053712994158663
922.0, 0.016605442837500643
923.0, 0.009107936260602672
924.0, 0.05513011590744162
925.0, 0.017000806532764177
926.0, 0.0064275507564947685
927.0, 0.018941276193783815
928.0, 0.018801140501624368
929.0, 0.00573097894967005
930.0, 0.007312533307567303
931.0, 0.02154331032205214
932.0, 0.013074302115774058
933.0, 0.009681759733978305
934.0, 0.00933931202459489
935.0, 0.010238242525601439
936.0, 0.0174872803928324
937.0, 0.018584082604508355
938.0, 0.015036326926083246
939.0, 0.019758810406672354
940.0, 0.026846630789895166
941.0, 0.02642219058227832
942.0, 0.0062431507162370205
943.0, 0.02237980758755048
944.0, 0.017636052034346532
945.0, 0.009052482279944896
946.0, 0.02251634794337022
947.0, 0.03415530945854771
948.0, 0.01903650701762011
949.0, 0.014052884403235984
950.0, 0.05208645649436578
951.0, 0.04363267761297224
952.0, 0.014328579074264566
953.0, 0.013441654886695839
954.0, 0.01876662037324252
955.0, 0.024663451077419504
956.0, 0.025909647590233235
957.0, 0.020911063611292684
958.0, 0.015721587037819368
959.0, 0.009844062118881712
960.0, 0.010862820916572851
961.0, 0.008121702618217493
962.0, 0.015068400806030294
963.0, 0.012993429215347324
964.0, 0.016699999411553104
965.0, 0.026144992310310353
966.0, 0.03267640168031801
967.0, 0.030814112542508067
968.0, 0.02111206446476914
969.0, 0.027881434115511652
970.0, 0.021907879111056294
971.0, 0.026261345364677065
972.0, 0.02349506682609632
973.0, 0.033354394315544524
974.0, 0.047701141555959836
975.0, 0.04733919661006672
976.0, 0.03819046245949859
977.0, 0.042714033725723036
978.0, 0.04063700820307244
979.0, 0.022291127110831952
980.0, 0.04456926678135868
981.0, 0.02308494146374874
982.0, 0.05066442157821936
983.0, 0.0370513479590242
984.0, 0.020323632653248873
985.0, 0.029480450962691848
986.0, 0.029820612190128416
987.0, 0.028632745031917827
988.0, 0.017471869638356653
989.0, 0.020360065202146158
990.0, 0.046267167015885534
991.0, 0.031345298201460314
992.0, 0.038814406358777864
993.0, 0.05685876449594943
994.0, 0.03920122415040751
995.0, 0.005033447616503419
996.0, 0.011567085999205078
997.0, 0.02814561278389392
998.0, 0.030468803772855935
999.0, 0.05478417666499076
1000.0, 0.03833324074752021
1001.0, 0.043028114464569674
1002.0, 0.04999566988882632
1003.0, 0.04362863010882165
1004.0, 0.029804518082053
1005.0, 0.030237327522759403
1006.0, 0.04507565078701495
1007.0, 0.028688884449925678
1008.0, 0.043843292943030486
1009.0, 0.05436778159594928
1010.0, 0.02108956071876592
1011.0, 0.037202437157980384
1012.0, 0.05747483334400112
1013.0, 0.052449778685621895
1014.0, 0.04073456326997197
1015.0, 0.038544310763988884
1016.0, 0.03397812818039545
1017.0, 0.035117812110885244
1018.0, 0.05078112477032569
1019.0, 0.06609774250285082
1020.0, 0.06397936540061867
1021.0, 0.06353672104220844
1022.0, 0.05783835984792459
1023.0, 0.05099253381223948
1024.0, 0.04857119114732225
1025.0, 0.0520736317631102
1026.0, 0.056981626288322484
1027.0, 0.05178551946107565
1028.0, 0.053786154814251134
1029.0, 0.05905104400073678
1030.0, 0.05456161911556511
1031.0, 0.05291973709302257
1032.0, 0.04900126487167049
1033.0, 0.044891174917057484
1034.0, 0.04153443714567457
1035.0, 0.03773565129551641
1036.0, 0.03514897081379349
1037.0, 0.03942418907574924
1038.0, 0.05617181959423097
1039.0, 0.03864311904021329
1040.0, 0.047207990223620565
1041.0, 0.04257052288785958
1042.0, 0.029603352312881283
1043.0, 0.027818304850103073
1044.0, 0.02062563321980663
1045.0, 0.018812136697414952
1046.0, 0.032248729114050356
1047.0, 0.017509877251922296
1048.0, 0.048155459965773154
1049.0, 0.023107773259640793
1050.0, 0.025721647595362985
1051.0, 0.05143389370399337
1052.0, 0.04891925390857946
1053.0, 0.03791021299247922
1054.0, 0.03888752360384127
1055.0, 0.03980759795358797
1056.0, 0.02847067678692153
1057.0, 0.02226976577112085
1058.0, 0.030188574045280712
1059.0, 0.0006203298720212618
1060.0, 0.02606747371119493
1061.0, 0.04997526357656727
1062.0, 0.04566436666157395
1063.0, 0.033873773614334864
1064.0, 0.028946856593347146
1065.0, 0.03800899807250289
1066.0, 0.03999863952764666
1067.0, 0.023729102148809286
1068.0, 0.021780950556084436
1069.0, 0.003620653842378802
1070.0, 0.019297325064730024
1071.0, 0.028658117853985678
1072.0, 0.04455629934195512
1073.0, 0.05063968560629971
1074.0, 0.022832046815649137
1075.0, 0.025531360516150646
1076.0, 0.040496205890831395
1077.0, 0.025983701499164735
1078.0, 0.018454609332773042
1079.0, 0.03779416687661745
1080.0, 0.01942571339691976
1081.0, 0.045091620753355356
1082.0, 0.01951127861063175
1083.0, 0.024154557898225737
1084.0, 0.0355011206547657
1085.0, 0.037986462311217106
1086.0, 0.03509171168212439
1087.0, 0.02858836615028702
1088.0, 0.01846417327890415
1089.0, 0.011370317857203646
1090.0, 0.015149321069187021
1091.0, 0.03878921234215129
1092.0, 0.014186564735321644
1093.0, 0.02301113583495931
1094.0, 0.0315730162490351
1095.0, 0.02717948948777035
1096.0, 0.030428902356635913
1097.0, 0.022794473061806153
1098.0, 0.01980277329828312
1099.0, 0.02975136485321026
1100.0, 0.01805931386763122
1101.0, 0.0027936158143026957
1102.0, 0.0148041422453216
1103.0, 0.008340966034830987
1104.0, 0.003840721288006988
1105.0, 0.03585916161263393
1106.0, 0.046773345106655234
1107.0, 0.03406907124500375
1108.0, 0.023755922159594257
1109.0, 0.02149204184240598
1110.0, 0.021483771138004214
1111.0, 0.030815667419449168
1112.0, 0.05047745005561543
1113.0, 0.043333946447984606
1114.0, 0.04600787893766615
1115.0, 0.04860850814723626
1116.0, 0.03627608080175135
1117.0, 0.03178234403234598
1118.0, 0.02456374017256971
1119.0, 0.03424174179853486
1120.0, 0.03714411025769203
1121.0, 0.035508313319754216
1122.0, 0.05183746563203338
1123.0, 0.05304226385439619
1124.0, 0.03690606179447473
1125.0, 0.06455571797058651
1126.0, 0.07035232002699944
1127.0, 0.02355575965604145
1128.0, 0.014334230241694727
1129.0, 0.01909131375712792
1130.0, 0.0319870369009666
1131.0, 0.02153414634887421
1132.0, 0.014434066145007945
1133.0, 0.027434575804005205
1134.0, 0.02874304941070075
1135.0, 0.04101133157351017
1136.0, 0.048272486327357034
1137.0, 0.04863465547729956
1138.0, 0.0517480507826367
1139.0, 0.03510680190026935
1140.0, 0.04278378597874681
1141.0, 0.040814553473567855
1142.0, 0.034496031794482004
1143.0, 0.0324814441848949
1144.0, 0.02908021573801543
1145.0, 0.02701447036251943
1146.0, 0.026964377182516996
1147.0, 0.0018740063062315116
1148.0, 0.015307956597635567
1149.0, 0.06753752958980949
1150.0, 0.044892747472943056
1151.0, 0.030459040862847765
1152.0, 0.0077579562157326165
1153.0, 0.027879139331648636
1154.0, 0.03790557046253219
1155.0, 0.035735206265056274
1156.0, 0.034405440025439264
1157.0, 0.032596594267887344
1158.0, 0.04258834181247585
1159.0, 0.048639034843484946
1160.0, 0.03366644984772433
1161.0, 0.0131764106603323
1162.0, 0.01845240681016242
1163.0, 0.028530368275663964
1164.0, 0.03986309919941524
1165.0, 0.04370500029310377
1166.0, 0.044757000398421384
1167.0, 0.04625623360521394
1168.0, 0.04168910765564594
1169.0, 0.033907985038581376
1170.0, 0.03107139261403469
1171.0, 0.023494912898813558
1172.0, 0.033117123277243
1173.0, 0.03131997736268809
1174.0, 0.03460391417059134
1175.0, 0.03304127246361092
1176.0, 0.02169644828187094
1177.0, 0.007960282791705513
1178.0, 0.02758884601058377
1179.0, 0.021019161542604727
1180.0, 0.0048737102184682754
1181.0, 0.021698019470731193
1182.0, 0.03734224229463861
1183.0, 0.028881363436210297
1184.0, 0.03295118069346449
1185.0, 0.016404938659663595
1186.0, 0.05741958887971525
1187.0, 0.015753317707611354
1188.0, 0.009425958119689942
1189.0, 0.015014980613592101
1190.0, 0.041478886996470204
1191.0, 0.029326300372798587
1192.0, 0.01929921688582537
1193.0, 0.03104717783694718
1194.0, 0.03217513401843247
1195.0, 0.027753636556520887
1196.0, 0.030251779105650196
1197.0, 0.029702831649092806
1198.0, 0.06151179631071505
1199.0, 0.03247417620062422
1200.0, 0.02392107409816725
1201.0, 0.02857664749879698
1202.0, 0.009217559598592537
1203.0, 0.018161223772321662
1204.0, 0.018402028756065558
1205.0, 0.021111150645765357
1206.0, 0.032253386122953635
1207.0, 0.025566192169740976
1208.0, 0.02236744710060557
1209.0, 0.05357437904931552
1210.0, 0.036924341771306504
1211.0, 0.04567226082116091
1212.0, 0.01012081329068586
1213.0, 0.03400633694147759
1214.0, 0.009349411243078205
1215.0, 0.029011269346302618
1216.0, 0.04100896093190536
1217.0, 0.04929167585804996
1218.0, 0.051556840507683124
1219.0, 0.031534698522473856
1220.0, 0.019505142042010398
1221.0, 0.03314248351748658
1222.0, 0.020805003509673098
1223.0, 0.03320479771448027
1224.0, 0.03877488932652328
1225.0, 0.016500899789413256
1226.0, 0.04722300317976491
1227.0, 0.036229182100058696
1228.0, 0.02678751989941397
1229.0, 0.022969276914499934
1230.0, 0.024640072282517772
1231.0, 0.02127038821661765
1232.0, 0.023916161092012785
1233.0, 0.027443065627917023
1234.0, 0.021542660530682253
1235.0, 0.0251224776937712
1236.0, 0.03055738923830939
1237.0, 0.024020286026267827
1238.0, 0.02745459733214718
1239.0, 0.03186862916360441
1240.0, 0.04862634863043656
1241.0, 0.042919716847408716
1242.0, 0.03457826385234546
1243.0, 0.032628708863694685
1244.0, 0.02379856637869835
1245.0, 0.021323361870673928
1246.0, 0.025537116387987967
1247.0, 0.018110350320279675
1248.0, 0.015107006559850564
1249.0, 0.0419185702011738
1250.0, 0.044166813470467914
1251.0, 0.007004720077947409
1252.0, 0.003937501280193954
1253.0, 0.05462848676908343
1254.0, 0.027370338869789297
1255.0, 0.03289947845237054
1256.0, 0.0402973516660381
1257.0, 0.03171421425318512
1258.0, 0.02209100207346767
1259.0, 0.018115401192172514
1260.0, 0.018219440303858983
1261.0, 0.016146012002118945
1262.0, 0.011949416251374557
1263.0, 0.019036240265357558
1264.0, 0.03254377937009531
1265.0, 0.016135900074000228
1266.0, 0.019789848223715413
1267.0, 0.0319788873347124
1268.0, 0.004252482363116225
1269.0, 0.020781406227198387
1270.0, 0.034997360814372984
1271.0, 0.047685691929403314
1272.0, 0.038154884492041
1273.0, 0.0423936733324802
1274.0, 0.04709252183901107
1275.0, 0.03714215968663586
1276.0, 0.028405507920167022
1277.0, 0.029968710886306173
1278.0, 0.03519285545369467
1279.0, 0.04018331961857885
1280.0, 0.06583663476387182
1281.0, 0.03551449874413805
1282.0, 0.00875224063193299
1283.0, 0.026869796265526415
1284.0, 0.04697124911123665
1285.0, 0.022292399033325604
1286.0, 0.03709592632716873
1287.0, 0.05901403205055097
1288.0, 0.03618781302704162
1289.0, 0.022967028300021956
1290.0, 0.029356935131531148
1291.0, 0.0257881238954881
1292.0, 0.022300216107555827
1293.0, 0.020628945860494335
1294.0, 0.023785491649660522
1295.0, 0.041652375505439675
1296.0, 0.03736065789505971
1297.0, 0.07277097321720985
1298.0, 0.026802663245930045
1299.0, 0.050784833046607344
1300.0, 0.03341584898184456
1301.0, 0.05154769519616394
1302.0, 0.039056294401225086
1303.0, 0.030937778041648455
1304.0, 0.022836291353076972
1305.0, 0.029558544332812818
1306.0, 0.036776092382874485
1307.0, 0.026248558062241148
1308.0, 0.03957924245705531
1309.0, 0.06099766875525062
1310.0, 0.038797342667184945
1311.0, 0.039992971563292276
1312.0, 0.03538287722409498
1313.0, 0.03735089670839832
1314.0, 0.056198873076191785
1315.0, 0.04514042664556208
1316.0, 0.03750016831495166
1317.0, 0.01813492078777504
1318.0, 0.030594316390097992
1319.0, 0.022768218562444643
1320.0, 0.011853947132940417
1321.0, 0.017314594172861308
1322.0, 0.03455367180917029
1323.0, 0.049520849645144124
1324.0, 0.05509727608003009
1325.0, 0.0628585925403059
1326.0, 0.03664751268778774
1327.0, 0.03509141714836634
1328.0, 0.04451295123271035
1329.0, 0.062040199252474205
1330.0, 0.018242415976905887
1331.0, 0.010153769206325158
1332.0, 0.016270848851486913
1333.0, 0.013904854214955855
1334.0, 0.016171520112897197
1335.0, 0.018643752181888858
1336.0, 0.0334297874023054
1337.0, 0.03520871578293046
1338.0, 0.03449411581527633
1339.0, 0.04494523179187894
1340.0, 0.03251546009306333
1341.0, 0.009847670725802614
1342.0, 0.030414617696466268
1343.0, 0.03320343549628263
1344.0, 0.011836486900410633
1345.0, 0.02359057084629945
1346.0, 0.006837512631511288
1347.0, 0.037108480084053486
1348.0, 0.031656794916875605
1349.0, 0.03952544533202716
1350.0, 0.033821652639125975
1351.0, 0.033070547323090026
1352.0, 0.034558500937304296
1353.0, 0.023554961463254843
1354.0, 0.021526380268507648
1355.0, 0.020553319649552246
1356.0, 0.018811003609146105
1357.0, 0.019044393705525783
1358.0, 0.014038980460733187
1359.0, 0.02656114020942471
1360.0, 0.032066787493753766
1361.0, 0.03887693523918659
1362.0, 0.039875414361084334
1363.0, 0.005969402110144101
1364.0, 0.05127284803674349
1365.0, 0.052274263923611175
1366.0, 0.024557451489552025
1367.0, 0.03991573425798908
1368.0, 0.015093421033123736
1369.0, 0.02378898870345285
1370.0, 0.04495722927831064
1371.0, 0.054984973765659466
1372.0, 0.03267372878587434
1373.0, 0.023962239023299473
1374.0, 0.036472323377976845
1375.0, 0.0297640404544314
1376.0, 0.026016756140083176
1377.0, 0.04850250061358409
1378.0, 0.05923674444736204
1379.0, 0.028677821227914048
1380.0, 0.025829777294955076
1381.0, 0.013097589964779893
1382.0, 0.013444573695637476
1383.0, 0.0017132757821750116
1384.0, 0.02905347483275348
1385.0, 0.03863180265022916
1386.0, 0.04808675366136851
1387.0, 0.05853913317620434
1388.0, 0.05623293433855038
1389.0, 0.0423088304405661
1390.0, 0.03691145984002557
1391.0, 0.03335183358008006
1392.0, 0.026587345355106182
1393.0, 0.028266733498872647
1394.0, 0.030279097028349942
1395.0, 0.02430362279373254
1396.0, 0.029814143122811183
1397.0, 0.035525730900612305
1398.0, 0.026965204083046646
1399.0, 0.031972445114067764
1400.0, 0.027616963726506103
1401.0, 0.03232718753611263
1402.0, 0.03359774844867628
1403.0, 0.03263156968001993
1404.0, 0.038250822247599965
1405.0, 0.03940753671150099
1406.0, 0.020918240954969178
1407.0, 0.03541024864258211
1408.0, 0.02682855085761543
1409.0, 0.016283030809834637
1410.0, 0.028170851645566788
1411.0, 0.03727600603832869
1412.0, 0.033776998481059424
1413.0, 0.03210348010818648
1414.0, 0.0353658734479429
1415.0, 0.03697467129558111
1416.0, 0.034322959177704615
1417.0, 0.03322128139132092
1418.0, 0.035312124503238146
1419.0, 0.02471910700916108
1420.0, 0.040850032024285374
1421.0, 0.022010252158348505
1422.0, 0.012753525812101742
1423.0, 0.024632531848391037
1424.0, 0.031790111031686566
1425.0, 0.017167057246110246
1426.0, 0.018580945398134603
1427.0, 0.039086491732023845
1428.0, 0.020006704443170896
1429.0, 0.04174328427653495
1430.0, 0.05490337576760499
1431.0, 0.03823859110957851
1432.0, 0.02003483122467987
1433.0, 0.03566800337418717
1434.0, 0.050693199957859036
1435.0, 0.04575291755108342
1436.0, 0.03761517290100535
1437.0, 0.017799167483373266
1438.0, 0.0429306334175853
1439.0, 0.0771606196554624
1440.0, 0.055120640354655394
1441.0, 0.057885486437482286
1442.0, 0.019146982557749156
1443.0, 0.053818815831846
1444.0, 0.0277847487784139
1445.0, 0.0536927327778619
1446.0, 0.05042112661402236
1447.0, 0.0426844640422913
1448.0, 0.02631169678420832
1449.0, 0.05495544932148522
1450.0, 0.05102708668541985
1451.0, 0.042479850580479844
1452.0, 0.04439236330455492
1453.0, 0.026835125452909135
1454.0, 0.023057476026179066
1455.0, 0.020046781711387646
1456.0, 0.03078301305433946
1457.0, 0.04910782015058247
1458.0, 0.05703185981531362
1459.0, 0.04828400450794042
1460.0, 0.016687582980748825
1461.0, 0.04325850459258477
1462.0, 0.0351755934442247
1463.0, 0.019449231294745475
1464.0, 0.03812871195747493
1465.0, 0.041395234257823155
1466.0, 0.03214288955031061
1467.0, 0.047240646543327235
1468.0, 0.047306428820014915
1469.0, 0.0662010721530144
1470.0, 0.038100435171757506
1471.0, 0.027099541170619065
1472.0, 0.018520068808556247
1473.0, 0.014827295501970261
1474.0, 0.04336314817183387
1475.0, 0.028363897505210095
1476.0, 0.05313578541392926
1477.0, 0.035671438462414815
1478.0, 0.02239362818440986
1479.0, 0.03689400771136611
1480.0, 0.03670755145482802
1481.0, 0.0402880419578881
1482.0, 0.04214718778514743
1483.0, 0.032048466512518574
1484.0, 0.0461308420699924
1485.0, 0.046545192416104206
1486.0, 0.020101706117868372
1487.0, 0.04080143570361615
1488.0, 0.06136258559752454
1489.0, 0.0644697043825764
1490.0, 0.04216895633083163
1491.0, 0.07211384403707205
1492.0, 0.04760826903076222
1493.0, 0.03162583142313512
1494.0, 0.029298487773192543
1495.0, 0.06123919849163861
1496.0, 0.042951670518254874
1497.0, 0.05764447670920458
1498.0, 0.05627740996235009
1499.0, 0.03584763283582573
1500.0, 0.012311625617403201
1501.0, 0.037017429006355074
1502.0, 0.022901148397717
1503.0, 0.039829069829804074
1504.0, 0.04748012339368826
1505.0, 0.04175483336446499
1506.0, 0.036116279273955935
1507.0, 0.048928383090896053
1508.0, 0.04500112463771953
1509.0, 0.015439115487573091
1510.0, 0.028529509366500286
1511.0, 0.05144553839031867
1512.0, 0.02777447513952465
1513.0, 0.021186975957562918
1514.0, 0.025607567225781433
1515.0, 0.012951411274736032
1516.0, 0.01749644216351814
1517.0, 0.04745800040074287
1518.0, 0.028321376262116154
1519.0, 0.022610366307393184
1520.0, 0.0665133285381303
1521.0, 0.03728264520448095
1522.0, 0.03299926927093397
1523.0, 0.036176450948284734
1524.0, 0.012002751316230369
1525.0, 0.024885161798213894
1526.0, 0.02367181507310736
1527.0, 0.030666948952110158
1528.0, 0.05788886430447827
1529.0, 0.04946790474393812
1530.0, 0.08599050283874453
1531.0, 0.05098783068211893
1532.0, 0.04455851485189541
1533.0, 0.04871693625116511
1534.0, 0.030992282833446846
1535.0, 0.04174821900829782
1536.0, 0.06048144856350653
1537.0, 0.0381198794129384
1538.0, 0.028260862893218597
1539.0, 0.029293640834557197
1540.0, 0.013283829588379606
1541.0, 0.033724981502730324
1542.0, 0.05271756996959401
1543.0, 0.029294824464721418
1544.0, 0.03030852880115747
1545.0, 0.026247286262275956
1546.0, 0.021391413434486237
1547.0, 0.013724989012550926
1548.0, 0.04046170005920558
1549.0, 0.009600248544912685
1550.0, 0.042223854174575165
1551.0, 0.038049585997953134
1552.0, 0.03092416697425872
1553.0, 0.06672668306322867
1554.0, 0.0461574825065586
1555.0, 0.020658425873232522
1556.0, 0.015973418704485473
1557.0, 0.04407041526115243
1558.0, 0.052665958743209396
1559.0, 0.03881113608561922
1560.0, 0.03761216954823789
1561.0, 0.029432676754955287
1562.0, 0.03371062485951701
1563.0, 0.030275213551766024
1564.0, 0.028698896860723876
1565.0, 0.028622759454437312
1566.0, 0.02070693372796347
1567.0, 0.025317799957731483
1568.0, 0.009331437201177298
1569.0, 0.014712214809064757
1570.0, 0.008424237871766757
1571, 0.0
1572, 0.0
1573, 0.0
1574, 0.0
1575, 0.0
1576, 0.0
1577, 0.0
1578, 0.0
1579, 0.0
1580, 0.0
1581, 0.0
1582, 0.0
1583, 0.0
1584, 0.0
1585, 0.0
1586, 0.0
1587, 0.0
1588, 0.0
1589, 0.0
1590, 0.0
1591, 0.0
1592, 0.0
1593, 0.0
1594, 0.0
1595, 0.0
1596, 0.0
1597, 0.0
1598, 0.0
1599, 0.0
