30, 0.0
31, 0.0
32, 0.0
33, 0.0
34, 0.0
35, 0.0
36, 0.0
37, 0.0
38, 0.0
39, 0.0
40, 0.0
41, 0.0
42, 0.0
43, 0.0
44, 0.0
45, 0.0
46, 0.0
47, 0.0
48, 0.0
49, 0.0
50, 0.0
51, 0.0
52, 0.0
53, 0.0
54, 0.0
55, 0.0
56, 0.0
57, 0.0
58, 0.0
59, 0.0
60, 0.0
61, 0.0
62, 0.0
63, 0.0
64, 0.0
65, 0.0
66, 0.0
67, 0.0
68, 0.0
69, 0.0
70, 0.0
71, 0.0
72, 0.0
73.0, 0.00016726699905001224
74.0, 0.0007432071835484048
75.0, 0.0027822993171611097
76.0, 0.001493128056136768
77.0, 0.0008683778630313898
78.0, 0.003218031964358147
79.0, 0.005549382978764031
80.0, 0.014611861584834185
81.0, 0.02845831024532301
82.0, 0.04122366575107873
83.0, 0.0577035301116618
84.0, 0.07123057499456514
85.0, 0.07841350154860081
86.0, 0.09315104217690591
87.0, 0.10679989868293373
88.0, 0.12029277585807467
89.0, 0.1362685175854072
90.0, 0.1563681523890839
91.0, 0.1737741950068921
92.0, 0.1859886608614827
93.0, 0.2001973430729929
94.0, 0.21189287408658805
95.0, 0.22178132727520947
96.0, 0.2306793679742596
97.0, 0.24428809748750394
98.0, 0.2572030738120986
99.0, 0.2677846759953559
100.0, 0.27213442773561686
101.0, 0.2702798852083403
102.0, 0.2643742833306325
103.0, 0.25613363488985613
104.0, 0.245866744111585
105.0, 0.23861985280867856
106.0, 0.2343598525430026
107.0, 0.22478449131905115
108.0, 0.21521959112388483
109.0, 0.20741474441799168
110.0, 0.2035357844503986
111.0, 0.1915788051764329
112.0, 0.1800718415459484
113.0, 0.17120585755936388
114.0, 0.17243753190607974
115.0, 0.1769219040095684
116.0, 0.17937809146447903
117.0, 0.17616188431343752
118.0, 0.16529537934363553
119.0, 0.15301951020088975
120.0, 0.14183583540963868
121.0, 0.13904925032151733
122.0, 0.13030666316740544
123.0, 0.1182132049152591
124.0, 0.10365424070779905
125.0, 0.09918252236500619
126.0, 0.09304384936864134
127.0, 0.08666680662245044
128.0, 0.0825964708998157
129.0, 0.07611078973248483
130.0, 0.0728082421508246
131.0, 0.07296121027033008
132.0, 0.06525007436459312
133.0, 0.061385971228926306
134.0, 0.057977705225518296
135.0, 0.05167446545876991
136.0, 0.052249961921120955
137.0, 0.0520656177294168
138.0, 0.05078333420230847
139.0, 0.050268210411216124
140.0, 0.04768684907645456
141.0, 0.04390772016653691
142.0, 0.03921850154007325
143.0, 0.034315927761939646
144.0, 0.0313846469123866
145.0, 0.029802584292227298
146.0, 0.02832107863028255
147.0, 0.027062974293084886
148.0, 0.024889644008014623
149.0, 0.021661359957204068
150.0, 0.020936560065034793
151.0, 0.018940590253553796
152.0, 0.016856881162737623
153.0, 0.01607684094265217
154.0, 0.01617214740623094
155.0, 0.014835447163962965
156.0, 0.012262763283708492
157.0, 0.01077150863598921
158.0, 0.011237203652109366
159.0, 0.012864124250038902
160.0, 0.015375266040906485
161.0, 0.01715524415542975
162.0, 0.01800187406210308
163.0, 0.018243654239026533
164.0, 0.018488136708825903
165.0, 0.02041385181675658
166.0, 0.021778365820028768
167.0, 0.02204876820162215
168.0, 0.021822031731201404
169.0, 0.02332094974629807
170.0, 0.024595705528730763
171.0, 0.02367224535541758
172.0, 0.026194298010981516
173.0, 0.02872483002415858
174.0, 0.031164587993799453
175.0, 0.03418365477153427
176.0, 0.03588410099227559
177.0, 0.039161502579813504
178.0, 0.045317823486059575
179.0, 0.05333262550887154
180.0, 0.05932409526872592
181.0, 0.06617341586609944
182.0, 0.07844940227505692
183.0, 0.09264017951437045
184.0, 0.11091050452286909
185.0, 0.13319398694039924
186.0, 0.15742468160061646
187.0, 0.19185441218153262
188.0, 0.231371414483523
189.0, 0.27373097210930764
190.0, 0.3322603171678035
191.0, 0.39503708802263066
192.0, 0.4602618952400591
193.0, 0.5249947291655536
194.0, 0.5929403905175248
195.0, 0.6394139963255022
196.0, 0.6595404462366605
197.0, 0.657613146034568
198.0, 0.6231329862442027
199.0, 0.5697853052094081
200.0, 0.5042222077336144
201.0, 0.4261213344410317
202.0, 0.3565531596391965
203.0, 0.29478196564984277
204.0, 0.23923136159260505
205.0, 0.20226263221279453
206.0, 0.17102371358514715
207.0, 0.14254375264936608
208.0, 0.11594881310881172
209.0, 0.09773733286637187
210.0, 0.08310319228735819
211.0, 0.06892655024061715
212.0, 0.05471313160555068
213.0, 0.04521946824991771
214.0, 0.03931083081993852
215.0, 0.034506577392589034
216.0, 0.02980389813542835
217.0, 0.025339864299978577
218.0, 0.021105696254264058
219.0, 0.016670728802805967
220.0, 0.01406346557821012
221.0, 0.011030912393061119
222.0, 0.005844328185464228
223.0, 0.00853820712610394
224.0, 0.006533297540485291
225.0, 0.002419179708884835
226.0, 0.0022861888052798265
227.0, 0.0009302894688694159
228.0, 0.000866125201090556
229.0, 0.002082625700132623
230.0, 0.0005833567216253716
231.0, 0.0005103387585640372
232.0, 0.0009065085436277136
233.0, 0.001233782057424431
234.0, 0.0016276173868927843
235.0, 0.001417578428236003
236.0, 0.001154735839901195
237.0, 0.0018205585163443773
238.0, 0.003416883459884978
239.0, 0.0044752489856784775
240.0, 0.005129636422218444
241.0, 0.007219256102880731
242.0, 0.007489601187754509
243.0, 0.007373834889148157
244.0, 0.007514281440624493
245.0, 0.00812798680230575
246.0, 0.00916067473552294
247.0, 0.010416151705512211
248.0, 0.0116885606924372
249.0, 0.01081893153802985
250.0, 0.009998554738932401
251.0, 0.00920582639362872
252.0, 0.0076971304097229465
253.0, 0.005662937376731729
254.0, 0.004055510025795555
255.0, 0.0032096145103329113
256.0, 0.0033662462871187717
257.0, 0.003646292939174957
258.0, 0.004504575839771237
259.0, 0.006374354934942432
260.0, 0.010335679285821327
261.0, 0.017081963739115316
262.0, 0.024502758909393227
263.0, 0.02853913597451248
264.0, 0.03680337107495439
265.0, 0.045793274573463674
266.0, 0.0554184209782566
267.0, 0.06816975045416093
268.0, 0.0854316834185128
269.0, 0.10382168829136909
270.0, 0.1224204599716316
271.0, 0.15099414784363807
272.0, 0.18424980357838347
273.0, 0.22147053028445798
274.0, 0.26253593660461677
275.0, 0.29992596662874244
276.0, 0.3398017007998626
277.0, 0.37539900758727235
278.0, 0.38891193988294137
279.0, 0.37716541625861266
280.0, 0.35188028163720697
281.0, 0.316233909331673
282.0, 0.27528352734036193
283.0, 0.23442031858051085
284.0, 0.19458706534522027
285.0, 0.1566134524324552
286.0, 0.1279863400122996
287.0, 0.10844974206622722
288.0, 0.09246031480921077
289.0, 0.07453495730289914
290.0, 0.06253076901835436
291.0, 0.0557167557155835
292.0, 0.05114403477651306
293.0, 0.042296648094394915
294.0, 0.04052344105653096
295.0, 0.03807297166765829
296.0, 0.03457475643070715
297.0, 0.03608960668473695
298.0, 0.03712943167083641
299.0, 0.03804901097539254
300.0, 0.03921993350130622
301.0, 0.04443506971689502
302.0, 0.04911385138986771
303.0, 0.053805429535860455
304.0, 0.05900307955075238
305.0, 0.07224291633277004
306.0, 0.08410499781942
307.0, 0.09542943586525512
308.0, 0.10822334287907526
309.0, 0.12463756690058346
310.0, 0.14034132018555948
311.0, 0.15556197745329242
312.0, 0.17330430089381296
313.0, 0.18630211317464238
314.0, 0.20218674549901447
315.0, 0.22228321526280742
316.0, 0.2373101200337195
317.0, 0.2506770503126343
318.0, 0.2655531396646756
319.0, 0.2836664373363846
320.0, 0.2934838388782573
321.0, 0.30315863577184904
322.0, 0.30911228648103684
323.0, 0.3068289780250485
324.0, 0.3025345091523178
325.0, 0.2905057368330964
326.0, 0.2755445890793277
327.0, 0.2681472873613747
328.0, 0.24400551719390534
329.0, 0.22301013157274013
330.0, 0.20615612113482262
331.0, 0.18502916309701326
332.0, 0.16820794931414065
333.0, 0.15249074180444258
334.0, 0.13739264711515245
335.0, 0.12695222327847236
336.0, 0.11497310509420702
337.0, 0.1034940975347353
338.0, 0.09368255519169374
339.0, 0.08501791333523567
340.0, 0.07812895426159433
341.0, 0.07236867871630144
342.0, 0.06720652147130794
343.0, 0.05976631072011252
344.0, 0.055552448597744934
345.0, 0.05296263648765061
346.0, 0.049123262954108356
347.0, 0.046854951915080434
348.0, 0.044965464182322605
349.0, 0.04304432920918461
350.0, 0.04030060512846776
351.0, 0.0412463733179524
352.0, 0.040886033944312325
353.0, 0.0388563629442939
354.0, 0.03889970832096893
355.0, 0.03971008514029826
356.0, 0.041672927339545605
357.0, 0.04438022378377189
358.0, 0.041946106101052025
359.0, 0.04236021527095377
360.0, 0.043424961147915726
361.0, 0.043852336948851885
362.0, 0.04391942104707107
363.0, 0.04599429057270843
364.0, 0.04899882543948001
365.0, 0.05196336124493548
366.0, 0.058606253022719275
367.0, 0.06021073374747202
368.0, 0.061158728019582505
369.0, 0.06834506390656493
370.0, 0.07008494299173251
371.0, 0.06901989831350655
372.0, 0.0660620563554703
373.0, 0.06259025543798996
374.0, 0.05941853544983327
375.0, 0.05623730988184131
376.0, 0.05218041225067267
377.0, 0.04431626026502249
378.0, 0.044249913767887616
379.0, 0.04225719616016464
380.0, 0.037542774728229
381.0, 0.03963243159259391
382.0, 0.03324165029928096
383.0, 0.028461968553855993
384.0, 0.028550857805214158
385.0, 0.02662341386086102
386.0, 0.02464371605863142
387.0, 0.023632986025773895
388.0, 0.0239192611154479
389.0, 0.019942584572073832
390.0, 0.02024734470558128
391.0, 0.02087902343839551
392.0, 0.018777038525566055
393.0, 0.01695651460633411
394.0, 0.017098900679862583
395.0, 0.01690981067203321
396.0, 0.013810725988188768
397.0, 0.01966050746459886
398.0, 0.017913151084302314
399.0, 0.01365344247233682
400.0, 0.01520588139041814
401.0, 0.013766331107018038
402.0, 0.011386473397386255
403.0, 0.009574473938570936
404.0, 0.01111497445968601
405.0, 0.009827649214465032
406.0, 0.007873275906699529
407.0, 0.005951311235403257
408.0, 0.005209284710142585
409.0, 0.0066906299447402106
410.0, 0.006274145312970245
411.0, 0.004058547426734522
412.0, 0.003006932712238129
413.0, 0.0025859020011661667
414.0, 0.0017241554881499623
415.0, 0.0005091472727729096
416.0, 0.0006103046923813236
417.0, 0.0010247869655805192
418.0, 0.0012421955039071569
419.0, 0.0011875972228591058
420.0, 0.0014367650150673929
421.0, 0.0012822460159013587
422.0, 0.0013644111924211353
423.0, 0.0017695634094002433
424.0, 0.0009806970217710953
425.0, 0.0027959193644645944
426.0, 0.0039574232208408645
427.0, 0.003359589581660225
428.0, 0.007359766227907997
429.0, 0.007217006074236526
430.0, 0.006155075524074547
431.0, 0.006118872154068669
432.0, 0.007848035624396258
433.0, 0.008472631161549733
434.0, 0.009095751702585007
435.0, 0.010492212130976269
436.0, 0.01234638516504612
437.0, 0.013077830809304828
438.0, 0.01407034321271534
439.0, 0.016430509216184174
440.0, 0.01596697962234626
441.0, 0.016987679047576695
442.0, 0.018044749054432496
443.0, 0.01774894979934763
444.0, 0.019406854412711037
445.0, 0.02296845896856119
446.0, 0.02563012116593762
447.0, 0.024283294068574
448.0, 0.027264039244096133
449.0, 0.02700994229132773
450.0, 0.026040784674557824
451.0, 0.02757503953891493
452.0, 0.026697331560156263
453.0, 0.028799684479263857
454.0, 0.029692230921513327
455.0, 0.02349523017787265
456.0, 0.024411322886467256
457.0, 0.024224515448174562
458.0, 0.022658099414571985
459.0, 0.01977951885354533
460.0, 0.020101709084332023
461.0, 0.021360057327154337
462.0, 0.022844581708846925
463.0, 0.023665909733194927
464.0, 0.022353598703882375
465.0, 0.020557636592525425
466.0, 0.0186106953123167
467.0, 0.016871163817736675
468.0, 0.012409565670250498
469.0, 0.0097815980923016
470.0, 0.007928734516989458
471.0, 0.004622596069920068
472.0, 0.001962930779794178
473.0, 0.0009852653508437854
474.0, 0.002555418877227326
475.0, 0.008106732150594072
476.0, 0.004693004167511066
477.0, 0.001806305843495822
478.0, 0.0012470476782034784
479.0, 0.004945970741159374
480.0, 0.005373700098216129
481.0, 0.0050743423020808975
482.0, 0.00456954608547919
483.0, 0.004403688721437382
484.0, 0.0021165008405459387
485.0, 0.0016605706694673944
486.0, 0.0019637950349655742
487.0, 0.0008891803110479887
488.0, 0.0016477092684543779
489.0, 0.0030039971083454992
490.0, 0.004852259112193668
491.0, 0.007168391428343232
492.0, 0.00986240995325392
493.0, 0.011279705538411854
494.0, 0.012021893244453973
495.0, 0.013077105532775449
496.0, 0.014936453923026966
497.0, 0.01625215967191161
498.0, 0.017501583963604142
499.0, 0.01941051233639695
500.0, 0.021050081422152294
501.0, 0.022338020016347066
502.0, 0.02382816268298221
503.0, 0.026205348512146145
504.0, 0.027686789080866858
505.0, 0.02930314000544842
506.0, 0.031095627236469754
507.0, 0.0330860629666757
508.0, 0.03493758813836086
509.0, 0.03689959981707981
510.0, 0.039208152284427075
511.0, 0.04206906734915626
512.0, 0.04284485373267704
513.0, 0.04078229866891866
514.0, 0.03781467494415255
515.0, 0.035560290751759906
516.0, 0.031093278972770436
517.0, 0.029941072250518726
518.0, 0.028411231015920194
519.0, 0.023888417968384847
520.0, 0.019984655516344853
521.0, 0.019401590821188846
522.0, 0.01895081671931771
523.0, 0.016674455894132485
524.0, 0.013906036213980226
525.0, 0.010073306495325037
526.0, 0.007473244189220271
527.0, 0.007196014640224067
528.0, 0.007627760382238924
529.0, 0.007204198941527441
530.0, 0.006990627309055114
531.0, 0.007121489255144865
532.0, 0.005272842065145486
533.0, 0.0021483846259940298
534.0, 0.0016050417988377255
535.0, 0.004296170161525893
536.0, 0.006325220000560015
537.0, 0.007835887352954192
538.0, 0.006884880989548833
539.0, 0.0041946635337242804
540.0, 0.004724077125191734
541.0, 0.003356170966634304
542.0, 0.00327308041124151
543.0, 0.004190384622009891
544.0, 0.0032168790268751637
545.0, 0.005397889915283701
546.0, 0.005523232189644303
547.0, 0.003585790318079836
548.0, 0.0014046678721327168
549.0, 0.0034229759972433365
550.0, 0.004649112569680347
551.0, 0.005433996086764085
552.0, 0.007286355228227457
553.0, 0.005935234594411866
554.0, 0.006029294564475489
555.0, 0.0066285369969180065
556.0, 0.006152876408264568
557.0, 0.00654983598140469
558.0, 0.008601441112922048
559.0, 0.01016261871496637
560.0, 0.009162849514125236
561.0, 0.007541817822518113
562.0, 0.009367077965177727
563.0, 0.010311065511063394
564.0, 0.0077013852779258445
565.0, 0.008704931945987392
566.0, 0.008701694900196288
567.0, 0.007587033837315038
568.0, 0.005927023050201487
569.0, 0.008455838672860285
570.0, 0.010136159907828596
571.0, 0.009048497537824834
572.0, 0.0056618702985225975
573.0, 0.005682369859058674
574.0, 0.007531813013947999
575.0, 0.007609630118748303
576.0, 0.005831048236512294
577.0, 0.004833627974552413
578.0, 0.002650385362934533
579.0, 0.0013646419059029074
580.0, 0.0021918103165926668
581.0, 0.0070190254633665065
582.0, 0.0025615687186494153
583.0, 0.0011221433816856593
584.0, 0.0015013734261468503
585.0, 0.00042008235562773885
586.0, 0.0008890978300163033
587.0, 0.0009477949976362865
588.0, 0.0006212517371811337
589.0, 2.677029031374829e-05
590.0, 0.0003174536268027503
591.0, 0.0003501116201625406
592.0, 0.0005475116274500189
593.0, 0.0010385659246406767
594.0, 0.0002410906814277434
595.0, 0.00024042515931060714
596.0, 0.0009655346062665196
597.0, 0.0018850755435797732
598.0, 0.00033514699169552825
599.0, 0.003398103036988473
600.0, 0.005909155950545379
601.0, 0.0067648385948171725
602.0, 0.006935283755753201
603.0, 0.006711578184073957
604.0, 0.007605478422632345
605.0, 0.009692605770990655
606.0, 0.012668839111895841
607.0, 0.012441257461881433
608.0, 0.01388267513782888
609.0, 0.017706303295221056
610.0, 0.02425870685408924
611.0, 0.01654621812140186
612.0, 0.017145162261645717
613.0, 0.019911234918098257
614.0, 0.020711688714850598
615.0, 0.02949656584097758
616.0, 0.030083016773533762
617.0, 0.030603641813402884
618.0, 0.03460861111853827
619.0, 0.040073867232940395
620.0, 0.04275711716445658
621.0, 0.04661097594229717
622.0, 0.052044926009683475
623.0, 0.05696616815392238
624.0, 0.061253373288581985
625.0, 0.06605348323179
626.0, 0.07074472388599257
627.0, 0.07397023372750375
628.0, 0.08584461758952468
629.0, 0.09061200305718571
630.0, 0.0929208472712645
631.0, 0.0985325584615469
632.0, 0.1114466521549938
633.0, 0.11811652337760166
634.0, 0.124002782188526
635.0, 0.13120187789217086
636.0, 0.12963670391416593
637.0, 0.1378244837205402
638.0, 0.1412507224565105
639.0, 0.1388724354273271
640.0, 0.14502706229674314
641.0, 0.1444742034370464
642.0, 0.14385030405599714
643.0, 0.1433932073521004
644.0, 0.1413401595198445
645.0, 0.14543780454933705
646.0, 0.14902450757934885
647.0, 0.15139792653301873
648.0, 0.15231399135853674
649.0, 0.15391150619673133
650.0, 0.1544739640255703
651.0, 0.15709331208109284
652.0, 0.1627880035444783
653.0, 0.16547528135642767
654.0, 0.17015545255539172
655.0, 0.17540884932248352
656.0, 0.18077832180361972
657.0, 0.18626477960758367
658.0, 0.19365293109012444
659.0, 0.2037300114960413
660.0, 0.21435961790988386
661.0, 0.22186047606180256
662.0, 0.23215921798500117
663.0, 0.24510747062541388
664.0, 0.2602286078680609
665.0, 0.27661834341393254
666.0, 0.28823546206505807
667.0, 0.31431512005084977
668.0, 0.338462819377055
669.0, 0.35793621530549224
670.0, 0.3962283972041748
671.0, 0.43239822137866046
672.0, 0.4677041455054005
673.0, 0.5103635045922561
674.0, 0.5775815033439122
675.0, 0.6443887240645167
676.0, 0.7129719872902064
677.0, 0.7745115746753737
678.0, 0.8203866465583687
679.0, 0.8825179207444112
680.0, 0.926793723164736
681.0, 0.9563763644307742
682.0, 0.9754544050927618
683.0, 0.9963442730989228
684.0, 0.9916365875986387
685.0, 0.9678536086191543
686.0, 0.9302263326733752
687.0, 0.8875511424612085
688.0, 0.8397140892880992
689.0, 0.7896991869402679
690.0, 0.7365049034751145
691.0, 0.6789132721859784
692.0, 0.6240497041878946
693.0, 0.5701731752805373
694.0, 0.5183251698884965
695.0, 0.46789801788476504
696.0, 0.4115687831109699
697.0, 0.3715624119057005
698.0, 0.3296341032445199
699.0, 0.28890209848518
700.0, 0.2690256092305905
701.0, 0.23944433241741137
702.0, 0.21242592793601203
703.0, 0.18864876257716862
704.0, 0.1678409257914983
705.0, 0.1579099225946757
706.0, 0.14931072385827682
707.0, 0.13700819563804817
708.0, 0.12007333701237827
709.0, 0.10765682278827436
710.0, 0.10648919395736613
711.0, 0.09963612496174398
712.0, 0.089607038542365
713.0, 0.08951112741439932
714.0, 0.08255403602521014
715.0, 0.08000358950564712
716.0, 0.07686356090650576
717.0, 0.0686965111915712
718.0, 0.06703276564077237
719.0, 0.06915923808678674
720.0, 0.06794345729745853
721.0, 0.06270377602851686
722.0, 0.06200034478441283
723.0, 0.06065622611130151
724.0, 0.05780930074181017
725.0, 0.05607273187603515
726.0, 0.05944586197049212
727.0, 0.058608530037759884
728.0, 0.056100265038018925
729.0, 0.054868998447517504
730.0, 0.05618576094056439
731.0, 0.05510052753533005
732.0, 0.0535645687412043
733.0, 0.0536996984383704
734.0, 0.05479512950858716
735.0, 0.05385641132657577
736.0, 0.05274786895192718
737.0, 0.05330307388872755
738.0, 0.053829097808390805
739.0, 0.05297023077281049
740.0, 0.056880948044731726
741.0, 0.0530791829335909
742.0, 0.05093061536011591
743.0, 0.05240439953225015
744.0, 0.050819949967000656
745.0, 0.053054561589127976
746.0, 0.05300492760212937
747.0, 0.050780539658130175
748.0, 0.047734688650934755
749.0, 0.0449003456088095
750.0, 0.04555633868216627
751.0, 0.04530702013347028
752.0, 0.041784975444023244
753.0, 0.03567328559697619
754.0, 0.03787678792993195
755.0, 0.03888503194370018
756.0, 0.03717276197643475
757.0, 0.03350772285001161
758.0, 0.03524361952253649
759.0, 0.03207295278612555
760.0, 0.030303020900830265
761.0, 0.032527484034004295
762.0, 0.02603204258195643
763.0, 0.03433423490601918
764.0, 0.03682356567752627
765.0, 0.03210144567648828
766.0, 0.028245465718811126
767.0, 0.02935890052634443
768.0, 0.02898964007448481
769.0, 0.02819531757195813
770.0, 0.028227592883880534
771.0, 0.03033094991949133
772.0, 0.029423978648444014
773.0, 0.030387936045427853
774.0, 0.03202820798889838
775.0, 0.028335982097975644
776.0, 0.03394257716208477
777.0, 0.032929973484404344
778.0, 0.03281080202146696
779.0, 0.03933415615532318
780.0, 0.03739762897894142
781.0, 0.039267915787536474
782.0, 0.03825192799927593
783.0, 0.035939207156054816
784.0, 0.041082985289605974
785.0, 0.04263580369532621
786.0, 0.04462654574238452
787.0, 0.04582490129536011
788.0, 0.045463872756454714
789.0, 0.048245302679767954
790.0, 0.04679123667164468
791.0, 0.04592060141813979
792.0, 0.04630417606853866
793.0, 0.045957844540702765
794.0, 0.04401827138073949
795.0, 0.04416449229073791
796.0, 0.04574702705757686
797.0, 0.04743006710479275
798.0, 0.044823959355726035
799.0, 0.03871894577174396
800.0, 0.036155814161428705
801.0, 0.036070992596469065
802.0, 0.03205117758377572
803.0, 0.02908390686100332
804.0, 0.031188138517295367
805.0, 0.029408611748125743
806.0, 0.020534437290436875
807.0, 0.027377943912619586
808.0, 0.02532619364008022
809.0, 0.022109248138916317
810.0, 0.019807229349969622
811.0, 0.01872464935135147
812.0, 0.018225116502730863
813.0, 0.015931767135616656
814.0, 0.015213878837483239
815.0, 0.01773863054562627
816.0, 0.021321024518005646
817.0, 0.016613149725131317
818.0, 0.012563249019818184
819.0, 0.012040584075176568
820.0, 0.016187046744559883
821.0, 0.011479087649809845
822.0, 0.009428206120078088
823.0, 0.00981601909767602
824.0, 0.011433531141699442
825.0, 0.01076183431454003
826.0, 0.0071551935374798165
827.0, 0.006822693976799808
828.0, 0.006976231388008489
829.0, 0.004586937612604901
830.0, 0.008304551109365977
831.0, 0.0076102522147040415
832.0, 0.005498812810677426
833.0, 0.003947638919700271
834.0, 0.005001325037449898
835.0, 0.0024324993497914873
836.0, 0.0038068798830803914
837.0, 0.004162794330537658
838.0, 0.00076626422971573
839.0, 0.0018085917991572686
840.0, 0.0023600589415302986
841.0, 0.003135926728446691
842.0, 0.00347768850946869
843.0, 0.00220765126764623
844.0, 0.0006047350128740842
845.0, 0.00022601628289927326
846.0, 0.0012141739828472008
847.0, 0.002906746807932522
848.0, 0.002956855043147875
849.0, 0.0008470654905885005
850.0, 0.0009743244243414779
851.0, 0.002538841640756252
852.0, 0.0038307719460702718
853.0, 0.0014037319907866696
854.0, 0.0007009324603468971
855.0, 0.0014804657169881536
856.0, 0.0027321920735306794
857.0, 0.0026724896168111743
858.0, 0.0015559754402082156
859.0, 0.0021088758642964136
860.0, 0.001918377624969961
861.0, 0.0008276289568282776
862.0, 0.00446371247587445
863.0, 0.0035622432703073287
864.0, 0.0021281807269850303
865.0, 0.0009708063229658408
866.0, 0.00041560993580522123
867.0, 0.0012946693150817758
868.0, 0.0012650557813513536
869.0, 0.0015758799321663726
870.0, 0.0020922695377831734
871.0, 0.0016830061612200854
872.0, 0.0007387639408290857
873.0, 0.00031088117778602374
874.0, 0.0009181011014008116
875.0, 0.0020147570701647874
876.0, 0.00021476241168310066
877.0, 9.287019332527769e-06
878.0, 0.002617805064884506
879.0, 0.004317126970221624
880.0, 0.0016833867962058632
881.0, 0.0029040707937844114
882.0, 0.0016032246136673993
883.0, 0.0012154049021950955
884.0, 0.0016371473242749322
885.0, 0.0007020039318716939
886.0, 0.0021562829000592977
887.0, 0.0011935691968748229
888.0, 0.0005089304939254616
889.0, 0.0011823426651234948
890.0, 0.001567748893764376
891.0, 0.0004870979203413671
892.0, 0.0007321689852978902
893.0, 0.0012673627534613447
894.0, 0.0010631533013542001
895.0, 0.0015329697084035384
896.0, 0.0010067115762841185
897.0, 0.0006650070177310653
898.0, 0.00048562870952239396
899.0, 7.01405045823259e-05
900.0, 0.0003820931395601959
901.0, 0.000801428972874269
902.0, 0.0014739100471905207
903.0, 0.002130185170168965
904.0, 0.0020094812159298487
905.0, 0.0027836691031126494
906.0, 0.004729817957363724
907.0, 0.0046338927281496115
908.0, 0.002091253900997807
909.0, 0.004021899870062268
910.0, 0.0018681967172436537
911.0, 0.001584751393368535
912.0, 0.003288639400021608
913.0, 0.0054717198829164135
914.0, 0.0021739542339042537
915.0, 0.009585599625336089
916.0, 0.008585108141413687
917.0, 0.001782665980351393
918.0, 0.00037023926922173786
919.0, 0.006290263950642946
920.0, 0.005543147570558957
921.0, 0.0037803572899642998
922.0, 0.003944818068526316
923.0, 0.0072703644836776115
924.0, 0.003780892160965064
925.0, 0.006525534465054856
926.0, 0.008045172493906762
927.0, 0.005633254352886967
928.0, 0.006151712179168911
929.0, 0.005711342706762551
930.0, 0.006983284219702954
931.0, 0.008446917699712139
932.0, 0.008655977843942435
933.0, 0.008002001614363739
934.0, 0.006116479553913872
935.0, 0.008237578212896267
936.0, 0.00902654979208471
937.0, 0.003347166882073904
938.0, 0.011235584464898907
939.0, 0.0060742333761718845
940.0, 0.0041012031061228825
941.0, 0.006606525245708802
942.0, 0.008344735565303707
943.0, 0.009571052791346707
944.0, 0.011175035783579054
945.0, 0.011807469890704723
946.0, 0.01190154923729265
947.0, 0.013466050325065182
948.0, 0.010852924772784227
949.0, 0.008523810587028202
950.0, 0.007147382228327003
951.0, 0.00763288629756482
952.0, 0.011607519799883718
953.0, 0.00897588966110769
954.0, 0.010710922756760525
955.0, 0.013365179288131277
956.0, 0.014299736781681872
957.0, 0.014682431246876964
958.0, 0.011386301434210775
959.0, 0.012041338754904657
960.0, 0.013567050933710498
961.0, 0.01302373199393618
962.0, 0.013383482965785303
963.0, 0.013023700759615543
964.0, 0.014698920698688374
965.0, 0.01586711814520431
966.0, 0.014322543880622405
967.0, 0.01777060754605939
968.0, 0.015463020683045522
969.0, 0.01571000891365052
970.0, 0.01872530441202814
971.0, 0.021532871329770276
972.0, 0.016091447940033546
973.0, 0.02055642105888303
974.0, 0.023624422670114914
975.0, 0.02416607769326184
976.0, 0.025404960602001925
977.0, 0.023627715937863433
978.0, 0.020606464781086128
979.0, 0.02289765514048703
980.0, 0.028026868647702916
981.0, 0.027524750390256175
982.0, 0.02343038514850542
983.0, 0.02911658162996536
984.0, 0.02783926306359629
985.0, 0.02080911205686381
986.0, 0.024904968530104515
987.0, 0.030355088341684804
988.0, 0.0280708786903253
989.0, 0.028857923199781102
990.0, 0.032241202433885764
991.0, 0.02494391133183809
992.0, 0.03184744060512816
993.0, 0.03267258428961415
994.0, 0.03122292537014713
995.0, 0.031183670163849778
996.0, 0.035819506638077654
997.0, 0.037312354548289905
998.0, 0.0381342936630654
999.0, 0.035198862559421874
1000.0, 0.032926336342541225
1001.0, 0.04872638560586133
1002.0, 0.039961941743303524
1003.0, 0.04307168495246933
1004.0, 0.04545496787784305
1005.0, 0.04109165964841861
1006.0, 0.03978196529068457
1007.0, 0.04348344957443289
1008.0, 0.044371832472481075
1009.0, 0.04537318492472451
1010.0, 0.04703630960625613
1011.0, 0.04384364547007043
1012.0, 0.043936299916032456
1013.0, 0.04395354858734769
1014.0, 0.04149119594269621
1015.0, 0.037261324070231305
1016.0, 0.03822464705968785
1017.0, 0.0402765770939117
1018.0, 0.039700411891024336
1019.0, 0.03564030303031958
1020.0, 0.03074935317483594
1021.0, 0.03464382920720734
1022.0, 0.0364434038765848
1023.0, 0.03576515158527075
1024.0, 0.03716396507648743
1025.0, 0.041179856764166446
1026.0, 0.03964109442000925
1027.0, 0.043292900914765606
1028.0, 0.046787540172675245
1029.0, 0.05241633238358155
1030.0, 0.061010410809604246
1031.0, 0.06989650055094113
1032.0, 0.07240042509334021
1033.0, 0.07690751449867891
1034.0, 0.08315417400809662
1035.0, 0.08910270364352503
1036.0, 0.09044762054869177
1037.0, 0.08579213247512155
1038.0, 0.08132597877991228
1039.0, 0.07795501284343552
1040.0, 0.07583691138510872
1041.0, 0.07443390623888729
1042.0, 0.07047489861654868
1043.0, 0.06506877389500447
1044.0, 0.06153692768696867
1045.0, 0.05957256176315429
1046.0, 0.05425069673891481
1047.0, 0.050026161775312196
1048.0, 0.04655601681438587
1049.0, 0.047908088739083
1050.0, 0.05111327602111145
1051.0, 0.04616622421912273
1052.0, 0.05023716167159114
1053.0, 0.052737590833906715
1054.0, 0.05110435342922783
1055.0, 0.04749555125432068
1056.0, 0.04791773389054858
1057.0, 0.05598227204481775
1058.0, 0.05378426030365471
1059.0, 0.05180015904067185
1060.0, 0.05351876333717997
1061.0, 0.05745506275378551
1062.0, 0.053549418953194344
1063.0, 0.05789874905810655
1064.0, 0.05972086288071271
1065.0, 0.05921922450783539
1066.0, 0.06040099319777624
1067.0, 0.05499976647508544
1068.0, 0.061518949882425206
1069.0, 0.06369318255144762
1070.0, 0.062332071212353915
1071.0, 0.06393297817606633
1072.0, 0.07495578407077558
1073.0, 0.07195585618760887
1074.0, 0.07252443162403621
1075.0, 0.07745633865926115
1076.0, 0.08263883281461804
1077.0, 0.07988129905954686
1078.0, 0.0787044796641792
1079.0, 0.08759068724513627
1080.0, 0.09354194958469304
1081.0, 0.09056888793922907
1082.0, 0.09651541656788194
1083.0, 0.10029692848767656
1084.0, 0.10392624122227834
1085.0, 0.10825495370582365
1086.0, 0.1129287237410458
1087.0, 0.11590743003482638
1088.0, 0.1172370053168115
1089.0, 0.1202227873401181
1090.0, 0.12332817203261605
1091.0, 0.12616556926633643
1092.0, 0.12944024208340066
1093.0, 0.12875925110395198
1094.0, 0.13581578196880156
1095.0, 0.1435677150192579
1096.0, 0.14526952912102492
1097.0, 0.13638622701616765
1098.0, 0.13154162893972035
1099.0, 0.1300937768206166
1100.0, 0.13282769590506543
1101.0, 0.132404574728531
1102.0, 0.12406697360192534
1103.0, 0.1303200299055262
1104.0, 0.12277822492109261
1105.0, 0.12130995057287233
1106.0, 0.1174440031874491
1107.0, 0.106182394474107
1108.0, 0.10564954752719123
1109.0, 0.09435995571155174
1110.0, 0.09092122050308139
1111.0, 0.08931142309493934
1112.0, 0.08504163395574432
1113.0, 0.07892648189170415
1114.0, 0.06814835426235238
1115.0, 0.06304389701295209
1116.0, 0.05684750134939099
1117.0, 0.04962253946070806
1118.0, 0.04665277704339915
1119.0, 0.04658503725148333
1120.0, 0.0382537040495361
1121.0, 0.038205280150221115
1122.0, 0.04456093588783476
1123.0, 0.04819462831156893
1124.0, 0.043402822914658315
1125.0, 0.038313099370768225
1126.0, 0.029552765382240845
1127.0, 0.023266590634285773
1128.0, 0.020733041369642886
1129.0, 0.006194578392225888
1130.0, 0.01091383684334503
1131.0, 0.011877274246148272
1132.0, 0.014205928648081123
1133.0, 0.017300771506218185
1134.0, 0.011679958466309223
1135.0, 0.007207495910038981
1136.0, 0.009183755048360767
1137.0, 0.00689147798433747
1138.0, 0.003574588275465704
1139.0, 0.00769617262899869
1140.0, 0.0010978268355812892
1141.0, 0.0018012275195594053
1142.0, 0.004404655646271951
1143.0, 0.004361749251163037
1144.0, 0.00036052327952878506
1145.0, 0.0004423701500532622
1146.0, 0.004527765794355275
1147.0, 0.004434093080552268
1148.0, 0.003480928526607785
1149.0, 0.0033660999111024617
1150.0, 0.002047341111766518
1151.0, 0.0023347534076012676
1152.0, 0.002753916308307299
1153.0, 0.0025950025617505804
1154.0, 0.002406243562481142
1155.0, 0.002960628137093315
1156.0, 0.0006290942312056967
1157.0, 0.003729583401596817
1158.0, 0.002839857889968093
1159.0, 0.0008918899943936657
1160.0, 0.0023965955456763752
1161.0, 0.007661149110575706
1162.0, 0.004559301279784674
1163.0, 0.00562245094728761
1164.0, 0.004472891943865923
1165.0, 0.0020369305652792823
1166.0, 0.007744411144667725
1167.0, 0.004290756278410906
1168.0, 0.005304742429551481
1169.0, 0.0044683603752742876
1170.0, 0.0038793952419621065
1171.0, 0.006580320007878605
1172.0, 0.0011107375351102236
1173.0, 0.002077442322889936
1174.0, 0.0012395908365186589
1175.0, 0.0010406557215270492
1176.0, 0.00253625764567599
1177.0, 0.0015637142724678262
1178.0, 0.0011494721518813848
1179.0, 0.0015256214030887594
1180.0, 0.002553637201263962
1181.0, 0.0034679662725501438
1182.0, 0.0038797474595393005
1183.0, 0.00960911180695858
1184.0, 0.004949704147911663
1185.0, 0.0038486540920781367
1186.0, 0.004590327135916147
1187.0, 0.0050614515729468425
1188.0, 0.011153782300939212
1189.0, 0.005194262240909547
1190.0, 0.0077678045487592565
1191.0, 0.008539404022695294
1192.0, 0.00651903496851808
1193.0, 0.008742996788725248
1194.0, 0.007369951595607046
1195.0, 0.005899116245053628
1196.0, 0.0052618951423651075
1197.0, 0.006677780709954889
1198.0, 0.010272608187208033
1199.0, 0.013189731025440792
1200.0, 0.015558752495805316
1201.0, 0.012743972903857839
1202.0, 0.013255872039742543
1203.0, 0.01461629106893805
1204.0, 0.006338495770559591
1205.0, 0.012194936797804663
1206.0, 0.012609241111386107
1207.0, 0.01348156089204915
1208.0, 0.011623253372542575
1209.0, 0.006151027078285199
1210.0, 0.009488958652799272
1211.0, 0.00967508496409275
1212.0, 0.010563502351379888
1213.0, 0.009870065116696922
1214.0, 0.0076862456773502865
1215.0, 0.006643453777055363
1216.0, 0.011076452897128167
1217.0, 0.006367341446869498
1218.0, 0.008024015359293821
1219.0, 0.01088966267044691
1220.0, 0.009247586583348174
1221.0, 0.008934808258204646
1222.0, 0.009516466268697026
1223.0, 0.008736526164933983
1224.0, 0.008962381391809533
1225.0, 0.00977013584241786
1226.0, 0.009348058201924919
1227.0, 0.011289179244429324
1228.0, 0.00971094680912401
1229.0, 0.011399905290961096
1230.0, 0.013814689084870749
1231.0, 0.013786047951904619
1232.0, 0.010572281014039255
1233.0, 0.007607967508781411
1234.0, 0.009722826213393009
1235.0, 0.010955044762897806
1236.0, 0.009405720656234878
1237.0, 0.00671256681138069
1238.0, 0.009409628285661574
1239.0, 0.009051375960370126
1240.0, 0.00841975574787079
1241.0, 0.010710415597644365
1242.0, 0.01399742664263749
1243.0, 0.011429735072284395
1244.0, 0.005512903853921443
1245.0, 0.006591887043954439
1246.0, 0.008406609114979426
1247.0, 0.00840118841200439
1248.0, 0.00655188396228249
1249.0, 0.005819171798233074
1250.0, 0.005880831374078913
1251.0, 0.003950306901459078
1252.0, 0.0037851574511872086
1253.0, 0.0057825656171450355
1254.0, 0.007791516688685305
1255.0, 0.007418726966620866
1256.0, 0.0060085998446364084
1257.0, 0.003535386900912149
1258.0, 0.001996600018577123
1259.0, 0.0026103304658056195
1260.0, 0.004808597114228782
1261.0, 0.002405112453063035
1262.0, 0.000745157553476852
1263.0, 0.002054069739592312
1264.0, 0.0034419726916098295
1265.0, 0.002669800424104171
1266.0, 0.0030910486866500882
1267.0, 0.0043320749991513545
1268.0, 0.0042712188368291375
1269.0, 0.004327394946681779
1270.0, 0.004510773805330465
1271.0, 0.0043358328554023735
1272.0, 0.005493083785655514
1273.0, 0.003436396266192602
1274.0, 0.002652649381595937
1275.0, 0.0024509750204096486
1276.0, 0.0024910565962003722
1277.0, 0.0031470840264242674
1278.0, 0.0016462339766529302
1279.0, 0.008954588290716995
1280.0, 0.008766906529206909
1281.0, 0.0065603002738127995
1282.0, 0.006860937105528663
1283.0, 0.0038209246424943588
1284.0, 0.0025625418586682613
1285.0, 0.001972488061988192
1286.0, 0.002464765213975246
1287.0, 0.003878483437153777
1288.0, 0.0050264709986356775
1289.0, 0.0028084381739183414
1290.0, 0.0012113229705343353
1291.0, 0.006799620298822716
1292.0, 0.0059381500280217955
1293.0, 0.001969202635992913
1294.0, 0.00516870837862268
1295.0, 0.005987869200601259
1296.0, 0.0031909892739997348
1297.0, 0.0020644304847876657
1298.0, 0.0020304001403596726
1299.0, 0.006343238535287502
1300.0, 0.018130808402662686
1301.0, 0.012077242783042366
1302.0, 0.020979570283774052
1303.0, 0.01923636602278054
1304.0, 0.011239503055830373
1305.0, 0.005591624108986979
1306.0, 0.00732657995820628
1307.0, 0.005649826329991526
1308.0, 0.0074583335676126185
1309.0, 0.006676615715842394
1310.0, 0.007837962090496461
1311.0, 0.01163230143452533
1312.0, 0.008632137173816059
1313.0, 0.009623889440668477
1314.0, 0.007353084177316632
1315.0, 0.008511003432315872
1316.0, 0.009657688800651511
1317.0, 0.008435773879402359
1318.0, 0.01249348956987614
1319.0, 0.0073677221536453934
1320.0, 0.010966623105864886
1321.0, 0.01098572440571031
1322.0, 0.008264305250747462
1323.0, 0.008169372676797265
1324.0, 0.010526304457141226
1325.0, 0.010655063594829248
1326.0, 0.010862373112411177
1327.0, 0.012165752255571649
1328.0, 0.012989916725312843
1329.0, 0.012110843652998648
1330.0, 0.013893571944536016
1331.0, 0.010463087058306968
1332.0, 0.012385270499910258
1333.0, 0.013573279908949451
1334.0, 0.01147845150804836
1335.0, 0.008189243754941566
1336.0, 0.011225788830124334
1337.0, 0.009679026877671046
1338.0, 0.00908677160770992
1339.0, 0.008794995012742628
1340.0, 0.008450031176814702
1341.0, 0.008426774562650964
1342.0, 0.00980066244393692
1343.0, 0.009348949150623353
1344.0, 0.009744594030083707
1345.0, 0.010652161649776339
1346.0, 0.011646732216159639
1347.0, 0.012718499755560468
1348.0, 0.015007171179773501
1349.0, 0.012191943630285336
1350.0, 0.007626717565013547
1351.0, 0.008225477975765467
1352.0, 0.011623109563735077
1353.0, 0.011029955585594041
1354.0, 0.013592973355546325
1355.0, 0.010960001241812204
1356.0, 0.004440695463377985
1357.0, 0.004552852426322776
1358.0, 0.008849893036763543
1359.0, 0.007264074168703587
1360.0, 0.003600012421010627
1361.0, 0.010762569207169566
1362.0, 0.008757111933473375
1363.0, 0.005838346951447186
1364.0, 0.006793035833418545
1365.0, 0.009343983740433956
1366.0, 0.0025665333661804846
1367.0, 0.007034074131981963
1368.0, 0.010148495812474116
1369.0, 0.008679990695323075
1370.0, 0.00522075044891972
1371.0, 0.004955856043477409
1372.0, 0.009958155250829838
1373.0, 0.005109513972134562
1374.0, 0.004534555358206651
1375.0, 0.005818108254533183
1376.0, 0.0067540329696622785
1377.0, 0.006638816837172921
1378.0, 0.006720700021078695
1379.0, 0.0012825063682038612
1380.0, 0.0031872834553310875
1381.0, 0.004203413503309261
1382.0, 0.0027618299035755637
1383.0, 0.00195438597669894
1384.0, 0.005837695352906871
1385.0, 0.00836504339115461
1386.0, 0.006789001382783624
1387.0, 0.003604302317459789
1388.0, 0.004737520495339495
1389.0, 0.009046098507990106
1390.0, 0.0009416287775237007
1391.0, 0.00699155304953674
1392.0, 0.003930417767187339
1393.0, 0.002871479243929872
1394.0, 0.005605101359853677
1395.0, 0.0076787123552856384
1396.0, 0.0021841879895655334
1397.0, 0.005059953112169845
1398.0, 0.006527469768510506
1399.0, 0.006650959439601749
1400.0, 0.00565366452757112
1401.0, 0.005633583317392662
1402.0, 0.009147850831597708
1403.0, 0.006846476319260561
1404.0, 0.00398923377050469
1405.0, 0.0013063008733921718
1406.0, 0.003902516020617035
1407.0, 0.006637231584664262
1408.0, 0.0007417210711175336
1409.0, 0.005503777386972549
1410.0, 0.009301945122324124
1411.0, 0.0038398510002253822
1412, 0.0
1413, 0.0
1414, 0.0
1415, 0.0
1416, 0.0
1417, 0.0
1418, 0.0
1419, 0.0
1420, 0.0
1421, 0.0
1422, 0.0
1423, 0.0
1424, 0.0
1425, 0.0
1426, 0.0
1427, 0.0
1428, 0.0
1429, 0.0
1430, 0.0
1431, 0.0
1432, 0.0
1433, 0.0
1434, 0.0
1435, 0.0
1436, 0.0
1437, 0.0
1438, 0.0
1439, 0.0
1440, 0.0
1441, 0.0
1442, 0.0
1443, 0.0
1444, 0.0
1445, 0.0
1446, 0.0
1447, 0.0
1448, 0.0
1449, 0.0
1450, 0.0
1451, 0.0
1452, 0.0
1453, 0.0
1454, 0.0
1455, 0.0
1456, 0.0
1457, 0.0
1458, 0.0
1459, 0.0
1460, 0.0
1461, 0.0
1462, 0.0
1463, 0.0
1464, 0.0
1465, 0.0
1466, 0.0
1467, 0.0
1468, 0.0
1469, 0.0
1470, 0.0
1471, 0.0
1472, 0.0
1473, 0.0
1474, 0.0
1475, 0.0
1476, 0.0
1477, 0.0
1478, 0.0
1479, 0.0
1480, 0.0
1481, 0.0
1482, 0.0
1483, 0.0
1484, 0.0
1485, 0.0
1486, 0.0
1487, 0.0
1488, 0.0
1489, 0.0
1490, 0.0
1491, 0.0
1492, 0.0
1493, 0.0
1494, 0.0
1495, 0.0
1496, 0.0
1497, 0.0
1498, 0.0
1499, 0.0
1500, 0.0
1501, 0.0
1502, 0.0
1503, 0.0
1504, 0.0
1505, 0.0
1506, 0.0
1507, 0.0
1508, 0.0
1509, 0.0
1510, 0.0
1511, 0.0
1512, 0.0
1513, 0.0
1514, 0.0
1515, 0.0
1516, 0.0
1517, 0.0
1518, 0.0
1519, 0.0
1520, 0.0
1521, 0.0
1522, 0.0
1523, 0.0
1524, 0.0
1525, 0.0
1526, 0.0
1527, 0.0
1528, 0.0
1529, 0.0
1530, 0.0
1531, 0.0
1532, 0.0
1533, 0.0
1534, 0.0
1535, 0.0
1536, 0.0
1537, 0.0
1538, 0.0
1539, 0.0
1540, 0.0
1541, 0.0
1542, 0.0
1543, 0.0
1544, 0.0
1545, 0.0
1546, 0.0
1547, 0.0
1548, 0.0
1549, 0.0
1550, 0.0
1551, 0.0
1552, 0.0
1553, 0.0
1554, 0.0
1555, 0.0
1556, 0.0
1557, 0.0
1558, 0.0
1559, 0.0
1560, 0.0
1561, 0.0
1562, 0.0
1563, 0.0
1564, 0.0
1565, 0.0
1566, 0.0
1567, 0.0
1568, 0.0
1569, 0.0
1570, 0.0
1571, 0.0
1572, 0.0
1573, 0.0
1574, 0.0
1575, 0.0
1576, 0.0
1577, 0.0
1578, 0.0
1579, 0.0
1580, 0.0
1581, 0.0
1582, 0.0
1583, 0.0
1584, 0.0
1585, 0.0
1586, 0.0
1587, 0.0
1588, 0.0
1589, 0.0
1590, 0.0
1591, 0.0
1592, 0.0
1593, 0.0
1594, 0.0
1595, 0.0
1596, 0.0
1597, 0.0
1598, 0.0
1599, 0.0
