30, 0.0
31, 0.0
32, 0.0
33, 0.0
34, 0.0
35, 0.0
36, 0.0
37, 0.0
38, 0.0
39, 0.0
40, 0.0
41, 0.0
42, 0.0
43, 0.0
44, 0.0
45, 0.0
46, 0.0
47, 0.0
48, 0.0
49, 0.0
50, 0.0
51, 0.0
52, 0.0
53, 0.0
54, 0.0
55, 0.0
56, 0.0
57, 0.0
58, 0.0
59, 0.0
60, 0.0
61, 0.0
62, 0.0
63, 0.0
64, 0.0
65, 0.0
66, 0.0
67, 0.0
68, 0.0
69, 0.0
70, 0.0
71, 0.0
72, 0.0
73, 0.0
74, 0.0
75, 0.0
76, 0.0
77, 0.0
78, 0.0
79, 0.0
80, 0.0
81, 0.0
82, 0.0
83, 0.0
84, 0.0
85, 0.0
86, 0.0
87, 0.0
88, 0.0
89, 0.0
90, 0.0
91, 0.0
92, 0.0
93, 0.0
94, 0.0
95, 0.0
96, 0.0
97, 0.0
98, 0.0
99, 0.0
100, 0.0
101, 0.0
102, 0.0
103, 0.0
104, 0.0
105, 0.0
106, 0.0
107, 0.0
108, 0.0
109, 0.0
110, 0.0
111, 0.0
112, 0.0
113, 0.0
114, 0.0
115, 0.0
116, 0.0
117, 0.0
118, 0.0
119, 0.0
120, 0.0
121, 0.0
122, 0.0
123, 0.0
124, 0.0
125, 0.0
126, 0.0
127, 0.0
128, 0.0
129, 0.0
130, 0.0
131, 0.0
132, 0.0
133, 0.0
134, 0.0
135, 0.0
136, 0.0
137, 0.0
138, 0.0
139, 0.0
140, 0.0
141, 0.0
142, 0.0
143, 0.0
144, 0.0
145, 0.0
146, 0.0
147, 0.0
148, 0.0
149, 0.0
150.0, 0.000379715901028774
151.0, 0.0015368611810176428
152.0, 0.003751445448439185
153.0, 0.0076615879539699925
154.0, 0.009166835718663557
155.0, 0.007884688372459198
156.0, 0.006138275716247471
157.0, 0.005809700878689391
158.0, 0.006044593961454036
159.0, 0.0036248415924062696
160.0, 0.0031203902033759535
161.0, 0.0025681765401225683
162.0, 0.0003319586430932188
163.0, 5.8725471196088296e-05
164.0, 0.0013064740485802292
165.0, 0.0016623706875107942
166.0, 0.0003835959494896257
167.0, 0.0017153552922812764
168.0, 0.003509714482585351
169.0, 0.00665494961281623
170.0, 0.010220675326873594
171.0, 0.01276754277435955
172.0, 0.01696284385032086
173.0, 0.022792292328360716
174.0, 0.026358112372198
175.0, 0.027806978893654043
176.0, 0.03313904651019674
177.0, 0.037265354206733235
178.0, 0.039025229691182155
179.0, 0.039055781384752186
180.0, 0.03923853365903918
181.0, 0.04418494581987115
182.0, 0.050833857270582934
183.0, 0.0568278737438679
184.0, 0.06102872671631659
185.0, 0.06281657324023908
186.0, 0.06405664986440338
187.0, 0.06561935380405255
188.0, 0.06562301904871155
189.0, 0.0629433217895485
190.0, 0.06178085570861575
191.0, 0.058092206982547696
192.0, 0.052479670407330765
193.0, 0.04747921524634192
194.0, 0.04464533117367002
195.0, 0.041361831812474964
196.0, 0.03791069997406661
197.0, 0.03480885810009601
198.0, 0.03270307977428019
199.0, 0.032438432929099655
200.0, 0.032496770946347536
201.0, 0.03348719930251429
202.0, 0.036664781868519944
203.0, 0.04173908025260283
204.0, 0.04259289357187491
205.0, 0.043461058501577284
206.0, 0.04650241744148455
207.0, 0.050569240964678144
208.0, 0.05257346871030239
209.0, 0.05607020515750047
210.0, 0.059489194586504715
211.0, 0.06170762108347136
212.0, 0.06297407348654967
213.0, 0.06741886968694875
214.0, 0.07539135846360372
215.0, 0.08239912457326627
216.0, 0.0867779565670313
217.0, 0.09135916644870909
218.0, 0.0982604320939096
219.0, 0.10067227126599053
220.0, 0.10040690382717093
221.0, 0.10063124630488146
222.0, 0.09990433165716073
223.0, 0.09826729050097927
224.0, 0.094768448043822
225.0, 0.09230441390288172
226.0, 0.09302049829289502
227.0, 0.09432313214176638
228.0, 0.09279441696351609
229.0, 0.09310547349472982
230.0, 0.09507870974527644
231.0, 0.09543712590245446
232.0, 0.09671248116999284
233.0, 0.09690166998401291
234.0, 0.09659103972987736
235.0, 0.09515110407539903
236.0, 0.0900013230476735
237.0, 0.08695816502214973
238.0, 0.07923206351221862
239.0, 0.0694187741896827
240.0, 0.06199574600721962
241.0, 0.055491775323717525
242.0, 0.04723213146150784
243.0, 0.04233147260858115
244.0, 0.03737257677421074
245.0, 0.027617432414477876
246.0, 0.023840144648300875
247.0, 0.019425279724845798
248.0, 0.01569389013756091
249.0, 0.013060766268125896
250.0, 0.009389750513685438
251.0, 0.005986104647819194
252.0, 0.005098002611741911
253.0, 0.005856579564293439
254.0, 0.006714220319378327
255.0, 0.006949137776363217
256.0, 0.010033126926417219
257.0, 0.012316351829292237
258.0, 0.014649250046302468
259.0, 0.01720876485017334
260.0, 0.01574188463156808
261.0, 0.014330200020266325
262.0, 0.014603461721851485
263.0, 0.013871033546685509
264.0, 0.011224372308870375
265.0, 0.01048053064729228
266.0, 0.010245421793875826
267.0, 0.008418193541367263
268.0, 0.0057036863873162445
269.0, 0.0037326255115951823
270.0, 0.0015182641784125441
271.0, 0.0014148151898345585
272.0, 0.002106269921455927
273.0, 0.003231589630173678
274.0, 0.005048221465887255
275.0, 0.00346889074632875
276.0, 0.005740137692159408
277.0, 0.009649865417574644
278.0, 0.012844221550866534
279.0, 0.01561617811319219
280.0, 0.020307932241271077
281.0, 0.024619004652908172
282.0, 0.02757353875148365
283.0, 0.03038027858452593
284.0, 0.03532860015318762
285.0, 0.03622067890803233
286.0, 0.03685016685889844
287.0, 0.03846327596519986
288.0, 0.041079609291434394
289.0, 0.04482481568398991
290.0, 0.044345957558801996
291.0, 0.04607115072140166
292.0, 0.04908069858270199
293.0, 0.05217326979274785
294.0, 0.05760817631114758
295.0, 0.058003974468938506
296.0, 0.059480573036118735
297.0, 0.06344640737576956
298.0, 0.06670086813086407
299.0, 0.06472081147261613
300.0, 0.06079409129130227
301.0, 0.055259661954170106
302.0, 0.049897859713017356
303.0, 0.04556003040821804
304.0, 0.039751136978544904
305.0, 0.03213474626856947
306.0, 0.02211794886881859
307.0, 0.013290800634930355
308.0, 0.00825252950505471
309.0, 0.002478379763513524
310.0, 0.0026623807058007345
311.0, 0.008221130894404141
312.0, 0.012189789173504917
313.0, 0.012599576859145964
314.0, 0.011541492321561587
315.0, 0.012180636090629117
316.0, 0.013177882669980134
317.0, 0.012583639817950071
318.0, 0.010281413031829844
319.0, 0.01008147594705031
320.0, 0.005265630700903263
321.0, 0.004147785058379567
322.0, 0.004553572808964745
323.0, 0.001443345810408538
324.0, 0.006429328301175988
325.0, 0.012730199017973216
326.0, 0.019580408326232097
327.0, 0.02715568220736476
328.0, 0.035735254133295834
329.0, 0.04665319963098928
330.0, 0.05729206424129895
331.0, 0.06526667912055169
332.0, 0.07024308959796033
333.0, 0.07091619553477463
334.0, 0.06619586094363689
335.0, 0.06428007548402735
336.0, 0.061630691622240344
337.0, 0.0629765761633486
338.0, 0.06972975157333615
339.0, 0.07719025751152878
340.0, 0.08661229504930167
341.0, 0.0935350231194799
342.0, 0.09558588772321848
343.0, 0.0927434749210387
344.0, 0.08610468553844157
345.0, 0.07599167350593308
346.0, 0.06987029936927072
347.0, 0.06462296741105653
348.0, 0.06318369055142085
349.0, 0.07102161485333022
350.0, 0.0753764047751065
351.0, 0.08184243241934054
352.0, 0.09202827753539129
353.0, 0.10370250938850668
354.0, 0.11439959332711529
355.0, 0.12402530962021185
356.0, 0.13918026243139792
357.0, 0.1565854749272952
358.0, 0.17560181514086357
359.0, 0.19648576913198623
360.0, 0.21032969613734084
361.0, 0.22254843884720674
362.0, 0.22908413820657622
363.0, 0.22571018208511734
364.0, 0.21234941342007768
365.0, 0.19621410314536628
366.0, 0.1770009996591634
367.0, 0.1588178515991969
368.0, 0.14433097477601106
369.0, 0.13705611975980111
370.0, 0.1399492879626664
371.0, 0.1468131686978244
372.0, 0.16249002524552328
373.0, 0.17814179394517773
374.0, 0.19240255846513032
375.0, 0.21354278710629276
376.0, 0.24026227028757968
377.0, 0.2656586966013611
378.0, 0.28527663364416483
379.0, 0.2987714103287097
380.0, 0.30722819767337034
381.0, 0.307570700584382
382.0, 0.3036598404126103
383.0, 0.2923252728645843
384.0, 0.27673837658609013
385.0, 0.2570832410433654
386.0, 0.22774614212799715
387.0, 0.20327698319166881
388.0, 0.18053087257465897
389.0, 0.1596806521334914
390.0, 0.1430689588155366
391.0, 0.13207900126126815
392.0, 0.12519210878976805
393.0, 0.12224836851908083
394.0, 0.12409757808511308
395.0, 0.1278395809261182
396.0, 0.1304679725901545
397.0, 0.13335627676718761
398.0, 0.13533265299699854
399.0, 0.13398706129186627
400.0, 0.13211184027396564
401.0, 0.1328011885449514
402.0, 0.13576481928472542
403.0, 0.13677700842696344
404.0, 0.13379072050740295
405.0, 0.1313332233586987
406.0, 0.12735224592330022
407.0, 0.11649904878601458
408.0, 0.10171885113657358
409.0, 0.09151100486753394
410.0, 0.08023265746822583
411.0, 0.06678883243940467
412.0, 0.053892346237122676
413.0, 0.04410705421007582
414.0, 0.04077152638574344
415.0, 0.034264137963666425
416.0, 0.03067051769105196
417.0, 0.032997035300870114
418.0, 0.03663387534585127
419.0, 0.04283113050352693
420.0, 0.04821030442363253
421.0, 0.05633929058440045
422.0, 0.06979649673681096
423.0, 0.08560409609291039
424.0, 0.09419671699988957
425.0, 0.11042905578106411
426.0, 0.12421520207832976
427.0, 0.1412574177952224
428.0, 0.16078483269631463
429.0, 0.17050671306370138
430.0, 0.18731307921759696
431.0, 0.20659326991457985
432.0, 0.2193181874856342
433.0, 0.22776405145770548
434.0, 0.23507095958836105
435.0, 0.2342719290352751
436.0, 0.23400376587887226
437.0, 0.2342726522897768
438.0, 0.22896446007833565
439.0, 0.21914016083303914
440.0, 0.21266791735684598
441.0, 0.20119279554380975
442.0, 0.1939614216112707
443.0, 0.1923410340507625
444.0, 0.19000156601422796
445.0, 0.18352968553339807
446.0, 0.18123205946608245
447.0, 0.178646217593405
448.0, 0.17355837498370746
449.0, 0.16958867792351734
450.0, 0.1646364143295738
451.0, 0.15393508503144826
452.0, 0.1402917159592398
453.0, 0.12932343013516898
454.0, 0.11600019066810112
455.0, 0.10282114443898853
456.0, 0.09197332595770387
457.0, 0.07956393151341609
458.0, 0.06633357923522214
459.0, 0.05730850699163804
460.0, 0.04778234998077676
461.0, 0.03895121374872882
462.0, 0.03633397960894492
463.0, 0.039180421232636736
464.0, 0.037834371679114395
465.0, 0.03799847730497474
466.0, 0.03949096690967447
467.0, 0.04209974422613142
468.0, 0.04737815245028766
469.0, 0.05805640618269563
470.0, 0.06645630543024836
471.0, 0.07439977543156363
472.0, 0.08218366370156518
473.0, 0.08948154845329519
474.0, 0.0972212736982481
475.0, 0.10509604436075975
476.0, 0.10589089271763741
477.0, 0.10483333557241578
478.0, 0.10360460078502584
479.0, 0.09965955053521272
480.0, 0.0903076984299194
481.0, 0.08111699153312718
482.0, 0.0727605494862415
483.0, 0.059106150977902096
484.0, 0.04371544444809907
485.0, 0.033977470452917886
486.0, 0.025935956225808722
487.0, 0.015731446826723904
488.0, 0.009985650995151502
489.0, 0.006676168557185586
490.0, 0.0022585853604731986
491.0, 0.003334378331196146
492.0, 0.008321430558909357
493.0, 0.00980906431545095
494.0, 0.008853979579380711
495.0, 0.00899505737343051
496.0, 0.00994050518591575
497.0, 0.009204496868760138
498.0, 0.010587693443433376
499.0, 0.007972876820266853
500.0, 0.005750282981802758
501.0, 0.00543502188312524
502.0, 0.004676286145600719
503.0, 0.002146157553967576
504.0, 0.001203283442770939
505.0, 0.0012248274068191228
506.0, 0.00022257919296846907
507.0, 0.0005946591203189931
508.0, 0.0003653712812580212
509.0, 0.0026652878334170673
510.0, 0.003200513273240053
511.0, 0.0013506517290847288
512.0, 0.0016717058906477688
513.0, 0.0026065195364982285
514.0, 0.001115436904171843
515.0, 0.0015527924016198638
516.0, 0.0014722284594643738
517.0, 0.0014203122939027057
518.0, 0.001154331232613147
519.0, 0.0028354815800132036
520.0, 0.0043425605803049
521.0, 0.0004601388157738873
522.0, 0.001320832697071594
523.0, 0.0008198459950034006
524.0, 7.913881455335948e-05
525.0, 0.0016296602575176123
526.0, 0.003066536087694204
527.0, 0.0003238910464663693
528.0, 0.0013691203160163781
529.0, 0.003006960256911065
530.0, 0.004651619729534636
531.0, 0.004618886140153927
532.0, 0.005108911373190309
533.0, 0.005608412063874369
534.0, 0.007034949940142785
535.0, 0.006625034553161504
536.0, 0.006257944992665272
537.0, 0.006115796941478701
538.0, 0.007415392265049614
539.0, 0.009165641151574087
540.0, 0.008699909163466215
541.0, 0.009598114396496847
542.0, 0.009312290898790218
543.0, 0.009308740911259416
544.0, 0.010502824487767189
545.0, 0.01160958652550578
546.0, 0.010636435671279252
547.0, 0.012388377748985841
548.0, 0.012090011504957494
549.0, 0.014053411661322558
550.0, 0.016160273147558517
551.0, 0.015359814486898875
552.0, 0.014134774009522197
553.0, 0.014883354932447598
554.0, 0.016204694640642895
555.0, 0.01651007326539351
556.0, 0.016216723882407746
557.0, 0.015998468588366184
558.0, 0.015648479601694482
559.0, 0.01650011888103738
560.0, 0.016971504348680024
561.0, 0.01812831115368004
562.0, 0.017853926781568257
563.0, 0.016670713205301068
564.0, 0.017418694342541508
565.0, 0.020486484983564007
566.0, 0.022297908207600813
567.0, 0.02120992224065659
568.0, 0.0222224517114136
569.0, 0.024088762219030942
570.0, 0.023948128469547626
571.0, 0.02387223439400826
572.0, 0.02336925503397799
573.0, 0.02489841862223298
574.0, 0.02487107628481806
575.0, 0.023495955567969223
576.0, 0.023403637135857365
577.0, 0.024145951969912437
578.0, 0.022599557159478798
579.0, 0.022648623769985974
580.0, 0.02245836653801998
581.0, 0.02263328811967734
582.0, 0.022389086044558155
583.0, 0.023054371000889445
584.0, 0.022933214571053937
585.0, 0.023551487399296665
586.0, 0.023668621983961764
587.0, 0.02337731664957853
588.0, 0.02277738502904087
589.0, 0.024302369936934867
590.0, 0.024335791961550685
591.0, 0.02246356638122877
592.0, 0.025242364782429173
593.0, 0.025356134551343456
594.0, 0.024453707356858388
595.0, 0.024634502728140294
596.0, 0.024689616910352617
597.0, 0.027245060671836924
598.0, 0.026608739238419856
599.0, 0.02684074139772741
600.0, 0.02607289276305242
601.0, 0.026098743808274007
602.0, 0.027667355702954304
603.0, 0.026564999733257072
604.0, 0.025824274744397184
605.0, 0.028061872558816654
606.0, 0.02696625632501108
607.0, 0.027598520522894052
608.0, 0.02868921692205792
609.0, 0.026553013846931824
610.0, 0.02755839920989395
611.0, 0.028389376275639255
612.0, 0.02891666822166909
613.0, 0.028594492319953816
614.0, 0.028166413548779152
615.0, 0.028858108703038548
616.0, 0.031084771213662408
617.0, 0.03320465914741914
618.0, 0.03364047420231939
619.0, 0.033200471756895306
620.0, 0.03215723318627952
621.0, 0.03308644946807652
622.0, 0.03343716063562096
623.0, 0.03392207280312271
624.0, 0.03482547060059174
625.0, 0.03527339775521897
626.0, 0.036453987398209306
627.0, 0.036737799204359226
628.0, 0.038158761569758
629.0, 0.03867815835458804
630.0, 0.03883821767989905
631.0, 0.039148117957747745
632.0, 0.04156559899560415
633.0, 0.04241523395061226
634.0, 0.04283058248422763
635.0, 0.04277772046690996
636.0, 0.04182661550478632
637.0, 0.04323708348495027
638.0, 0.04352777975282314
639.0, 0.04365099866263892
640.0, 0.04506444708145161
641.0, 0.04543278595018554
642.0, 0.04480788713830219
643.0, 0.04560501286288112
644.0, 0.047097524618245845
645.0, 0.047539186134717096
646.0, 0.047384649291538024
647.0, 0.04754848965291208
648.0, 0.04882780506565255
649.0, 0.050592645296576984
650.0, 0.05170711545518758
651.0, 0.05275040186815591
652.0, 0.05012520977460083
653.0, 0.05251241030626511
654.0, 0.05322639933244459
655.0, 0.054823304026965364
656.0, 0.057870602837930905
657.0, 0.05753627087896667
658.0, 0.056703308156851796
659.0, 0.06085536706250898
660.0, 0.0627448229017586
661.0, 0.06326404206614811
662.0, 0.06463777351227072
663.0, 0.06513775248224715
664.0, 0.0642169913624397
665.0, 0.06568143479241514
666.0, 0.06730151607001636
667.0, 0.0689072869604657
668.0, 0.06902512239268355
669.0, 0.06785566003917301
670.0, 0.06856696928848796
671.0, 0.07095349613724933
672.0, 0.07066922847479938
673.0, 0.06932882233057368
674.0, 0.06811441015903305
675.0, 0.06770210100169252
676.0, 0.06837027896071379
677.0, 0.06916348425514414
678.0, 0.06869001858747031
679.0, 0.0659612222797674
680.0, 0.06268529877026899
681.0, 0.06065511824922941
682.0, 0.057614953904061565
683.0, 0.05627536014977956
684.0, 0.05448427972993737
685.0, 0.051538587953336094
686.0, 0.05325909405062067
687.0, 0.04923957722921699
688.0, 0.047422176520751404
689.0, 0.04614423027380911
690.0, 0.042349767765518985
691.0, 0.039975636811015375
692.0, 0.03995343311643291
693.0, 0.03871734244948512
694.0, 0.037229259176367484
695.0, 0.033811925514512044
696.0, 0.03209531874592183
697.0, 0.031617463223882786
698.0, 0.03015133444277853
699.0, 0.028144398157019877
700.0, 0.02485323979404316
701.0, 0.01902700189974849
702.0, 0.020007847334552725
703.0, 0.019479417888474338
704.0, 0.015368399130529689
705.0, 0.014037532767454307
706.0, 0.013729913738312581
707.0, 0.012345414186600404
708.0, 0.011567492535515526
709.0, 0.007559102936928245
710.0, 0.0025431086395693034
711.0, 0.0031883705334811415
712.0, 0.0014742447700492318
713.0, 0.0007593919973796874
714.0, 0.001465555187188979
715.0, 0.0026481327343698237
716.0, 0.003132660516298482
717.0, 0.006267537496711529
718.0, 0.006891209151252344
719.0, 0.009090400224042316
720.0, 0.009812831587794654
721.0, 0.010415130953816567
722.0, 0.011191814136220848
723.0, 0.009639040681080851
724.0, 0.0124768025038255
725.0, 0.013322946927909737
726.0, 0.012459159747602932
727.0, 0.0142369438052108
728.0, 0.014822429936904061
729.0, 0.013629100796554152
730.0, 0.013258114095606326
731.0, 0.013668289401590957
732.0, 0.013152168336289894
733.0, 0.013186641400139532
734.0, 0.008453622246339599
735.0, 0.007976362265482916
736.0, 0.007108989661004729
737.0, 0.002520152366072152
738.0, 0.0003308053895947218
739.0, 0.002583248409102902
740.0, 0.0028019821410661446
741.0, 0.005206454967988496
742.0, 0.009702573320485242
743.0, 0.018244054143137237
744.0, 0.024002207107013326
745.0, 0.026318982629396134
746.0, 0.03049788845136228
747.0, 0.035002890265054556
748.0, 0.04112781127881908
749.0, 0.04821862631054697
750.0, 0.05556762270275825
751.0, 0.061382805522192586
752.0, 0.06401072243987786
753.0, 0.0721338268604273
754.0, 0.08059018218402055
755.0, 0.09042418110458386
756.0, 0.09922672719593924
757.0, 0.10501631344694043
758.0, 0.11211975520670717
759.0, 0.11466875111006881
760.0, 0.11864132444225876
761.0, 0.1245256529750519
762.0, 0.12676349867046088
763.0, 0.12926983612457982
764.0, 0.13358593303395028
765.0, 0.1341637051643903
766.0, 0.13716060730621543
767.0, 0.13877601084186902
768.0, 0.13854202969257365
769.0, 0.13894484182532926
770.0, 0.14212441076243812
771.0, 0.14893787053197857
772.0, 0.1519350194827075
773.0, 0.14660363274508986
774.0, 0.14966422481131694
775.0, 0.1599636290632108
776.0, 0.17036905268518404
777.0, 0.17972784446856516
778.0, 0.19047694017032682
779.0, 0.2019478961686048
780.0, 0.21374180577869364
781.0, 0.22912762709352
782.0, 0.24376618756526647
783.0, 0.25729274632954596
784.0, 0.27201959956839133
785.0, 0.2913127230159907
786.0, 0.3084795032949768
787.0, 0.31606779222613524
788.0, 0.3277288545943047
789.0, 0.3540805407076002
790.0, 0.37468057177284725
791.0, 0.3847376486998601
792.0, 0.398731713776265
793.0, 0.4158944381201586
794.0, 0.4319791813588261
795.0, 0.4455895319514731
796.0, 0.4574998867123143
797.0, 0.48051163676909675
798.0, 0.4841079663777999
799.0, 0.4956622203546133
800.0, 0.49855168460485394
801.0, 0.4936123291915378
802.0, 0.48785047432269596
803.0, 0.4784532012700227
804.0, 0.45716178785086353
805.0, 0.42689390359388785
806.0, 0.4029072521093038
807.0, 0.37377992314619995
808.0, 0.33916526424046145
809.0, 0.30258213720921934
810.0, 0.26992894921383004
811.0, 0.24423728117656077
812.0, 0.22123500069107366
813.0, 0.19526997445140168
814.0, 0.17006142932558965
815.0, 0.16062332544846364
816.0, 0.15202024556953064
817.0, 0.14207897258774055
818.0, 0.13647340591242244
819.0, 0.14090145294087916
820.0, 0.14737134371739058
821.0, 0.1513513797064475
822.0, 0.16196555580014613
823.0, 0.17308949651663685
824.0, 0.18798810748795458
825.0, 0.19974799799770562
826.0, 0.21597014350971935
827.0, 0.229787184128002
828.0, 0.2412603465110147
829.0, 0.2549990396943844
830.0, 0.27001849620227675
831.0, 0.28274503764100806
832.0, 0.2864858022677366
833.0, 0.29502127028658937
834.0, 0.2950094574940936
835.0, 0.2945898077906187
836.0, 0.2828188361039872
837.0, 0.26841712423909025
838.0, 0.24665945181780866
839.0, 0.20980440840633546
840.0, 0.17539748529068117
841.0, 0.14493308241917016
842.0, 0.11383491198186708
843.0, 0.090573077915086
844.0, 0.08225630197154607
845.0, 0.0681016037956468
846.0, 0.06709032583788359
847.0, 0.08158676528693377
848.0, 0.0964019247821222
849.0, 0.11269851595916262
850.0, 0.13598734283289166
851.0, 0.16441061605904006
852.0, 0.19615682615352897
853.0, 0.2245356154967016
854.0, 0.2526160118395263
855.0, 0.282280817036339
856.0, 0.31154320057333823
857.0, 0.34020337889933566
858.0, 0.37145013927196696
859.0, 0.4066203133079654
860.0, 0.4418533068212774
861.0, 0.4839687315946261
862.0, 0.5300636904089412
863.0, 0.577533616270955
864.0, 0.6276686423580522
865.0, 0.6749242102811593
866.0, 0.713522699704903
867.0, 0.7498273302687842
868.0, 0.7861034455345376
869.0, 0.8058499444528605
870.0, 0.8175947808833912
871.0, 0.8131952016332427
872.0, 0.7869736810256367
873.0, 0.7558180948393161
874.0, 0.7177664631081461
875.0, 0.6782858231589968
876.0, 0.6353975293690384
877.0, 0.5889403166897804
878.0, 0.5551251784928755
879.0, 0.5287802403542392
880.0, 0.5095155542205566
881.0, 0.49819912755633755
882.0, 0.5042614105653066
883.0, 0.518566771489215
884.0, 0.5414826733516053
885.0, 0.577830798567384
886.0, 0.6254284497129408
887.0, 0.6800896966274292
888.0, 0.7407809092012381
889.0, 0.8086099921022109
890.0, 0.8794683404059697
891.0, 0.9374337312410201
892.0, 0.9734917379794435
893.0, 0.9970839006198461
894.0, 0.9884628471156061
895.0, 0.944782795386565
896.0, 0.8727423986934494
897.0, 0.7758206718001642
898.0, 0.6692751939129548
899.0, 0.5671023677805158
900.0, 0.4700024825039591
901.0, 0.37788237616221476
902.0, 0.3030865255639558
903.0, 0.24258763205372458
904.0, 0.19150637376867985
905.0, 0.15045343414596304
906.0, 0.11799062270957586
907.0, 0.09167812659538811
908.0, 0.07242596736576168
909.0, 0.058621843954132835
910.0, 0.04944655421525531
911.0, 0.04212990530596898
912.0, 0.03347522561243278
913.0, 0.02755994205916735
914.0, 0.0265204115626607
915.0, 0.02368927884588645
916.0, 0.017568849761787783
917.0, 0.013671677870119381
918.0, 0.013874435981373492
919.0, 0.012396200272674582
920.0, 0.006176618478581023
921.0, 0.008633930152133977
922.0, 0.002793775502804641
923.0, 0.0025044771174904455
924.0, 0.003877196869208597
925.0, 0.002200215320296495
926.0, 0.0026288867788974313
927.0, 0.0057439688061886205
928.0, 0.005728743002338048
929.0, 0.00732312400749273
930.0, 0.010869687127294551
931.0, 0.01093359617319223
932.0, 0.012688373611891025
933.0, 0.011168005020589278
934.0, 0.01374461844523838
935.0, 0.014591924068838715
936.0, 0.015551994418955526
937.0, 0.01569206724153027
938.0, 0.014166885777172704
939.0, 0.013404671885232708
940.0, 0.012047334276942805
941.0, 0.010187738139276849
942.0, 0.011369412011602156
943.0, 0.009664222139972816
944.0, 0.008342281045382354
945.0, 0.007299798929573413
946.0, 0.005791645453643278
947.0, 0.004056608632704801
948.0, 0.0012486270835010546
949.0, 0.00028806219770814256
950.0, 0.001133523863824253
951.0, 0.004815324218152683
952.0, 0.006520230431139299
953.0, 0.007413065685246275
954.0, 0.00983405534522564
955.0, 0.013209136975028846
956.0, 0.01546966725791319
957.0, 0.017201488847894512
958.0, 0.01993824953060413
959.0, 0.021691524300675412
960.0, 0.024432076976145613
961.0, 0.027399925980312573
962.0, 0.02829968753496354
963.0, 0.03165361350415556
964.0, 0.03421250328682224
965.0, 0.0373818607566436
966.0, 0.039392796634239176
967.0, 0.04250496023031625
968.0, 0.04504942963706922
969.0, 0.045282777917337806
970.0, 0.047840259238001816
971.0, 0.05083663897409016
972.0, 0.05230874755562949
973.0, 0.05436207716885882
974.0, 0.057219732487118244
975.0, 0.05828298188331297
976.0, 0.057537982991562105
977.0, 0.05794428828687308
978.0, 0.06039363814828637
979.0, 0.06351765984843766
980.0, 0.06609839521730329
981.0, 0.06580005362780669
982.0, 0.06724607333640817
983.0, 0.06894842852934911
984.0, 0.07067238928580392
985.0, 0.07047960457127074
986.0, 0.06863333824721442
987.0, 0.07127893313797447
988.0, 0.07174750484148552
989.0, 0.07364950714208231
990.0, 0.07267580296769008
991.0, 0.07196804377556652
992.0, 0.0701519711999121
993.0, 0.07137171987837329
994.0, 0.06989655354696288
995.0, 0.06745826207932212
996.0, 0.0674109822873516
997.0, 0.06738458862447642
998.0, 0.06502739460853316
999.0, 0.06251074603351875
1000.0, 0.06177545184321765
1001.0, 0.058979234792154736
1002.0, 0.057126203075870984
1003.0, 0.05624444664080631
1004.0, 0.05362769070182516
1005.0, 0.05420590729873697
1006.0, 0.05109663658323562
1007.0, 0.050477424869934194
1008.0, 0.049691028299901935
1009.0, 0.04775690166151319
1010.0, 0.046200786874726035
1011.0, 0.044671992325636393
1012.0, 0.04420727529881988
1013.0, 0.04395386623856942
1014.0, 0.0417537185346989
1015.0, 0.03900798825481319
1016.0, 0.03842276851291792
1017.0, 0.03932157389102833
1018.0, 0.040310718438807014
1019.0, 0.038644030484816905
1020.0, 0.037818471609979955
1021.0, 0.036327327181938
1022.0, 0.03533175594067366
1023.0, 0.0348902061914606
1024.0, 0.034762080717522376
1025.0, 0.03500235062672456
1026.0, 0.03293776202597065
1027.0, 0.034140792636501605
1028.0, 0.03158778151750063
1029.0, 0.03239240406017272
1030.0, 0.029898423522635116
1031.0, 0.030697385324697044
1032.0, 0.0323913052119344
1033.0, 0.0336892862309316
1034.0, 0.03056104975348047
1035.0, 0.029121769227947295
1036.0, 0.028371137622728353
1037.0, 0.027870302669550068
1038.0, 0.028754665761680034
1039.0, 0.026849631590568426
1040.0, 0.026827961115333025
1041.0, 0.026901207590016726
1042.0, 0.026574343649989986
1043.0, 0.027165355361056177
1044.0, 0.024602095698845437
1045.0, 0.02345819092356121
1046.0, 0.025092828846115474
1047.0, 0.02506130762613848
1048.0, 0.023353354041006694
1049.0, 0.02137319980122877
1050.0, 0.021530780945755747
1051.0, 0.021575142358950087
1052.0, 0.018750804059497125
1053.0, 0.017322568000410033
1054.0, 0.018269024940657495
1055.0, 0.01933237594095646
1056.0, 0.018289814720578952
1057.0, 0.01618642898447519
1058.0, 0.015990304615459673
1059.0, 0.014043312356363642
1060.0, 0.016649525858270366
1061.0, 0.015843342097110573
1062.0, 0.014739286277603195
1063.0, 0.014220313864269871
1064.0, 0.015379529187450098
1065.0, 0.01575392145521033
1066.0, 0.013879464197711078
1067.0, 0.012195892031442604
1068.0, 0.012143613056081545
1069.0, 0.013312135842054736
1070.0, 0.0128187494335133
1071.0, 0.012907830681392625
1072.0, 0.013012585430025248
1073.0, 0.01401474140354752
1074.0, 0.01345000760517581
1075.0, 0.011338399475667983
1076.0, 0.010845613645223065
1077.0, 0.009024560870400792
1078.0, 0.009308883048181291
1079.0, 0.009834013338293065
1080.0, 0.009657343237382352
1081.0, 0.00987080666525707
1082.0, 0.007982760182584724
1083.0, 0.0058612032926931845
1084.0, 0.007271590140800954
1085.0, 0.008718370835371842
1086.0, 0.010304621013519462
1087.0, 0.006642908658850164
1088.0, 0.004298733278352112
1089.0, 0.007784147733057787
1090.0, 0.006518184622613391
1091.0, 0.005601441541994116
1092.0, 0.0054995326618766
1093.0, 0.0045343673117486
1094.0, 0.005646790370318185
1095.0, 0.005719968982672366
1096.0, 0.0038258734579435347
1097.0, 0.0028092786014961907
1098.0, 0.004107727017120135
1099.0, 0.004977437356267295
1100.0, 0.0038516656422442398
1101.0, 0.004399053347836627
1102.0, 0.005523931521468306
1103.0, 0.004274713882273459
1104.0, 0.004412270081293957
1105.0, 0.0032012444523320887
1106.0, 0.003849877540029303
1107.0, 0.002315450455034463
1108.0, 0.0019452900431305286
1109.0, 0.0014289353656324582
1110.0, 0.0015848705004902323
1111.0, 0.0012725140470798684
1112.0, 0.0027615139882312834
1113.0, 0.0031800055635996254
1114.0, 0.002752443167422056
1115.0, 0.0023437815959680814
1116.0, 0.0008494482734651938
1117.0, 0.0007184239872819183
1118.0, 0.0026717772467881843
1119.0, 0.002138883114169816
1120.0, 0.0006176141601386061
1121.0, 0.0007079035912740024
1122.0, 0.00044348334858586985
1123.0, 0.00044749845129476973
1124.0, 0.0006426412677026541
1125.0, 0.0010437215791954538
1126.0, 0.002319870617715513
1127.0, 0.0008003280273694314
1128.0, 1.4640365266988946e-05
1129.0, 0.0005159202332121812
1130.0, 0.00032342328113101493
1131.0, 0.000490877130950281
1132.0, 0.00023581663429928732
1133.0, 0.00046691036977593113
1134.0, 0.0013573091143621314
1135.0, 0.0017314020995293153
1136.0, 0.0014973496937915275
1137.0, 0.0007396566625738865
1138.0, 0.0007229771106149296
1139.0, 0.0012140510478621546
1140.0, 0.00133503830875019
1141.0, 0.0020953220175297035
1142.0, 0.0010688174673295868
1143.0, 0.0003684624214346698
1144.0, 0.0005463494336680147
1145.0, 0.00029064495943980837
1146.0, 0.00046809737838557916
1147.0, 0.0013339201904917389
1148.0, 0.0004486255036390714
1149.0, 0.0016607284849359152
1150.0, 0.0021540887286411333
1151.0, 0.001115489351227734
1152.0, 0.001172185159131686
1153.0, 0.0013815840916165949
1154.0, 0.00034734923205026496
1155.0, 0.0015982438066043244
1156.0, 0.0002925371048455224
1157.0, 0.0016190238271053875
1158.0, 0.00017196929938217273
1159.0, 0.0008458397156987404
1160.0, 0.000592069792332886
1161.0, 0.0007594947675255053
1162.0, 0.0004236054974241793
1163.0, 0.0006021283187732198
1164.0, 0.0006297386267051094
1165.0, 0.00032762536222307067
1166.0, 0.00023296206464017838
1167.0, 0.0010764569944492059
1168.0, 0.0007531438024283983
1169.0, 0.00017801959486525245
1170.0, 0.0018870961764176158
1171.0, 0.0010541861918324216
1172.0, 0.0018628399144345474
1173.0, 0.0010247734555768702
1174.0, 7.290661023481734e-05
1175.0, 0.0007454952578008929
1176.0, 0.0016047301054603752
1177.0, 0.001433388998186274
1178.0, 0.0005696532039512952
1179.0, 0.0018954877950563586
1180.0, 0.0011481811339585034
1181.0, 0.00017281757265989023
1182.0, 0.0008061217821103142
1183.0, 0.0006822402733598769
1184.0, 0.0010891832345769502
1185.0, 0.0004183389768754165
1186.0, 0.0015226066337315936
1187.0, 0.0019836673071245443
1188.0, 0.0003138976311608587
1189.0, 0.00010981149668767917
1190.0, 0.0012790655168967375
1191.0, 0.001469417281298931
1192.0, 0.0014980333119193072
1193.0, 0.001064422224146568
1194.0, 0.0025289021933528302
1195.0, 0.003177406120814535
1196.0, 0.002192845785512563
1197.0, 0.0002987198047343144
1198.0, 0.0017891189560962726
1199.0, 0.0019255695282836159
1200.0, 0.0007043240960957459
1201.0, 0.0012540020360166685
1202.0, 0.0016921673793841155
1203.0, 0.002431997852632127
1204.0, 0.0027882408120709842
1205.0, 0.0013415910614975692
1206.0, 0.000490429462733099
1207.0, 0.0008337647785532847
1208.0, 8.636126487665224e-05
1209.0, 0.0010217306558568296
1210.0, 0.0030776781479457792
1211.0, 0.000683102398403283
1212.0, 0.00032064327491574144
1213.0, 0.0018386810868872186
1214.0, 0.0013097695973043136
1215.0, 0.0031906523739428983
1216.0, 0.003404124287806757
1217.0, 0.0011031785216835083
1218.0, 0.0016445234291341362
1219.0, 0.0030106515386007083
1220.0, 0.0020094037589761843
1221.0, 0.00015201527904230302
1222.0, 0.0019805678538690015
1223.0, 0.0014799597767836568
1224.0, 0.0016687482214238695
1225.0, 0.0014564238895061544
1226.0, 0.00026419191457789697
1227.0, 0.0011574795551307418
1228.0, 0.001839367749841078
1229.0, 0.0004628020477609417
1230.0, 0.001415701760273877
1231.0, 0.0026115477916281043
1232.0, 0.0014217746295556817
1233.0, 0.001652590638250461
1234.0, 0.0014521378272276406
1235, 0.0
1236, 0.0
1237, 0.0
1238, 0.0
1239, 0.0
1240, 0.0
1241, 0.0
1242, 0.0
1243, 0.0
1244, 0.0
1245, 0.0
1246, 0.0
1247, 0.0
1248, 0.0
1249, 0.0
1250, 0.0
1251, 0.0
1252, 0.0
1253, 0.0
1254, 0.0
1255, 0.0
1256, 0.0
1257, 0.0
1258, 0.0
1259, 0.0
1260, 0.0
1261, 0.0
1262, 0.0
1263, 0.0
1264, 0.0
1265, 0.0
1266, 0.0
1267, 0.0
1268, 0.0
1269, 0.0
1270, 0.0
1271, 0.0
1272, 0.0
1273, 0.0
1274, 0.0
1275, 0.0
1276, 0.0
1277, 0.0
1278, 0.0
1279, 0.0
1280, 0.0
1281, 0.0
1282, 0.0
1283, 0.0
1284, 0.0
1285, 0.0
1286, 0.0
1287, 0.0
1288, 0.0
1289, 0.0
1290, 0.0
1291, 0.0
1292, 0.0
1293, 0.0
1294, 0.0
1295, 0.0
1296, 0.0
1297, 0.0
1298, 0.0
1299, 0.0
1300, 0.0
1301, 0.0
1302, 0.0
1303, 0.0
1304, 0.0
1305, 0.0
1306, 0.0
1307, 0.0
1308, 0.0
1309, 0.0
1310, 0.0
1311, 0.0
1312, 0.0
1313, 0.0
1314, 0.0
1315, 0.0
1316, 0.0
1317, 0.0
1318, 0.0
1319, 0.0
1320, 0.0
1321, 0.0
1322, 0.0
1323, 0.0
1324, 0.0
1325, 0.0
1326, 0.0
1327, 0.0
1328, 0.0
1329, 0.0
1330, 0.0
1331, 0.0
1332, 0.0
1333, 0.0
1334, 0.0
1335, 0.0
1336, 0.0
1337, 0.0
1338, 0.0
1339, 0.0
1340, 0.0
1341, 0.0
1342, 0.0
1343, 0.0
1344, 0.0
1345, 0.0
1346, 0.0
1347, 0.0
1348, 0.0
1349, 0.0
1350, 0.0
1351, 0.0
1352, 0.0
1353, 0.0
1354, 0.0
1355, 0.0
1356, 0.0
1357, 0.0
1358, 0.0
1359, 0.0
1360, 0.0
1361, 0.0
1362, 0.0
1363, 0.0
1364, 0.0
1365, 0.0
1366, 0.0
1367, 0.0
1368, 0.0
1369, 0.0
1370, 0.0
1371, 0.0
1372, 0.0
1373, 0.0
1374, 0.0
1375, 0.0
1376, 0.0
1377, 0.0
1378, 0.0
1379, 0.0
1380, 0.0
1381, 0.0
1382, 0.0
1383, 0.0
1384, 0.0
1385, 0.0
1386, 0.0
1387, 0.0
1388, 0.0
1389, 0.0
1390, 0.0
1391, 0.0
1392, 0.0
1393, 0.0
1394, 0.0
1395, 0.0
1396, 0.0
1397, 0.0
1398, 0.0
1399, 0.0
1400, 0.0
1401, 0.0
1402, 0.0
1403, 0.0
1404, 0.0
1405, 0.0
1406, 0.0
1407, 0.0
1408, 0.0
1409, 0.0
1410, 0.0
1411, 0.0
1412, 0.0
1413, 0.0
1414, 0.0
1415, 0.0
1416, 0.0
1417, 0.0
1418, 0.0
1419, 0.0
1420, 0.0
1421, 0.0
1422, 0.0
1423, 0.0
1424, 0.0
1425, 0.0
1426, 0.0
1427, 0.0
1428, 0.0
1429, 0.0
1430, 0.0
1431, 0.0
1432, 0.0
1433, 0.0
1434, 0.0
1435, 0.0
1436, 0.0
1437, 0.0
1438, 0.0
1439, 0.0
1440, 0.0
1441, 0.0
1442, 0.0
1443, 0.0
1444, 0.0
1445, 0.0
1446, 0.0
1447, 0.0
1448, 0.0
1449, 0.0
1450, 0.0
1451, 0.0
1452, 0.0
1453, 0.0
1454, 0.0
1455, 0.0
1456, 0.0
1457, 0.0
1458, 0.0
1459, 0.0
1460, 0.0
1461, 0.0
1462, 0.0
1463, 0.0
1464, 0.0
1465, 0.0
1466, 0.0
1467, 0.0
1468, 0.0
1469, 0.0
1470, 0.0
1471, 0.0
1472, 0.0
1473, 0.0
1474, 0.0
1475, 0.0
1476, 0.0
1477, 0.0
1478, 0.0
1479, 0.0
1480, 0.0
1481, 0.0
1482, 0.0
1483, 0.0
1484, 0.0
1485, 0.0
1486, 0.0
1487, 0.0
1488, 0.0
1489, 0.0
1490, 0.0
1491, 0.0
1492, 0.0
1493, 0.0
1494, 0.0
1495, 0.0
1496, 0.0
1497, 0.0
1498, 0.0
1499, 0.0
1500, 0.0
1501, 0.0
1502, 0.0
1503, 0.0
1504, 0.0
1505, 0.0
1506, 0.0
1507, 0.0
1508, 0.0
1509, 0.0
1510, 0.0
1511, 0.0
1512, 0.0
1513, 0.0
1514, 0.0
1515, 0.0
1516, 0.0
1517, 0.0
1518, 0.0
1519, 0.0
1520, 0.0
1521, 0.0
1522, 0.0
1523, 0.0
1524, 0.0
1525, 0.0
1526, 0.0
1527, 0.0
1528, 0.0
1529, 0.0
1530, 0.0
1531, 0.0
1532, 0.0
1533, 0.0
1534, 0.0
1535, 0.0
1536, 0.0
1537, 0.0
1538, 0.0
1539, 0.0
1540, 0.0
1541, 0.0
1542, 0.0
1543, 0.0
1544, 0.0
1545, 0.0
1546, 0.0
1547, 0.0
1548, 0.0
1549, 0.0
1550, 0.0
1551, 0.0
1552, 0.0
1553, 0.0
1554, 0.0
1555, 0.0
1556, 0.0
1557, 0.0
1558, 0.0
1559, 0.0
1560, 0.0
1561, 0.0
1562, 0.0
1563, 0.0
1564, 0.0
1565, 0.0
1566, 0.0
1567, 0.0
1568, 0.0
1569, 0.0
1570, 0.0
1571, 0.0
1572, 0.0
1573, 0.0
1574, 0.0
1575, 0.0
1576, 0.0
1577, 0.0
1578, 0.0
1579, 0.0
1580, 0.0
1581, 0.0
1582, 0.0
1583, 0.0
1584, 0.0
1585, 0.0
1586, 0.0
1587, 0.0
1588, 0.0
1589, 0.0
1590, 0.0
1591, 0.0
1592, 0.0
1593, 0.0
1594, 0.0
1595, 0.0
1596, 0.0
1597, 0.0
1598, 0.0
1599, 0.0
