30, 0.0
31, 0.0
32, 0.0
33, 0.0
34, 0.0
35, 0.0
36, 0.0
37, 0.0
38, 0.0
39, 0.0
40, 0.0
41, 0.0
42, 0.0
43, 0.0
44, 0.0
45, 0.0
46, 0.0
47, 0.0
48, 0.0
49, 0.0
50, 0.0
51, 0.0
52, 0.0
53, 0.0
54, 0.0
55, 0.0
56, 0.0
57, 0.0
58, 0.0
59, 0.0
60, 0.0
61, 0.0
62, 0.0
63, 0.0
64, 0.0
65, 0.0
66, 0.0
67, 0.0
68, 0.0
69, 0.0
70, 0.0
71, 0.0
72, 0.0
73, 0.0
74, 0.0
75, 0.0
76, 0.0
77, 0.0
78, 0.0
79, 0.0
80, 0.0
81, 0.0
82, 0.0
83, 0.0
84, 0.0
85, 0.0
86, 0.0
87, 0.0
88, 0.0
89, 0.0
90, 0.0
91, 0.0
92, 0.0
93, 0.0
94, 0.0
95, 0.0
96, 0.0
97, 0.0
98, 0.0
99, 0.0
100, 0.0
101, 0.0
102, 0.0
103, 0.0
104, 0.0
105, 0.0
106, 0.0
107, 0.0
108, 0.0
109, 0.0
110, 0.0
111, 0.0
112, 0.0
113, 0.0
114, 0.0
115, 0.0
116, 0.0
117, 0.0
118, 0.0
119, 0.0
120, 0.0
121, 0.0
122, 0.0
123, 0.0
124, 0.0
125, 0.0
126, 0.0
127, 0.0
128, 0.0
129, 0.0
130, 0.0
131, 0.0
132, 0.0
133, 0.0
134, 0.0
135, 0.0
136, 0.0
137, 0.0
138, 0.0
139, 0.0
140.0, 0.00036167692074373057
141.0, 0.0030868311112118465
142.0, 0.009739783183279341
143.0, 0.019546132458357558
144.0, 0.03397080678991932
145.0, 0.05045942639037797
146.0, 0.06130084703456437
147.0, 0.07400256600927926
148.0, 0.09293217247249566
149.0, 0.11156926658571328
150.0, 0.11899645715571015
151.0, 0.11998437156046901
152.0, 0.11682996790522197
153.0, 0.11426034015194529
154.0, 0.11565506398969619
155.0, 0.11527108370829668
156.0, 0.11565891061216406
157.0, 0.11772111752091745
158.0, 0.12074863121064314
159.0, 0.12343148486855779
160.0, 0.1272710110786549
161.0, 0.1340619477258208
162.0, 0.14198541122355016
163.0, 0.14800674642377842
164.0, 0.16225669626643788
165.0, 0.17610323576632095
166.0, 0.18942568046690078
167.0, 0.20332430684524933
168.0, 0.20945744248535275
169.0, 0.2145652470011025
170.0, 0.21453852908933282
171.0, 0.21047531948828171
172.0, 0.2130648541471134
173.0, 0.22487508929128872
174.0, 0.23199381029889232
175.0, 0.2300299583892523
176.0, 0.22875424225375982
177.0, 0.2084669535750235
178.0, 0.18304012513073295
179.0, 0.15535995727632426
180.0, 0.12121189898234194
181.0, 0.09328872066803366
182.0, 0.07208538809074086
183.0, 0.054782217075426874
184.0, 0.04001727551352132
185.0, 0.03080002995722475
186.0, 0.019539045128025477
187.0, 0.00808203949540822
188.0, 0.0014757429979569405
189.0, 0.004234322843622745
190.0, 0.005378534960533596
191.0, 0.007496982703251416
192.0, 0.010272780453787348
193.0, 0.011455366173906792
194.0, 0.009310421241491163
195.0, 0.00852109417537529
196.0, 0.00767922279883273
197.0, 0.005449108101782115
198.0, 0.005460947119837133
199.0, 0.0014266754579577217
200.0, 0.005616599114350879
201.0, 0.011300841573576895
202.0, 0.01501975976215353
203.0, 0.01666760597569093
204.0, 0.019131719092102942
205.0, 0.020758881724424225
206.0, 0.0206435449769425
207.0, 0.023252709660703294
208.0, 0.02787148794827952
209.0, 0.031811292193916284
210.0, 0.03561687957548225
211.0, 0.04211777637897794
212.0, 0.046260712673879684
213.0, 0.05606004281180731
214.0, 0.06890315086483985
215.0, 0.07868153834146165
216.0, 0.08847322015418173
217.0, 0.10070530876059491
218.0, 0.11817936161756369
219.0, 0.1346914645500041
220.0, 0.14039540920848537
221.0, 0.14868387821622245
222.0, 0.1511683767536286
223.0, 0.146421701547533
224.0, 0.13753313441505208
225.0, 0.12715261713350265
226.0, 0.11473226684744783
227.0, 0.10022438456216841
228.0, 0.0861230159362393
229.0, 0.07745192853965929
230.0, 0.07075075876495297
231.0, 0.06386455212124892
232.0, 0.058814666096908955
233.0, 0.05868063511866124
234.0, 0.054991836448108754
235.0, 0.0510830328064512
236.0, 0.046314424268519
237.0, 0.041399534367948576
238.0, 0.040813612813451576
239.0, 0.043973379167359966
240.0, 0.04032192813446529
241.0, 0.03524360022104873
242.0, 0.03640500707356982
243.0, 0.03301611158130705
244.0, 0.032278647118240585
245.0, 0.0316701989298441
246.0, 0.028868772853661705
247.0, 0.025296757699499267
248.0, 0.02170840781858426
249.0, 0.022016325239303816
250.0, 0.021585397589674975
251.0, 0.016668681648114195
252.0, 0.01365757863318884
253.0, 0.014973134804531624
254.0, 0.015211880150925275
255.0, 0.013702987860452324
256.0, 0.01352466418929037
257.0, 0.012969551472342564
258.0, 0.016688760744845495
259.0, 0.019801439900652855
260.0, 0.020679366897060517
261.0, 0.02584922350628667
262.0, 0.02756990123378376
263.0, 0.030648217893672884
264.0, 0.033756817220482675
265.0, 0.03360575464001465
266.0, 0.034046089531505515
267.0, 0.03441417392847367
268.0, 0.035757751673581493
269.0, 0.0370024266705417
270.0, 0.03497919788013416
271.0, 0.033830941233861905
272.0, 0.03158746485695487
273.0, 0.029654491858388997
274.0, 0.0287879351143773
275.0, 0.02148925169360547
276.0, 0.015524496438986147
277.0, 0.012064377794602111
278.0, 0.00875009931513981
279.0, 0.0024754176880263283
280.0, 0.002292914179313411
281.0, 0.004655162237787111
282.0, 0.005055492006380113
283.0, 0.004579945831441887
284.0, 0.003847783938913522
285.0, 0.0012935964227003217
286.0, 0.002382180429440317
287.0, 0.0045106093580849155
288.0, 0.005943531078944287
289.0, 0.01204746647479093
290.0, 0.02182297261426168
291.0, 0.028495168953968548
292.0, 0.03392949656586435
293.0, 0.042300513720983555
294.0, 0.050277970354762155
295.0, 0.06666006564104542
296.0, 0.07322667773565075
297.0, 0.07234019581586368
298.0, 0.089753892791973
299.0, 0.0970413566887733
300.0, 0.10624113456679425
301.0, 0.11924258774792035
302.0, 0.1334645930184704
303.0, 0.14538933337847718
304.0, 0.1617167986516514
305.0, 0.17861742546678072
306.0, 0.19363814646604122
307.0, 0.20824921710078595
308.0, 0.22364154835709166
309.0, 0.22387034690026586
310.0, 0.2154591266826167
311.0, 0.20048191805413704
312.0, 0.17642086491575362
313.0, 0.15067476779429395
314.0, 0.12579153128021803
315.0, 0.10692866199929667
316.0, 0.0958440342759253
317.0, 0.09030851812025104
318.0, 0.08344906914168865
319.0, 0.07650536871780288
320.0, 0.06920581445825183
321.0, 0.06507309300249751
322.0, 0.07099229679003685
323.0, 0.06823989641102844
324.0, 0.06329918946142037
325.0, 0.05652043215129114
326.0, 0.04731992584954299
327.0, 0.04236475457102381
328.0, 0.03697047132889921
329.0, 0.02993934544156859
330.0, 0.023902428045231114
331.0, 0.020694831771712736
332.0, 0.012885885430353697
333.0, 0.011275340041772167
334.0, 0.011254812775776871
335.0, 0.009845771017371515
336.0, 0.008948547210624545
337.0, 0.00821842933602153
338.0, 0.009677236239165958
339.0, 0.008856046072047045
340.0, 0.009359723620323722
341.0, 0.015075068756161008
342.0, 0.015672335077066276
343.0, 0.023327904857803804
344.0, 0.028202926633613273
345.0, 0.030229316332608124
346.0, 0.03670366946628598
347.0, 0.03946805973604526
348.0, 0.04336523504944797
349.0, 0.0469333897998084
350.0, 0.049563365739033326
351.0, 0.05292881765911524
352.0, 0.04870839023568579
353.0, 0.047178972156060844
354.0, 0.04623525851717871
355.0, 0.04291438565304414
356.0, 0.037811448075763046
357.0, 0.03261390852264532
358.0, 0.030678272239958056
359.0, 0.03086839405852154
360.0, 0.029818998305397727
361.0, 0.027054848381456283
362.0, 0.02766257999461399
363.0, 0.033944123591638196
364.0, 0.04134778088136342
365.0, 0.04744520033025056
366.0, 0.054813107614834336
367.0, 0.06468857821206773
368.0, 0.07985928776154413
369.0, 0.08998433833793061
370.0, 0.0962464455572999
371.0, 0.11263847391281952
372.0, 0.12476469066160156
373.0, 0.13515803248752833
374.0, 0.1481046177047951
375.0, 0.1642112828734217
376.0, 0.18142304603019038
377.0, 0.20220529105101456
378.0, 0.22398496682115637
379.0, 0.24996391323495348
380.0, 0.2811022352298651
381.0, 0.31308859546532125
382.0, 0.3457800666984972
383.0, 0.3811779081346741
384.0, 0.41531357315470163
385.0, 0.44276396518805694
386.0, 0.4601603905829188
387.0, 0.4654667945096731
388.0, 0.4576305278522637
389.0, 0.42883683324472543
390.0, 0.38232464538862
391.0, 0.33288499112464043
392.0, 0.28740647481318604
393.0, 0.24223672633784848
394.0, 0.20215236674202552
395.0, 0.16855682196297775
396.0, 0.1369075467103269
397.0, 0.11296785680155956
398.0, 0.09357321413954067
399.0, 0.07696293857847376
400.0, 0.06323133552239905
401.0, 0.05236393643042748
402.0, 0.04136490535103838
403.0, 0.031147332906804746
404.0, 0.02622797818564629
405.0, 0.021776431302010242
406.0, 0.013063392098988524
407.0, 0.009657661105722843
408.0, 0.008214329788972718
409.0, 0.004932329537306292
410.0, 0.0016874709314092455
411.0, 0.0005154897399518585
412.0, 0.0016688333478703723
413.0, 0.001705662880855736
414.0, 0.0003716367496496146
415.0, 0.0008331113922556778
416.0, 0.0035428788687046913
417.0, 0.004197486556417902
418.0, 0.0044577983076206015
419.0, 0.0036352499821613125
420.0, 0.0016563927428009388
421.0, 0.0003864436776295213
422.0, 0.003126452632714595
423.0, 0.0035575602344965125
424.0, 0.004744257001460738
425.0, 0.004245278641318942
426.0, 0.0019411124000728503
427.0, 0.0009202419082125076
428.0, 0.002492210672015318
429.0, 0.0011255552600794262
430.0, 0.0017457360200425934
431.0, 0.004829930799553196
432.0, 0.005065175411479477
433.0, 0.00414082543565031
434.0, 0.0048129933467393644
435.0, 0.004280706120699106
436.0, 0.002779194863091298
437.0, 0.003052682411726704
438.0, 0.008227337689714875
439.0, 0.007649282774941245
440.0, 0.00812131593380811
441.0, 0.009775383137630524
442.0, 0.010600669051892558
443.0, 0.013095952505749029
444.0, 0.014980246854358236
445.0, 0.018817301891343594
446.0, 0.021318830686250814
447.0, 0.022287168540179737
448.0, 0.0256494642930917
449.0, 0.0306176731892879
450.0, 0.035652002217752055
451.0, 0.04009620188279745
452.0, 0.044952571423337
453.0, 0.05082170037966445
454.0, 0.055278424508316076
455.0, 0.0561517571635988
456.0, 0.05394644736236862
457.0, 0.05148300074230395
458.0, 0.04786521752551896
459.0, 0.039701576815959726
460.0, 0.03515234482539404
461.0, 0.03209199905107722
462.0, 0.029007515212078783
463.0, 0.02756928394985885
464.0, 0.0286799083638795
465.0, 0.028242219409821995
466.0, 0.02739991615237102
467.0, 0.027556404577063313
468.0, 0.026705926409539886
469.0, 0.02497175206633702
470.0, 0.0269459793378205
471.0, 0.02849630503692801
472.0, 0.03142611008291172
473.0, 0.035045161855015716
474.0, 0.03805554258162314
475.0, 0.040045033150503194
476.0, 0.039823476404392245
477.0, 0.04273171036184029
478.0, 0.04708230294009851
479.0, 0.04951502199856938
480.0, 0.04791797700296674
481.0, 0.043846184697339426
482.0, 0.038740284306633996
483.0, 0.03132348875031512
484.0, 0.025190361897084474
485.0, 0.020816834791797086
486.0, 0.015414307410253127
487.0, 0.013457659909800454
488.0, 0.007614304970148567
489.0, 0.00235485497708471
490.0, 0.0003941614571844537
491.0, 0.001218218147286117
492.0, 0.0011210805899552168
493.0, 0.0013984548376099377
494.0, 0.001352793583842841
495.0, 0.0009081493956840688
496.0, 0.0014332124591488835
497.0, 0.0007519251638453866
498.0, 0.0011936800571613023
499.0, 0.0051334602591630515
500.0, 0.004305844567538218
501.0, 0.0010925453370714054
502.0, 0.0015962020745511096
503.0, 0.004002969669558862
504.0, 0.001303542145452502
505.0, 0.0019863529011955477
506.0, 0.002747145077522133
507.0, 0.006994520681427894
508.0, 0.009788162260285314
509.0, 0.01325506560248982
510.0, 0.017081358416552412
511.0, 0.02138362086022965
512.0, 0.02872699353276278
513.0, 0.0372423931383418
514.0, 0.04246279897597044
515.0, 0.05230849289323399
516.0, 0.0635964407705701
517.0, 0.07665571107912868
518.0, 0.08991642990423936
519.0, 0.10209237601385801
520.0, 0.11606109940655748
521.0, 0.13035433027572904
522.0, 0.14808020617670822
523.0, 0.16826422290326656
524.0, 0.18998220437063493
525.0, 0.2146527995950063
526.0, 0.24264150787233513
527.0, 0.2705347232296076
528.0, 0.3053681804033532
529.0, 0.3436058040329236
530.0, 0.3802082400633585
531.0, 0.4164446826557705
532.0, 0.45760724075414577
533.0, 0.4904046126251591
534.0, 0.5089149086991782
535.0, 0.5047877275862449
536.0, 0.47831162399276167
537.0, 0.4428029082369829
538.0, 0.4007031234126108
539.0, 0.35086874991535094
540.0, 0.3035205832102174
541.0, 0.2589103390832732
542.0, 0.2178246549927752
543.0, 0.19135101011781655
544.0, 0.1616056943212219
545.0, 0.13864448374828126
546.0, 0.12272373947007746
547.0, 0.11100825157757545
548.0, 0.10240808904899855
549.0, 0.0943990689156703
550.0, 0.08610442521495794
551.0, 0.0807778268666651
552.0, 0.07797873758547436
553.0, 0.076548003878711
554.0, 0.07607260425638339
555.0, 0.07569850213716126
556.0, 0.07914999259123207
557.0, 0.0830085545774368
558.0, 0.08691413243834042
559.0, 0.09137679592092555
560.0, 0.09618058645834192
561.0, 0.10247797309077886
562.0, 0.11590408722515672
563.0, 0.12266735426777692
564.0, 0.12158276546219757
565.0, 0.1161586848352333
566.0, 0.1069745121949176
567.0, 0.09542396482862171
568.0, 0.07380036214127132
569.0, 0.06163064915174414
570.0, 0.05370365902846992
571.0, 0.042623520347721294
572.0, 0.033134563783145526
573.0, 0.03112632638444803
574.0, 0.029042434516965004
575.0, 0.02561119650891382
576.0, 0.0236777025160907
577.0, 0.021342307290370933
578.0, 0.015118905639385944
579.0, 0.014231075179820071
580.0, 0.012863168530809621
581.0, 0.011758087518752647
582.0, 0.013026984784144078
583.0, 0.01654877535497323
584.0, 0.021425650325238833
585.0, 0.029457441924169662
586.0, 0.035428298214069266
587.0, 0.04190948774798722
588.0, 0.05197494022559098
589.0, 0.06496449783220104
590.0, 0.07930937624666985
591.0, 0.09750965527213509
592.0, 0.11286638090433912
593.0, 0.13343998506869298
594.0, 0.15778099486477037
595.0, 0.1831016167279943
596.0, 0.210105426319543
597.0, 0.23753800063898065
598.0, 0.26173654962518533
599.0, 0.28931136679837527
600.0, 0.3240953869729209
601.0, 0.3671013473024359
602.0, 0.4162624953554745
603.0, 0.4666301856723058
604.0, 0.527973104508777
605.0, 0.6006191621791729
606.0, 0.678474414486046
607.0, 0.7675607180803332
608.0, 0.864912991463361
609.0, 0.9417775648442157
610.0, 0.9945056111904029
611.0, 0.9819517364728985
612.0, 0.9154546227278075
613.0, 0.8083941566412612
614.0, 0.6743573256101512
615.0, 0.5385993799516026
616.0, 0.4224405927640012
617.0, 0.3303159131775517
618.0, 0.258088144830388
619.0, 0.20507967537006522
620.0, 0.16465772935183054
621.0, 0.12868844923962552
622.0, 0.10572932646886085
623.0, 0.08370044289616908
624.0, 0.06730916853602739
625.0, 0.05487114205301559
626.0, 0.0437506628891734
627.0, 0.03449780482855667
628.0, 0.028611287764931867
629.0, 0.026321205341398073
630.0, 0.018399813605896046
631.0, 0.01247624035820869
632.0, 0.009971972684919495
633.0, 0.005888570633944081
634.0, 0.0023300508185658377
635.0, 0.000629145999319521
636.0, 0.0018357158064836556
637.0, 0.0038881667890101456
638.0, 0.005463649386947245
639.0, 0.0056610872427469835
640.0, 0.006094284304934752
641.0, 0.007759574211063704
642.0, 0.007603036631729825
643.0, 0.006956131033063974
644.0, 0.0040837959618208325
645.0, 0.0017404882527799134
646.0, 0.0006434635536037099
647.0, 0.0057267861619355095
648.0, 0.004912714967316756
649.0, 0.00961729082396128
650.0, 0.01443154428755142
651.0, 0.019564571024987324
652.0, 0.026351327101897783
653.0, 0.031148274430935433
654.0, 0.040036897319676974
655.0, 0.05195489362737175
656.0, 0.061191048121783526
657.0, 0.07060024825284701
658.0, 0.08178653071299753
659.0, 0.0949591791417783
660.0, 0.11344441677285823
661.0, 0.1279669382081895
662.0, 0.1473833174074802
663.0, 0.16912728395208387
664.0, 0.19071383905952122
665.0, 0.21082952534859478
666.0, 0.22893283434416228
667.0, 0.24963139346054564
668.0, 0.256257998935659
669.0, 0.2571058405237893
670.0, 0.25137280366958487
671.0, 0.23199182136561847
672.0, 0.20133287198264396
673.0, 0.1710429020313819
674.0, 0.14212210356997815
675.0, 0.11386747415630359
676.0, 0.09227075055288005
677.0, 0.07371006143376077
678.0, 0.05784498629230658
679.0, 0.04760782428572345
680.0, 0.037548689525902845
681.0, 0.02910996621828484
682.0, 0.022611113437278316
683.0, 0.01758809906872437
684.0, 0.014919210747356967
685.0, 0.012640422750555814
686.0, 0.008406216039816434
687.0, 0.00584393617051726
688.0, 0.00960166437000065
689.0, 0.008931707036555448
690.0, 0.007901525162594805
691.0, 0.008523273943329102
692.0, 0.008660530959967383
693.0, 0.007293181118016395
694.0, 0.007676225124180026
695.0, 0.007726807753903869
696.0, 0.005569720249269137
697.0, 0.0049424689908798836
698.0, 0.004840027303576628
699.0, 0.0026831718676888928
700.0, 0.0010457017524883917
701.0, 0.0036883251460810337
702.0, 0.0023663805704932173
703.0, 0.00013285883873785675
704.0, 0.00014082237229164513
705.0, 0.0008905808835253963
706.0, 0.0035471350361476798
707.0, 0.003513544070788637
708.0, 0.003563918687773875
709.0, 0.004914543469469273
710.0, 0.006451350807623836
711.0, 0.008069421121445958
712.0, 0.009524155024606322
713.0, 0.009436067185938254
714.0, 0.008150505205700345
715.0, 0.009858767453695122
716.0, 0.011485197210203565
717.0, 0.01525690339498874
718.0, 0.016708100188567773
719.0, 0.01669841082650645
720.0, 0.019328963493220205
721.0, 0.023906406982366252
722.0, 0.02852948825543088
723.0, 0.0333560938439741
724.0, 0.03936567360768188
725.0, 0.04310281874776044
726.0, 0.05064388727329124
727.0, 0.06329101844713252
728.0, 0.07118717221952071
729.0, 0.08253417977957159
730.0, 0.09594801345041937
731.0, 0.11080096579164671
732.0, 0.12483477911250536
733.0, 0.1413992921546752
734.0, 0.16083110416845722
735.0, 0.17816149617567392
736.0, 0.20152917805256815
737.0, 0.2292065960521604
738.0, 0.26201908110005406
739.0, 0.29631706254366597
740.0, 0.32935447861901884
741.0, 0.36393228834352453
742.0, 0.4015689389557973
743.0, 0.43069594555270196
744.0, 0.4470296370722406
745.0, 0.44706606608730964
746.0, 0.4268447325417321
747.0, 0.3925123552508007
748.0, 0.3495095101297479
749.0, 0.3019779469883908
750.0, 0.2567844234326016
751.0, 0.21827978690222963
752.0, 0.18607515614159417
753.0, 0.15517339204958022
754.0, 0.12946706287248064
755.0, 0.1110335457866596
756.0, 0.09467339029864305
757.0, 0.07765003759768849
758.0, 0.0662494093139952
759.0, 0.05559202456760594
760.0, 0.04589839359750497
761.0, 0.0395616862328495
762.0, 0.035654979393192426
763.0, 0.03189733584988327
764.0, 0.027131320214437395
765.0, 0.022497059422042012
766.0, 0.021939004026071622
767.0, 0.018777354586319916
768.0, 0.014427342380836828
769.0, 0.013115853409948126
770.0, 0.01466832334331901
771.0, 0.015853175849361426
772.0, 0.01413992507163826
773.0, 0.015853790299710842
774.0, 0.015192436019736756
775.0, 0.01751734564669568
776.0, 0.01874207145782698
777.0, 0.020190640649715326
778.0, 0.023178110255511166
779.0, 0.025602779124927765
780.0, 0.028011836332001782
781.0, 0.033409390717068006
782.0, 0.03967890292101891
783.0, 0.0513555569478211
784.0, 0.05916223236990132
785.0, 0.06451848397025507
786.0, 0.06979969948890759
787.0, 0.0717397764727929
788.0, 0.07255469555804862
789.0, 0.06878526513876296
790.0, 0.060371116920043814
791.0, 0.053124257682706184
792.0, 0.046123771509187325
793.0, 0.03695460783965715
794.0, 0.027561341939922202
795.0, 0.021140255460918928
796.0, 0.017136744523136134
797.0, 0.013292977845076813
798.0, 0.00996276119431915
799.0, 0.00830437246101704
800.0, 0.007040920379169091
801.0, 0.00477452574214404
802.0, 0.0031167965835206222
803.0, 0.005113332747705153
804.0, 0.0028716267964001793
805.0, 0.0019568856247061265
806.0, 0.005652982394636823
807.0, 0.007422435515577726
808.0, 0.010283565441937252
809.0, 0.013405091801505915
810.0, 0.013736394228663282
811.0, 0.015762076697012666
812.0, 0.013656730607100747
813.0, 0.010558042276055552
814.0, 0.010259286344277843
815.0, 0.006676213490527913
816.0, 0.0034289415520321036
817.0, 0.001418664822788717
818.0, 0.0014961583313412804
819.0, 0.0029870396756639917
820.0, 0.0030039928593208953
821.0, 0.004762518435626339
822.0, 0.005948949231246505
823.0, 0.006017600857035534
824.0, 0.004577688282383099
825.0, 0.0025386501362035497
826.0, 0.0010837630399183316
827.0, 0.0006109537708514694
828.0, 0.00401362274744244
829.0, 0.002428644069572727
830.0, 0.003445328029388574
831.0, 0.004273472726148651
832.0, 0.006737581570960533
833.0, 0.00859750522612676
834.0, 0.008779007410712188
835.0, 0.011633356397034717
836.0, 0.011383658893181242
837.0, 0.013899203062522097
838.0, 0.01459843542442301
839.0, 0.01441929447284949
840.0, 0.016358630370065786
841.0, 0.018638943496848134
842.0, 0.019237074140575502
843.0, 0.019960598933351253
844.0, 0.021223163596202334
845.0, 0.018927475473752606
846.0, 0.019045859401903467
847.0, 0.020134799702895764
848.0, 0.020926542889182127
849.0, 0.022878375553376407
850.0, 0.02413293779435842
851.0, 0.024403938870791373
852.0, 0.02659661453134625
853.0, 0.026127337552172034
854.0, 0.026190978947321135
855.0, 0.030019560562664485
856.0, 0.031091252302130924
857.0, 0.032018301366156195
858.0, 0.03492556891072562
859.0, 0.038120017194786665
860.0, 0.04147054786675051
861.0, 0.044467331421586355
862.0, 0.04657480942363616
863.0, 0.04905085369284592
864.0, 0.05313472816504361
865.0, 0.05428780063553028
866.0, 0.05525719670129209
867.0, 0.05961207078804233
868.0, 0.06368887406799568
869.0, 0.06407770228786243
870.0, 0.06719355700769394
871.0, 0.07124156236531515
872.0, 0.07462952532844468
873.0, 0.07615237011575073
874.0, 0.07394201843355548
875.0, 0.07010561723102333
876.0, 0.07109510805104666
877.0, 0.074764268116702
878.0, 0.07281341211952475
879.0, 0.07114949672712555
880.0, 0.06815619690379135
881.0, 0.06490118060065048
882.0, 0.059277294758887246
883.0, 0.05579291015526082
884.0, 0.05306992455209152
885.0, 0.048143838981622604
886.0, 0.043530617918073215
887.0, 0.04016145374495776
888.0, 0.035912760216255626
889.0, 0.03284733119516926
890.0, 0.03282517426623822
891.0, 0.02998061712487013
892.0, 0.030051726074874833
893.0, 0.029054490232150572
894.0, 0.02673452208098923
895.0, 0.026816275577196402
896.0, 0.02567535475974589
897.0, 0.021390558529536016
898.0, 0.019411539583977438
899.0, 0.018361139174533844
900.0, 0.016398959992379916
901.0, 0.016791060503755728
902.0, 0.016705633884524524
903.0, 0.015603708642756313
904.0, 0.016167291532875838
905.0, 0.016272035305537395
906.0, 0.013514699800106462
907.0, 0.014545708324699154
908.0, 0.013518194635115542
909.0, 0.011247716068242064
910.0, 0.011485751211887295
911.0, 0.009573558032188952
912.0, 0.0069721016216130974
913.0, 0.008398043069877759
914.0, 0.010222097755650923
915.0, 0.00694809271173995
916.0, 0.005300521429224454
917.0, 0.0034398992868899156
918.0, 0.0030982785098306316
919.0, 0.005489601626329712
920.0, 0.005231670038751793
921.0, 0.0041840042855455055
922.0, 0.005524057175987543
923.0, 0.006024513578903893
924.0, 0.0019968884186442595
925.0, 0.0024387047896937365
926.0, 0.002092265494407534
927.0, 0.0005417326280106793
928.0, 0.001218094926842554
929.0, 0.0012284467102929375
930.0, 0.0008539123686342554
931.0, 0.0013179842904645842
932.0, 0.001584669228436604
933.0, 0.0009325620998916833
934.0, 0.001610010660416326
935.0, 0.0012745417318594332
936.0, 0.0019598751778725373
937.0, 0.0026715209337462784
938.0, 0.0020524958210622643
939.0, 0.0027016244158146944
940.0, 0.0033473466398525023
941.0, 0.0032866533378400793
942.0, 0.005636726525616886
943.0, 0.008836343048235993
944.0, 0.0079689016616278
945.0, 0.009336258837493077
946.0, 0.009485757794815494
947.0, 0.009020234380047872
948.0, 0.011690847612477996
949.0, 0.013374640421762915
950.0, 0.01525365206709009
951.0, 0.017749077539167248
952.0, 0.01960801264346331
953.0, 0.02120170839218591
954.0, 0.022296229135480652
955.0, 0.025297485980095225
956.0, 0.027546133146192687
957.0, 0.028177444262567387
958.0, 0.031474632549136676
959.0, 0.03330727705067399
960.0, 0.03497668002985072
961.0, 0.03727462069976822
962.0, 0.03899144920793543
963.0, 0.040625198238226266
964.0, 0.042175480352295895
965.0, 0.043597032754445014
966.0, 0.04459968336483044
967.0, 0.05052274008135353
968.0, 0.0519871168843829
969.0, 0.04917796189006599
970.0, 0.04837323870818203
971.0, 0.04896604247870347
972.0, 0.04710792965935097
973.0, 0.04627295555958019
974.0, 0.0484507500592882
975.0, 0.04435579999048962
976.0, 0.044735982828181864
977.0, 0.04595084616278579
978.0, 0.042172273594056855
979.0, 0.03847722007693348
980.0, 0.03830755914978725
981.0, 0.038013855621705166
982.0, 0.039245071916608205
983.0, 0.03909146596061638
984.0, 0.034684215811436964
985.0, 0.03501118792369581
986.0, 0.03562266052439249
987.0, 0.03541138017092164
988.0, 0.03677923071835007
989.0, 0.036447368865255854
990.0, 0.037213811762579284
991.0, 0.03970271039586458
992.0, 0.03986121476158058
993.0, 0.039201984115512734
994.0, 0.03981745997985803
995.0, 0.03969276686167715
996.0, 0.04109136745519891
997.0, 0.041610872487166106
998.0, 0.03725424468991818
999.0, 0.03983945843088751
1000.0, 0.039057605542446215
1001.0, 0.033742207323198964
1002.0, 0.03230829011789252
1003.0, 0.03015584835428764
1004.0, 0.024342772355644644
1005.0, 0.021891355847600987
1006.0, 0.022641863472126697
1007.0, 0.01761374947123421
1008.0, 0.013055609015416173
1009.0, 0.01222124800229314
1010.0, 0.00913262274961948
1011.0, 0.008954439414122859
1012.0, 0.004954786308171897
1013.0, 0.004510022581927136
1014.0, 0.0051966017498140055
1015.0, 0.0038788449432107653
1016.0, 0.0016306965936230722
1017.0, 0.0005095136308915335
1018.0, 0.0011740646642167851
1019.0, 0.000992292157333647
1020.0, 0.0010249084705690724
1021.0, 0.000151502715339679
1022.0, 0.00036492668370780116
1023.0, 0.0001640385376762767
1024.0, 0.00037537739173144967
1025.0, 0.0014974748163148234
1026.0, 0.0023833391624117155
1027.0, 0.001368784438951305
1028.0, 0.00034074324351768335
1029.0, 0.0014081114729140307
1030.0, 0.0015547864035662232
1031.0, 0.001595416408177713
1032.0, 0.0003441463752882945
1033.0, 0.0002815530644320869
1034.0, 0.0007869084263022488
1035.0, 0.0015459379257563468
1036.0, 0.0008208138704690341
1037.0, 0.0016238428843935017
1038.0, 0.0005926389526367394
1039.0, 0.000914524416880437
1040.0, 0.0012136463977450585
1041.0, 0.00207656427713361
1042.0, 0.0027425984351773436
1043.0, 0.005730263312385445
1044.0, 0.0016959874273087007
1045.0, 0.004506352510543004
1046.0, 0.0068750129237824635
1047.0, 0.008206369456769022
1048.0, 0.009011318579005237
1049.0, 0.011565550401548866
1050.0, 0.013180018718965385
1051.0, 0.01375944159605885
1052.0, 0.01551641613361962
1053.0, 0.020755647122553695
1054.0, 0.02612758090981949
1055.0, 0.024719206755234605
1056.0, 0.02748454025107241
1057.0, 0.03166547069404884
1058.0, 0.03381424140455019
1059.0, 0.036487128313535656
1060.0, 0.03924523775979552
1061.0, 0.042600223609003826
1062.0, 0.046857036214555656
1063.0, 0.04766510972970614
1064.0, 0.04782128873030385
1065.0, 0.049052395064728194
1066.0, 0.049205978187843044
1067.0, 0.05192753104142588
1068.0, 0.0572774569496819
1069.0, 0.05450054821419377
1070.0, 0.05499152994590381
1071.0, 0.055072448414605187
1072.0, 0.059657990510378574
1073.0, 0.06163709412170299
1074.0, 0.06532486957739521
1075.0, 0.0677196256013624
1076.0, 0.0684466300464815
1077.0, 0.07254213949890931
1078.0, 0.07697710525673286
1079.0, 0.07854278184258418
1080.0, 0.08118635010521295
1081.0, 0.08437282414744839
1082.0, 0.08589575701417122
1083.0, 0.0820819333636907
1084.0, 0.08148912598374712
1085.0, 0.07950154084448707
1086.0, 0.07799618089998965
1087.0, 0.07473333748449425
1088.0, 0.06822596841605681
1089.0, 0.06433283385653744
1090.0, 0.06015820320100827
1091.0, 0.05541157426224427
1092.0, 0.05095044640408328
1093.0, 0.04611938962882554
1094.0, 0.04206498298979879
1095.0, 0.03746649682156555
1096.0, 0.034969948463548915
1097.0, 0.03142091575271849
1098.0, 0.027163125388842132
1099.0, 0.02613753815776314
1100.0, 0.0243823733011521
1101.0, 0.018780826542644093
1102.0, 0.017188758379661835
1103.0, 0.015351605352257594
1104.0, 0.014832952674478704
1105.0, 0.013914852617579448
1106.0, 0.011462204724454349
1107.0, 0.010139259277151506
1108.0, 0.010421806402714603
1109.0, 0.011437638573761967
1110.0, 0.007463387075350396
1111.0, 0.007728338617331083
1112.0, 0.005111495476282734
1113.0, 0.008602240222573124
1114.0, 0.004683845631382969
1115.0, 0.004220889475879578
1116.0, 0.005049750710443804
1117.0, 0.004890288800064444
1118.0, 0.005656703628822939
1119.0, 0.005842002787585718
1120.0, 0.0067842668914165445
1121.0, 0.007601026952367866
1122.0, 0.006733305165557403
1123.0, 0.006479852565336101
1124.0, 0.006695616650775242
1125.0, 0.010628636459074355
1126.0, 0.011231736508706241
1127.0, 0.010163944897540675
1128.0, 0.01060492867339316
1129.0, 0.012694253799269466
1130.0, 0.012904836209737359
1131.0, 0.012213914315742468
1132.0, 0.015315024638859033
1133.0, 0.015240455739531276
1134.0, 0.014721590743971492
1135.0, 0.014538934960937146
1136.0, 0.01577208486093181
1137.0, 0.01988136567944572
1138.0, 0.020395923602731406
1139.0, 0.01777905027912948
1140.0, 0.01947797515604899
1141.0, 0.019498980348569575
1142.0, 0.02273213301541466
1143.0, 0.024652290910197758
1144.0, 0.02145555769797497
1145.0, 0.022870162167502258
1146.0, 0.024304485134266363
1147.0, 0.02276438780842323
1148.0, 0.024094025164961324
1149.0, 0.024884909979245445
1150.0, 0.024986180133721347
1151.0, 0.024113216226804873
1152.0, 0.027074147752414107
1153.0, 0.029038987955940572
1154.0, 0.025708123938144978
1155.0, 0.02410986248561948
1156.0, 0.023983895368906473
1157.0, 0.025447977736737754
1158.0, 0.02655143240399234
1159.0, 0.02416005529661657
1160.0, 0.025909777299029053
1161.0, 0.026029859970117926
1162.0, 0.022485399895164546
1163.0, 0.021402013485254757
1164.0, 0.02192514969244022
1165.0, 0.019206213247739672
1166.0, 0.01939656705746301
1167.0, 0.01942438617929173
1168.0, 0.017790554531817018
1169.0, 0.017377673927881733
1170.0, 0.016669699141006217
1171.0, 0.014574947621502722
1172.0, 0.013171431007382417
1173.0, 0.01208698269116606
1174.0, 0.011545146102939975
1175.0, 0.011794719084488557
1176.0, 0.012574036857020831
1177.0, 0.008372993282879016
1178.0, 0.006591349482483461
1179.0, 0.006949383133207187
1180.0, 0.009228201992043756
1181.0, 0.008942015456017572
1182.0, 0.0065843731901510764
1183.0, 0.006449317081461823
1184.0, 0.005768453090383843
1185.0, 0.0039161706007132535
1186.0, 0.0036879572738009385
1187.0, 0.005013960932353855
1188.0, 0.003640611598700803
1189.0, 0.002922384836473808
1190.0, 0.004114348910570571
1191.0, 0.002264318369695268
1192.0, 0.000609524188220801
1193.0, 0.002289775928788494
1194.0, 0.0018355077360586913
1195.0, 0.0005828654411088243
1196.0, 0.001568507460740909
1197.0, 0.0006011865162559367
1198.0, 0.002143943817533206
1199.0, 0.003030633398781592
1200.0, 0.0003882259063472301
1201.0, 0.0007467222106748981
1202.0, 0.0006351027882915054
1203.0, 0.00038291404233549816
1204.0, 0.0007860317844465761
1205.0, 0.00140327935075891
1206.0, 0.001517282465081851
1207.0, 0.0024660117366180753
1208.0, 0.0019194620828755144
1209.0, 0.0020226460333014253
1210.0, 0.001787821609858056
1211.0, 0.0016713684606399673
1212.0, 0.0005460327047002263
1213.0, 0.0008510240678460174
1214.0, 0.00021850225798671102
1215.0, 0.0019907438391378748
1216.0, 0.0017451968192078253
1217.0, 0.00012656203844277602
1218.0, 0.0022657137925177467
1219.0, 0.0038804040061721965
1220.0, 0.0061051257396163945
1221.0, 0.0021148558042762247
1222.0, 0.0036046542681608218
1223.0, 0.0033209532954288495
1224.0, 0.0027614240374669737
1225.0, 0.0011024114886602583
1226.0, 0.003832657413604933
1227.0, 0.004911962708632787
1228.0, 0.002906630006577017
1229.0, 0.0022377018899433676
1230.0, 0.002907054285216175
1231.0, 0.0054982969085756945
1232.0, 0.007858497261063153
1233.0, 0.005072486233580694
1234.0, 0.005670185100632323
1235.0, 0.005848667642861808
1236.0, 0.005587226522462915
1237.0, 0.0059038834676225635
1238.0, 0.004113857658438647
1239.0, 0.005268593648062549
1240.0, 0.003334733858743649
1241.0, 0.0055946719592012955
1242.0, 0.00612046797072624
1243.0, 0.009342055649653326
1244.0, 0.010448686725540316
1245.0, 0.009318760867438831
1246.0, 0.011820754469779563
1247.0, 0.012376109756512847
1248.0, 0.012737094218493913
1249.0, 0.0109745842132254
1250.0, 0.013475968221567887
1251.0, 0.016488706416925483
1252.0, 0.01513843815038327
1253.0, 0.015502553368454616
1254.0, 0.017915686320877495
1255.0, 0.017768942405999612
1256.0, 0.0154542864230759
1257.0, 0.013709176828133888
1258.0, 0.012968101198405737
1259.0, 0.013615370530640644
1260.0, 0.013207560002067208
1261.0, 0.007144963191780486
1262.0, 0.006005401019167874
1263.0, 0.002992400454876868
1264.0, 0.0010782688329911063
1265.0, 0.001570782437525632
1266.0, 0.00016927721613313828
1267, 0.0
1268, 0.0
1269, 0.0
1270, 0.0
1271, 0.0
1272, 0.0
1273, 0.0
1274, 0.0
1275, 0.0
1276, 0.0
1277, 0.0
1278, 0.0
1279, 0.0
1280, 0.0
1281, 0.0
1282, 0.0
1283, 0.0
1284, 0.0
1285, 0.0
1286, 0.0
1287, 0.0
1288, 0.0
1289, 0.0
1290, 0.0
1291, 0.0
1292, 0.0
1293, 0.0
1294, 0.0
1295, 0.0
1296, 0.0
1297, 0.0
1298, 0.0
1299, 0.0
1300, 0.0
1301, 0.0
1302, 0.0
1303, 0.0
1304, 0.0
1305, 0.0
1306, 0.0
1307, 0.0
1308, 0.0
1309, 0.0
1310, 0.0
1311, 0.0
1312, 0.0
1313, 0.0
1314, 0.0
1315, 0.0
1316, 0.0
1317, 0.0
1318, 0.0
1319, 0.0
1320, 0.0
1321, 0.0
1322, 0.0
1323, 0.0
1324, 0.0
1325, 0.0
1326, 0.0
1327, 0.0
1328, 0.0
1329, 0.0
1330, 0.0
1331, 0.0
1332, 0.0
1333, 0.0
1334, 0.0
1335, 0.0
1336, 0.0
1337, 0.0
1338, 0.0
1339, 0.0
1340, 0.0
1341, 0.0
1342, 0.0
1343, 0.0
1344, 0.0
1345, 0.0
1346, 0.0
1347, 0.0
1348, 0.0
1349, 0.0
1350, 0.0
1351, 0.0
1352, 0.0
1353, 0.0
1354, 0.0
1355, 0.0
1356, 0.0
1357, 0.0
1358, 0.0
1359, 0.0
1360, 0.0
1361, 0.0
1362, 0.0
1363, 0.0
1364, 0.0
1365, 0.0
1366, 0.0
1367, 0.0
1368, 0.0
1369, 0.0
1370, 0.0
1371, 0.0
1372, 0.0
1373, 0.0
1374, 0.0
1375, 0.0
1376, 0.0
1377, 0.0
1378, 0.0
1379, 0.0
1380, 0.0
1381, 0.0
1382, 0.0
1383, 0.0
1384, 0.0
1385, 0.0
1386, 0.0
1387, 0.0
1388, 0.0
1389, 0.0
1390, 0.0
1391, 0.0
1392, 0.0
1393, 0.0
1394, 0.0
1395, 0.0
1396, 0.0
1397, 0.0
1398, 0.0
1399, 0.0
1400, 0.0
1401, 0.0
1402, 0.0
1403, 0.0
1404, 0.0
1405, 0.0
1406, 0.0
1407, 0.0
1408, 0.0
1409, 0.0
1410, 0.0
1411, 0.0
1412, 0.0
1413, 0.0
1414, 0.0
1415, 0.0
1416, 0.0
1417, 0.0
1418, 0.0
1419, 0.0
1420, 0.0
1421, 0.0
1422, 0.0
1423, 0.0
1424, 0.0
1425, 0.0
1426, 0.0
1427, 0.0
1428, 0.0
1429, 0.0
1430, 0.0
1431, 0.0
1432, 0.0
1433, 0.0
1434, 0.0
1435, 0.0
1436, 0.0
1437, 0.0
1438, 0.0
1439, 0.0
1440, 0.0
1441, 0.0
1442, 0.0
1443, 0.0
1444, 0.0
1445, 0.0
1446, 0.0
1447, 0.0
1448, 0.0
1449, 0.0
1450, 0.0
1451, 0.0
1452, 0.0
1453, 0.0
1454, 0.0
1455, 0.0
1456, 0.0
1457, 0.0
1458, 0.0
1459, 0.0
1460, 0.0
1461, 0.0
1462, 0.0
1463, 0.0
1464, 0.0
1465, 0.0
1466, 0.0
1467, 0.0
1468, 0.0
1469, 0.0
1470, 0.0
1471, 0.0
1472, 0.0
1473, 0.0
1474, 0.0
1475, 0.0
1476, 0.0
1477, 0.0
1478, 0.0
1479, 0.0
1480, 0.0
1481, 0.0
1482, 0.0
1483, 0.0
1484, 0.0
1485, 0.0
1486, 0.0
1487, 0.0
1488, 0.0
1489, 0.0
1490, 0.0
1491, 0.0
1492, 0.0
1493, 0.0
1494, 0.0
1495, 0.0
1496, 0.0
1497, 0.0
1498, 0.0
1499, 0.0
1500, 0.0
1501, 0.0
1502, 0.0
1503, 0.0
1504, 0.0
1505, 0.0
1506, 0.0
1507, 0.0
1508, 0.0
1509, 0.0
1510, 0.0
1511, 0.0
1512, 0.0
1513, 0.0
1514, 0.0
1515, 0.0
1516, 0.0
1517, 0.0
1518, 0.0
1519, 0.0
1520, 0.0
1521, 0.0
1522, 0.0
1523, 0.0
1524, 0.0
1525, 0.0
1526, 0.0
1527, 0.0
1528, 0.0
1529, 0.0
1530, 0.0
1531, 0.0
1532, 0.0
1533, 0.0
1534, 0.0
1535, 0.0
1536, 0.0
1537, 0.0
1538, 0.0
1539, 0.0
1540, 0.0
1541, 0.0
1542, 0.0
1543, 0.0
1544, 0.0
1545, 0.0
1546, 0.0
1547, 0.0
1548, 0.0
1549, 0.0
1550, 0.0
1551, 0.0
1552, 0.0
1553, 0.0
1554, 0.0
1555, 0.0
1556, 0.0
1557, 0.0
1558, 0.0
1559, 0.0
1560, 0.0
1561, 0.0
1562, 0.0
1563, 0.0
1564, 0.0
1565, 0.0
1566, 0.0
1567, 0.0
1568, 0.0
1569, 0.0
1570, 0.0
1571, 0.0
1572, 0.0
1573, 0.0
1574, 0.0
1575, 0.0
1576, 0.0
1577, 0.0
1578, 0.0
1579, 0.0
1580, 0.0
1581, 0.0
1582, 0.0
1583, 0.0
1584, 0.0
1585, 0.0
1586, 0.0
1587, 0.0
1588, 0.0
1589, 0.0
1590, 0.0
1591, 0.0
1592, 0.0
1593, 0.0
1594, 0.0
1595, 0.0
1596, 0.0
1597, 0.0
1598, 0.0
1599, 0.0
