30, 0.0
31, 0.0
32, 0.0
33, 0.0
34, 0.0
35, 0.0
36, 0.0
37, 0.0
38, 0.0
39, 0.0
40, 0.0
41, 0.0
42, 0.0
43, 0.0
44, 0.0
45, 0.0
46, 0.0
47, 0.0
48, 0.0
49, 0.0
50, 0.0
51, 0.0
52, 0.0
53, 0.0
54, 0.0
55, 0.0
56, 0.0
57, 0.0
58, 0.0
59, 0.0
60, 0.0
61, 0.0
62, 0.0
63, 0.0
64, 0.0
65, 0.0
66, 0.0
67, 0.0
68, 0.0
69, 0.0
70, 0.0
71, 0.0
72, 0.0
73, 0.0
74, 0.0
75, 0.0
76, 0.0
77, 0.0
78, 0.0
79, 0.0
80, 0.0
81, 0.0
82, 0.0
83, 0.0
84, 0.0
85, 0.0
86, 0.0
87, 0.0
88, 0.0
89, 0.0
90.0, 0.00019852573749406561
91.0, 0.001088775681413646
92.0, 0.0002741487521880492
93.0, 0.0014417608015449093
94.0, 0.0019977038418615358
95.0, 0.0017134992535531041
96.0, 0.002256306927920658
97.0, 0.0029622803220520424
98.0, 0.003517229243352987
99.0, 0.004545716712066545
100.0, 0.007570869263497783
101.0, 0.013992917057861046
102.0, 0.023230071533927178
103.0, 0.034118958718499307
104.0, 0.048319801052222
105.0, 0.054856792394218916
106.0, 0.053222955879119446
107.0, 0.07278027748450838
108.0, 0.04592365019354844
109.0, 0.031215624630568938
110.0, 0.027129104536646236
111.0, 0.030132489862185415
112.0, 0.03843382885754418
113.0, 0.04509857319428785
114.0, 0.045092700567698554
115.0, 0.04174625500952374
116.0, 0.037502359926691514
117.0, 0.03400766687390533
118.0, 0.03082688804423982
119.0, 0.02379741020536818
120.0, 0.02038989684666308
121.0, 0.017929894630761826
122.0, 0.013205661641163786
123.0, 0.008071707560183047
124.0, 0.006726720389276088
125.0, 0.0070455894876347526
126.0, 0.007319365098845765
127.0, 0.007339065781063011
128.0, 0.008566357211136702
129.0, 0.007808249026793597
130.0, 0.005420690405983391
131.0, 0.003823073771042132
132.0, 0.0037608579319735663
133.0, 0.004858506679031009
134.0, 0.005887462590514307
135.0, 0.006141704525661149
136.0, 0.007480773282668907
137.0, 0.007643886676042726
138.0, 0.005508814781643351
139.0, 0.004654481561432671
140.0, 0.001200000039126199
141.0, 0.0007630429060836814
142.0, 0.0008323400798923716
143.0, 0.0009238372260651057
144.0, 0.0026873196676453627
145.0, 0.00116987760315588
146.0, 0.001061359730195578
147.0, 0.0015777177182361864
148.0, 0.0031274361339190676
149.0, 0.005628599267726374
150.0, 0.004891819060920116
151.0, 0.0027001155875143587
152.0, 0.0016431961582330558
153.0, 0.0009809545369074083
154.0, 0.0004358781626055492
155.0, 0.0011881274168849783
156.0, 0.0013330098700936608
157.0, 0.0011551029666357422
158.0, 0.0008686157536820535
159.0, 0.0011272743367087119
160.0, 0.0026235707852004914
161.0, 0.004618992632474023
162.0, 0.006477363488983323
163.0, 0.007344252312647382
164.0, 0.007462870178008226
165.0, 0.007482346567663537
166.0, 0.008315533163478382
167.0, 0.008152045435511564
168.0, 0.008678916376310124
169.0, 0.008669307394505148
170.0, 0.007854226347203765
171.0, 0.006962355470845981
172.0, 0.00693530786832409
173.0, 0.0082726587447197
174.0, 0.00857769806167717
175.0, 0.00827758809280845
176.0, 0.008046652583381681
177.0, 0.006552332744635424
178.0, 0.008692475592345997
179.0, 0.009361959816473833
180.0, 0.008671265533543623
181.0, 0.007924431802842394
182.0, 0.008867920454823923
183.0, 0.008519963677200832
184.0, 0.00861887570572321
185.0, 0.008975995986185684
186.0, 0.009977907033758242
187.0, 0.011724636154178934
188.0, 0.01271696590679047
189.0, 0.013901171716941451
190.0, 0.014986181407984647
191.0, 0.015206824358938227
192.0, 0.0152486265292434
193.0, 0.017162957878027556
194.0, 0.01901606543490179
195.0, 0.017311317538523392
196.0, 0.019166195538619226
197.0, 0.022428485067991184
198.0, 0.023863835266082087
199.0, 0.028559751867743788
200.0, 0.028184745739318673
201.0, 0.02511168633249808
202.0, 0.020361705004502205
203.0, 0.015987102933666546
204.0, 0.014723303086141159
205.0, 0.015247382940092044
206.0, 0.014867845846251334
207.0, 0.015614169758114879
208.0, 0.016919057118709543
209.0, 0.017953903732218366
210.0, 0.019757814976921157
211.0, 0.021348694184195563
212.0, 0.021958009009657737
213.0, 0.020983101939274808
214.0, 0.020044225159440186
215.0, 0.02189238055403027
216.0, 0.02184033404571614
217.0, 0.022211569062060305
218.0, 0.022797808124203213
219.0, 0.0227481139071222
220.0, 0.02179377720330187
221.0, 0.021277202400542105
222.0, 0.02074850729672283
223.0, 0.020436590295514815
224.0, 0.021710803201100682
225.0, 0.022839226190432924
226.0, 0.02139601652799992
227.0, 0.023640580706637347
228.0, 0.025604724922074832
229.0, 0.0250844824014465
230.0, 0.025505806723915135
231.0, 0.02821128894067733
232.0, 0.02990066256786677
233.0, 0.032952880504166344
234.0, 0.03550311898767916
235.0, 0.038623545581728265
236.0, 0.04180399277507103
237.0, 0.04476856014649687
238.0, 0.0507376066557171
239.0, 0.05640144674320795
240.0, 0.06604184253244587
241.0, 0.07536764812182593
242.0, 0.08126770987612297
243.0, 0.08309029961638194
244.0, 0.08234590436328454
245.0, 0.08582580213250657
246.0, 0.0934713545915341
247.0, 0.10439719799922512
248.0, 0.1179190090374024
249.0, 0.13439196737959114
250.0, 0.15734003924309106
251.0, 0.17283551040669065
252.0, 0.18044125267649747
253.0, 0.1779152773320148
254.0, 0.16342694644861466
255.0, 0.13996335999071233
256.0, 0.128182813850361
257.0, 0.10874705025418778
258.0, 0.08335909813947155
259.0, 0.059312023897947125
260.0, 0.045458378435744684
261.0, 0.037933221768129806
262.0, 0.03640295217466419
263.0, 0.035542636456558765
264.0, 0.03557020300422173
265.0, 0.03734907419569358
266.0, 0.040067254747739735
267.0, 0.0444231555973144
268.0, 0.05027617040653461
269.0, 0.05733567333437914
270.0, 0.06668935069211468
271.0, 0.07823357157910635
272.0, 0.08499013231109825
273.0, 0.09637375697567775
274.0, 0.09836302973922909
275.0, 0.0969967329557066
276.0, 0.09685422516258624
277.0, 0.09885959226750451
278.0, 0.10151320857767067
279.0, 0.10917001334321681
280.0, 0.11854985269478786
281.0, 0.13022992490625857
282.0, 0.14225083463828037
283.0, 0.14863076555352153
284.0, 0.1532165392898715
285.0, 0.14602132126595743
286.0, 0.13330439585047688
287.0, 0.11669979174276904
288.0, 0.0977740211560399
289.0, 0.08164563944730813
290.0, 0.06575601204401295
291.0, 0.055988150174806614
292.0, 0.04791078601693543
293.0, 0.04044621009852847
294.0, 0.03470508143721923
295.0, 0.031445148241439264
296.0, 0.027804188747821472
297.0, 0.02661229495425592
298.0, 0.026122163794044816
299.0, 0.024861105889506935
300.0, 0.022509454403950677
301.0, 0.021396428683491873
302.0, 0.019671942816717518
303.0, 0.02589261316293799
304.0, 0.029101780458419678
305.0, 0.0259867734296563
306.0, 0.026209419068560173
307.0, 0.02577851234976039
308.0, 0.022848270493477138
309.0, 0.022633093739655382
310.0, 0.02368911890994867
311.0, 0.02421163941695512
312.0, 0.02506713225475686
313.0, 0.024480650452785142
314.0, 0.024170161719107828
315.0, 0.024716765022142418
316.0, 0.026070212232481717
317.0, 0.027493240987749676
318.0, 0.02737527452543432
319.0, 0.029379786419007944
320.0, 0.031135860869744608
321.0, 0.033167975635480816
322.0, 0.034715694388637745
323.0, 0.035191546630499775
324.0, 0.03672379990212919
325.0, 0.039171648126993815
326.0, 0.03983369840280116
327.0, 0.04046802268599061
328.0, 0.04142562306328091
329.0, 0.04283170976590753
330.0, 0.04898570260523762
331.0, 0.056327309137973715
332.0, 0.061801050544123264
333.0, 0.0658490417751957
334.0, 0.06783061038534613
335.0, 0.06649510830792699
336.0, 0.06326389291102161
337.0, 0.053793365734529815
338.0, 0.04241262085824105
339.0, 0.03324091023991176
340.0, 0.026626801359022595
341.0, 0.020148304113730465
342.0, 0.018714827763924437
343.0, 0.016601215437077117
344.0, 0.01664065118265695
345.0, 0.017066246270747955
346.0, 0.017774236167306164
347.0, 0.020461599416551127
348.0, 0.018490939433470677
349.0, 0.015693472983800468
350.0, 0.011422904672413496
351.0, 0.00707536754712977
352.0, 0.0035741594644704226
353.0, 0.0008487985832697063
354.0, 0.001086206910240379
355.0, 0.0019752372969305976
356.0, 0.001996081595822202
357.0, 0.0023626550173213197
358.0, 0.002788182814913089
359.0, 0.0008533929236231448
360.0, 0.0012356646338308125
361.0, 0.002261855061873785
362.0, 0.0013176620971915723
363.0, 0.0009627084413944486
364.0, 0.0022411772373345518
365.0, 0.00249740262869062
366.0, 0.000719978362256541
367.0, 0.0015800085819144812
368.0, 0.0015565325882793927
369.0, 0.0010466173503380443
370.0, 0.0007007015695660121
371.0, 0.0002111327385547808
372.0, 0.0004086693176439633
373.0, 0.0019490015578255777
374.0, 0.0013300784998932394
375.0, 0.0004012513840474962
376.0, 0.0008741136490245637
377.0, 0.0021034922299770667
378.0, 0.00036175604053126863
379.0, 0.00033843875001072615
380.0, 0.0009306737920952523
381.0, 0.0012761299390120948
382.0, 0.0015724324325084916
383.0, 0.0031476168931914967
384.0, 0.006340355818367655
385.0, 0.00687076696953266
386.0, 0.00863839903405521
387.0, 0.010571300636555007
388.0, 0.011580772632159701
389.0, 0.011986140299246875
390.0, 0.013077464215565817
391.0, 0.012535210443859227
392.0, 0.01188571048599388
393.0, 0.011152887843307377
394.0, 0.011193774705702679
395.0, 0.013241036056744211
396.0, 0.014056349018223146
397.0, 0.015210887611189957
398.0, 0.014298884086547515
399.0, 0.01355049916147182
400.0, 0.014136395548408927
401.0, 0.014932071025826167
402.0, 0.011681533705353861
403.0, 0.009505235296308864
404.0, 0.007890948415180248
405.0, 0.007072389246639466
406.0, 0.00671118535626225
407.0, 0.006087059196807934
408.0, 0.004861817851001405
409.0, 0.008102919276470956
410.0, 0.007697995091208845
411.0, 0.006873353120014505
412.0, 0.006482427103861363
413.0, 0.006369624183069231
414.0, 0.009491296878280655
415.0, 0.008571986677972578
416.0, 0.008830457382576254
417.0, 0.008902032496277459
418.0, 0.008318068958080535
419.0, 0.007480449200476529
420.0, 0.00729701715632744
421.0, 0.0035345549394041305
422.0, 0.003554314555765527
423.0, 0.002012278800092312
424.0, 0.000739340780269581
425.0, 0.001686972222402674
426.0, 0.0023511903158071334
427.0, 0.0005068843659603992
428.0, 0.0017565486146125394
429.0, 0.002541852366114486
430.0, 0.002373733322242959
431.0, 0.0017753045884653998
432.0, 0.001397725198252892
433.0, 0.0013543845369261211
434.0, 0.0005680330080593524
435.0, 0.0009121230017649074
436.0, 0.0010336859383915293
437.0, 0.0005234010140702046
438.0, 0.00040091064444472445
439.0, 0.0018750205871500675
440.0, 0.0016302130369983852
441.0, 0.001591472015659134
442.0, 0.001204994140677906
443.0, 0.0009082072577453528
444.0, 0.0012578911171380771
445.0, 0.0010281935748967768
446.0, 0.0010581116389798777
447.0, 0.00080076976712477
448.0, 0.0013028055039875823
449.0, 0.0017609495952321597
450.0, 0.0012419331441977642
451.0, 0.00021101827319852299
452.0, 0.0009394635804651581
453.0, 0.0018590995869234683
454.0, 0.002474341464593767
455.0, 0.0035791346683845637
456.0, 0.005118573262217349
457.0, 0.005783125696154174
458.0, 0.0052906565386503564
459.0, 0.00687239602200621
460.0, 0.007412642459691029
461.0, 0.007496983193965895
462.0, 0.00792652959727712
463.0, 0.008917743400320798
464.0, 0.009672527271287768
465.0, 0.010398382756584541
466.0, 0.012536641727110068
467.0, 0.014119993325765764
468.0, 0.015480056689395522
469.0, 0.017452006711491937
470.0, 0.019361738500557238
471.0, 0.019681979134586698
472.0, 0.023107731092872553
473.0, 0.025052605124758084
474.0, 0.026918915314473046
475.0, 0.02907306769561313
476.0, 0.029603519408091375
477.0, 0.03260115678170794
478.0, 0.03506776479980803
479.0, 0.03681243409433706
480.0, 0.03725878855088555
481.0, 0.03700333026280538
482.0, 0.03730810628964035
483.0, 0.038807089663701326
484.0, 0.037107221075235924
485.0, 0.040279290715150996
486.0, 0.04180151000358626
487.0, 0.044679768526818944
488.0, 0.050643918726063414
489.0, 0.05408547457086544
490.0, 0.058420704175496045
491.0, 0.062118030764940435
492.0, 0.0661675166152488
493.0, 0.06910854722988993
494.0, 0.07174090186633336
495.0, 0.07606883282866751
496.0, 0.07977384889683654
497.0, 0.08662550686503977
498.0, 0.09430491554473037
499.0, 0.1025080162986136
500.0, 0.1073549221522324
501.0, 0.1057039394828142
502.0, 0.09918117370137623
503.0, 0.0942423145957337
504.0, 0.08314798374662281
505.0, 0.07435698611594517
506.0, 0.06719655872811182
507.0, 0.061371334713684444
508.0, 0.058462670352196024
509.0, 0.05842319331169345
510.0, 0.05802167224420568
511.0, 0.05649663517767503
512.0, 0.058581022949259945
513.0, 0.06153903571032407
514.0, 0.06269789205036747
515.0, 0.06615691434731814
516.0, 0.07201445695815581
517.0, 0.07832645639211716
518.0, 0.08611887736660583
519.0, 0.0967323852948952
520.0, 0.10919030689821253
521.0, 0.1209638598472321
522.0, 0.1315287083757347
523.0, 0.14439526922329324
524.0, 0.15615822903913373
525.0, 0.16824475345933626
526.0, 0.18196624482072832
527.0, 0.1997814471398912
528.0, 0.22470440900746533
529.0, 0.24846673250510576
530.0, 0.2662838311489546
531.0, 0.2733831364653134
532.0, 0.2694190965701163
533.0, 0.25646285916392075
534.0, 0.23746701415272858
535.0, 0.2146568155701505
536.0, 0.1959640231343088
537.0, 0.18040194706142398
538.0, 0.17284011776305264
539.0, 0.1735912595650683
540.0, 0.18159982694868923
541.0, 0.19650410915003905
542.0, 0.21999282242697318
543.0, 0.25363880937689476
544.0, 0.2931351379636346
545.0, 0.3297787233226862
546.0, 0.36331093315349156
547.0, 0.39706876219292686
548.0, 0.43254850984644805
549.0, 0.4865432170149937
550.0, 0.5780079218837499
551.0, 0.6937767438188209
552.0, 0.823048035610645
553.0, 0.9369168342821437
554.0, 0.9954440433300322
555.0, 0.9696524205564304
556.0, 0.8458768669777333
557.0, 0.6812380593122817
558.0, 0.5224536343469998
559.0, 0.3863377957475583
560.0, 0.2797796099001506
561.0, 0.20707868963230325
562.0, 0.15848348337346327
563.0, 0.126199054492737
564.0, 0.10367347198786801
565.0, 0.0866934768399589
566.0, 0.07408405588211747
567.0, 0.0647821316537954
568.0, 0.056144503000263905
569.0, 0.05122012927774464
570.0, 0.04524630507995958
571.0, 0.042070795567228904
572.0, 0.03977673980240807
573.0, 0.03724149343972345
574.0, 0.03553531989379921
575.0, 0.03740620335302105
576.0, 0.037131272106713485
577.0, 0.03682528791224309
578.0, 0.040003995762914184
579.0, 0.04639954262630349
580.0, 0.05461720427563939
581.0, 0.06508308830888765
582.0, 0.08349230838984215
583.0, 0.11832044081682319
584.0, 0.166985480423726
585.0, 0.2348327694862353
586.0, 0.3073459822669615
587.0, 0.3597546539485042
588.0, 0.3723604925678781
589.0, 0.3548709257267932
590.0, 0.3450328356108985
591.0, 0.36461234530753556
592.0, 0.4184144805988466
593.0, 0.5148167059230516
594.0, 0.6430202190160679
595.0, 0.7651049718140676
596.0, 0.8272137752394785
597.0, 0.7639993220232799
598.0, 0.6372267634149408
599.0, 0.48154371299309695
600.0, 0.33637539274420875
601.0, 0.22934788196511424
602.0, 0.16418316237092556
603.0, 0.12155578331307049
604.0, 0.09593256690278507
605.0, 0.07869265273847846
606.0, 0.0658235841995133
607.0, 0.057521840704054666
608.0, 0.05208086529940012
609.0, 0.04385894965247601
610.0, 0.03830410036572365
611.0, 0.03538378527874162
612.0, 0.031537836113585925
613.0, 0.02667209788920925
614.0, 0.0228447254866614
615.0, 0.02068137804941965
616.0, 0.017903954838687116
617.0, 0.017712034622464533
618.0, 0.015052595433744844
619.0, 0.014301452224820597
620.0, 0.01313595187130304
621.0, 0.010779104821862845
622.0, 0.008439330465789794
623.0, 0.00804089472654146
624.0, 0.009187384951212267
625.0, 0.007317386454563873
626.0, 0.005893631387192612
627.0, 0.005469416865453791
628.0, 0.0050509817973013365
629.0, 0.004101720701267585
630.0, 0.003733265916898795
631.0, 0.00449506491557143
632.0, 0.0031267025231681233
633.0, 0.0036997680252480337
634.0, 0.002241651433204876
635.0, 0.0012691273564890081
636.0, 0.002027709822776739
637.0, 0.00017808338521153918
638.0, 0.0004100871878546039
639.0, 0.0005974208822423467
640.0, 0.0005739042529405664
641.0, 0.0004966285785712772
642.0, 0.0004142296642799829
643.0, 0.0004322197905403552
644.0, 0.0007382272035935158
645.0, 0.00119825863351246
646.0, 0.0011082831286879443
647.0, 0.00196239000485012
648.0, 0.0012226969096781717
649.0, 0.0004546107872270442
650.0, 0.0008277985351441
651.0, 0.001158266289498217
652.0, 0.0008375240852321159
653.0, 0.001268095109792712
654.0, 0.0010369164092407788
655.0, 0.0008987093770794404
656.0, 0.001451335412768667
657.0, 0.0016155540700154025
658.0, 0.0004963964138135362
659.0, 0.00201774034196765
660.0, 0.004354543602462866
661.0, 0.005141517195831642
662.0, 0.005288882178805079
663.0, 0.005514964470231297
664.0, 0.005897299512035959
665.0, 0.006137667589996063
666.0, 0.0062596942407085136
667.0, 0.0072716438000001195
668.0, 0.006951909307149953
669.0, 0.007936343012031215
670.0, 0.008958691151158719
671.0, 0.008972282147332518
672.0, 0.007778773753683631
673.0, 0.005793900043278553
674.0, 0.0047717974083792605
675.0, 0.0027038639094403394
676.0, 0.0019233104045924515
677.0, 0.004563678449198213
678.0, 0.0048075449107527245
679.0, 0.002132691299104272
680.0, 0.004490134508578548
681.0, 0.005792395236421551
682.0, 0.005960597315924252
683.0, 0.0023017960461364124
684.0, 0.0017865311078268315
685.0, 0.00206700232521442
686.0, 0.001129888511232753
687.0, 0.0006120376358101604
688.0, 0.0020506944750786804
689.0, 0.0007521607486119855
690.0, 0.0010784963839887978
691.0, 0.001294992074467999
692.0, 0.0021178693432308453
693.0, 0.0030863932146334427
694.0, 0.0037742174955021158
695.0, 0.005329691813280042
696.0, 0.0049231971854123
697.0, 0.006078827641200043
698.0, 0.007711128467037057
699.0, 0.008027846524158284
700.0, 0.0077611146941232645
701.0, 0.00844119644791558
702.0, 0.010623194592481454
703.0, 0.013389727278770091
704.0, 0.014686383045809532
705.0, 0.01674052945377086
706.0, 0.017231323950019427
707.0, 0.018097036019882606
708.0, 0.02040975628419701
709.0, 0.023342197735927203
710.0, 0.025972632996668056
711.0, 0.03010939882517662
712.0, 0.03378255235672118
713.0, 0.03835552113204924
714.0, 0.04301511578069198
715.0, 0.0472053438288652
716.0, 0.051297180808817566
717.0, 0.056904745291048414
718.0, 0.06717360703926842
719.0, 0.0718510002007324
720.0, 0.08113698408870004
721.0, 0.09192589020367548
722.0, 0.10235041048206611
723.0, 0.11133696801786315
724.0, 0.12011118292792838
725.0, 0.13288429059328472
726.0, 0.14553222656885317
727.0, 0.15502694084731536
728.0, 0.1634418608469152
729.0, 0.17110138077398968
730.0, 0.1774783568401758
731.0, 0.18200304851289417
732.0, 0.18543933876517804
733.0, 0.19147952563493414
734.0, 0.19511706112372704
735.0, 0.19477991054376206
736.0, 0.1932774930575952
737.0, 0.18826338567365594
738.0, 0.1791170348709678
739.0, 0.16821060444542754
740.0, 0.15845088322358705
741.0, 0.14686145893639518
742.0, 0.13684404180566861
743.0, 0.12859129496122068
744.0, 0.12124487426982995
745.0, 0.11112637061598016
746.0, 0.09959518600830486
747.0, 0.09039683511871581
748.0, 0.08041537966419884
749.0, 0.07364506778608257
750.0, 0.06314475671881004
751.0, 0.05635699827561599
752.0, 0.04962091328576541
753.0, 0.043894661264871654
754.0, 0.03968884111442804
755.0, 0.03417632044230788
756.0, 0.02716221664918088
757.0, 0.024345635551755073
758.0, 0.022005406067757936
759.0, 0.02085821683156474
760.0, 0.018966385395715123
761.0, 0.01677353135396682
762.0, 0.015210408288045155
763.0, 0.01349131088653173
764.0, 0.011988234122502758
765.0, 0.012446014703586116
766.0, 0.011962055676464587
767.0, 0.010006319773647701
768.0, 0.007321857343425309
769.0, 0.006417364112370538
770.0, 0.0076576729528982646
771.0, 0.006787367478194539
772.0, 0.0044064242638062355
773.0, 0.005072422521856125
774.0, 0.0032101044839461666
775.0, 0.002594271344844858
776.0, 0.0019910912467193806
777.0, 0.0016787259135204967
778.0, 0.002593164594446863
779.0, 0.0021344621266900523
780.0, 0.0018297160123819246
781.0, 0.0005198922416746657
782.0, 0.0012631603208608365
783.0, 0.002504889413210406
784.0, 0.0020341816238134453
785.0, 0.0006445145574970124
786.0, 0.00037560974352885437
787.0, 0.000406729354702629
788.0, 0.0036855129110708526
789.0, 0.0017754858213960834
790.0, 0.0019196382344109347
791.0, 0.0012841714926368443
792.0, 0.000911689250080017
793.0, 0.0014054518349747084
794.0, 0.0018518040353258506
795.0, 0.0024562970798324025
796.0, 0.0017466315274156622
797.0, 0.0023256070936726126
798.0, 0.0018532329598937524
799.0, 0.0019050562982012341
800.0, 0.0017374194492034173
801.0, 0.0013082853991304624
802.0, 0.0012839494846848829
803.0, 0.00079246058442089
804.0, 0.001355607469715647
805.0, 0.001968673425781371
806.0, 0.00186762245981181
807.0, 0.0010490460058898681
808.0, 0.0003102890931714562
809.0, 0.0002484635788283956
810.0, 0.000825866956532993
811.0, 0.0013947214391852479
812.0, 9.078328102446909e-05
813.0, 0.00020391427650123367
814.0, 0.0003681893199696516
815.0, 0.0010492229352593177
816.0, 0.0011371079628096751
817.0, 0.0014687014408789917
818.0, 0.002805863750186921
819.0, 0.003001795806625587
820.0, 0.002792927489674376
821.0, 0.0037739448762120343
822.0, 0.005012273288994297
823.0, 0.005195996296330784
824.0, 0.005315346082900026
825.0, 0.0063025585510754845
826.0, 0.008127294532932877
827.0, 0.009660594679711471
828.0, 0.008598015988674965
829.0, 0.011790088509041431
830.0, 0.012990547957282427
831.0, 0.014790484137073553
832.0, 0.017808622262229137
833.0, 0.019683524225466556
834.0, 0.019662023188751137
835.0, 0.020312541132393058
836.0, 0.022997833503359134
837.0, 0.02704569952047061
838.0, 0.02781625478664038
839.0, 0.03184990338881689
840.0, 0.03373384540440042
841.0, 0.0358532808462109
842.0, 0.03899276894697122
843.0, 0.0405263964212224
844.0, 0.0416631948883138
845.0, 0.043000827086312934
846.0, 0.04757525161187318
847.0, 0.048955697363228835
848.0, 0.05217624087993207
849.0, 0.055075096838103646
850.0, 0.0571732359704135
851.0, 0.06054053833224488
852.0, 0.06591534173482559
853.0, 0.07129772629270288
854.0, 0.07847259309301367
855.0, 0.08015843157594849
856.0, 0.08540879064661112
857.0, 0.0901533237418151
858.0, 0.09508899845097546
859.0, 0.10151608209558989
860.0, 0.10856560898478095
861.0, 0.11758510277158693
862.0, 0.12549066432671768
863.0, 0.13362547631546648
864.0, 0.14906205089578206
865.0, 0.16061139965749535
866.0, 0.17139374027421897
867.0, 0.1869579544801534
868.0, 0.20785783884744893
869.0, 0.23034047558328768
870.0, 0.2519645899812668
871.0, 0.28070417772542694
872.0, 0.30250982400147103
873.0, 0.32946378142833527
874.0, 0.35776247884709056
875.0, 0.385491507233792
876.0, 0.41078220537188903
877.0, 0.4332692830398933
878.0, 0.457691000934341
879.0, 0.4690815641886923
880.0, 0.4698001035610109
881.0, 0.46165235164147733
882.0, 0.44534710336753447
883.0, 0.41997947756387866
884.0, 0.3874351507991839
885.0, 0.3520959091487126
886.0, 0.31654557952465096
887.0, 0.2777205066563763
888.0, 0.24719829022237594
889.0, 0.21581721669476142
890.0, 0.18489024848393928
891.0, 0.16192126367109141
892.0, 0.14230459437495152
893.0, 0.12462085425007863
894.0, 0.10976111011945226
895.0, 0.09448418282145019
896.0, 0.0833572524112342
897.0, 0.07484177943033885
898.0, 0.06831287419090419
899.0, 0.0632336930496639
900.0, 0.05780136661604157
901.0, 0.052306949369924347
902.0, 0.04741234970075225
903.0, 0.043193964092433076
904.0, 0.03964688553649093
905.0, 0.036376657183844
906.0, 0.03503497505108473
907.0, 0.033219741944439406
908.0, 0.03297351119914254
909.0, 0.03165357679850352
910.0, 0.029082362296483765
911.0, 0.026630665508333654
912.0, 0.02552181460016123
913.0, 0.026493252169034257
914.0, 0.02829002446675944
915.0, 0.02513007659679885
916.0, 0.025213676331640792
917.0, 0.02303223716411
918.0, 0.02225198630311051
919.0, 0.020468812688470336
920.0, 0.018185704203356783
921.0, 0.018696949858244178
922.0, 0.01727340990650987
923.0, 0.014993565572100206
924.0, 0.014950716729233166
925.0, 0.012547801620888333
926.0, 0.0119925956766365
927.0, 0.010557565551867917
928.0, 0.00993390556111325
929.0, 0.01004309233378759
930.0, 0.008347295361636795
931.0, 0.006742302956540538
932.0, 0.006240818610478592
933.0, 0.0066170060760498564
934.0, 0.0063916117904731975
935.0, 0.005696117033554428
936.0, 0.004962004201233716
937.0, 0.004611762315355
938.0, 0.004186044256143738
939.0, 0.0036641566311980756
940.0, 0.00432947567432614
941.0, 0.003770045208833903
942.0, 0.0034826968867775676
943.0, 0.0038145938736044924
944.0, 0.00243892386568166
945.0, 0.0029025289726857784
946.0, 0.004212166845256901
947.0, 0.004289583493288254
948.0, 0.00320736027747734
949.0, 0.002713163948770879
950.0, 0.0034329486684560226
951.0, 0.0028037604460571853
952.0, 0.002517543657589186
953.0, 0.0030072174786074284
954.0, 0.005084007380348774
955.0, 0.00516474765658612
956.0, 0.004789194531806914
957.0, 0.0061799146030855606
958.0, 0.006890648202673713
959.0, 0.005731245927957067
960.0, 0.008734839483187477
961.0, 0.007922306448161512
962.0, 0.008876150502909961
963.0, 0.009068157754577965
964.0, 0.01126185991012808
965.0, 0.012746964086074031
966.0, 0.012672140016503837
967.0, 0.012599588786928701
968.0, 0.010605547483883006
969.0, 0.012808240713883975
970.0, 0.010706434867951305
971.0, 0.008509838100640533
972.0, 0.009988329496407001
973.0, 0.009074812370021716
974.0, 0.007716468123108378
975.0, 0.007692600513540571
976.0, 0.008093568541115533
977.0, 0.008028499292848205
978.0, 0.007054244815404546
979.0, 0.00666789157525697
980.0, 0.007492739296492864
981.0, 0.006832809753602664
982.0, 0.006494880542050106
983.0, 0.006136656054339903
984.0, 0.005567877679214892
985.0, 0.005897545112091062
986.0, 0.006887717769466271
987.0, 0.006041046396719834
988.0, 0.006663644995204667
989.0, 0.005705648700365751
990.0, 0.007053314832860039
991.0, 0.007876883783500765
992.0, 0.006981675021614214
993.0, 0.00799367215975301
994.0, 0.007486672766382101
995.0, 0.005356998684143612
996.0, 0.00666455010416399
997.0, 0.007371494716825773
998.0, 0.006573641151969065
999.0, 0.005639145910807951
1000.0, 0.007643431299710141
1001.0, 0.0066161197357278954
1002.0, 0.0054456687532238
1003.0, 0.0059006170207535425
1004.0, 0.007510735704496421
1005.0, 0.007293242233747098
1006.0, 0.004783889519519814
1007.0, 0.0072313546795887175
1008.0, 0.004935508394298088
1009.0, 0.0034794354835380142
1010.0, 0.004341157318236708
1011.0, 0.005347195069475607
1012.0, 0.00687799624823965
1013.0, 0.00675625573840423
1014.0, 0.005576291668074345
1015.0, 0.005277191319012299
1016.0, 0.005336710985258876
1017.0, 0.0049386435181088435
1018.0, 0.006207860985249707
1019.0, 0.0050912757197937655
1020.0, 0.0048977011037377
1021.0, 0.004805150209768281
1022.0, 0.006697201553496419
1023.0, 0.008236838940597284
1024.0, 0.00720713247010687
1025.0, 0.005904528506022138
1026.0, 0.006809528474140833
1027.0, 0.005086269367378071
1028.0, 0.005837701858880538
1029.0, 0.006381088065436817
1030.0, 0.006179289541965042
1031.0, 0.008060091959439407
1032.0, 0.007882224182876086
1033.0, 0.0069065447316599676
1034.0, 0.007298370639665684
1035.0, 0.008297031186086498
1036.0, 0.007948246426309466
1037.0, 0.007054352012180916
1038.0, 0.007715131417226883
1039.0, 0.010505869227336932
1040.0, 0.009653937039892396
1041.0, 0.01101304140025629
1042.0, 0.010089329359574612
1043.0, 0.009796570239473617
1044.0, 0.00979348904422861
1045.0, 0.00926188815037212
1046.0, 0.009388510772754242
1047.0, 0.009744167823626354
1048.0, 0.010010733883061132
1049.0, 0.01028827093339794
1050.0, 0.010226603211030744
1051.0, 0.010365209191726517
1052.0, 0.010238353359700537
1053.0, 0.010956965112637725
1054.0, 0.011131622412932288
1055.0, 0.010900599664071005
1056.0, 0.01161679629162982
1057.0, 0.012717843212125875
1058.0, 0.012916163099156644
1059.0, 0.012614393099869886
1060.0, 0.010720447985001345
1061.0, 0.012006686759574803
1062.0, 0.012095887863006544
1063.0, 0.011234177634739632
1064.0, 0.012358614056424426
1065.0, 0.013752371369835533
1066.0, 0.012601202396224523
1067.0, 0.011135001456601352
1068.0, 0.01337941575503302
1069.0, 0.013448388661333362
1070.0, 0.013430297512800024
1071.0, 0.01578148443839468
1072.0, 0.017539832287575965
1073.0, 0.01601659478956359
1074.0, 0.015972989300582996
1075.0, 0.017382055004377304
1076.0, 0.018038515978009963
1077.0, 0.017646849307671592
1078.0, 0.017137825885224202
1079.0, 0.01679913372118919
1080.0, 0.020357112413108128
1081.0, 0.023140570649046815
1082.0, 0.023756218531026316
1083.0, 0.024293573688732792
1084.0, 0.025448313177124628
1085.0, 0.029744617673174874
1086.0, 0.03177910867949522
1087.0, 0.03315551343491535
1088.0, 0.035560427358318464
1089.0, 0.03539177780340754
1090.0, 0.03849851938135062
1091.0, 0.03857948358173172
1092.0, 0.03676738632274284
1093.0, 0.03396213724748233
1094.0, 0.031073947974109253
1095.0, 0.029730396839276495
1096.0, 0.028751164681426127
1097.0, 0.026194869697747664
1098.0, 0.023028660119371398
1099.0, 0.020739662045065513
1100.0, 0.019353058159579887
1101.0, 0.01961241317984972
1102.0, 0.017913181072324754
1103.0, 0.015342930157677242
1104.0, 0.012079881270711306
1105.0, 0.01120717405775511
1106.0, 0.012139393713494403
1107.0, 0.010282815017695079
1108.0, 0.00988462937869223
1109.0, 0.00973628347981155
1110.0, 0.008038795091108629
1111.0, 0.00806905906176709
1112.0, 0.008510081376080763
1113.0, 0.00787015976300797
1114.0, 0.00876929316357059
1115.0, 0.005678928415154645
1116.0, 0.007004033095583638
1117.0, 0.006735947408545969
1118.0, 0.005979377852092475
1119.0, 0.006858612953161164
1120.0, 0.0074440721082762815
1121.0, 0.006050010812123421
1122.0, 0.004634954708478978
1123.0, 0.005306078473389117
1124.0, 0.005995516148673038
1125.0, 0.0036606422041720677
1126.0, 0.004095704618628712
1127.0, 0.003904284342226834
1128.0, 0.003640853626993256
1129.0, 0.0036766074110043197
1130.0, 0.00401520109702773
1131.0, 0.004817615010681875
1132.0, 0.004875856695503696
1133.0, 0.0034830079582506565
1134.0, 0.0017888090524422454
1135.0, 0.0009265943741914671
1136.0, 0.0023001280767757874
1137.0, 0.0005353670638579371
1138.0, 0.0015357105755871012
1139.0, 0.001435328968648812
1140.0, 0.0021847979410430855
1141.0, 0.0025886181879646425
1142.0, 0.002434356821584656
1143.0, 0.0021484326449312833
1144.0, 0.0018130645360913708
1145.0, 0.001575780661862836
1146.0, 0.0014458107111860407
1147.0, 0.0007572107221565208
1148.0, 0.002523984489374638
1149.0, 0.0025317334770516065
1150.0, 0.0020685047902161183
1151.0, 0.0018366426546457665
1152.0, 0.0015796772914698234
1153.0, 0.001266108056417933
1154.0, 0.000803918915536404
1155.0, 0.000760660828014814
1156.0, 0.0006411168768174078
1157.0, 0.00028440826372439165
1158.0, 0.0009762497521297411
1159.0, 0.0017327989176457608
1160.0, 0.0008540800911342348
1161.0, 0.0017604562349512176
1162.0, 0.0012272886718705813
1163.0, 0.001715944163441571
1164.0, 0.0015913307688404537
1165.0, 0.0009496776901703331
1166.0, 0.0009135693589072574
1167.0, 0.000682660010840435
1168.0, 0.0008308100466883226
1169.0, 0.0011992438680566964
1170.0, 0.0004625914560935366
1171.0, 0.0009994354653317468
1172.0, 0.00043428530381171685
1173.0, 0.0015896251693654183
1174.0, 0.0028114423492795076
1175.0, 0.0016748848601270962
1176.0, 0.0013941975798845774
1177.0, 0.0006107669358795589
1178.0, 0.0008189101533146259
1179.0, 0.0012858460758697937
1180.0, 0.0008944342772097168
1181.0, 0.0005005103668379065
1182.0, 0.0008849313079404267
1183.0, 0.0007972665884114219
1184.0, 0.0004305828929244492
1185.0, 0.0016321287594738766
1186.0, 0.0008796693012395344
1187.0, 0.002160389720723559
1188.0, 0.0016634762000079545
1189.0, 0.0012481646599752573
1190.0, 0.0006656019962970002
1191.0, 0.0011048218852102848
1192.0, 0.0018029208065733695
1193.0, 0.0015526866016847246
1194.0, 0.0006903786416858244
1195.0, 0.0005012859717184754
1196.0, 0.0014090924560185621
1197.0, 0.001413325402234725
1198.0, 0.0009045338544726707
1199.0, 0.0008149927335449512
1200.0, 0.0008091253336741007
1201.0, 0.0014610940843742875
1202.0, 0.0005058317336518693
1203.0, 0.00011913642775273424
1204.0, 0.0011743552177734707
1205.0, 0.0015916319290583477
1206.0, 0.0007830869684436316
1207.0, 0.00022436950445315642
1208.0, 0.00026311189280963835
1209.0, 0.00024014829125189107
1210.0, 0.0006918033124870579
1211.0, 0.0011353419396531819
1212.0, 0.0010461284248923465
1213.0, 0.0005637494735755785
1214.0, 0.002035147958638045
1215.0, 0.0009149152905323816
1216.0, 0.0006773780373729855
1217.0, 0.003057981372695741
1218.0, 0.002826584165796866
1219.0, 0.0007518442139018859
1220.0, 0.0010376906610502544
1221.0, 0.0018255008698971858
1222.0, 0.0008398301552132694
1223.0, 0.0006872518579349129
1224.0, 0.0011219410112449757
1225.0, 0.0010427972307678168
1226.0, 0.0014164587199016862
1227.0, 0.0017456428167736985
1228.0, 0.0012517774326147428
1229.0, 0.0009964923164372508
1230.0, 0.0005023805496813699
1231.0, 0.0005511430833871764
1232.0, 0.00048118174633464574
1233.0, 5.5528367941931617e-05
1234.0, 0.0004847496916421245
1235.0, 0.0011496667089527335
1236.0, 0.0004605179379091519
1237.0, 0.0014427254851129274
1238.0, 0.00035954033916133876
1239.0, 0.00010648197037055107
1240.0, 0.0014474771920016797
1241.0, 0.0007582738010414307
1242.0, 0.0011549396601222266
1243.0, 0.0006891585420449816
1244.0, 0.001061819328425898
1245.0, 0.0012955172254977966
1246.0, 0.0009689946297707372
1247.0, 0.0008884899328901844
1248.0, 0.0010411803061283276
1249.0, 0.001082032640781143
1250.0, 0.0009621994357161548
1251.0, 0.0015764791894913891
1252.0, 0.0007948540978299902
1253.0, 8.074419454193524e-05
1254.0, 0.0010377323676961211
1255.0, 0.0003626675883283769
1256.0, 0.00048585127056674786
1257.0, 0.0007332549182401905
1258.0, 0.0007395093473599505
1259.0, 0.0009175751752427772
1260.0, 0.0008329098993573151
1261.0, 0.0008194186884313811
1262.0, 0.0014459530312811678
1263.0, 0.0018970034771745234
1264.0, 0.0020679293917707404
1265.0, 0.002465195750999876
1266.0, 0.004260274702992617
1267.0, 0.0005937583181831322
1268.0, 0.002560273578274408
1269.0, 0.0017461094567372895
1270.0, 0.0010078763538801387
1271.0, 0.0019878761152715353
1272.0, 0.0016079806353674322
1273.0, 0.0014253620192769866
1274.0, 0.001914755749303809
1275.0, 0.001400301022303748
1276.0, 0.0004597149067804537
1277.0, 0.0009637107425235867
1278.0, 0.0019025854308314042
1279.0, 0.0017028260680691865
1280.0, 0.000772849236636933
1281.0, 0.001050027774766626
1282.0, 0.00039974311266359816
1283.0, 0.0003284178402043857
1284.0, 0.0002507037480657602
1285.0, 0.00012628074191282695
1286.0, 0.0002827931118509182
1287.0, 0.0006105901201248015
1288.0, 0.0007091264299099272
1289.0, 0.00038108450503364984
1290.0, 0.0010777891423011526
1291.0, 0.0016778751666500045
1292.0, 0.0008867080588164136
1293.0, 0.0013879858581055723
1294.0, 0.0016889845981160692
1295.0, 0.00132547030184501
1296.0, 0.0021424658619995113
1297.0, 0.0012427798233955066
1298.0, 0.0032921444250402334
1299.0, 0.0018917463831437252
1300.0, 0.000851804904457835
1301.0, 0.0008826608212034418
1302.0, 0.00040986211460545435
1303.0, 0.0012264306221202261
1304.0, 0.0013836669729405946
1305.0, 0.0007032500850587715
1306.0, 0.0005867261414521633
1307.0, 0.0005382973507684569
1308.0, 0.00037018505484917564
1309.0, 0.0007809237255791133
1310.0, 0.00039278631559757087
1311.0, 0.002255346409003633
1312.0, 0.0029636975390001405
1313.0, 0.001107843505957566
1314.0, 0.0015631892405564098
1315.0, 0.0007325753971387089
1316.0, 0.0010290475998644872
1317.0, 0.001313832413058183
1318.0, 0.0015391722248602995
1319.0, 0.0017372261548184358
1320.0, 0.002132809173027234
1321.0, 0.0023261083566610595
1322.0, 0.0019424531048846266
1323.0, 0.0018545142900128007
1324.0, 0.0024475182098382185
1325.0, 0.002421374253357618
1326.0, 0.0025145069622493415
1327.0, 0.0039053780037613867
1328.0, 0.004369272060785349
1329.0, 0.0038500293121900464
1330.0, 0.0021442276696170123
1331.0, 0.002298088113189282
1332.0, 0.0026233759527594463
1333.0, 0.001603171058766591
1334.0, 0.002017644055672652
1335.0, 0.00362072610233035
1336.0, 0.002566526453417602
1337.0, 0.001871263700364457
1338.0, 0.002251630019545419
1339.0, 0.002716931930347693
1340.0, 0.003451828567788727
1341.0, 0.003130817229997578
1342.0, 0.0031430218918084315
1343.0, 0.002904221485333929
1344.0, 0.0030830616015929298
1345.0, 0.00372846449573448
1346.0, 0.0040790275746720615
1347.0, 0.005008042864398311
1348.0, 0.0030024830382008906
1349.0, 0.004513562962605761
1350.0, 0.002647650172938126
1351.0, 0.002520006842256527
1352.0, 0.0031920171439527283
1353.0, 0.002849028317432903
1354.0, 0.0031498621378223024
1355.0, 0.00358769803623571
1356.0, 0.0032570279006056803
1357.0, 0.0030997188657343926
1358.0, 0.0029689195920942152
1359.0, 0.002242182758783878
1360.0, 0.0017328943308877842
1361.0, 0.0023474109590347447
1362.0, 0.004063211887157728
1363.0, 0.002123669806803925
1364.0, 0.0021552652663738054
1365.0, 0.0010874610258705788
1366.0, 0.0003197468071165055
1367.0, 0.0004889408754905083
1368.0, 0.0017164901132650648
1369.0, 0.0034417722935336298
1370.0, 0.003728016102791928
1371.0, 0.002594602762321883
1372.0, 0.0015752602168406069
1373.0, 0.0020877704182345647
1374.0, 0.0025022718822207005
1375.0, 0.002069216415684029
1376.0, 0.002147206440207053
1377.0, 0.0017354212843405817
1378.0, 0.0018432684657719773
1379.0, 0.00255512085419332
1380.0, 0.0011954090454291072
1381.0, 0.0030785045856464226
1382.0, 0.0017185258551986513
1383.0, 0.003599678385779806
1384.0, 0.00037372169196059476
1385.0, 0.0024995637477784475
1386.0, 0.002689434038086576
1387.0, 0.0012056414026273214
1388.0, 0.00222771417448394
1389.0, 0.002670601060033557
1390.0, 0.0017960427838734265
1391.0, 0.0026456699492573544
1392.0, 0.0023394070710910184
1393.0, 0.0008389462586109618
1394.0, 0.0013794385091529199
1395.0, 0.0020167003956843756
1396.0, 0.002023643864928945
1397.0, 0.002284271593443254
1398.0, 0.0024625741160284762
1399.0, 0.0025315075101849413
1400.0, 0.002501757950785247
1401.0, 0.0018224815864853862
1402.0, 0.002380563050020276
1403.0, 0.001855368663401395
1404.0, 0.0016881550296031888
1405.0, 0.0017984707727993193
1406.0, 0.0016263350506558845
1407.0, 0.001535393419505423
1408.0, 0.0014943411937288894
1409.0, 0.0029795856662435025
1410.0, 0.003427746475586459
1411.0, 0.002954720298939668
1412.0, 0.00309245880177654
1413.0, 0.003021805063960097
1414.0, 0.002334044167834268
1415.0, 0.0026109956531581587
1416.0, 0.002744412022298484
1417.0, 0.0008665234616287542
1418.0, 0.003236510714515195
1419.0, 0.003613997783492199
1420.0, 0.001364695164932789
1421.0, 0.0016409788115485243
1422.0, 0.0035569627600461045
1423.0, 0.0035508588366125245
1424.0, 0.0019009011994040085
1425.0, 0.00267934809737553
1426.0, 0.0008585650986240451
1427.0, 0.002344028051874375
1428.0, 0.000992568354713069
1429.0, 0.0009808785890092486
1430.0, 0.0014765073063615403
1431.0, 0.0017025814155903303
1432.0, 0.0025693481891120294
1433.0, 0.0016665296929057165
1434.0, 0.0018248016493750843
1435.0, 0.003078550234820186
1436.0, 0.0019109663731578252
1437.0, 0.0028733429791719185
1438.0, 0.004247024614405918
1439.0, 0.0033749010613863674
1440.0, 0.002227415566462413
1441.0, 0.0019976167364742442
1442.0, 0.0014277092737888368
1443.0, 0.0031714903487062157
1444.0, 0.003023668928705772
1445.0, 0.0047748960293133
1446.0, 0.001083981165199118
1447.0, 0.0029822632817440567
1448.0, 0.0022643149800673267
1449.0, 0.002486801766196146
1450.0, 0.0035623694657542586
1451.0, 0.004181421331155181
1452.0, 0.00454675175445572
1453.0, 0.004739271306411697
1454.0, 0.004819388763139945
1455.0, 0.00431600240956007
1456.0, 0.003996835054073197
1457.0, 0.00353468398074667
1458.0, 0.002112560142958019
1459.0, 0.0020609506720663967
1460.0, 0.0035614130944763797
1461.0, 0.0028826635195979156
1462.0, 0.0018317387665056837
1463.0, 0.002534412315323469
1464.0, 0.0022376541140707944
1465.0, 0.002730873866602662
1466.0, 0.0035746671483133942
1467.0, 0.004126326804347299
1468.0, 0.0050750412378466735
1469.0, 0.005600722045113983
1470.0, 0.005651709867064768
1471.0, 0.00556490569247418
1472.0, 0.004471299472521139
1473.0, 0.004717667719212869
1474.0, 0.004121277554498469
1475.0, 0.004025296779003909
1476.0, 0.00376437701767758
1477.0, 0.003248270376625753
1478.0, 0.0035463904776738024
1479.0, 0.0048910841918576335
1480.0, 0.0051799864394717786
1481.0, 0.004548984548635813
1482.0, 0.004219837777459254
1483.0, 0.0037140163293787926
1484.0, 0.0033026219413226587
1485.0, 0.0030365240040509667
1486.0, 0.0026425197380655135
1487.0, 0.003111827150219399
1488.0, 0.003100692883900614
1489.0, 0.0030720827143617293
1490.0, 0.003429483712785053
1491.0, 0.0018911079513997322
1492.0, 0.0016756998691193218
1493.0, 0.0013396595555729086
1494.0, 0.0019609924174312674
1495.0, 0.0012096489166728871
1496.0, 0.001824275041132291
1497.0, 0.001230504068474343
1498.0, 0.002917346261954433
1499.0, 0.003794829526981172
1500.0, 0.004872748675664108
1501.0, 0.005046629259462297
1502.0, 0.005030206932483443
1503.0, 0.003972307556800727
1504.0, 0.003808351962641175
1505.0, 0.0030451913033427078
1506.0, 0.0020134857027432557
1507.0, 0.002511102681990122
1508.0, 0.002677364281850587
1509.0, 0.0017283913345204054
1510.0, 0.0013216025074919509
1511.0, 0.0012578492692621964
1512.0, 0.002071237221803991
1513.0, 0.0030033540965163094
1514.0, 0.0012358004808445443
1515.0, 0.00188270362930878
1516.0, 0.0007714257312007766
1517.0, 0.00012310979493131846
1518.0, 0.000909624763940117
1519.0, 0.0021013052606864945
1520.0, 0.0007048927938850732
1521.0, 0.0018545886756194522
1522.0, 0.0019480054284221585
1523.0, 0.0022833381097733447
1524.0, 0.00106301012216861
1525.0, 0.0026565369674288824
1526.0, 0.0009907468615047773
1527.0, 0.0021328361497358972
1528.0, 0.0008144852581884894
1529.0, 0.0006421968726774412
1530.0, 0.004406020246766918
1531.0, 0.004080207997731961
1532.0, 0.0030145005524321897
1533.0, 0.002031995585283885
1534.0, 0.000627018998407834
1535.0, 6.296532852081825e-05
1536.0, 0.0001894050305224093
1537.0, 0.0022452097145158182
1538.0, 0.0028406268154870726
1539.0, 0.002530871404000213
1540.0, 0.003469200718310618
1541.0, 0.0028930389613949425
1542.0, 0.0019296697326015662
1543.0, 0.002143005432885585
1544.0, 0.0021312950829861163
1545.0, 0.001684236192339568
1546.0, 0.001991487909812406
1547.0, 0.004118523362796416
1548.0, 0.00406656085641886
1549.0, 0.009422137966638856
1550.0, 0.008047069505361375
1551.0, 0.009544249257328268
1552.0, 0.009510026507312804
1553.0, 0.006394912179130614
1554.0, 0.004036832723576368
1555.0, 0.0035682193465496823
1556.0, 0.0010236099214502665
1557.0, 0.000192786495550783
1558.0, 0.0018855690281384735
1559.0, 0.0011663443011240074
1560.0, 0.001032751267987959
1561.0, 0.0002878170136724494
1562.0, 0.0006182825858807018
1563.0, 0.0010469137733372968
1564.0, 0.0002832513554268082
1565.0, 0.0021582273045813475
1566.0, 0.0026864926082177587
1567.0, 0.0026650805297342684
1568.0, 0.0011153989053610835
1569.0, 0.0008249396283223441
1570.0, 0.0004005230283851568
1571, 0.0
1572, 0.0
1573, 0.0
1574, 0.0
1575, 0.0
1576, 0.0
1577, 0.0
1578, 0.0
1579, 0.0
1580, 0.0
1581, 0.0
1582, 0.0
1583, 0.0
1584, 0.0
1585, 0.0
1586, 0.0
1587, 0.0
1588, 0.0
1589, 0.0
1590, 0.0
1591, 0.0
1592, 0.0
1593, 0.0
1594, 0.0
1595, 0.0
1596, 0.0
1597, 0.0
1598, 0.0
1599, 0.0
