30, 0.0
31, 0.0
32, 0.0
33, 0.0
34, 0.0
35, 0.0
36, 0.0
37, 0.0
38, 0.0
39, 0.0
40, 0.0
41, 0.0
42, 0.0
43, 0.0
44, 0.0
45, 0.0
46, 0.0
47, 0.0
48, 0.0
49, 0.0
50, 0.0
51, 0.0
52, 0.0
53, 0.0
54, 0.0
55, 0.0
56, 0.0
57, 0.0
58, 0.0
59, 0.0
60, 0.0
61, 0.0
62, 0.0
63, 0.0
64, 0.0
65, 0.0
66, 0.0
67, 0.0
68, 0.0
69, 0.0
70, 0.0
71, 0.0
72, 0.0
73, 0.0
74, 0.0
75, 0.0
76, 0.0
77, 0.0
78, 0.0
79, 0.0
80, 0.0
81, 0.0
82, 0.0
83, 0.0
84, 0.0
85, 0.0
86, 0.0
87, 0.0
88, 0.0
89, 0.0
90, 0.0
91, 0.0
92, 0.0
93, 0.0
94, 0.0
95, 0.0
96, 0.0
97, 0.0
98, 0.0
99, 0.0
100, 0.0
101, 0.0
102, 0.0
103, 0.0
104, 0.0
105, 0.0
106, 0.0
107, 0.0
108, 0.0
109, 0.0
110, 0.0
111, 0.0
112, 0.0
113, 0.0
114, 0.0
115, 0.0
116, 0.0
117, 0.0
118, 0.0
119, 0.0
120, 0.0
121, 0.0
122, 0.0
123, 0.0
124, 0.0
125, 0.0
126, 0.0
127, 0.0
128, 0.0
129, 0.0
130, 0.0
131, 0.0
132, 0.0
133, 0.0
134, 0.0
135, 0.0
136, 0.0
137, 0.0
138, 0.0
139, 0.0
140, 0.0
141, 0.0
142, 0.0
143, 0.0
144, 0.0
145, 0.0
146, 0.0
147, 0.0
148, 0.0
149, 0.0
150, 0.0
151, 0.0
152, 0.0
153, 0.0
154, 0.0
155, 0.0
156, 0.0
157, 0.0
158, 0.0
159, 0.0
160, 0.0
161, 0.0
162, 0.0
163, 0.0
164, 0.0
165, 0.0
166, 0.0
167, 0.0
168, 0.0
169, 0.0
170, 0.0
171, 0.0
172, 0.0
173, 0.0
174, 0.0
175, 0.0
176, 0.0
177, 0.0
178, 0.0
179, 0.0
180, 0.0
181, 0.0
182, 0.0
183.0, 0.0013138677476397687
184.0, 0.005722818226858033
185.0, 0.008874598138117725
186.0, 0.009432130417833232
187.0, 0.01077272650853536
188.0, 0.003894084639916919
189.0, 0.001320905707619964
190.0, 0.005377890757949051
191.0, 0.0052722296229147205
192.0, 0.001133390942086786
193.0, 0.0015610946622606355
194.0, 0.005818126466354881
195.0, 0.006346950468019242
196.0, 0.004757743435274365
197.0, 0.004296711509981832
198.0, 0.004508149039721037
199.0, 0.004763703853153174
200.0, 0.00950797766689024
201.0, 0.007845907581383251
202.0, 0.006962018306179276
203.0, 0.008648454585709895
204.0, 0.004523280277046048
205.0, 0.004515054137960518
206.0, 0.006009468690742682
207.0, 0.007307136461728446
208.0, 0.009333729917843387
209.0, 0.014632503631337276
210.0, 0.016335615201049508
211.0, 0.015229070928957245
212.0, 0.014645126263483084
213.0, 0.017836701724375615
214.0, 0.021207788673031663
215.0, 0.024942296208454347
216.0, 0.029068948063102465
217.0, 0.03311041934167961
218.0, 0.03617707165875137
219.0, 0.038402421230774766
220.0, 0.04252135004115269
221.0, 0.04768121045769489
222.0, 0.046789553820573024
223.0, 0.053717279264360096
224.0, 0.06343010122792872
225.0, 0.07199605227683102
226.0, 0.07936420249766482
227.0, 0.0879092949643138
228.0, 0.09672371433529131
229.0, 0.10750975898670453
230.0, 0.11942800748660044
231.0, 0.12639957290348816
232.0, 0.13633402231771138
233.0, 0.137647356942965
234.0, 0.12967689733471746
235.0, 0.12352885297567766
236.0, 0.12672711863034047
237.0, 0.12887828599445142
238.0, 0.13103736571432256
239.0, 0.1368212511618263
240.0, 0.14720204278765325
241.0, 0.16001662699509261
242.0, 0.16577941214169103
243.0, 0.1605467799637736
244.0, 0.14552729499214928
245.0, 0.12787667743905387
246.0, 0.11272685549836058
247.0, 0.09973730960889009
248.0, 0.08797843654116809
249.0, 0.07737414796252587
250.0, 0.07123353053480677
251.0, 0.060196247522551996
252.0, 0.04565203989827419
253.0, 0.033983382691961425
254.0, 0.020092845268060405
255.0, 0.014188274839539206
256.0, 0.010437943696436986
257.0, 0.004825010315430725
258.0, 0.0014648677743644518
259.0, 0.002187222956116718
260.0, 0.001688327729375188
261.0, 0.00022660976933301798
262.0, 0.0008250382027969997
263.0, 0.0023300798684101794
264.0, 0.0030067079255792686
265.0, 0.00209761856846583
266.0, 7.638520945440867e-05
267.0, 0.0021170396544445006
268.0, 0.00041117825721293536
269.0, 0.0030858507558495407
270.0, 0.0043407087600408475
271.0, 0.00018013354872382378
272.0, 0.0010156291978665095
273.0, 0.0019131520531640099
274.0, 0.0009615732647195921
275.0, 0.0008140127630630166
276.0, 0.0011712952401350329
277.0, 0.002044312890812486
278.0, 0.003607527982845957
279.0, 0.005850184564069872
280.0, 0.008632417733129328
281.0, 0.005455917106931302
282.0, 0.004504403174992909
283.0, 0.007165317178585902
284.0, 0.009751375275327472
285.0, 0.008038736301420489
286.0, 0.0035400469379219283
287.0, 0.007203326367926455
288.0, 0.008588723726237337
289.0, 0.004796343132539849
290.0, 0.003914765488811223
291.0, 0.009376536664822662
292.0, 0.010288643028563626
293.0, 0.009399859261000055
294.0, 0.01046243376602481
295.0, 0.009344719801035458
296.0, 0.009770782040828445
297.0, 0.011054634469977715
298.0, 0.01134651798080986
299.0, 0.010471384619608932
300.0, 0.012262292618665668
301.0, 0.017523935541842055
302.0, 0.018457074806169007
303.0, 0.016495892312558554
304.0, 0.01847429220555871
305.0, 0.018358516568118665
306.0, 0.021269428649667133
307.0, 0.024041395923375567
308.0, 0.025418467476872424
309.0, 0.029451330248293373
310.0, 0.027925535225439294
311.0, 0.03104514189585769
312.0, 0.035750908150431006
313.0, 0.03732025965866543
314.0, 0.04163352531998428
315.0, 0.03921196270163389
316.0, 0.04092218630969345
317.0, 0.04527768132186997
318.0, 0.045119525084398836
319.0, 0.04959623406674129
320.0, 0.053042673812952267
321.0, 0.055371488393941175
322.0, 0.05618355706008437
323.0, 0.05366195939731994
324.0, 0.05337410120166516
325.0, 0.049860223586457995
326.0, 0.04767137932158469
327.0, 0.047506223700049595
328.0, 0.03816059980042209
329.0, 0.03443626179759357
330.0, 0.0311497095224944
331.0, 0.02575968619454601
332.0, 0.019985633300266113
333.0, 0.018589002339668793
334.0, 0.019939249741738125
335.0, 0.013128518027220091
336.0, 0.003223460087085417
337.0, 0.0017420362815995939
338.0, 0.0011877540908692046
339.0, 0.0012362985873858182
340.0, 0.000521073181173301
341.0, 0.00043866176681329523
342.0, 0.00235096619141666
343.0, 0.0012580841482302783
344.0, 0.003158187780354127
345.0, 0.003200410191379118
346.0, 0.00047240345370970325
347.0, 0.0022491742378325952
348.0, 0.002869892307538387
349.0, 0.005159927480763072
350.0, 0.003210618220780536
351.0, 0.002439608906378881
352.0, 0.0019567217781038416
353.0, 0.004082184081209743
354.0, 0.0074982632151993035
355.0, 0.011594968481729775
356.0, 0.012667936480176832
357.0, 0.011429930113842749
358.0, 0.0173035393144606
359.0, 0.02198725314636573
360.0, 0.024922332238046577
361.0, 0.029415300641833585
362.0, 0.03504192788107233
363.0, 0.039886073724150595
364.0, 0.045682014712943225
365.0, 0.05060328077776787
366.0, 0.053588950860937706
367.0, 0.06783619001573184
368.0, 0.06812968669912874
369.0, 0.07166284064678446
370.0, 0.08350305595259204
371.0, 0.09245464544682173
372.0, 0.09644433611076529
373.0, 0.10624100506661573
374.0, 0.11458964790356144
375.0, 0.11872925738380655
376.0, 0.12324695172874144
377.0, 0.1233463883699308
378.0, 0.11899117929271791
379.0, 0.10838306230266163
380.0, 0.09584594735782336
381.0, 0.09017381250718497
382.0, 0.08352275423906548
383.0, 0.07287810221764995
384.0, 0.06356228780179522
385.0, 0.057174387578994415
386.0, 0.05020631406680714
387.0, 0.05137780494300958
388.0, 0.047779110989087464
389.0, 0.041774563893040295
390.0, 0.03753848174801222
391.0, 0.034381194608359665
392.0, 0.0387372143252718
393.0, 0.0376364145016249
394.0, 0.0328582352731656
395.0, 0.030948620149990037
396.0, 0.03368336396523537
397.0, 0.03308177801469076
398.0, 0.02742085378426007
399.0, 0.020237498952596376
400.0, 0.015478527864403333
401.0, 0.01547643790561332
402.0, 0.017241004235560197
403.0, 0.012983317640275199
404.0, 0.008643700055372705
405.0, 0.00917295763867613
406.0, 0.00888738850512893
407.0, 0.004818553904662679
408.0, 0.005172277348258536
409.0, 0.0027091530656234435
410.0, 0.0025558373218903725
411.0, 0.002443722970704145
412.0, 0.001100505436928803
413.0, 0.0014892762316443626
414.0, 0.002568101666797095
415.0, 0.0025000699987450265
416.0, 0.0021472134394833727
417.0, 0.003894886238748274
418.0, 0.0029837659663146583
419.0, 0.0024823350472823794
420.0, 0.003851189173195415
421.0, 0.0035294742857916593
422.0, 0.003298527510489092
423.0, 0.0035084190946445535
424.0, 0.0017420757047144047
425.0, 0.00037897313152086164
426.0, 0.0022512894107295147
427.0, 0.002367524156368358
428.0, 0.00031525692424625015
429.0, 0.002582390324978044
430.0, 0.00457095900288478
431.0, 0.003955634419620405
432.0, 0.0022686377025619552
433.0, 0.0039599662197241665
434.0, 0.006616708461603238
435.0, 0.008446475188506664
436.0, 0.01116119520768152
437.0, 0.016547274682148404
438.0, 0.01650764924643533
439.0, 0.01924439517538047
440.0, 0.025973210958823576
441.0, 0.03041504777246682
442.0, 0.03105937712462557
443.0, 0.03569943447942053
444.0, 0.042651138861383296
445.0, 0.04963961125480822
446.0, 0.0557359837265434
447.0, 0.06125567240683666
448.0, 0.0638954187475524
449.0, 0.06959263582504331
450.0, 0.07415972052309053
451.0, 0.07134732734963699
452.0, 0.06540315283305669
453.0, 0.058842847676488945
454.0, 0.05154028321471303
455.0, 0.042806638845310704
456.0, 0.03196172868764906
457.0, 0.019912017072463
458.0, 0.01577913911694463
459.0, 0.014395100621484639
460.0, 0.010647074246026945
461.0, 0.0059685303210703505
462.0, 0.006550241015666649
463.0, 0.010931632727777883
464.0, 0.011317388014598117
465.0, 0.00886074170367216
466.0, 0.00937638167634789
467.0, 0.01640794758605026
468.0, 0.017859506524215234
469.0, 0.017960606158112853
470.0, 0.02270717759634212
471.0, 0.02941188169389631
472.0, 0.03240793779090443
473.0, 0.036377322845030986
474.0, 0.0427784812071789
475.0, 0.04802451072664131
476.0, 0.05364984300998553
477.0, 0.06192328615207415
478.0, 0.06995235803889295
479.0, 0.07813903712829616
480.0, 0.0847619627401768
481.0, 0.0913402859129329
482.0, 0.09846754176476306
483.0, 0.10348383690613411
484.0, 0.09902090172710486
485.0, 0.09327509476593447
486.0, 0.09136117269870773
487.0, 0.09164180489696518
488.0, 0.08995740453537948
489.0, 0.09243593525881157
490.0, 0.08881172137589584
491.0, 0.08610537549715824
492.0, 0.0836755592590651
493.0, 0.07832986602123496
494.0, 0.07941555207081703
495.0, 0.07712243434171841
496.0, 0.0745456278917288
497.0, 0.07189556099120807
498.0, 0.06973700802256803
499.0, 0.0721408788518484
500.0, 0.07806428868939314
501.0, 0.08641662902816455
502.0, 0.09700079004955742
503.0, 0.10766331788414274
504.0, 0.116299989188149
505.0, 0.1290728951306267
506.0, 0.14754123491747972
507.0, 0.16185834142710553
508.0, 0.1745853334251721
509.0, 0.19133764616454063
510.0, 0.19865211331660554
511.0, 0.19807681361901094
512.0, 0.1938967614309069
513.0, 0.18546117871290332
514.0, 0.17178736533608563
515.0, 0.1544230293835263
516.0, 0.13434502024394854
517.0, 0.10852054968098557
518.0, 0.0866780864124631
519.0, 0.07109237074859258
520.0, 0.05765318952879472
521.0, 0.05029018046924055
522.0, 0.045896708446997184
523.0, 0.04553834798069918
524.0, 0.04868242111719699
525.0, 0.05449674492344645
526.0, 0.061594955519155295
527.0, 0.07302844192493445
528.0, 0.08617177263647766
529.0, 0.10093443505222079
530.0, 0.11772052496052107
531.0, 0.13568169773186298
532.0, 0.15421926742885764
533.0, 0.18508748365984812
534.0, 0.2121933511569647
535.0, 0.24487217221879398
536.0, 0.2911368194711782
537.0, 0.33169830489182855
538.0, 0.389243844569144
539.0, 0.43950712873904185
540.0, 0.4827047497712216
541.0, 0.5210443136304346
542.0, 0.5444405798239588
543.0, 0.5386084393151458
544.0, 0.4912281217128387
545.0, 0.43063509484805795
546.0, 0.3710233314367367
547.0, 0.3166662836838232
548.0, 0.27698181167897695
549.0, 0.2511060018740757
550.0, 0.2338392963483311
551.0, 0.21237279166101386
552.0, 0.18734971028096065
553.0, 0.16667201657014633
554.0, 0.13950600976101885
555.0, 0.11951986824209251
556.0, 0.103009178330432
557.0, 0.08922598265980539
558.0, 0.07969659465488385
559.0, 0.07214643858013658
560.0, 0.06117064907262107
561.0, 0.05693074273077764
562.0, 0.05541260083705098
563.0, 0.05126824867189117
564.0, 0.043913735252127585
565.0, 0.04144534273445216
566.0, 0.04205120854507424
567.0, 0.03744282616999907
568.0, 0.029843180407443017
569.0, 0.024980504872810963
570.0, 0.02354763698871441
571.0, 0.019900159875677764
572.0, 0.017444152737039666
573.0, 0.009574124498966108
574.0, 0.0018300157569538958
575.0, 0.0009131481172704798
576.0, 0.003179652114254632
577.0, 0.0017181882432949296
578.0, 0.002721971249390149
579.0, 0.0012050485672557881
580.0, 0.0062521661406682305
581.0, 0.002888177404184328
582.0, 0.0018957147291363853
583.0, 0.0017502644287851002
584.0, 0.0031323032137266812
585.0, 0.004217396116181661
586.0, 0.003745098428048223
587.0, 0.0024520578298972595
588.0, 0.00072941591921143
589.0, 0.0036281010000612235
590.0, 0.006251805518121606
591.0, 0.006537446691481247
592.0, 0.006913268251874554
593.0, 0.00565032852630411
594.0, 0.005092371928482706
595.0, 0.005154303584776868
596.0, 0.003853794155429967
597.0, 0.002969125987750264
598.0, 0.004102483732135773
599.0, 0.0032029687344337187
600.0, 0.0015613007751559414
601.0, 0.0006861470403351059
602.0, 0.0006973371626667003
603.0, 0.0035258557785657904
604.0, 0.007774695831609198
605.0, 0.01117990230494103
606.0, 0.01008605257139144
607.0, 0.013398967058588616
608.0, 0.016671257255485905
609.0, 0.01736715399929583
610.0, 0.02062156446246438
611.0, 0.02305673275405166
612.0, 0.024530689510484645
613.0, 0.021069684309954772
614.0, 0.020171859119036153
615.0, 0.024438532809712494
616.0, 0.025597517358882365
617.0, 0.02876337722327851
618.0, 0.030282470551371482
619.0, 0.02980384127176656
620.0, 0.0293780792263501
621.0, 0.029779516971506218
622.0, 0.029398360470105227
623.0, 0.0313984402447116
624.0, 0.03196993730910335
625.0, 0.037720869502365736
626.0, 0.04345582940426564
627.0, 0.044023158007121796
628.0, 0.04868916160694669
629.0, 0.053359208436859686
630.0, 0.05910533126936208
631.0, 0.0661246586123682
632.0, 0.07178208586287342
633.0, 0.07626258565418664
634.0, 0.08626177953576532
635.0, 0.09633181596767201
636.0, 0.10699374601616783
637.0, 0.11415386171485939
638.0, 0.11951047479237978
639.0, 0.12735968397433986
640.0, 0.1331456479938356
641.0, 0.14200434406312135
642.0, 0.14730061259997346
643.0, 0.15281616990773825
644.0, 0.1559391240873574
645.0, 0.15146513076101423
646.0, 0.14583695884710474
647.0, 0.14373291226393073
648.0, 0.135738699548664
649.0, 0.12642770858534683
650.0, 0.12319521443866212
651.0, 0.12396426045274801
652.0, 0.11756653162292365
653.0, 0.11811187203330013
654.0, 0.1183938594758758
655.0, 0.11970451854896282
656.0, 0.12490198166709775
657.0, 0.13219340560705967
658.0, 0.13424803146033354
659.0, 0.1426626781432256
660.0, 0.15104649941938345
661.0, 0.15961724648730494
662.0, 0.17029429052572406
663.0, 0.1828992670882197
664.0, 0.19574705073662985
665.0, 0.21066454117539193
666.0, 0.22921353970222927
667.0, 0.24568573877413905
668.0, 0.26132347641492965
669.0, 0.2780323029463007
670.0, 0.29295125601944233
671.0, 0.32039751946181927
672.0, 0.34693427216527406
673.0, 0.3720627313006902
674.0, 0.3938072737253403
675.0, 0.4162874928612995
676.0, 0.45249617039704254
677.0, 0.49670053810790615
678.0, 0.5350070816341439
679.0, 0.5721280813710437
680.0, 0.616837699978715
681.0, 0.6668150282682429
682.0, 0.7134251008292264
683.0, 0.7647175129722785
684.0, 0.8125768153827653
685.0, 0.8667458361246817
686.0, 0.9182539531283512
687.0, 0.9563756094781546
688.0, 0.9791251451981847
689.0, 0.9914974755257587
690.0, 0.9992610883463143
691.0, 0.9748807307469928
692.0, 0.9299461507848455
693.0, 0.8750069435907522
694.0, 0.8068533832602189
695.0, 0.7323174052035634
696.0, 0.6678941983906868
697.0, 0.5880824025506727
698.0, 0.5157228281493503
699.0, 0.46191867276030457
700.0, 0.4149065595802052
701.0, 0.3574851578787467
702.0, 0.30990875096653864
703.0, 0.27062938571870426
704.0, 0.24224577581569412
705.0, 0.21999945661564566
706.0, 0.1983800317993291
707.0, 0.17807823697214656
708.0, 0.15887174150260075
709.0, 0.14718352029911572
710.0, 0.13495713860078162
711.0, 0.12396505604414329
712.0, 0.11316942311474425
713.0, 0.10172448386680256
714.0, 0.1036498361545995
715.0, 0.0913666777815124
716.0, 0.08323348997976784
717.0, 0.08228337168216744
718.0, 0.07810783292220967
719.0, 0.06755592490497936
720.0, 0.06229301916624448
721.0, 0.052509704989772206
722.0, 0.05332233194342904
723.0, 0.05134717216097162
724.0, 0.04599449904562759
725.0, 0.041032559144528316
726.0, 0.03630823251881111
727.0, 0.03446117615011362
728.0, 0.02680527498422666
729.0, 0.024788460203869274
730.0, 0.024399798069205277
731.0, 0.022740101230891152
732.0, 0.021808542359543107
733.0, 0.020485802423874204
734.0, 0.01954773048206178
735.0, 0.015730130527790293
736.0, 0.012631333963294427
737.0, 0.011473042715082052
738.0, 0.008698273039996176
739.0, 0.0031630273012655855
740.0, 0.005671215568522996
741.0, 0.006399205087255974
742.0, 0.009938551824921883
743.0, 0.008178013729325818
744.0, 0.0028912869357239695
745.0, 0.001181546037037549
746.0, 0.0002836802914177805
747.0, 0.003567209680231687
748.0, 0.004629803783010001
749.0, 0.0030551923678722582
750.0, 0.00314121637262119
751.0, 0.0008342381463617357
752.0, 0.003305993553039728
753.0, 0.0002763254737678572
754.0, 0.002301573504196751
755.0, 0.0020201234415647583
756.0, 0.00383481293593353
757.0, 0.002838531228126324
758.0, 0.0024993007385881987
759.0, 0.001154448639613087
760.0, 0.004611080735450761
761.0, 0.004251201368595301
762.0, 0.005154011954725345
763.0, 0.002551354272613206
764.0, 0.0006772881478377002
765.0, 0.0017819530417835898
766.0, 0.004594817979403368
767.0, 0.003396328858068631
768.0, 0.0014783336460277448
769.0, 0.0005907528197796647
770.0, 0.0005031259712538017
771.0, 0.0013848775054525935
772.0, 0.0036052794938849055
773.0, 0.0025227028001932193
774.0, 0.0014268754518595504
775.0, 0.0033175161537395345
776.0, 0.0015855448811535548
777.0, 0.0021329729783550067
778.0, 0.005232168818669651
779.0, 0.0045330709050987236
780.0, 0.007161797751028205
781.0, 0.006101885864652751
782.0, 0.005361556760104495
783.0, 0.006279317797289433
784.0, 0.007469454578827608
785.0, 0.007687117648839695
786.0, 0.007319991749702392
787.0, 0.0062502173892115265
788.0, 0.006872034816857444
789.0, 0.008054392398862967
790.0, 0.009721626992249495
791.0, 0.008956050432960223
792.0, 0.005852567375700163
793.0, 0.007451582690329767
794.0, 0.005459985743978789
795.0, 0.008848806638550458
796.0, 0.0078044578191592195
797.0, 0.007384642737874968
798.0, 0.01087256713801292
799.0, 0.012197803696555468
800.0, 0.008323197657601027
801.0, 0.00772438999479608
802.0, 0.010475305662337847
803.0, 0.012299046520029775
804.0, 0.01290258572339208
805.0, 0.01125166602054613
806.0, 0.008613071022770046
807.0, 0.013348358608035609
808.0, 0.010761152590183086
809.0, 0.008673836547313154
810.0, 0.010165191385374962
811.0, 0.010589037673534875
812.0, 0.010562714064942292
813.0, 0.014348781822525478
814.0, 0.015952658897959382
815.0, 0.009850057444031867
816.0, 0.009996220969660205
817.0, 0.010964388841956262
818.0, 0.012100229979102872
819.0, 0.014744488849950513
820.0, 0.015709960265300416
821.0, 0.01208580156683262
822.0, 0.00897958447532303
823.0, 0.01195024478259911
824.0, 0.013699766234997425
825.0, 0.011275494868157664
826.0, 0.008255014588371442
827.0, 0.0065030853346375
828.0, 0.004801935528204091
829.0, 0.007591608760516936
830.0, 0.011712890478315991
831.0, 0.010365188234971338
832.0, 0.008307676713783834
833.0, 0.009049261491782097
834.0, 0.010445703922605713
835.0, 0.008957184532374903
836.0, 0.011666452479340042
837.0, 0.010108710218758796
838.0, 0.011842236951266742
839.0, 0.0077668790548385035
840.0, 0.006330196458278106
841.0, 0.011709563834145516
842.0, 0.009813838986601044
843.0, 0.011400237642847061
844.0, 0.00930691290892077
845.0, 0.009484307599411865
846.0, 0.008124045638498884
847.0, 0.007853669796585794
848.0, 0.009485092844288083
849.0, 0.009312187116034681
850.0, 0.009769239198592647
851.0, 0.006036749477768665
852.0, 0.00361350296276464
853.0, 0.004467562527674083
854.0, 0.009058916157209955
855.0, 0.010793453338841937
856.0, 0.007532195755846469
857.0, 0.009240402204298632
858.0, 0.008870166143648986
859.0, 0.00918751341238441
860.0, 0.005203936093974712
861.0, 0.0021459972716211598
862.0, 0.0029221589215896256
863.0, 0.005145607371239191
864.0, 0.005444185271327471
865.0, 0.004260334789231923
866.0, 0.003534933529218412
867.0, 0.00591374717398016
868.0, 0.008381054149114914
869.0, 0.008143173795635056
870.0, 0.006320619887503951
871.0, 0.00535796302617358
872.0, 0.005079749490564326
873.0, 0.004586093079309057
874.0, 0.0010923058529641334
875.0, 0.0010412833217583253
876.0, 0.003270429690846375
877.0, 0.0032917750739410744
878.0, 0.0017241543522558654
879.0, 0.002803158809068688
880.0, 0.0007180498824212178
881.0, 0.002012908651218404
882.0, 0.001418802438077599
883.0, 0.0005988428127943899
884.0, 0.0007116537417658689
885.0, 0.002365128716003475
886.0, 0.00012445764679257232
887.0, 0.0031646940349644046
888.0, 0.0035884161982430887
889.0, 0.0013886029784148284
890.0, 0.0014497425901816151
891.0, 0.002314741520395125
892.0, 0.0017999918274474226
893.0, 0.0016040037556733914
894.0, 0.0019526889920741977
895.0, 0.00036711788858228184
896.0, 0.0009874722287691266
897.0, 0.0024828273464030065
898.0, 0.0034681581313648602
899.0, 0.001679049608571257
900.0, 0.0020471118869105132
901.0, 0.004081540274767082
902.0, 0.001548424161317053
903.0, 0.0022142726816690387
904.0, 0.005392448432193677
905.0, 0.0036189315661575294
906.0, 0.0043122224063262575
907.0, 0.0037036703365459
908.0, 0.0025153557053581733
909.0, 0.004459004470526839
910.0, 0.003927038339193335
911.0, 0.006338975181849123
912.0, 0.004614542315304638
913.0, 0.004089301839649569
914.0, 0.009729884281592131
915.0, 0.012071096841071723
916.0, 0.008647774765829492
917.0, 0.007383107440455996
918.0, 0.010196811128521275
919.0, 0.010312040708024004
920.0, 0.007180923163645576
921.0, 0.0068716796946819755
922.0, 0.009804974575429847
923.0, 0.010547044604648094
924.0, 0.009073864867978999
925.0, 0.008060400387322399
926.0, 0.004216183533658242
927.0, 0.006485599588553644
928.0, 0.003930733972434039
929.0, 0.007548439179686247
930.0, 0.010237375101894828
931.0, 0.0075289022967542
932.0, 0.0059305797918115
933.0, 0.00832501617417642
934.0, 0.0045900906947037995
935.0, 0.004871564538381949
936.0, 0.007592978060984494
937.0, 0.004541298964814146
938.0, 0.005820156552408004
939.0, 0.005946743802600107
940.0, 0.003938595407174607
941.0, 0.004523903781086326
942.0, 0.001075508191015497
943.0, 0.0016585117584040614
944.0, 0.0024586625966933357
945.0, 0.0012204617165018285
946.0, 0.0007917074312601846
947.0, 0.000616860654215465
948.0, 0.0010151455280774505
949.0, 0.0035275105495397043
950.0, 0.00821564974177835
951.0, 0.005507015015294864
952.0, 0.0015489061525787323
953.0, 0.001428736096089964
954.0, 0.0006910950307029742
955.0, 0.0018929771888523423
956.0, 0.003879146251917045
957.0, 0.0038418009384980907
958.0, 0.003831345255647346
959.0, 0.002876509314044622
960.0, 0.0026294918793347806
961.0, 0.0031112833078042906
962.0, 0.0008184706256548817
963.0, 0.001983468741009824
964.0, 0.0027311027943031528
965.0, 0.00047614133318811584
966.0, 0.0032968385376244587
967.0, 0.007706905679537166
968.0, 0.000679308146316025
969.0, 0.0006442294947191096
970.0, 0.005835720131693922
971.0, 0.005467968823398406
972.0, 0.00392477884851136
973.0, 0.005124044538664449
974.0, 0.00445541743660009
975.0, 0.0033738453263621807
976.0, 0.000514611811556089
977.0, 0.00045928469344723
978.0, 0.004568507696505997
979.0, 0.009893104291663598
980.0, 0.006935890808244472
981.0, 0.00337560731766969
982.0, 0.0055052212483693505
983.0, 0.006747660378213861
984.0, 0.005483820842337904
985.0, 0.005131935483315609
986.0, 0.006934168805561234
987.0, 0.007618563306151756
988.0, 0.007895249026322946
989.0, 0.004458075301834802
990.0, 0.004981922691306893
991.0, 0.009746143531411018
992.0, 0.00504644808606415
993.0, 0.002410483880301264
994.0, 0.004071997267581959
995.0, 0.007322518043095203
996.0, 0.010079664349674868
997.0, 0.0073915534771564475
998.0, 0.007147623362794411
999.0, 0.010188429661485048
1000.0, 0.010048760247126459
1001.0, 0.011133948635852596
1002.0, 0.011973038326575756
1003.0, 0.011055133958604807
1004.0, 0.011196307735534714
1005.0, 0.012423449519865624
1006.0, 0.010643575088079643
1007.0, 0.01204698271272748
1008.0, 0.01490531894605671
1009.0, 0.012739198300271037
1010.0, 0.013645599584835872
1011.0, 0.013805670655236931
1012.0, 0.014947458755309149
1013.0, 0.010609482560269685
1014.0, 0.008874751503620899
1015.0, 0.010944639335019404
1016.0, 0.013098847682516642
1017.0, 0.012436733483908117
1018.0, 0.009616163196513549
1019.0, 0.008583623294061043
1020.0, 0.011137646464147439
1021.0, 0.007920731973606224
1022.0, 0.006203318336467807
1023.0, 0.005017248091248143
1024.0, 0.00785852332165925
1025.0, 0.0073688449654027805
1026.0, 0.009346603593894567
1027.0, 0.008443232751741405
1028.0, 0.005138414310160616
1029.0, 0.007378156490956967
1030.0, 0.008230386894342002
1031.0, 0.0062313224272138295
1032.0, 0.004266694790998704
1033.0, 0.0018817713517011415
1034.0, 0.000584837571584256
1035.0, 0.0018964386713509343
1036.0, 0.005172772956096332
1037.0, 0.003871834057492788
1038.0, 0.002954051974425366
1039.0, 0.005320095598268263
1040.0, 0.0038175951079846577
1041.0, 0.0016589532217549726
1042.0, 0.005314416745281288
1043.0, 0.0030266642916671146
1044.0, 0.0009356243801971773
1045.0, 0.00209609992846007
1046.0, 0.0003800013998092995
1047.0, 0.004012804700331728
1048.0, 0.0012148047321850657
1049.0, 0.006725749076840997
1050.0, 0.0010748845037433534
1051.0, 0.001018662736875721
1052.0, 0.0036407805440980363
1053.0, 0.0038195848902038507
1054.0, 0.003577151203447058
1055.0, 0.0020809903708516736
1056.0, 0.00043268076045361063
1057.0, 0.004086226303408915
1058.0, 0.0006864343021836946
1059.0, 0.0036875150739139008
1060.0, 0.004996904047110227
1061.0, 0.0013565033485358714
1062.0, 0.000890356268413206
1063.0, 0.002901927712880174
1064.0, 0.0012929348628608972
1065.0, 0.0013779674633274234
1066.0, 0.005583313776479301
1067.0, 0.0060028232482097175
1068.0, 0.002154024755987472
1069.0, 0.002291878395275432
1070.0, 0.005754508990926544
1071.0, 0.0025144944382083393
1072.0, 0.00014490664795230955
1073.0, 0.0017658773866973188
1074.0, 0.0027641450889713615
1075.0, 0.0024296880837008103
1076.0, 0.003724986121340036
1077.0, 0.004437551039539427
1078.0, 0.003766266861523716
1079.0, 0.0033448023800919558
1080.0, 0.0019302577376809767
1081.0, 0.0005128305299240668
1082.0, 0.0005070396249467769
1083.0, 0.0010029803924065763
1084.0, 0.0035846500753594387
1085.0, 0.0036448269733808433
1086.0, 0.0037127166743856814
1087.0, 0.0026367116509110637
1088.0, 0.0005602538594374659
1089.0, 0.004708947250807654
1090.0, 0.0003785880137888901
1091.0, 0.001342086846852038
1092.0, 0.0029105424271975576
1093.0, 0.0025239787100609164
1094.0, 0.0034990078751871902
1095.0, 0.0031993365156894058
1096.0, 0.004240596575644733
1097.0, 0.0023113483191402806
1098.0, 0.003547829600812096
1099.0, 0.004089065957956009
1100.0, 0.0010349711823831177
1101.0, 0.004391273259691226
1102.0, 0.00440045753129298
1103.0, 0.00045842259590380395
1104.0, 0.001223747520577368
1105.0, 0.002522504656733975
1106.0, 0.0018023721455583835
1107.0, 0.0016963222025725962
1108.0, 0.0026201572477163814
1109.0, 0.0026253120337719473
1110.0, 0.0026204289861249197
1111.0, 0.0008468434926568871
1112.0, 0.0003926862059826387
1113.0, 0.0014222468028977466
1114.0, 0.0026045439114910102
1115.0, 0.0036472342385017197
1116.0, 0.0036756752797437336
1117.0, 0.0037695137182555943
1118.0, 0.0017295612866333368
1119.0, 0.0015671602177552712
1120.0, 0.0029613971551748354
1121.0, 0.0022180104683377304
1122.0, 0.0002613804141225745
1123.0, 0.0007758178487246157
1124.0, 0.0010666364000825451
1125.0, 0.0020949228514623723
1126.0, 0.0037992410149945404
1127.0, 0.0041989932887410856
1128.0, 0.0012321196853389601
1129.0, 0.0024322040881062487
1130.0, 0.0006668166110794017
1131.0, 0.001535336440853641
1132.0, 0.002400070860781945
1133.0, 0.0021577093909652466
1134.0, 0.0016450791228390963
1135.0, 0.001694614605574276
1136.0, 0.002987242947644776
1137.0, 0.0045697315556296495
1138.0, 0.0035900933575327802
1139.0, 0.0024945136241624226
1140.0, 0.00419998979266333
1141.0, 0.0029153826663653724
1142.0, 0.0053464924186607974
1143.0, 0.004332939975011821
1144.0, 0.005006764370730114
1145.0, 0.006768148157578113
1146.0, 0.0065571025713602364
1147.0, 0.0055569919434547204
1148.0, 0.0048394573160907214
1149.0, 0.008007357147645593
1150.0, 0.0074725582891725486
1151.0, 0.00900955870513531
1152.0, 0.010823191322884118
1153.0, 0.009429715173077577
1154.0, 0.0067643740242732476
1155.0, 0.00921727224397137
1156.0, 0.013516160410639876
1157.0, 0.013206504203249165
1158.0, 0.011384244846935296
1159.0, 0.014276447750650444
1160.0, 0.016939300895562205
1161.0, 0.01626742782274127
1162.0, 0.016407325516119033
1163.0, 0.01767245574213137
1164.0, 0.019071198608558708
1165.0, 0.019994367213818694
1166.0, 0.01909378480708685
1167.0, 0.020926953431739618
1168.0, 0.021762085836862455
1169.0, 0.02049451677298994
1170.0, 0.023542111763741106
1171.0, 0.028436246780585588
1172.0, 0.028605075460255692
1173.0, 0.024442166860113447
1174.0, 0.026203379910911283
1175.0, 0.029373734155290748
1176.0, 0.03196373168305584
1177.0, 0.02915813696039594
1178.0, 0.028387543963392454
1179.0, 0.03031882963108588
1180.0, 0.03089155937729515
1181.0, 0.029894488691144708
1182.0, 0.029051674779931584
1183.0, 0.0299997989750675
1184.0, 0.031035060653749433
1185.0, 0.030579350645951967
1186.0, 0.02831878066546653
1187.0, 0.02679248717526812
1188.0, 0.028729288477217646
1189.0, 0.027011161084263463
1190.0, 0.027636262858526252
1191.0, 0.029578770903560713
1192.0, 0.027849600449939227
1193.0, 0.025469096139805705
1194.0, 0.023384802844847695
1195.0, 0.019812034339680495
1196.0, 0.021486307502616025
1197.0, 0.024029580293592576
1198.0, 0.021807886952064988
1199.0, 0.021605375685090432
1200.0, 0.02133827392478976
1201.0, 0.021693969464498676
1202.0, 0.022060221488392227
1203.0, 0.024476514469980767
1204.0, 0.023885575260345623
1205.0, 0.022515537690036155
1206.0, 0.02277875863647152
1207.0, 0.019328836267071034
1208.0, 0.02513234765301881
1209.0, 0.0225717290238238
1210.0, 0.024284983867635855
1211.0, 0.023121728847124517
1212.0, 0.024634066105363128
1213.0, 0.02269631572923203
1214.0, 0.023840959533424487
1215.0, 0.025717105464227282
1216.0, 0.02160071646772564
1217.0, 0.019862367350826582
1218.0, 0.020823040849476726
1219.0, 0.01716822258950875
1220.0, 0.02056614531813302
1221.0, 0.020443722705248527
1222.0, 0.02189605672397885
1223.0, 0.019889613628255306
1224.0, 0.015039310476237671
1225.0, 0.016891583091480148
1226.0, 0.01475756089168732
1227.0, 0.014085208036107843
1228.0, 0.015302086484061348
1229.0, 0.015252063591882666
1230.0, 0.012150827951515397
1231.0, 0.009542724734370615
1232.0, 0.011085881513553249
1233.0, 0.010231277799678926
1234.0, 0.008722096126095487
1235.0, 0.012280129959814923
1236.0, 0.012432414150714732
1237.0, 0.005969950097097712
1238.0, 0.00948091603757524
1239.0, 0.007298569588341712
1240.0, 0.006383550854811033
1241.0, 0.004740420288603787
1242.0, 0.005526206444713714
1243.0, 0.008455959994970721
1244.0, 0.007900284579003098
1245.0, 0.004108033454305434
1246.0, 0.0014590792329668843
1247.0, 0.004809984774673807
1248.0, 0.0025503672360631083
1249.0, 0.00013133066911770922
1250.0, 0.0061230776129285475
1251.0, 0.0016871319097389223
1252.0, 0.004753775236408364
1253.0, 0.005119964162423988
1254.0, 0.0018062235784063756
1255.0, 0.0007815301091504977
1256.0, 0.00095057149612281
1257.0, 0.003888357056876818
1258.0, 0.003855169935227335
1259.0, 0.0015028647937366999
1260.0, 0.0008272715194031997
1261.0, 0.001821757131839195
1262.0, 0.0019524395551306735
1263.0, 0.0028288542714720384
1264.0, 0.00020530183092898053
1265.0, 0.00045147092314898004
1266.0, 0.0008717577088315693
1267.0, 0.0016286539668506053
1268.0, 0.002715842378965397
1269.0, 0.001578206810707023
1270.0, 0.0028756046128918023
1271.0, 0.0039045227217740005
1272.0, 0.0011683241744684222
1273.0, 0.002035685970385191
1274.0, 0.004480358725512243
1275.0, 0.003641034460653427
1276.0, 0.008017048785336368
1277.0, 0.006267154884940205
1278.0, 0.004980302766252305
1279.0, 0.007482192535761132
1280.0, 0.005584440397677325
1281.0, 0.0031938603431345383
1282.0, 0.005653781495547514
1283.0, 0.0019480180201854294
1284.0, 0.0015852568966948368
1285.0, 0.0037570765083933567
1286.0, 0.0010696996146260446
1287, 0.0
1288, 0.0
1289, 0.0
1290, 0.0
1291, 0.0
1292, 0.0
1293, 0.0
1294, 0.0
1295, 0.0
1296, 0.0
1297, 0.0
1298, 0.0
1299, 0.0
1300, 0.0
1301, 0.0
1302, 0.0
1303, 0.0
1304, 0.0
1305, 0.0
1306, 0.0
1307, 0.0
1308, 0.0
1309, 0.0
1310, 0.0
1311, 0.0
1312, 0.0
1313, 0.0
1314, 0.0
1315, 0.0
1316, 0.0
1317, 0.0
1318, 0.0
1319, 0.0
1320, 0.0
1321, 0.0
1322, 0.0
1323, 0.0
1324, 0.0
1325, 0.0
1326, 0.0
1327, 0.0
1328, 0.0
1329, 0.0
1330, 0.0
1331, 0.0
1332, 0.0
1333, 0.0
1334, 0.0
1335, 0.0
1336, 0.0
1337, 0.0
1338, 0.0
1339, 0.0
1340, 0.0
1341, 0.0
1342, 0.0
1343, 0.0
1344, 0.0
1345, 0.0
1346, 0.0
1347, 0.0
1348, 0.0
1349, 0.0
1350, 0.0
1351, 0.0
1352, 0.0
1353, 0.0
1354, 0.0
1355, 0.0
1356, 0.0
1357, 0.0
1358, 0.0
1359, 0.0
1360, 0.0
1361, 0.0
1362, 0.0
1363, 0.0
1364, 0.0
1365, 0.0
1366, 0.0
1367, 0.0
1368, 0.0
1369, 0.0
1370, 0.0
1371, 0.0
1372, 0.0
1373, 0.0
1374, 0.0
1375, 0.0
1376, 0.0
1377, 0.0
1378, 0.0
1379, 0.0
1380, 0.0
1381, 0.0
1382, 0.0
1383, 0.0
1384, 0.0
1385, 0.0
1386, 0.0
1387, 0.0
1388, 0.0
1389, 0.0
1390, 0.0
1391, 0.0
1392, 0.0
1393, 0.0
1394, 0.0
1395, 0.0
1396, 0.0
1397, 0.0
1398, 0.0
1399, 0.0
1400, 0.0
1401, 0.0
1402, 0.0
1403, 0.0
1404, 0.0
1405, 0.0
1406, 0.0
1407, 0.0
1408, 0.0
1409, 0.0
1410, 0.0
1411, 0.0
1412, 0.0
1413, 0.0
1414, 0.0
1415, 0.0
1416, 0.0
1417, 0.0
1418, 0.0
1419, 0.0
1420, 0.0
1421, 0.0
1422, 0.0
1423, 0.0
1424, 0.0
1425, 0.0
1426, 0.0
1427, 0.0
1428, 0.0
1429, 0.0
1430, 0.0
1431, 0.0
1432, 0.0
1433, 0.0
1434, 0.0
1435, 0.0
1436, 0.0
1437, 0.0
1438, 0.0
1439, 0.0
1440, 0.0
1441, 0.0
1442, 0.0
1443, 0.0
1444, 0.0
1445, 0.0
1446, 0.0
1447, 0.0
1448, 0.0
1449, 0.0
1450, 0.0
1451, 0.0
1452, 0.0
1453, 0.0
1454, 0.0
1455, 0.0
1456, 0.0
1457, 0.0
1458, 0.0
1459, 0.0
1460, 0.0
1461, 0.0
1462, 0.0
1463, 0.0
1464, 0.0
1465, 0.0
1466, 0.0
1467, 0.0
1468, 0.0
1469, 0.0
1470, 0.0
1471, 0.0
1472, 0.0
1473, 0.0
1474, 0.0
1475, 0.0
1476, 0.0
1477, 0.0
1478, 0.0
1479, 0.0
1480, 0.0
1481, 0.0
1482, 0.0
1483, 0.0
1484, 0.0
1485, 0.0
1486, 0.0
1487, 0.0
1488, 0.0
1489, 0.0
1490, 0.0
1491, 0.0
1492, 0.0
1493, 0.0
1494, 0.0
1495, 0.0
1496, 0.0
1497, 0.0
1498, 0.0
1499, 0.0
1500, 0.0
1501, 0.0
1502, 0.0
1503, 0.0
1504, 0.0
1505, 0.0
1506, 0.0
1507, 0.0
1508, 0.0
1509, 0.0
1510, 0.0
1511, 0.0
1512, 0.0
1513, 0.0
1514, 0.0
1515, 0.0
1516, 0.0
1517, 0.0
1518, 0.0
1519, 0.0
1520, 0.0
1521, 0.0
1522, 0.0
1523, 0.0
1524, 0.0
1525, 0.0
1526, 0.0
1527, 0.0
1528, 0.0
1529, 0.0
1530, 0.0
1531, 0.0
1532, 0.0
1533, 0.0
1534, 0.0
1535, 0.0
1536, 0.0
1537, 0.0
1538, 0.0
1539, 0.0
1540, 0.0
1541, 0.0
1542, 0.0
1543, 0.0
1544, 0.0
1545, 0.0
1546, 0.0
1547, 0.0
1548, 0.0
1549, 0.0
1550, 0.0
1551, 0.0
1552, 0.0
1553, 0.0
1554, 0.0
1555, 0.0
1556, 0.0
1557, 0.0
1558, 0.0
1559, 0.0
1560, 0.0
1561, 0.0
1562, 0.0
1563, 0.0
1564, 0.0
1565, 0.0
1566, 0.0
1567, 0.0
1568, 0.0
1569, 0.0
1570, 0.0
1571, 0.0
1572, 0.0
1573, 0.0
1574, 0.0
1575, 0.0
1576, 0.0
1577, 0.0
1578, 0.0
1579, 0.0
1580, 0.0
1581, 0.0
1582, 0.0
1583, 0.0
1584, 0.0
1585, 0.0
1586, 0.0
1587, 0.0
1588, 0.0
1589, 0.0
1590, 0.0
1591, 0.0
1592, 0.0
1593, 0.0
1594, 0.0
1595, 0.0
1596, 0.0
1597, 0.0
1598, 0.0
1599, 0.0
