30, 0.0
31, 0.0
32, 0.0
33, 0.0
34, 0.0
35, 0.0
36, 0.0
37, 0.0
38, 0.0
39, 0.0
40, 0.0
41, 0.0
42, 0.0
43, 0.0
44, 0.0
45, 0.0
46, 0.0
47, 0.0
48, 0.0
49, 0.0
50, 0.0
51, 0.0
52, 0.0
53, 0.0
54, 0.0
55, 0.0
56, 0.0
57, 0.0
58, 0.0
59, 0.0
60, 0.0
61, 0.0
62, 0.0
63, 0.0
64, 0.0
65, 0.0
66, 0.0
67, 0.0
68, 0.0
69, 0.0
70, 0.0
71, 0.0
72, 0.0
73, 0.0
74, 0.0
75, 0.0
76, 0.0
77, 0.0
78, 0.0
79, 0.0
80, 0.0
81, 0.0
82, 0.0
83, 0.0
84, 0.0
85, 0.0
86, 0.0
87.0, 3.6139845303389304e-05
88.0, 0.00021473906659656147
89.0, 0.0008593461778550065
90.0, 0.003977814319499587
91.0, 0.006723540584183681
92.0, 0.008041742068302996
93.0, 0.006425277505814969
94.0, 0.006049388306644709
95.0, 0.005811847744623
96.0, 0.0035682495356756825
97.0, 0.003056921183494251
98.0, 0.003089672033722579
99.0, 0.0034038749978531923
100.0, 0.004049202946705662
101.0, 0.00401393339793359
102.0, 0.003781416608762433
103.0, 0.0039677884357558636
104.0, 0.004882404929116578
105.0, 0.00659103041617567
106.0, 0.009223851791471978
107.0, 0.013708113014975229
108.0, 0.01266318619494431
109.0, 0.010529289136676988
110.0, 0.011259311529124773
111.0, 0.010243720690886096
112.0, 0.008663202843325514
113.0, 0.007388559246094285
114.0, 0.010389229224172151
115.0, 0.01378074733347323
116.0, 0.01784606172943673
117.0, 0.022889531279896656
118.0, 0.024644244471602905
119.0, 0.025249948056929535
120.0, 0.024852623974710265
121.0, 0.023401285644974058
122.0, 0.021393568409520572
123.0, 0.018953534827081685
124.0, 0.016074067919687837
125.0, 0.012276955960454044
126.0, 0.011352568561862798
127.0, 0.012194605371373011
128.0, 0.013307564374604784
129.0, 0.015351332272116259
130.0, 0.018574697778399752
131.0, 0.022865040161005944
132.0, 0.025944977141285228
133.0, 0.032870890266849404
134.0, 0.041251908564964246
135.0, 0.04902683275631298
136.0, 0.06414184350560327
137.0, 0.07764991559755423
138.0, 0.08779634914381744
139.0, 0.08986744984707262
140.0, 0.08162464991024633
141.0, 0.06816580657788729
142.0, 0.05146290523998194
143.0, 0.03924879343825514
144.0, 0.029859470000054428
145.0, 0.022809375752054648
146.0, 0.017595759908734236
147.0, 0.013588397455689391
148.0, 0.010822184802820201
149.0, 0.009325424679779749
150.0, 0.00821790623468726
151.0, 0.006929897652094999
152.0, 0.005615003187790142
153.0, 0.004449717408663796
154.0, 0.003830937760995457
155.0, 0.0028980374021827784
156.0, 0.0018408732527505794
157.0, 0.002164921874124419
158.0, 0.00234576693444993
159.0, 0.0022620760536328135
160.0, 0.0018079415455807886
161.0, 0.0017325716934790975
162.0, 0.00251649363681195
163.0, 0.003844649960302454
164.0, 0.005116860828046976
165.0, 0.005511905896744619
166.0, 0.005550938524846575
167.0, 0.0052091075869416265
168.0, 0.002903226310074979
169.0, 0.0023106342278514844
170.0, 0.0025261599007426116
171.0, 0.002842610808527654
172.0, 0.0037202590163106916
173.0, 0.004050557346106828
174.0, 0.004217355872640214
175.0, 0.005994312466335896
176.0, 0.008770992884355802
177.0, 0.012495577330015915
178.0, 0.01729792870371349
179.0, 0.02535176732893061
180.0, 0.03291932824062896
181.0, 0.03789402554564558
182.0, 0.03644928732359681
183.0, 0.029662977351695957
184.0, 0.022255619939355133
185.0, 0.015316863489351244
186.0, 0.011131633177611663
187.0, 0.009752969668198061
188.0, 0.009654462661908501
189.0, 0.010134258404066674
190.0, 0.012944176696827629
191.0, 0.017912808837215487
192.0, 0.024722242300751027
193.0, 0.033126204311510976
194.0, 0.03800003202260574
195.0, 0.03885762237800672
196.0, 0.03552561723986763
197.0, 0.027995895330298094
198.0, 0.019716110443870234
199.0, 0.013020148280930547
200.0, 0.009824619305242185
201.0, 0.007891938581659628
202.0, 0.006033393779767556
203.0, 0.004238207528184693
204.0, 0.0025813734851867303
205.0, 0.003554477658045261
206.0, 0.004145471686245156
207.0, 0.00366585515812523
208.0, 0.0025147316881856925
209.0, 0.0029942816751201244
210.0, 0.003434179169667533
211.0, 0.0025353613684707217
212.0, 0.0007653114205193573
213.0, 0.00016983751612712337
214.0, 0.00035502749263077607
215.0, 0.0003314207704626174
216.0, 0.00014549268373726244
217.0, 0.0010025104026386115
218.0, 0.0028767349780650323
219.0, 0.002720823145226451
220.0, 0.0038233929926623314
221.0, 0.005464095851303272
222.0, 0.007192299497872796
223.0, 0.010767971381763454
224.0, 0.014866731639571668
225.0, 0.01958647798599383
226.0, 0.025349732512181672
227.0, 0.0327138994274348
228.0, 0.03993458901129683
229.0, 0.046275569622730744
230.0, 0.049090303599255806
231.0, 0.049071583684752215
232.0, 0.04709691211392606
233.0, 0.04348557183621693
234.0, 0.03821828590671343
235.0, 0.03274684053864659
236.0, 0.026899703926323456
237.0, 0.020286177022224676
238.0, 0.014510328017534444
239.0, 0.01136236961419386
240.0, 0.01028338018240644
241.0, 0.007071861249426516
242.0, 0.0058361448656564195
243.0, 0.005241315825899835
244.0, 0.004724999182365318
245.0, 0.004439926592115027
246.0, 0.005794337426754797
247.0, 0.007811254559022168
248.0, 0.009384556792340529
249.0, 0.013096211420104538
250.0, 0.016861512116445775
251.0, 0.020867421887334127
252.0, 0.02640746869778554
253.0, 0.029951585051102726
254.0, 0.032394747660781174
255.0, 0.03349231441223354
256.0, 0.0282470148767176
257.0, 0.021522942468595003
258.0, 0.015167955245706879
259.0, 0.010671265976931826
260.0, 0.007398751590741376
261.0, 0.004974417710083975
262.0, 0.003209303818080888
263.0, 0.0018638602582136533
264.0, 0.0010807058205006877
265.0, 0.0005143460071500098
266.0, 0.00028561171442230003
267.0, 0.0012982953019421793
268.0, 0.0013497528420304298
269.0, 0.0019666548718157836
270.0, 0.003674419558217766
271.0, 0.002729110734952933
272.0, 0.002320700783086588
273.0, 0.0020518908136945104
274.0, 0.0015323782286903358
275.0, 0.0023190111701312053
276.0, 0.002116031492766378
277.0, 0.0012055089929049482
278.0, 0.0004676680515506672
279.0, 0.0008277738762737595
280.0, 0.0009063965651194997
281.0, 0.0005575418376759268
282.0, 0.0006308530281678014
283.0, 0.0011370935101094
284.0, 0.001232334219944468
285.0, 0.0005329709803844822
286.0, 0.0005572935029279449
287.0, 0.001215142798064562
288.0, 0.0019672292585920896
289.0, 0.002243920362710597
290.0, 0.0021558259041724813
291.0, 0.003040575183012519
292.0, 0.0045887037891283525
293.0, 0.005982115816685641
294.0, 0.008313604613199993
295.0, 0.009541508226527398
296.0, 0.0099531332767451
297.0, 0.01320010714164227
298.0, 0.014257626116230005
299.0, 0.01617862297488196
300.0, 0.02020493113253226
301.0, 0.023933915129725113
302.0, 0.025675568565541488
303.0, 0.02661700395817453
304.0, 0.027728087947724467
305.0, 0.02888379988518066
306.0, 0.030352014393092878
307.0, 0.03246249426083293
308.0, 0.03589836298250001
309.0, 0.04239068638405277
310.0, 0.048968880392974624
311.0, 0.05552781612372609
312.0, 0.06318979992670105
313.0, 0.07140076102349009
314.0, 0.08126835662739025
315.0, 0.09351569589424752
316.0, 0.11084290258449449
317.0, 0.1346197322405836
318.0, 0.16662976094711404
319.0, 0.20858912119119577
320.0, 0.26175322289781744
321.0, 0.31734888280644763
322.0, 0.37062974288373873
323.0, 0.4159078595629512
324.0, 0.4312174314375423
325.0, 0.4150213198327722
326.0, 0.37582489180822026
327.0, 0.3288257832053269
328.0, 0.2719804772754939
329.0, 0.21997093726588002
330.0, 0.17619103310043382
331.0, 0.14527451210369483
332.0, 0.11954244611905764
333.0, 0.09818334716405727
334.0, 0.08135499574906417
335.0, 0.07128401468227201
336.0, 0.060114551063546136
337.0, 0.05164981042159958
338.0, 0.04795785927244047
339.0, 0.04154832084940556
340.0, 0.037808426496513184
341.0, 0.035870046321007744
342.0, 0.035050141661174115
343.0, 0.032013899711877535
344.0, 0.029674080301901086
345.0, 0.027940052782072997
346.0, 0.026561177590257896
347.0, 0.02585018759096275
348.0, 0.02565021925584991
349.0, 0.02598439213036405
350.0, 0.027025632096226427
351.0, 0.028298878654094247
352.0, 0.030142534419460118
353.0, 0.03261331711610339
354.0, 0.035615516342175545
355.0, 0.0390797413020673
356.0, 0.04100273472164576
357.0, 0.04080877554458685
358.0, 0.04090428164909113
359.0, 0.042281507166259696
360.0, 0.042645870577100516
361.0, 0.04083487716262757
362.0, 0.04585573293534672
363.0, 0.05047998907463833
364.0, 0.05648621712348273
365.0, 0.06570793647406226
366.0, 0.0773258587895794
367.0, 0.08414187492995277
368.0, 0.08668619912435828
369.0, 0.08562077149784568
370.0, 0.07640333600107307
371.0, 0.06670062062769472
372.0, 0.057361299710830246
373.0, 0.04886830202653652
374.0, 0.045796024729135
375.0, 0.045337012807771075
376.0, 0.04646414580660766
377.0, 0.047270387991298145
378.0, 0.052880519799919486
379.0, 0.05841398303020964
380.0, 0.06388881823316025
381.0, 0.07630263638297921
382.0, 0.09308762427515198
383.0, 0.11256206890888895
384.0, 0.13507653182311236
385.0, 0.16889015170022278
386.0, 0.21418641569889993
387.0, 0.26740449129604427
388.0, 0.3258889337188534
389.0, 0.3694633522439662
390.0, 0.39647394774759137
391.0, 0.4013862389071549
392.0, 0.37864687571613226
393.0, 0.3288700136316368
394.0, 0.27693867516218423
395.0, 0.22574191122881068
396.0, 0.17854536853334702
397.0, 0.1479807076599175
398.0, 0.11851898804778482
399.0, 0.09254350639053048
400.0, 0.07472885618772188
401.0, 0.06007831640629282
402.0, 0.04853043100267243
403.0, 0.04021423140548937
404.0, 0.03568902867189785
405.0, 0.02847184762322499
406.0, 0.023534391174234354
407.0, 0.020697973428342446
408.0, 0.017945294667594945
409.0, 0.015510539023547454
410.0, 0.013994346712511308
411.0, 0.013032435071516637
412.0, 0.010961445018894738
413.0, 0.008769181112516858
414.0, 0.008021634076121985
415.0, 0.008663405300910379
416.0, 0.008579114221115682
417.0, 0.0067337623134471674
418.0, 0.005453484067338244
419.0, 0.005271861265900326
420.0, 0.004797858610521988
421.0, 0.004618232271001394
422.0, 0.0044792657936783
423.0, 0.0042004980456319735
424.0, 0.003117199127786105
425.0, 0.003559481471530229
426.0, 0.003396964615274052
427.0, 0.0017992580044838987
428.0, 0.001745836375459355
429.0, 0.0015926301286214428
430.0, 0.0015041261488326122
431.0, 0.0015405933019925757
432.0, 0.0009684428411960785
433.0, 0.0008366509230858526
434.0, 0.0006390640726472982
435.0, 6.304877727866511e-05
436.0, 0.0006307162530569454
437.0, 0.000704548748909572
438.0, 0.0006616631767240201
439.0, 0.0008050608734330676
440.0, 0.0005398957796204225
441.0, 0.0006974050619778055
442.0, 0.0010075314187494113
443.0, 0.0012147875018742086
444.0, 0.0007969756952975976
445.0, 0.0005279217878666959
446.0, 0.000554986528485179
447.0, 0.0010449254202426672
448.0, 0.00038098572256829944
449.0, 0.0008136596832679429
450.0, 0.001218414126615024
451.0, 0.00017142824321395825
452.0, 0.00013846742420774494
453.0, 0.00025006326165692016
454.0, 0.0003676472302468237
455.0, 0.000343384792257561
456.0, 0.0004014871037838068
457.0, 0.0011292507628594406
458.0, 0.002510637204911679
459.0, 0.004514388642186302
460.0, 0.00642940048208408
461.0, 0.008018494549494791
462.0, 0.009368435233594924
463.0, 0.010620211687080942
464.0, 0.011829798248064308
465.0, 0.01198648690409985
466.0, 0.011585775178343966
467.0, 0.011495047507042742
468.0, 0.009297094352282959
469.0, 0.007692357280182665
470.0, 0.006741216619470954
471.0, 0.0062684013056252515
472.0, 0.004209608642956475
473.0, 0.0034851231821965032
474.0, 0.003295556564544508
475.0, 0.0019675704780422534
476.0, 0.002024328178065308
477.0, 0.0012208462951398978
478.0, 0.0004588362042256052
479.0, 0.001527982900494937
480.0, 0.001138536145437679
481.0, 0.000519955349624955
482.0, 0.00016812307738567152
483.0, 0.0007630304143599181
484.0, 0.0005837967620996617
485.0, 0.00030673734779421553
486.0, 0.00012121809084845455
487.0, 0.0002570045970029062
488.0, 0.00019782338903818377
489.0, 0.00025744266100806326
490.0, 0.0003551263456727606
491.0, 0.0003369048603362988
492.0, 0.0008561496000474281
493.0, 0.0010353979780453122
494.0, 0.0009250448525127942
495.0, 0.0006624320936543958
496.0, 0.0014543579684975143
497.0, 0.001458361380266144
498.0, 0.0013931083437101876
499.0, 0.002340136198797001
500.0, 0.00399768402179044
501.0, 0.005914172100443425
502.0, 0.007921719523353014
503.0, 0.009834146718928767
504.0, 0.013308031578775168
505.0, 0.018030584119002515
506.0, 0.023602754256045636
507.0, 0.02959034158549942
508.0, 0.03208008858177021
509.0, 0.033749677296090574
510.0, 0.034599883802720825
511.0, 0.03464206536818127
512.0, 0.03640116781693744
513.0, 0.03873578990451181
514.0, 0.040975968355781024
515.0, 0.04239811465975926
516.0, 0.03828056669887146
517.0, 0.034646260233643866
518.0, 0.03136778569412323
519.0, 0.02823041801156409
520.0, 0.022834549770570537
521.0, 0.021352665336591505
522.0, 0.021175560331821434
523.0, 0.020817109297953565
524.0, 0.02260761330793165
525.0, 0.02491142504547095
526.0, 0.028377601980715667
527.0, 0.033078761840167135
528.0, 0.036314542864991514
529.0, 0.03839796390017798
530.0, 0.03980945447695759
531.0, 0.039969134400193236
532.0, 0.03360934330815006
533.0, 0.029173890765462222
534.0, 0.02551774041341538
535.0, 0.022060534567110834
536.0, 0.01793005784712732
537.0, 0.015762004271769343
538.0, 0.013398668301867245
539.0, 0.010585417686462033
540.0, 0.008728886073720991
541.0, 0.007212359334652655
542.0, 0.0071109802635732815
543.0, 0.007369858543491226
544.0, 0.004170788525556023
545.0, 0.005235285793124963
546.0, 0.005731003477427432
547.0, 0.005220850014400514
548.0, 0.004439046808775162
549.0, 0.004977401225034639
550.0, 0.004914577703642831
551.0, 0.004543567810494816
552.0, 0.004713642963539291
553.0, 0.004904047382081007
554.0, 0.005516609628561192
555.0, 0.0065972366598743715
556.0, 0.008171137067831772
557.0, 0.010504058166222923
558.0, 0.01159159440565035
559.0, 0.011749251207620272
560.0, 0.011321102796467558
561.0, 0.009670511230189041
562.0, 0.009330043872108297
563.0, 0.008366976368028559
564.0, 0.005658534046709115
565.0, 0.005395060501240804
566.0, 0.005750735398935324
567.0, 0.004762568124959116
568.0, 0.002002429930640885
569.0, 0.00217926257975572
570.0, 0.0028293835995142572
571.0, 0.0025305661320410666
572.0, 0.0012540440544999258
573.0, 0.001419174315974732
574.0, 0.0022683724891103285
575.0, 0.0026405612518556935
576.0, 0.0023545031533669866
577.0, 0.0017792451230067366
578.0, 0.0015821486438289708
579.0, 0.0018058574311925531
580.0, 0.002221951624471777
581.0, 0.0023355505790666024
582.0, 0.0007559237903975019
583.0, 0.0009142166478389688
584.0, 0.001832973747006535
585.0, 0.0016764263212300785
586.0, 0.00055651868095228
587.0, 0.0010080429012415233
588.0, 0.0016289155369862364
589.0, 0.001042151919199707
590.0, 0.002156119076368126
591.0, 0.0019281728285601221
592.0, 0.0011545960434992707
593.0, 0.00043748250888394653
594.0, 0.00040067355297688107
595.0, 0.0001995295345605945
596.0, 0.000367288619727997
597.0, 0.0008763486520189832
598.0, 0.00033671882830361034
599.0, 0.0009253034493409296
600.0, 0.0011072047267724403
601.0, 0.0009660339013381047
602.0, 0.0020769079435414305
603.0, 0.0018290523224496194
604.0, 0.0011464831637116334
605.0, 0.0007893737692360805
606.0, 0.0019492339769234205
607.0, 0.0017206336195114307
608.0, 0.001011699007793723
609.0, 0.0009042399769676446
610.0, 0.00260114078648662
611.0, 0.0009051436023798526
612.0, 0.0011255404479601683
613.0, 0.0016062829033076584
614.0, 0.0012535605771588265
615.0, 0.002907713479030879
616.0, 0.0025588170643861758
617.0, 0.0022263276580120036
618.0, 0.0028522263059851524
619.0, 0.00427047192905788
620.0, 0.005501487415149124
621.0, 0.005169181438988747
622.0, 0.003975778165939587
623.0, 0.005204281251005128
624.0, 0.005250710230026813
625.0, 0.006052942999152108
626.0, 0.006523261254268185
627.0, 0.0043065741702568335
628.0, 0.008540236975429924
629.0, 0.008293739742590577
630.0, 0.006593656061925422
631.0, 0.00715579920010693
632.0, 0.010656342094497874
633.0, 0.011056480957308096
634.0, 0.011017269674700805
635.0, 0.01183339638366105
636.0, 0.010669027412807754
637.0, 0.012213969239962607
638.0, 0.013525449276832092
639.0, 0.013976654553061591
640.0, 0.014985483027378
641.0, 0.017577132505877308
642.0, 0.01969407568311891
643.0, 0.021292943221497152
644.0, 0.02298583110028092
645.0, 0.0231247609722312
646.0, 0.025183164932041945
647.0, 0.028334081943104814
648.0, 0.03139380801714031
649.0, 0.03297044267531085
650.0, 0.03622193138657527
651.0, 0.04059515234984284
652.0, 0.0462467646137561
653.0, 0.05682554549753421
654.0, 0.06397168757588347
655.0, 0.07371167822083784
656.0, 0.0875909387199127
657.0, 0.10431791962907923
658.0, 0.12576709061341568
659.0, 0.15328382102210952
660.0, 0.18737097052814627
661.0, 0.22832669347098059
662.0, 0.2794146037774085
663.0, 0.3359672343661829
664.0, 0.3943386098955899
665.0, 0.4493021268006035
666.0, 0.47129429083487184
667.0, 0.47555455810036895
668.0, 0.45199906796728523
669.0, 0.40094082073591214
670.0, 0.345167106384621
671.0, 0.28665892462972464
672.0, 0.23579529144076672
673.0, 0.19457003918430194
674.0, 0.16216599006007912
675.0, 0.13308440994329462
676.0, 0.10944034140068101
677.0, 0.09175261166143989
678.0, 0.08002465052307228
679.0, 0.06944525967601092
680.0, 0.06051773282078548
681.0, 0.051953452551577815
682.0, 0.04382019860977082
683.0, 0.041001943057760094
684.0, 0.036823394690971116
685.0, 0.03340810221222144
686.0, 0.03087467919868518
687.0, 0.0280848634987329
688.0, 0.023742396824856987
689.0, 0.02270277320575298
690.0, 0.022699055320741103
691.0, 0.020506041728400964
692.0, 0.01927250590872728
693.0, 0.016213549791202077
694.0, 0.015266856565612831
695.0, 0.017338866111616072
696.0, 0.013554834149230784
697.0, 0.013474303355032437
698.0, 0.01375647268361331
699.0, 0.014072850623360325
700.0, 0.015833640601978137
701.0, 0.0160941528108849
702.0, 0.015507673047214982
703.0, 0.015383219446383234
704.0, 0.017097690008770802
705.0, 0.019812735406678387
706.0, 0.0218710674154739
707.0, 0.022564787547014242
708.0, 0.021217721202202857
709.0, 0.016223933542160285
710.0, 0.016100197422911213
711.0, 0.015357218100091547
712.0, 0.01364262503841081
713.0, 0.012825182644432519
714.0, 0.010749145161556022
715.0, 0.010262281015822947
716.0, 0.00963215478044078
717.0, 0.007473875321056498
718.0, 0.009204480610005367
719.0, 0.008615066988213821
720.0, 0.008047929156309684
721.0, 0.008112709212051226
722.0, 0.007369594876533226
723.0, 0.006439025523398767
724.0, 0.004765837050366205
725.0, 0.0031936957289021516
726.0, 0.0030906355756400153
727.0, 0.00455557574403487
728.0, 0.0031871066931179067
729.0, 0.0026483758642681906
730.0, 0.004755336205512574
731.0, 0.00466977534839145
732.0, 0.0017537951474437279
733.0, 0.0005495219618037281
734.0, 0.0016389810968761493
735.0, 0.003422139968604831
736.0, 0.0028482753025314213
737.0, 0.004024214087076987
738.0, 0.00445745360175803
739.0, 0.001962837279125055
740.0, 0.0038467736681662493
741.0, 0.003738348884754997
742.0, 0.0021859070451259307
743.0, 0.0006433171772886948
744.0, 0.003200876949888997
745.0, 0.003219831666524967
746.0, 0.0024385057040502804
747.0, 0.0014283872959842893
748.0, 0.0006672006390328466
749.0, 0.0012564297489728333
750.0, 0.0011205004799223577
751.0, 0.0017951716279533448
752.0, 0.0032181662987991033
753.0, 0.00094104999163494
754.0, 0.0017608581297294157
755.0, 0.0023269436113979086
756.0, 0.0020005108836632585
757.0, 0.0008802718879112674
758.0, 0.001485464375264791
759.0, 0.0017597162121327462
760.0, 0.0019451476072680448
761.0, 0.0020582765997222037
762.0, 0.000938685118635276
763.0, 0.0003018844858185169
764.0, 0.00014141312445774558
765.0, 0.00023079998548072942
766.0, 0.00011129155241308853
767.0, 0.0018561425489814639
768.0, 0.002237607743481595
769.0, 0.0015762270158520208
770.0, 0.0005448209216422177
771.0, 0.0012328408379149013
772.0, 0.0007089633604488472
773.0, 0.0012727288257877516
774.0, 0.002294970855831904
775.0, 0.0007918457512897572
776.0, 0.0014750010800531554
777.0, 0.0011347190303997543
778.0, 0.0007315201241871673
779.0, 0.0010724675544313456
780.0, 0.00028269740015375545
781.0, 0.00085219889125383
782.0, 0.0018177735350135226
783.0, 0.002182762749387184
784.0, 0.00036028688651861007
785.0, 0.0009715443526494864
786.0, 0.0018766239367335755
787.0, 0.0022169307666526595
788.0, 0.001537363571313689
789.0, 0.0014019351453986707
790.0, 0.0015307066531400437
791.0, 0.0015425778509573493
792.0, 0.0013218308180948447
793.0, 0.0008864444209145171
794.0, 0.0006015708776227672
795.0, 0.001966213724020766
796.0, 0.006794154152571279
797.0, 0.01410304973515902
798.0, 0.0055208730108244715
799.0, 0.014445011408788361
800.0, 0.01941024262040436
801.0, 0.016922683169573047
802.0, 0.012789867387946355
803.0, 0.005280844055845909
804.0, 0.001771966788843578
805.0, 0.0013203136064745752
806.0, 0.0022740013468724204
807.0, 0.0009232404195854011
808.0, 0.0012227802294384736
809.0, 0.0012859565880177092
810.0, 0.00089371180905573
811.0, 0.0004796932838992709
812.0, 0.0010031390716954331
813.0, 0.0017699017453090278
814.0, 0.001643048955797336
815.0, 0.0004961207792299302
816.0, 0.0010141393397711666
817.0, 0.0007313826274809735
818.0, 0.0007464581466519599
819.0, 0.0010711886338819027
820.0, 0.0014048446811223303
821.0, 0.0008865168719693555
822.0, 0.0009618159775807559
823.0, 0.001230346230007579
824.0, 0.001275462912066198
825.0, 0.0003880872139301076
826.0, 0.001928664151759046
827.0, 0.001811965403151584
828.0, 0.0008788771592955271
829.0, 0.0005311420954623874
830.0, 0.0004015583364755813
831.0, 0.0014626512212341702
832.0, 0.0013588453533788095
833.0, 0.00042303141321528977
834.0, 0.0013166145514850074
835.0, 0.0007568880061829517
836.0, 0.0005447097723933526
837.0, 0.0009937065576969086
838.0, 0.001859200446699432
839.0, 0.0007706760151320341
840.0, 0.00028999873046082087
841.0, 0.0013656297558181237
842.0, 0.0022767304138054953
843.0, 0.00022563593174332363
844.0, 0.0007292946895494337
845.0, 0.0017756622800794955
846.0, 0.002752719300201105
847.0, 0.0035024609394405165
848.0, 0.0045626498576070654
849.0, 0.004836489731785956
850.0, 0.006142054253564429
851.0, 0.00869609278836075
852.0, 0.012017227085794223
853.0, 0.011878197041681983
854.0, 0.01602607457449055
855.0, 0.01877572693769126
856.0, 0.019241537899461602
857.0, 0.019116736215164055
858.0, 0.01468803197333904
859.0, 0.01227102813920821
860.0, 0.010970467197764247
861.0, 0.010034087960585015
862.0, 0.009124112974834028
863.0, 0.008087904948980913
864.0, 0.0070711130143862174
865.0, 0.006104781383120799
866.0, 0.0052871889083331335
867.0, 0.005717987372293709
868.0, 0.004745104189757908
869.0, 0.004842669566883206
870.0, 0.005429540125881326
871.0, 0.003633879783919181
872.0, 0.004159577655267568
873.0, 0.0035761395208532944
874.0, 0.0036392077559404333
875.0, 0.004575276722500193
876.0, 0.002553153716295795
877.0, 0.003901611167209199
878.0, 0.0046397569788753385
879.0, 0.005027616667570233
880.0, 0.005820060855216904
881.0, 0.005440211485916146
882.0, 0.005323188333406306
883.0, 0.00459356190760948
884.0, 0.0038936364569046285
885.0, 0.004873113893266921
886.0, 0.003812405832491283
887.0, 0.003255897516695317
888.0, 0.0032866215672044097
889.0, 0.003718068902772658
890.0, 0.003848955791822979
891.0, 0.00505337565969223
892.0, 0.005390518933886987
893.0, 0.006246559196739838
894.0, 0.00823364731469125
895.0, 0.00554749317933487
896.0, 0.0058638730740713475
897.0, 0.005317204053761781
898.0, 0.004320084352652809
899.0, 0.004804056159749757
900.0, 0.007378515352064721
901.0, 0.0069374016655754725
902.0, 0.006681519052379172
903.0, 0.007464501945509424
904.0, 0.008073201750830946
905.0, 0.007184900134682792
906.0, 0.007786495913593595
907.0, 0.009652193459401394
908.0, 0.011823812665817862
909.0, 0.011552386522859294
910.0, 0.010669403757920817
911.0, 0.010399394605705683
912.0, 0.011533427396018255
913.0, 0.013949701200286551
914.0, 0.012211944865828515
915.0, 0.014168045827410155
916.0, 0.0144784251052119
917.0, 0.012904899712385344
918.0, 0.01123153828681117
919.0, 0.011284289929210014
920.0, 0.009714148545389645
921.0, 0.008614714171567282
922.0, 0.007906868752176546
923.0, 0.005560841948411888
924.0, 0.006718493138314401
925.0, 0.006205634072860589
926.0, 0.005226838510705133
927.0, 0.004432331284519081
928.0, 0.0032174714392673755
929.0, 0.0028423975867308882
930.0, 0.0029168353642493178
931.0, 0.003941146428354654
932.0, 0.005396394153071584
933.0, 0.002168675982825663
934.0, 0.0019250698658391727
935.0, 0.0033113750237079432
936.0, 0.003472102207409464
937.0, 0.0004125209328327145
938.0, 0.00364358737903717
939.0, 0.0029515945437609344
940.0, 0.0017853688527151813
941.0, 0.0016885261802901581
942.0, 0.0033190046276385613
943.0, 0.0027865367097726283
944.0, 0.0016587394950362063
945.0, 0.0010020566600699474
946.0, 0.0009498191474685706
947.0, 0.00086694338418578
948.0, 0.0019124750634158289
949.0, 0.0018607544995137817
950.0, 0.00214570973775444
951.0, 0.0031174492652467677
952.0, 0.0035033678205177803
953.0, 0.004201566857843119
954.0, 0.004376017694420565
955.0, 0.003717983546804074
956.0, 0.002666939207555416
957.0, 0.00350583322157734
958.0, 0.004534658139060498
959.0, 0.004958233528127422
960.0, 0.005785402645326845
961.0, 0.007483049015469738
962.0, 0.007454268326548542
963.0, 0.006248347955121636
964.0, 0.007208235458020592
965.0, 0.008583907064534185
966.0, 0.00839578539404856
967.0, 0.010690805819022984
968.0, 0.01030966425165003
969.0, 0.01014198347201399
970.0, 0.011065675797893425
971.0, 0.012935139936748044
972.0, 0.011456096894002045
973.0, 0.012025537861454506
974.0, 0.01178440386851247
975.0, 0.012084560967187304
976.0, 0.015747908162440198
977.0, 0.014313034990391839
978.0, 0.013012951753109217
979.0, 0.014195423398808062
980.0, 0.016769658646967493
981.0, 0.017327676335681275
982.0, 0.01642101061247397
983.0, 0.02036961305403851
984.0, 0.02122438175600874
985.0, 0.019771080635169233
986.0, 0.024422322201034796
987.0, 0.027374477810615597
988.0, 0.025971657294267387
989.0, 0.027916488527036255
990.0, 0.03351481688873452
991.0, 0.03475396324569251
992.0, 0.037477192720310845
993.0, 0.0411770382448003
994.0, 0.04561171965990131
995.0, 0.050860812130102045
996.0, 0.057494986680483286
997.0, 0.06386384690438233
998.0, 0.07210415227911332
999.0, 0.07888973599300204
1000.0, 0.08623848174312689
1001.0, 0.10543304850949203
1002.0, 0.11679991042065518
1003.0, 0.13690695718922205
1004.0, 0.16293729142831617
1005.0, 0.19354071072011225
1006.0, 0.23226714466591694
1007.0, 0.28888131948084816
1008.0, 0.36300345065215556
1009.0, 0.45836501274957914
1010.0, 0.577104998612309
1011.0, 0.7204804667322393
1012.0, 0.8675634420105702
1013.0, 0.9611305469781586
1014.0, 0.9774169275661476
1015.0, 0.9115764287900954
1016.0, 0.7833586069877554
1017.0, 0.6198290301214762
1018.0, 0.48039425493391
1019.0, 0.36691477681174695
1020.0, 0.2782608873575045
1021.0, 0.2188433837453446
1022.0, 0.17627935162828276
1023.0, 0.143867925325878
1024.0, 0.12092806044553236
1025.0, 0.10421199108221271
1026.0, 0.08494824084880816
1027.0, 0.07628086422868811
1028.0, 0.0687372693831909
1029.0, 0.06264359934359669
1030.0, 0.057910001611124945
1031.0, 0.05251290384986169
1032.0, 0.048790463541219756
1033.0, 0.04569483290416565
1034.0, 0.043038509828804056
1035.0, 0.040797951693365704
1036.0, 0.039182173068822664
1037.0, 0.03908709775828294
1038.0, 0.03834889771326025
1039.0, 0.03853549844195318
1040.0, 0.0399716729084519
1041.0, 0.04092265627597274
1042.0, 0.03932028273716407
1043.0, 0.04153804599869384
1044.0, 0.044322834639274646
1045.0, 0.045226257823231385
1046.0, 0.04316792117531165
1047.0, 0.045336760880747506
1048.0, 0.0453266519813994
1049.0, 0.04500853590028969
1050.0, 0.043531553771615494
1051.0, 0.037263402080246096
1052.0, 0.03679034990894977
1053.0, 0.03280242635154855
1054.0, 0.028124622323372865
1055.0, 0.02388075661124458
1056.0, 0.019951930490066588
1057.0, 0.021861296762130396
1058.0, 0.017934684239346056
1059.0, 0.01636743824305365
1060.0, 0.01693975343504243
1061.0, 0.014632743762350554
1062.0, 0.012745075569524497
1063.0, 0.012815218518170328
1064.0, 0.013010211767368721
1065.0, 0.013056340431170823
1066.0, 0.013173257708872285
1067.0, 0.011572315215424036
1068.0, 0.012816522650522284
1069.0, 0.011783852274212228
1070.0, 0.008966896615393467
1071.0, 0.00722716600298676
1072.0, 0.012119429359069579
1073.0, 0.010025282312903118
1074.0, 0.007984717007610168
1075.0, 0.007728794364253731
1076.0, 0.008899958905068506
1077.0, 0.00788963285925024
1078.0, 0.006562238500183316
1079.0, 0.007683744567271565
1080.0, 0.008163655488239092
1081.0, 0.006987956622014178
1082.0, 0.01008886930126196
1083.0, 0.008242109092277173
1084.0, 0.009600344795671229
1085.0, 0.009144927835228094
1086.0, 0.0062702781700625316
1087.0, 0.008521969422547744
1088.0, 0.007514406976600307
1089.0, 0.005318033447607511
1090.0, 0.004425877899329
1091.0, 0.004898747952771462
1092.0, 0.004475816872818013
1093.0, 0.0029894868173248245
1094.0, 0.0020003502903371585
1095.0, 0.0014548992459286305
1096.0, 0.00127519907687016
1097.0, 0.001333787871295957
1098.0, 0.0012855111763038882
1099.0, 0.001947464144369166
1100.0, 0.002982219883512013
1101.0, 0.0031912292049786446
1102.0, 0.0017861581558107323
1103.0, 0.0014566729154494751
1104.0, 0.0006045115172965095
1105.0, 0.0015360759116936841
1106.0, 0.001885876966692967
1107.0, 0.0007386272590249618
1108.0, 0.0033889652477113808
1109.0, 0.0008685968730611061
1110.0, 2.7293823110092852e-05
1111.0, 0.00014653531412432293
1112.0, 0.00044491650261048037
1113.0, 0.0009727500585789483
1114.0, 0.0011681666511428517
1115.0, 0.001852119682180542
1116.0, 0.0019059569556597075
1117.0, 0.0017503743277004521
1118.0, 0.002838003377711818
1119.0, 0.003406974619846029
1120.0, 0.0015720433367890768
1121.0, 0.003065027958554825
1122.0, 0.007961080157545382
1123.0, 0.013559675600584834
1124.0, 0.015500270322742649
1125.0, 0.014750530583346641
1126.0, 0.01280240615960421
1127.0, 0.00993820451910264
1128.0, 0.006364000503706706
1129.0, 0.0025471356076576667
1130.0, 0.0036516432828943954
1131.0, 0.004720409492357544
1132.0, 0.004311215966073855
1133.0, 0.002542907885042516
1134.0, 0.0011091725411066275
1135.0, 0.0003309340389069667
1136.0, 0.0046700932200481
1137.0, 0.005743480211378823
1138.0, 0.004523533740044367
1139.0, 0.006065314922546279
1140.0, 0.0017231526703616789
1141.0, 0.001760469551620783
1142.0, 0.0020151100080842985
1143.0, 0.0018590739638737793
1144.0, 0.0017863394432512808
1145.0, 0.0028796102937439986
1146.0, 0.004155100406250148
1147.0, 0.0040283853258606134
1148.0, 0.0028469698355986627
1149.0, 0.0012855150564125525
1150.0, 0.00013740781527893432
1151.0, 0.00034304493877543275
1152.0, 0.002610515089432785
1153.0, 0.003194150429796314
1154.0, 0.0021115955999135403
1155.0, 0.001537032223977497
1156.0, 0.0015974761988892543
1157.0, 0.0009044830440929448
1158.0, 0.000868734359802771
1159.0, 0.0011005921785993324
1160.0, 0.0009119160314508667
1161.0, 5.313816559844559e-05
1162.0, 0.0006254834647908916
1163.0, 0.0025587069281475102
1164.0, 0.005337004623501596
1165.0, 0.006612146108466898
1166.0, 0.0026804653885615965
1167.0, 0.0011418521136111904
1168.0, 0.0014379521248182757
1169.0, 0.0016832684267801912
1170.0, 0.0022894860448997027
1171.0, 0.003808343611624611
1172.0, 0.0022678681389938734
1173.0, 0.0020963519575975284
1174.0, 0.0019083449303343074
1175.0, 0.002350691010667219
1176.0, 0.0033796371572276836
1177.0, 0.0032772887016355224
1178.0, 0.0030442138956044804
1179.0, 0.0027312359891288308
1180.0, 0.0021700751111769596
1181.0, 0.0019493891442118353
1182.0, 0.0027266057004569876
1183.0, 0.0017990159032096114
1184.0, 0.004308823283571995
1185.0, 0.0026553051453471967
1186.0, 0.0014015740228549302
1187.0, 0.003971678760687383
1188.0, 0.004216272160029605
1189.0, 0.0013332958604375228
1190.0, 0.002157344007857393
1191.0, 0.0032368032963622584
1192.0, 0.003703830449166948
1193.0, 0.004919927008419466
1194.0, 0.0028379161151060248
1195.0, 0.00287248667361321
1196.0, 0.001729532684003849
1197.0, 0.0016104149710111228
1198.0, 0.0036188634141395316
1199.0, 0.0015714928987049695
1200.0, 0.0043339603833050695
1201.0, 0.006560539175160944
1202.0, 0.0077015272955143045
1203.0, 0.006580462802172549
1204.0, 0.0023535100315523138
1205.0, 0.007439041613902584
1206.0, 0.005880856499571923
1207.0, 0.005229935976598592
1208.0, 0.0052841110872129116
1209.0, 0.004822083873006421
1210.0, 0.006326056115765283
1211.0, 0.006062576536256299
1212.0, 0.0056309749945608785
1213.0, 0.005503367221738348
1214.0, 0.005282752711305442
1215.0, 0.004232159074734777
1216.0, 0.005205629244197393
1217.0, 0.005941814215464507
1218.0, 0.007289226204141999
1219.0, 0.007690121656757976
1220.0, 0.006040099617461491
1221.0, 0.0036865591391701613
1222.0, 0.0038823779966533807
1223.0, 0.0017291171337008152
1224.0, 0.004539580619351894
1225.0, 0.009398213540266183
1226.0, 0.00792766835293718
1227.0, 0.007027031410112737
1228.0, 0.004128299870312291
1229.0, 0.006014055264494459
1230.0, 0.007794540503444994
1231.0, 0.006578933216912408
1232.0, 0.00682852594542591
1233.0, 0.004593518549331607
1234.0, 0.006099608367165356
1235.0, 0.007210026878625781
1236.0, 0.006487588133770711
1237.0, 0.0052389109544630965
1238.0, 0.009682781502257237
1239.0, 0.006455380645864153
1240.0, 0.0057729326136811135
1241.0, 0.007567348485412296
1242.0, 0.008493325865752714
1243.0, 0.0041660656753857335
1244.0, 0.0049495035491094515
1245.0, 0.005008353944816867
1246.0, 0.006326150757490996
1247.0, 0.007213643006515073
1248.0, 0.005826258554218445
1249.0, 0.0027314926187055515
1250.0, 0.007508198694083232
1251.0, 0.0076179578666877865
1252.0, 0.005510842806307981
1253.0, 0.005107557691585411
1254.0, 0.008754403978773143
1255.0, 0.008086303643732773
1256.0, 0.006174508585951028
1257.0, 0.003370721633055646
1258.0, 0.0015408128639855362
1259.0, 0.0025581786933051806
1260.0, 0.007067293626764729
1261.0, 0.0019632343720570474
1262.0, 0.001951027258068747
1263.0, 0.004941587357301758
1264.0, 0.006722146109484684
1265.0, 0.0049928642356760885
1266.0, 0.0035201530124417913
1267.0, 0.006528327172451804
1268.0, 0.006544445384874838
1269.0, 0.0049808590811547425
1270.0, 0.0031215057015741327
1271.0, 0.0023367922354334634
1272.0, 0.005901729529035315
1273.0, 0.0032516954036980825
1274.0, 0.0035037292493831198
1275.0, 0.0036913968015786724
1276.0, 0.0034254037191215137
1277.0, 0.0054270121812659165
1278.0, 0.0015359904989424072
1279.0, 0.0035082809923288267
1280.0, 0.004166169414469111
1281.0, 0.004049260016822622
1282.0, 0.00393740035303736
1283.0, 0.0019890234605227848
1284.0, 0.0005511998641109975
1285.0, 0.0014720556828209928
1286.0, 0.0037645088029382486
1287.0, 0.004381203125393378
1288.0, 0.0025411215138547716
1289.0, 0.005335739874603489
1290.0, 0.004025641160766975
1291.0, 0.004634015768717757
1292.0, 0.003599580274561138
1293.0, 0.001393173643758249
1294.0, 0.0007971960387443778
1295.0, 0.002191936510579375
1296.0, 0.0032735694437956288
1297.0, 0.0036406382285037405
1298.0, 0.003936374487863124
1299.0, 0.004435624788907983
1300.0, 0.004859641569542489
1301.0, 0.004297699746894428
1302.0, 0.0036257079246891062
1303.0, 0.0017642132728411556
1304.0, 0.0012414303246551424
1305.0, 0.0021321099693707114
1306.0, 0.001152728899657043
1307.0, 0.0014634141137239221
1308.0, 0.002242506298390418
1309.0, 0.0016033170501935643
1310.0, 0.0017608642558670342
1311.0, 0.002840162198627422
1312.0, 0.00020279945266588487
1313.0, 0.00018924074468242523
1314.0, 0.002131191693649129
1315.0, 0.0026441372370541497
1316.0, 0.001613638504983844
1317.0, 0.00042004442426708235
1318.0, 0.0007528548759464343
1319.0, 0.001712536644018879
1320.0, 0.003670381325267408
1321.0, 0.004273566710650793
1322.0, 0.004024896057701499
1323.0, 0.004232591579332594
1324.0, 0.004573593789128541
1325.0, 0.0031049578035734614
1326.0, 0.0025232309171051323
1327.0, 0.001624780804568716
1328.0, 0.0009338869652672689
1329.0, 0.0014833102264874103
1330.0, 0.002586454115555013
1331.0, 0.003264776226530732
1332.0, 0.003557906863980154
1333.0, 0.0034302456093582706
1334.0, 0.0032534818262547555
1335.0, 0.003309449593079406
1336.0, 0.002617449818198745
1337.0, 0.0009443249330212654
1338.0, 0.00037012003899456126
1339.0, 0.0015810729964636334
1340.0, 0.0024353149496099636
1341.0, 0.001032785310045455
1342.0, 0.004193058006662234
1343.0, 0.0023362180656629735
1344.0, 0.0022076310599683795
1345.0, 0.003353471870054777
1346.0, 0.005612527338664213
1347.0, 0.008328686815100137
1348.0, 0.005452816214014935
1349.0, 0.0012835071916282076
1350.0, 0.001169516468735152
1351.0, 0.0030339980737860927
1352.0, 0.004185724050250543
1353.0, 0.0033641797788908664
1354.0, 0.004354875651165243
1355.0, 0.005681755917655026
1356.0, 0.003079668422113259
1357.0, 0.004306129994957632
1358.0, 0.009091992576087404
1359.0, 0.01054864860387669
1360.0, 0.004496204250953424
1361.0, 0.0076446215588477015
1362.0, 0.004958205317997193
1363.0, 0.0053704513165246685
1364.0, 0.00873061491007054
1365.0, 0.008518091221930046
1366.0, 0.006623463098303236
1367.0, 0.0072438439943683895
1368.0, 0.009822565946480209
1369.0, 0.0105806255893017
1370.0, 0.00913818483079303
1371.0, 0.00782421124323573
1372.0, 0.009235409451544685
1373.0, 0.007962994428908021
1374.0, 0.008720690575482616
1375.0, 0.00938763313780465
1376.0, 0.01021287816835963
1377.0, 0.011608356431611195
1378.0, 0.009467833878204773
1379.0, 0.010385953307664925
1380.0, 0.009842135981035297
1381.0, 0.009614549665333344
1382.0, 0.01030752165378387
1383.0, 0.011122415496083032
1384.0, 0.009905349378789266
1385.0, 0.011630381259243903
1386.0, 0.0119747002951677
1387.0, 0.010014764273680891
1388.0, 0.008793659150487354
1389.0, 0.009502727105824272
1390.0, 0.006943000481435461
1391.0, 0.008760697349789332
1392.0, 0.008971013626552485
1393.0, 0.008712178998859446
1394.0, 0.00982370210056774
1395.0, 0.010785526742414593
1396.0, 0.0060508533012245645
1397.0, 0.007639845769084369
1398.0, 0.008629464436446055
1399.0, 0.009372559837894208
1400.0, 0.010129464331454289
1401.0, 0.009343149127803447
1402.0, 0.005014424514198425
1403.0, 0.007406789942476533
1404.0, 0.006982192593838473
1405.0, 0.007569306288697539
1406.0, 0.00873441456989682
1407.0, 0.008729815723862354
1408.0, 0.006406176687421657
1409.0, 0.005426323208743436
1410.0, 0.009080935226938005
1411.0, 0.007156166754182323
1412.0, 0.009823524786342087
1413.0, 0.013229565989241653
1414.0, 0.009397926129638615
1415.0, 0.009427393152198874
1416.0, 0.011105711201834505
1417.0, 0.008868131224164175
1418.0, 0.006090021132410207
1419.0, 0.007856536467914621
1420.0, 0.012140619991788022
1421.0, 0.004514929581801893
1422.0, 0.01218140351463288
1423.0, 0.006798716433769636
1424.0, 0.0073262315991984225
1425.0, 0.009625304163972498
1426.0, 0.007804024214082435
1427.0, 0.004050500214041071
1428.0, 0.007708700087591676
1429.0, 0.007552634110812256
1430.0, 0.0076901024819915125
1431.0, 0.007660028635261722
1432.0, 0.008458567233036542
1433.0, 0.011185128902284784
1434.0, 0.010123438677676986
1435.0, 0.005942643419948811
1436.0, 0.012796726313611515
1437.0, 0.01572019201346786
1438.0, 0.013537180846006639
1439.0, 0.01120820814322452
1440.0, 0.007232726934178606
1441.0, 0.009813061749553294
1442.0, 0.011418909212535341
1443.0, 0.010345646989883939
1444.0, 0.010603684416397835
1445.0, 0.011628598744223596
1446.0, 0.006991871524218481
1447.0, 0.011149316769850677
1448.0, 0.009723749009135451
1449.0, 0.008053150882428545
1450.0, 0.0049971216709705155
1451.0, 0.004419551157855427
1452.0, 0.010221902978576027
1453.0, 0.010710435301111005
1454.0, 0.012139234764540627
1455.0, 0.013973605190612491
1456.0, 0.010155371477108358
1457.0, 0.006175663032862452
1458.0, 0.00871543724501744
1459.0, 0.01538432349913407
1460.0, 0.00784715194490863
1461.0, 0.011225067434547896
1462.0, 0.006083824088809952
1463.0, 0.002182571794517499
1464.0, 0.004891476916813321
1465.0, 0.007534376493031868
1466.0, 0.0013588988877767023
1467.0, 0.00794223728432237
1468.0, 0.005090033942398532
1469.0, 0.003515959661315451
1470.0, 0.003673107174506093
1471.0, 0.002853576726031729
1472.0, 0.005750758660009316
1473.0, 0.0008418724514786952
1474.0, 0.0054612531429180135
1475.0, 0.007790971881604094
1476.0, 0.004799808006713575
1477.0, 0.0018747053544475594
1478.0, 0.00643053484370564
1479.0, 0.006847105706567984
1480.0, 0.004323744990164541
1481.0, 0.01076854972721547
1482.0, 0.0074419743518279605
1483.0, 0.00368137679675305
1484.0, 0.00985988986370332
1485.0, 0.006492317748031249
1486.0, 0.001859180677943358
1487.0, 0.00032872785457824385
1488, 0.0
1489, 0.0
1490, 0.0
1491, 0.0
1492, 0.0
1493, 0.0
1494, 0.0
1495, 0.0
1496, 0.0
1497, 0.0
1498, 0.0
1499, 0.0
1500, 0.0
1501, 0.0
1502, 0.0
1503, 0.0
1504, 0.0
1505, 0.0
1506, 0.0
1507, 0.0
1508, 0.0
1509, 0.0
1510, 0.0
1511, 0.0
1512, 0.0
1513, 0.0
1514, 0.0
1515, 0.0
1516, 0.0
1517, 0.0
1518, 0.0
1519, 0.0
1520, 0.0
1521, 0.0
1522, 0.0
1523, 0.0
1524, 0.0
1525, 0.0
1526, 0.0
1527, 0.0
1528, 0.0
1529, 0.0
1530, 0.0
1531, 0.0
1532, 0.0
1533, 0.0
1534, 0.0
1535, 0.0
1536, 0.0
1537, 0.0
1538, 0.0
1539, 0.0
1540, 0.0
1541, 0.0
1542, 0.0
1543, 0.0
1544, 0.0
1545, 0.0
1546, 0.0
1547, 0.0
1548, 0.0
1549, 0.0
1550, 0.0
1551, 0.0
1552, 0.0
1553, 0.0
1554, 0.0
1555, 0.0
1556, 0.0
1557, 0.0
1558, 0.0
1559, 0.0
1560, 0.0
1561, 0.0
1562, 0.0
1563, 0.0
1564, 0.0
1565, 0.0
1566, 0.0
1567, 0.0
1568, 0.0
1569, 0.0
1570, 0.0
1571, 0.0
1572, 0.0
1573, 0.0
1574, 0.0
1575, 0.0
1576, 0.0
1577, 0.0
1578, 0.0
1579, 0.0
1580, 0.0
1581, 0.0
1582, 0.0
1583, 0.0
1584, 0.0
1585, 0.0
1586, 0.0
1587, 0.0
1588, 0.0
1589, 0.0
1590, 0.0
1591, 0.0
1592, 0.0
1593, 0.0
1594, 0.0
1595, 0.0
1596, 0.0
1597, 0.0
1598, 0.0
1599, 0.0
