30, 0.0
31, 0.0
32, 0.0
33, 0.0
34, 0.0
35, 0.0
36, 0.0
37, 0.0
38, 0.0
39, 0.0
40, 0.0
41, 0.0
42, 0.0
43, 0.0
44, 0.0
45, 0.0
46, 0.0
47, 0.0
48, 0.0
49, 0.0
50, 0.0
51, 0.0
52, 0.0
53, 0.0
54, 0.0
55, 0.0
56, 0.0
57, 0.0
58, 0.0
59, 0.0
60, 0.0
61, 0.0
62, 0.0
63, 0.0
64, 0.0
65, 0.0
66, 0.0
67, 0.0
68, 0.0
69, 0.0
70, 0.0
71, 0.0
72, 0.0
73, 0.0
74, 0.0
75, 0.0
76, 0.0
77, 0.0
78, 0.0
79, 0.0
80, 0.0
81, 0.0
82, 0.0
83, 0.0
84, 0.0
85, 0.0
86, 0.0
87, 0.0
88, 0.0
89, 0.0
90, 0.0
91, 0.0
92, 0.0
93, 0.0
94, 0.0
95, 0.0
96, 0.0
97, 0.0
98, 0.0
99, 0.0
100, 0.0
101, 0.0
102, 0.0
103, 0.0
104, 0.0
105, 0.0
106, 0.0
107, 0.0
108, 0.0
109, 0.0
110.0, 4.477862705613155e-06
111.0, 0.001313971742496979
112.0, 0.006386360963544816
113.0, 0.010801835185196272
114.0, 0.015374363960782431
115.0, 0.019440959724013846
116.0, 0.020026113256014198
117.0, 0.01445100354924763
118.0, 0.009465581349741493
119.0, 0.005331464083510417
120.0, 0.002346996679147349
121.0, 0.0009978153980327378
122.0, 0.0010880836224875343
123.0, 0.0006533431005413395
124.0, 0.0013591860162661283
125.0, 0.0007580810141998326
126.0, 0.00083878027732463
127.0, 0.00261435110194502
128.0, 0.005447232782125965
129.0, 0.00774927732410856
130.0, 0.010646530395641384
131.0, 0.01208131171277663
132.0, 0.012326163829665754
133.0, 0.012511262824423022
134.0, 0.010796279796814134
135.0, 0.010328837283365436
136.0, 0.009047829498882295
137.0, 0.0077612840934654734
138.0, 0.007071116532436467
139.0, 0.005631712848978751
140.0, 0.005005240391465684
141.0, 0.0029445902666836326
142.0, 0.001068933449665838
143.0, 0.00020411783706444288
144.0, 9.012527664590696e-05
145.0, 5.76706667792742e-05
146.0, 0.00019934197577033157
147.0, 0.00027545246235816166
148.0, 0.0003335632641509581
149.0, 0.00050834476949112
150.0, 0.0008038658197107294
151.0, 0.0014212225446599588
152.0, 0.0011774335946234111
153.0, 0.0005834753994055362
154.0, 0.0002366451229343536
155.0, 0.00043609689920643725
156.0, 0.00037322769920492834
157.0, 0.00041863526467501627
158.0, 0.0005793078052220219
159.0, 0.0005651053669605724
160.0, 8.629249943947499e-05
161.0, 0.0001655882847038537
162.0, 0.0013877869922193928
163.0, 0.0023120214503209438
164.0, 0.0034088257693196213
165.0, 0.004988173114157233
166.0, 0.0059857705878262986
167.0, 0.005809427020887386
168.0, 0.007943726454101758
169.0, 0.010691071307374619
170.0, 0.013889529385934948
171.0, 0.018390363139998346
172.0, 0.01827329490985207
173.0, 0.021771262525539518
174.0, 0.020768945237926068
175.0, 0.016989483933045155
176.0, 0.01420570159707051
177.0, 0.01269653393513235
178.0, 0.01082791690693269
179.0, 0.00885186887503225
180.0, 0.007206918131539189
181.0, 0.006053280943175228
182.0, 0.005220066846504852
183.0, 0.004374372861081281
184.0, 0.004559327828740461
185.0, 0.004267211720040454
186.0, 0.0036849239900484765
187.0, 0.003585336681964667
188.0, 0.00456800284342556
189.0, 0.0047545348963146045
190.0, 0.004831855155347727
191.0, 0.005038638597869534
192.0, 0.0052353154557963815
193.0, 0.004982667319271697
194.0, 0.005053993055549731
195.0, 0.005404274014232161
196.0, 0.005258957869853274
197.0, 0.005188313758513109
198.0, 0.005728126224884561
199.0, 0.005610971974164503
200.0, 0.003937928342868487
201.0, 0.004859576819070317
202.0, 0.00589719816641954
203.0, 0.005768374595112575
204.0, 0.005125114542440542
205.0, 0.003504242155448046
206.0, 0.002996533478733823
207.0, 0.0021742750938280922
208.0, 0.0022983154189858968
209.0, 0.0038403141069938054
210.0, 0.0025106330370085706
211.0, 0.0034378001288320323
212.0, 0.003770191419820693
213.0, 0.0035017797545628697
214.0, 0.0035073068231201775
215.0, 0.004844042117387365
216.0, 0.004635430114413571
217.0, 0.005194691708561487
218.0, 0.005933204023335785
219.0, 0.006834050153753017
220.0, 0.008088205783041537
221.0, 0.010005386910501344
222.0, 0.013166370886715559
223.0, 0.01624246765343335
224.0, 0.01977968998610106
225.0, 0.023523812953727713
226.0, 0.02708378678531244
227.0, 0.03290757382422078
228.0, 0.039946365823724
229.0, 0.048374857226186146
230.0, 0.055365349716243344
231.0, 0.05904417622464884
232.0, 0.059916869754212274
233.0, 0.05508713122343326
234.0, 0.0604240464831604
235.0, 0.05170159159428675
236.0, 0.03691712024333303
237.0, 0.03194507853608083
238.0, 0.026361724902215774
239.0, 0.023053082749302442
240.0, 0.02081829158078004
241.0, 0.01843733664825546
242.0, 0.015885498483025395
243.0, 0.014152054302855616
244.0, 0.012349833318223476
245.0, 0.012947831815941528
246.0, 0.012519300302454158
247.0, 0.011560301448868575
248.0, 0.01126821195527111
249.0, 0.012054521004635794
250.0, 0.01147403718689371
251.0, 0.011712961741574802
252.0, 0.012205346486951277
253.0, 0.012039208855363564
254.0, 0.01089201734737893
255.0, 0.011501185168579741
256.0, 0.012149707611384635
257.0, 0.014058888580259507
258.0, 0.01494097150703579
259.0, 0.015412478892113994
260.0, 0.018473210288389698
261.0, 0.014182614619955547
262.0, 0.011540346529691013
263.0, 0.009975638306158654
264.0, 0.01015456279704404
265.0, 0.011555168850034572
266.0, 0.010950527341493266
267.0, 0.009681988030444847
268.0, 0.010078914947223924
269.0, 0.010172331856647036
270.0, 0.010091820982205908
271.0, 0.010608396685484271
272.0, 0.010545926110749608
273.0, 0.009530542644257955
274.0, 0.009005509524571393
275.0, 0.009425396155076236
276.0, 0.010287745725412982
277.0, 0.010477121705203178
278.0, 0.009890388981112573
279.0, 0.009899863855585863
280.0, 0.009732483628347638
281.0, 0.009796507330618877
282.0, 0.010138364493577844
283.0, 0.009995856437164961
284.0, 0.009806102681828514
285.0, 0.010367834649407935
286.0, 0.011573515826061215
287.0, 0.01260128604210378
288.0, 0.013170254225597233
289.0, 0.014839151302728915
290.0, 0.014177001439802984
291.0, 0.015174520456725944
292.0, 0.017170049530921844
293.0, 0.01911374653985514
294.0, 0.02040569172109812
295.0, 0.022590908735722143
296.0, 0.02686235196646142
297.0, 0.03069221264390279
298.0, 0.03466615700098005
299.0, 0.03926805265540933
300.0, 0.04472346582689625
301.0, 0.052218427252854964
302.0, 0.059970290626808344
303.0, 0.06814370777589467
304.0, 0.07877436089313014
305.0, 0.09138501444763229
306.0, 0.10255498386672675
307.0, 0.1153339154193266
308.0, 0.1310823833847527
309.0, 0.14589966762505976
310.0, 0.1604215402540554
311.0, 0.17494310546937447
312.0, 0.18708888154924333
313.0, 0.19567209932237387
314.0, 0.1984413982872936
315.0, 0.19475442354829797
316.0, 0.18544697744451294
317.0, 0.1721691377937196
318.0, 0.15672696264640076
319.0, 0.1424807560516562
320.0, 0.12625891898764374
321.0, 0.11218357879732593
322.0, 0.09944492659286853
323.0, 0.08641026759945207
324.0, 0.07776701476453479
325.0, 0.06968872289350966
326.0, 0.06255064576615232
327.0, 0.05658505754139753
328.0, 0.05128816176439386
329.0, 0.04638396247151227
330.0, 0.044654349140932754
331.0, 0.04156264522686156
332.0, 0.03939133970752333
333.0, 0.038753200504549674
334.0, 0.038514257841651904
335.0, 0.037233704859761005
336.0, 0.03875998713769643
337.0, 0.03834817096211594
338.0, 0.038735776314798666
339.0, 0.03969164972423926
340.0, 0.0407929099551035
341.0, 0.04182350513977492
342.0, 0.04238007350356255
343.0, 0.04298058903391097
344.0, 0.04347595768810586
345.0, 0.04349547856785173
346.0, 0.042717579599756694
347.0, 0.04106548142592551
348.0, 0.03946716903460606
349.0, 0.03546510090511148
350.0, 0.03202042754715926
351.0, 0.02848469804227864
352.0, 0.024402617515108787
353.0, 0.02060074194739162
354.0, 0.01945020623889348
355.0, 0.017142376412351296
356.0, 0.014878398639428808
357.0, 0.013135939239676868
358.0, 0.011830849708364045
359.0, 0.010480211144111627
360.0, 0.009958494811361403
361.0, 0.00922208029536813
362.0, 0.009116246816689128
363.0, 0.009004142712224095
364.0, 0.008994576434286647
365.0, 0.010432730560239963
366.0, 0.011588836001542143
367.0, 0.011766633287082943
368.0, 0.011764071600713105
369.0, 0.012253370569214295
370.0, 0.01309774019522101
371.0, 0.013350254377153606
372.0, 0.014940781426619603
373.0, 0.015706945082161288
374.0, 0.01719145363346773
375.0, 0.018863729365253365
376.0, 0.020553158686295522
377.0, 0.022934837914649783
378.0, 0.022831758579090703
379.0, 0.02375431657197308
380.0, 0.024776854127072305
381.0, 0.02512889415511261
382.0, 0.02479620130552786
383.0, 0.024542571121501888
384.0, 0.023898887006506733
385.0, 0.021547818408168426
386.0, 0.020506838334144538
387.0, 0.019323106556808852
388.0, 0.0168891787442254
389.0, 0.013839531256174497
390.0, 0.01205342940903327
391.0, 0.01029395398774774
392.0, 0.008713208592281418
393.0, 0.007761014479829712
394.0, 0.007327326285274229
395.0, 0.00670526797305274
396.0, 0.005338531458328215
397.0, 0.00548047669265829
398.0, 0.0037813495917278683
399.0, 0.0026039866436474873
400.0, 0.002691518685747456
401.0, 0.0027214187988455463
402.0, 0.0026320356442907857
403.0, 0.0017637003035189096
404.0, 0.0014348349188659597
405.0, 0.0015227498178324828
406.0, 0.0017686221687170268
407.0, 0.0018254621251970445
408.0, 0.0008774681409411115
409.0, 0.0017723203480513434
410.0, 0.0015725869125603133
411.0, 0.0009261780280767258
412.0, 0.0005418001301059508
413.0, 0.0005806945326832982
414.0, 8.334060645261778e-05
415.0, 0.0002634504127312578
416.0, 0.000671365503301132
417.0, 0.0004621714863708874
418.0, 0.0005070906164445114
419.0, 0.0011870551449675618
420.0, 5.875823767703694e-05
421.0, 0.00030063515305097174
422.0, 0.0005303717685510307
423.0, 0.0005882894940864719
424.0, 0.00038837431176161303
425.0, 7.996467758754386e-05
426.0, 9.250618830765128e-05
427.0, 0.0003311092125296457
428.0, 0.0006805379276032539
429.0, 0.0008065093142967307
430.0, 0.0010216086642841217
431.0, 0.0011624061199226473
432.0, 0.0005490317687921592
433.0, 0.0005977037723560036
434.0, 0.0008015206616263598
435.0, 0.00037657836386876587
436.0, 0.00027222633783628237
437.0, 0.0005097206248767374
438.0, 0.00030915035581485176
439.0, 0.00035110248723845905
440.0, 0.0012110133191088068
441.0, 0.0007351888643731812
442.0, 0.0006648673625090837
443.0, 0.001278522797116112
444.0, 0.0018781873976081752
445.0, 0.0024600480837366065
446.0, 0.002871083466331845
447.0, 0.002749500820199044
448.0, 0.0033291474634562575
449.0, 0.003400770036016262
450.0, 0.002337212434796487
451.0, 0.0023684315591758504
452.0, 0.0035167271245769302
453.0, 0.0028364094689853456
454.0, 0.0025676095313279914
455.0, 0.0024628012549243903
456.0, 0.0022826759939125222
457.0, 0.0024193447251735613
458.0, 0.0018754613624654929
459.0, 0.0014132252703300552
460.0, 0.0009457628712087568
461.0, 0.0005843893232127092
462.0, 0.00045856559520434997
463.0, 0.0005768739519464592
464.0, 0.0005989173030154022
465.0, 0.0003655333835531462
466.0, 0.0006889475042530764
467.0, 0.0008001628026314554
468.0, 0.0005719323965558541
469.0, 0.0002455401598397694
470.0, 4.157319798459946e-05
471.0, 0.0003641327768637587
472.0, 0.00025002017546713393
473.0, 0.00017821213377414724
474.0, 0.000651334210729709
475.0, 0.00133794971249663
476.0, 0.001302860169757252
477.0, 0.0018548925590711714
478.0, 0.0005700889529878858
479.0, 0.00026452015125353923
480.0, 0.00019073548142579255
481.0, 0.00038409741918968743
482.0, 0.0011182724599971938
483.0, 0.0008832985522139727
484.0, 0.0012347388013984756
485.0, 0.001958927658811151
486.0, 0.0024973590885593922
487.0, 0.003240963298299311
488.0, 0.004229108687037737
489.0, 0.0046788996374084405
490.0, 0.007238357967873183
491.0, 0.00924730671684632
492.0, 0.011812892729393268
493.0, 0.015588963203666456
494.0, 0.019916398593850464
495.0, 0.024300000361346216
496.0, 0.03272160949549842
497.0, 0.04035714385353994
498.0, 0.04842916680517818
499.0, 0.055593326197495095
500.0, 0.06003107302048776
501.0, 0.06010593313856582
502.0, 0.055072230851915205
503.0, 0.04764053401608839
504.0, 0.04027493616117108
505.0, 0.033055263097254185
506.0, 0.02702114692182593
507.0, 0.022488409191856632
508.0, 0.01887849754920593
509.0, 0.015749287644051816
510.0, 0.013821452581058942
511.0, 0.011454772692710589
512.0, 0.00943229643721579
513.0, 0.008400848934526922
514.0, 0.008067844470826029
515.0, 0.007087555943062198
516.0, 0.007978461471099539
517.0, 0.0074564417388545525
518.0, 0.006478278999851662
519.0, 0.006429781169278081
520.0, 0.007101645406110087
521.0, 0.007121425263170328
522.0, 0.006458274294349436
523.0, 0.006967878367309849
524.0, 0.0076668040264805835
525.0, 0.007600394145088372
526.0, 0.0070224069282021255
527.0, 0.006181831427354725
528.0, 0.004804629117150263
529.0, 0.005835026761882878
530.0, 0.005317703222528704
531.0, 0.0055355764129055626
532.0, 0.004863215437138144
533.0, 0.004210500365148979
534.0, 0.005130120941164679
535.0, 0.004606390507143866
536.0, 0.004355664578124326
537.0, 0.00502754673001586
538.0, 0.0038658200334705066
539.0, 0.0036939008664028288
540.0, 0.005186799368258292
541.0, 0.004918999776704765
542.0, 0.003155541307223736
543.0, 0.004195424059064107
544.0, 0.005971276243303742
545.0, 0.006269453792394487
546.0, 0.005982478087279996
547.0, 0.006757325370468852
548.0, 0.00818376520555753
549.0, 0.007794643314192161
550.0, 0.010285487832391853
551.0, 0.011615278947756701
552.0, 0.011761753316656121
553.0, 0.012003711296641644
554.0, 0.01279785752979396
555.0, 0.011305589650061978
556.0, 0.010512430863634207
557.0, 0.009580880065783543
558.0, 0.008681465882906097
559.0, 0.0075650907428443355
560.0, 0.006449214455364679
561.0, 0.005920877911029439
562.0, 0.005075999308032573
563.0, 0.005304741603274012
564.0, 0.004359024231665171
565.0, 0.003767761792322276
566.0, 0.0037330085487104533
567.0, 0.00348597003466679
568.0, 0.002376640232372207
569.0, 0.00257864205647993
570.0, 0.0033587938369631742
571.0, 0.00319272108587598
572.0, 0.003321813164701776
573.0, 0.003274662390435043
574.0, 0.002276910497317057
575.0, 0.001771669251688174
576.0, 0.001852401039774711
577.0, 0.0010072539235384342
578.0, 0.0005947259484722719
579.0, 0.0010818221532992735
580.0, 0.001375566038967785
581.0, 0.0004588217748284035
582.0, 0.0005132402891174956
583.0, 0.00043765538804007935
584.0, 0.0006212672452865232
585.0, 0.000564305588578456
586.0, 0.00034931225762995985
587.0, 0.00018664286065088077
588.0, 0.0002968146559018157
589.0, 0.0011615532060030268
590.0, 0.0007780361048824051
591.0, 0.0006800190055335841
592.0, 0.0008335903798546141
593.0, 0.0010061486187735841
594.0, 0.0013177020953020588
595.0, 0.002026193729839131
596.0, 0.0017837266776025206
597.0, 0.0013206543830576681
598.0, 0.0006044132284886577
599.0, 0.0005107904960452715
600.0, 0.0015644068633742611
601.0, 0.0026792943507133434
602.0, 0.0018935712398438012
603.0, 0.0026733078862499382
604.0, 0.0024996447902281404
605.0, 0.002924606992540533
606.0, 0.003530590991009201
607.0, 0.00410443138811954
608.0, 0.00461986910531943
609.0, 0.005069718180329931
610.0, 0.005533260387157425
611.0, 0.006115342211341285
612.0, 0.006225382459781923
613.0, 0.0068490008591631235
614.0, 0.007340372606366957
615.0, 0.00781927507016652
616.0, 0.010093200410434894
617.0, 0.009391173926724193
618.0, 0.008643799363718
619.0, 0.009758675573301278
620.0, 0.011492284036413225
621.0, 0.011974583968758033
622.0, 0.011318111696900982
623.0, 0.012458007530197582
624.0, 0.015512216982469108
625.0, 0.017020159477591564
626.0, 0.017890604422998297
627.0, 0.019749400205174676
628.0, 0.020904901634365976
629.0, 0.02068813299427793
630.0, 0.02221829184911476
631.0, 0.025047759165534117
632.0, 0.026976806507103646
633.0, 0.028843483627873392
634.0, 0.030525420658446448
635.0, 0.03273914063945741
636.0, 0.03578452298850805
637.0, 0.03885355640621441
638.0, 0.04208509652399721
639.0, 0.046876915802798916
640.0, 0.05163158686883537
641.0, 0.0575238187149818
642.0, 0.0653383540126767
643.0, 0.07417149141095195
644.0, 0.0823429356231887
645.0, 0.0929413252678251
646.0, 0.10969464849620038
647.0, 0.12725528348244927
648.0, 0.14873508303317823
649.0, 0.17581020100417288
650.0, 0.2092123293862818
651.0, 0.24920102536551855
652.0, 0.29518367751320584
653.0, 0.34560928157903725
654.0, 0.4042192058145933
655.0, 0.46553783240413626
656.0, 0.520055973418982
657.0, 0.567991035315914
658.0, 0.6116742777061906
659.0, 0.6296432665695674
660.0, 0.6297978428210048
661.0, 0.6029144851307126
662.0, 0.5574871230462829
663.0, 0.5029616315688996
664.0, 0.44499567638084747
665.0, 0.38586166990402915
666.0, 0.3284192131076383
667.0, 0.2830361559031799
668.0, 0.23887713055298507
669.0, 0.19997979909293262
670.0, 0.16960487942251032
671.0, 0.14508211831803583
672.0, 0.12328168501266222
673.0, 0.10610595803921063
674.0, 0.09142187106967332
675.0, 0.08044110574984371
676.0, 0.07120644570304197
677.0, 0.06255047566971246
678.0, 0.05430155467549341
679.0, 0.04790285753154026
680.0, 0.044744785504215165
681.0, 0.040048015874744276
682.0, 0.035775875512292644
683.0, 0.031858845458943005
684.0, 0.028822791124139
685.0, 0.02639325506259237
686.0, 0.024322931243211887
687.0, 0.02269206656771
688.0, 0.021592824779911503
689.0, 0.019952257614898012
690.0, 0.018308267658184153
691.0, 0.017781642536411346
692.0, 0.017603414428655925
693.0, 0.016825424524986265
694.0, 0.015516377382323268
695.0, 0.014914265549296653
696.0, 0.013844511811809948
697.0, 0.013327266698116602
698.0, 0.012747453579346212
699.0, 0.011814378145388653
700.0, 0.01092224599166582
701.0, 0.01049008919905218
702.0, 0.010336310468170521
703.0, 0.009434434735633717
704.0, 0.009729763920842524
705.0, 0.009045370096523493
706.0, 0.008363244312842893
707.0, 0.007400002936314187
708.0, 0.006673339166780852
709.0, 0.006389530204267168
710.0, 0.004743527759546161
711.0, 0.005614804451391439
712.0, 0.005000038426578162
713.0, 0.004916451049776068
714.0, 0.004678936094193888
715.0, 0.004174047822046701
716.0, 0.0037103555057537902
717.0, 0.003376151724179343
718.0, 0.0026688466099904933
719.0, 0.002134988722284587
720.0, 0.0023549587334710156
721.0, 0.0020257617715694134
722.0, 0.002092446792500801
723.0, 0.0024314172052800937
724.0, 0.0021052994190119173
725.0, 0.0015535272663171102
726.0, 0.002965167407241428
727.0, 0.002555154233182569
728.0, 0.0016880504119153295
729.0, 0.0024375177821521553
730.0, 0.002081089431884392
731.0, 0.0008470179082315424
732.0, 0.002482527094065744
733.0, 0.0020513105987773742
734.0, 0.0024819632476533117
735.0, 0.0022366678889640126
736.0, 0.002565578522237633
737.0, 0.0030415730722851597
738.0, 0.0030237229200931674
739.0, 0.0026036132629760687
740.0, 0.0025336251008857423
741.0, 0.0015796583200915078
742.0, 0.0018346194818539552
743.0, 0.0017070915912995098
744.0, 0.001727459737507994
745.0, 0.0018024890585330775
746.0, 0.0021145307192282224
747.0, 0.002635498217745583
748.0, 0.0018777866337236614
749.0, 0.00025560437320145844
750.0, 0.0012679193932912875
751.0, 0.0011581704050002413
752.0, 0.0012393236976274951
753.0, 0.0018887067674903193
754.0, 0.0018115708268771555
755.0, 0.0003329726525340464
756.0, 0.0016922211308009335
757.0, 0.0008346785999098067
758.0, 0.0010471976660786262
759.0, 0.0012286539390975416
760.0, 0.0018968326315029886
761.0, 0.0020626346856341335
762.0, 0.0013513635639290321
763.0, 0.0014903648711752798
764.0, 0.0021825394966101643
765.0, 0.0005105012601729628
766.0, 0.000541224852039401
767.0, 0.0011834224809100396
768.0, 0.0010958505581388043
769.0, 0.0011760149234516272
770.0, 0.0021431645835879496
771.0, 0.0019373282499289663
772.0, 0.0011049215635435812
773.0, 0.0013953510439569175
774.0, 0.0006530539114192477
775.0, 0.0005910314960385893
776.0, 0.0017499572625895513
777.0, 0.002226404978535712
778.0, 0.0009228169940115425
779.0, 0.0008311472520866159
780.0, 9.115471326697606e-05
781.0, 0.0014534272840055283
782.0, 0.0007090361620779873
783.0, 0.0008568693204942333
784.0, 0.0010564979267539685
785.0, 0.0005333026071714628
786.0, 3.689952544067378e-05
787.0, 0.00016691977566173655
788.0, 0.0004123104955105327
789.0, 0.0009984675809128797
790.0, 0.0009523379935347441
791.0, 0.0007098882970784806
792.0, 0.0007165518199036038
793.0, 0.0006164478564695426
794.0, 0.00014675785772400713
795.0, 0.00045432029659826995
796.0, 8.538971272482445e-05
797.0, 5.7038965211982516e-05
798.0, 0.0013966023664499132
799.0, 0.0012963926331879703
800.0, 0.0010060247856159973
801.0, 0.0010119807467019093
802.0, 0.0005146793164569955
803.0, 0.00058914562586604
804.0, 0.0008074640504857324
805.0, 0.0014301032729933957
806.0, 0.0004732968008426571
807.0, 0.0017052856715988921
808.0, 0.0018191689197951302
809.0, 0.0003793076069931099
810.0, 0.00010406190704015516
811.0, 0.00046230391654595573
812.0, 0.0019580231684036475
813.0, 0.0007648609313909982
814.0, 0.0009464078807343289
815.0, 0.0008447587006553725
816.0, 0.0005398534764062638
817.0, 0.00048683678598229166
818.0, 0.0007277220750550224
819.0, 0.0009006464806031716
820.0, 0.0002794579758964253
821.0, 0.0017128355395132702
822.0, 0.0007682064098158223
823.0, 0.0008432318127364592
824.0, 0.0009041357236801644
825.0, 0.0005688991350057196
826.0, 0.00041196063792007164
827.0, 0.000548942962411596
828.0, 0.0011326306846756282
829.0, 0.0010438853511237683
830.0, 0.0011935819088602772
831.0, 0.0006598174558543982
832.0, 0.0007477637416043413
833.0, 0.0009232422568311877
834.0, 0.000612276318699301
835.0, 0.00040167245211244736
836.0, 6.432679161566822e-05
837.0, 0.0008017494144452655
838.0, 0.0010692224277726555
839.0, 0.0020365140839814708
840.0, 0.0021907078908600173
841.0, 0.0019922950863145543
842.0, 0.0021906581436139656
843.0, 0.0024500476183735714
844.0, 0.0021059786067776963
845.0, 0.004024434842095262
846.0, 0.004858847543040624
847.0, 0.004641583915564965
848.0, 0.005569018468230523
849.0, 0.005991103319978256
850.0, 0.005071485861917444
851.0, 0.004362959746152698
852.0, 0.00549544046620342
853.0, 0.005281965475189732
854.0, 0.0053789761602193575
855.0, 0.005742820369342446
856.0, 0.005137570500882415
857.0, 0.0043297980233826736
858.0, 0.003907121049473231
859.0, 0.0040002054949389776
860.0, 0.0043321940479165814
861.0, 0.004300447168898342
862.0, 0.004779215116858534
863.0, 0.00499410638568562
864.0, 0.005472335524288012
865.0, 0.005901465720122306
866.0, 0.006027370935751301
867.0, 0.006252952739128285
868.0, 0.006960582512279456
869.0, 0.007453594805260243
870.0, 0.006003433315540351
871.0, 0.007227018586424478
872.0, 0.006044690824338402
873.0, 0.006230792803498122
874.0, 0.006567288211155573
875.0, 0.006969795335344346
876.0, 0.007275803302089121
877.0, 0.006978507939427166
878.0, 0.006984210970196368
879.0, 0.007211959327283564
880.0, 0.006079904742742159
881.0, 0.006559612696266442
882.0, 0.006877643681729392
883.0, 0.006154200007898772
884.0, 0.005968958704601569
885.0, 0.0068798567259509055
886.0, 0.006928620847524855
887.0, 0.006122976805506753
888.0, 0.005224709195065254
889.0, 0.005780861611968474
890.0, 0.0069454824319360045
891.0, 0.005943608687007208
892.0, 0.005301385245280417
893.0, 0.005287829297687883
894.0, 0.004531866084932018
895.0, 0.004273752525670048
896.0, 0.004931490898319357
897.0, 0.004305140972577227
898.0, 0.005532475882967443
899.0, 0.004870844067503448
900.0, 0.004824720418129866
901.0, 0.0055604599941905565
902.0, 0.006088525170604016
903.0, 0.006405182650008535
904.0, 0.0071416522447845495
905.0, 0.005857743161071714
906.0, 0.0069091633000391735
907.0, 0.0065977287574867545
908.0, 0.0071329821895304785
909.0, 0.007465852911724738
910.0, 0.006651625340072207
911.0, 0.005699912049976176
912.0, 0.006231226686186086
913.0, 0.0074113769011807775
914.0, 0.006057502214992155
915.0, 0.007383740266048818
916.0, 0.0058496209348587805
917.0, 0.005586507681045569
918.0, 0.006215342550404199
919.0, 0.006198859492677077
920.0, 0.006673286035175006
921.0, 0.007833329189419713
922.0, 0.0047038118030833945
923.0, 0.006337107227621379
924.0, 0.004203090710588516
925.0, 0.0051073439593199805
926.0, 0.005375664639798923
927.0, 0.004597033541255786
928.0, 0.004126946471488599
929.0, 0.0044764425013842845
930.0, 0.004753366490663285
931.0, 0.0044982794990958965
932.0, 0.005369180745620265
933.0, 0.00475083094015699
934.0, 0.006047892862398102
935.0, 0.005670283446979535
936.0, 0.005111301205152904
937.0, 0.00396566801695114
938.0, 0.0027379231065389103
939.0, 0.0024901457479563
940.0, 0.0019192580984232126
941.0, 0.001388414346790859
942.0, 0.0017440128818244677
943.0, 0.001490950738056036
944.0, 0.0023347806987845756
945.0, 0.0033468008340282553
946.0, 0.004431995968307004
947.0, 0.005322217512493704
948.0, 0.00470882811329326
949.0, 0.0024094478393644854
950.0, 0.0037378297138625925
951.0, 0.0032078698179151864
952.0, 0.003907504438948326
953.0, 0.004789011973441287
954.0, 0.005166930839018164
955.0, 0.005025991254504125
956.0, 0.00532342761223325
957.0, 0.006289645922220349
958.0, 0.006699431697968938
959.0, 0.00617306198097723
960.0, 0.008135203749339778
961.0, 0.0064698866735305284
962.0, 0.0075077717840775805
963.0, 0.007367829280158068
964.0, 0.007835749409719688
965.0, 0.008018862922973108
966.0, 0.007405842831304756
967.0, 0.007275768663549329
968.0, 0.007386248723928899
969.0, 0.0067052938427198845
970.0, 0.008949958509311821
971.0, 0.009370177917897576
972.0, 0.009935058030011457
973.0, 0.0105632842868296
974.0, 0.011116017867089368
975.0, 0.012105253952648169
976.0, 0.013243607983572773
977.0, 0.01351559958744511
978.0, 0.014313535927886298
979.0, 0.016415741932758864
980.0, 0.016130141995987807
981.0, 0.01618475918589828
982.0, 0.01650873139689166
983.0, 0.018206136884653976
984.0, 0.020005623038879837
985.0, 0.02221596444695115
986.0, 0.024836666260215877
987.0, 0.02501761177617299
988.0, 0.0284309128490285
989.0, 0.028117408548974075
990.0, 0.03161505266471456
991.0, 0.036032706138774045
992.0, 0.041489768611619064
993.0, 0.046210483973199705
994.0, 0.051477873865929134
995.0, 0.0594929540469342
996.0, 0.06918967399943017
997.0, 0.07758794439458613
998.0, 0.0897245262505326
999.0, 0.10518335201122635
1000.0, 0.1232312145285296
1001.0, 0.14992699262475967
1002.0, 0.18107347392831522
1003.0, 0.22147486675156774
1004.0, 0.27543642097616805
1005.0, 0.34372691371934644
1006.0, 0.4288468875216612
1007.0, 0.5354445120620807
1008.0, 0.6479102692001589
1009.0, 0.7763052750220578
1010.0, 0.8901751167009679
1011.0, 0.9745744064992123
1012.0, 0.9976216582081056
1013.0, 0.9628683454660862
1014.0, 0.8789111463401901
1015.0, 0.7559505281857647
1016.0, 0.6181902756419331
1017.0, 0.49180682596943026
1018.0, 0.38505178617995894
1019.0, 0.3018073225551623
1020.0, 0.23911444824408282
1021.0, 0.19333675261210007
1022.0, 0.15856516655579464
1023.0, 0.13329153870461016
1024.0, 0.11529259703718342
1025.0, 0.10152738776188472
1026.0, 0.09054256297860644
1027.0, 0.08171479391238708
1028.0, 0.07650778669323484
1029.0, 0.06817387328179231
1030.0, 0.06640716059423943
1031.0, 0.06498119322544806
1032.0, 0.06204953656222252
1033.0, 0.061199737548743534
1034.0, 0.0609077613029865
1035.0, 0.059122282298878406
1036.0, 0.05771979528327308
1037.0, 0.05674345804368106
1038.0, 0.0570300203693214
1039.0, 0.0556971233835834
1040.0, 0.054131546438415404
1041.0, 0.05307686316077309
1042.0, 0.0510884189265952
1043.0, 0.04785872763280734
1044.0, 0.04488785994777576
1045.0, 0.04089234469132354
1046.0, 0.035441038996445864
1047.0, 0.0330190777821716
1048.0, 0.028596978500406673
1049.0, 0.029006948204821605
1050.0, 0.025857021024517896
1051.0, 0.02386119970802972
1052.0, 0.02219644174803095
1053.0, 0.022109208587661484
1054.0, 0.019746261988255184
1055.0, 0.017443269951134793
1056.0, 0.01850889714661721
1057.0, 0.018429230576194274
1058.0, 0.015788566613080566
1059.0, 0.01673260280333232
1060.0, 0.017212406832895714
1061.0, 0.01613534279458688
1062.0, 0.015443714130491202
1063.0, 0.014961674520695578
1064.0, 0.014250816185143567
1065.0, 0.013099039958411869
1066.0, 0.012659130772522975
1067.0, 0.01301850392931823
1068.0, 0.011754525046256407
1069.0, 0.01128965575328157
1070.0, 0.00930063602307855
1071.0, 0.01044036319926863
1072.0, 0.010938284303905432
1073.0, 0.011765320179563266
1074.0, 0.010598805352846977
1075.0, 0.009134309549440238
1076.0, 0.009430047304909617
1077.0, 0.010750097510394827
1078.0, 0.011190825876108288
1079.0, 0.010800204194291504
1080.0, 0.01015389946935278
1081.0, 0.009318868958686366
1082.0, 0.009730090413332382
1083.0, 0.009150520058097637
1084.0, 0.008963633866929726
1085.0, 0.009824591181228868
1086.0, 0.00951414811934742
1087.0, 0.009043677133029306
1088.0, 0.009587611551769301
1089.0, 0.009727426144209178
1090.0, 0.010839857273763404
1091.0, 0.010271212729339663
1092.0, 0.008029639734755905
1093.0, 0.00894240809360438
1094.0, 0.009255125222461087
1095.0, 0.008014335706003456
1096.0, 0.0073697319419374204
1097.0, 0.007718662663275318
1098.0, 0.008380334015775641
1099.0, 0.00813438632568979
1100.0, 0.006716372601469915
1101.0, 0.006628026313367022
1102.0, 0.006568778697590059
1103.0, 0.0062930669758756875
1104.0, 0.006957861647897967
1105.0, 0.006891274140678828
1106.0, 0.006548225129808765
1107.0, 0.007408905453945951
1108.0, 0.0076059828046300985
1109.0, 0.007297460880019223
1110.0, 0.00696294182450079
1111.0, 0.006204601426554202
1112.0, 0.006823995077489223
1113.0, 0.006968657484072424
1114.0, 0.008169066444172486
1115.0, 0.00867713380189554
1116.0, 0.009534675373122478
1117.0, 0.009858818141232665
1118.0, 0.011621750995769262
1119.0, 0.014028181462178161
1120.0, 0.016635281990517864
1121.0, 0.018531412070352506
1122.0, 0.018431769384670407
1123.0, 0.017492618222605935
1124.0, 0.01797020624542248
1125.0, 0.015142258028841322
1126.0, 0.014473744660504398
1127.0, 0.01132847525548785
1128.0, 0.009551079976137232
1129.0, 0.0075411826220824
1130.0, 0.0063433595999424315
1131.0, 0.004791131236027309
1132.0, 0.004827792355062896
1133.0, 0.006340621906583621
1134.0, 0.005636224175691808
1135.0, 0.004733213037158924
1136.0, 0.003676815795169407
1137.0, 0.006097330981034248
1138.0, 0.0023421128162040513
1139.0, 0.0029335568341278167
1140.0, 0.004952224110015911
1141.0, 0.005133425709755629
1142.0, 0.0046543608539345626
1143.0, 0.0029972962353572792
1144.0, 0.0019924892357456115
1145.0, 0.0025415923157547766
1146.0, 0.0017124853415374183
1147.0, 0.0014476221304065182
1148.0, 0.0020107964255167772
1149.0, 0.0025274885534273114
1150.0, 0.0015647063887844674
1151.0, 0.0020096884078638026
1152.0, 0.0007475630875518845
1153.0, 0.0011556588075479395
1154.0, 0.0010367810479331285
1155.0, 0.0008466342512706675
1156.0, 0.0008759383067078275
1157.0, 0.0004728543326801285
1158.0, 0.0007044700630227797
1159.0, 0.0010767442623608537
1160.0, 0.0012216857763067595
1161.0, 0.00015588980838436518
1162.0, 9.349722098325188e-05
1163.0, 0.00035961911267948346
1164.0, 0.0009018150925141631
1165.0, 0.0009024808822466131
1166.0, 0.00041308113567012594
1167.0, 0.0005898412885449256
1168.0, 0.0008382715819747375
1169.0, 0.0007456786915859769
1170.0, 0.001008543277031604
1171.0, 0.0004078458148277502
1172.0, 0.0012193576690741673
1173.0, 0.0006909893862523514
1174.0, 0.001166244844986359
1175.0, 0.0002897664922792116
1176.0, 0.0005419218169832867
1177.0, 0.0015141449006117799
1178.0, 0.0017114262108137083
1179.0, 0.0010620672946410226
1180.0, 0.0005600485164748744
1181.0, 0.0004003986295112086
1182.0, 0.0004333068584398124
1183.0, 0.0009060069430190027
1184.0, 0.0003279630427858844
1185.0, 0.0009509973578445609
1186.0, 0.0017660063683414403
1187.0, 0.000456099764601885
1188.0, 0.0012294195677619059
1189.0, 0.0014872387157705092
1190.0, 0.0011622514378496409
1191.0, 0.001478234169987613
1192.0, 0.001324144599412404
1193.0, 0.0014583711566438268
1194.0, 0.002296691531800137
1195.0, 0.0018424658152486947
1196.0, 0.001118513395054749
1197.0, 0.0011545732982676513
1198.0, 0.0003806684620427522
1199.0, 0.0012945108646582435
1200.0, 0.00039277223722532245
1201.0, 0.0007980284195986348
1202.0, 0.00047139645289521266
1203.0, 0.0014543919933055595
1204.0, 0.0011074351697145982
1205.0, 0.00024267453705976104
1206.0, 0.0006145740317294854
1207.0, 0.001344860822260004
1208.0, 0.0012881282865019896
1209.0, 0.0006985740065665882
1210.0, 0.00019169189816430955
1211.0, 0.0005659391188888298
1212.0, 0.0015949991296615885
1213.0, 0.0013785146392179385
1214.0, 0.00036744355569211343
1215.0, 0.0023564375189238
1216.0, 0.0035236609410898042
1217.0, 0.0022034707175963347
1218.0, 0.0006205308245432848
1219.0, 0.0012474600535966247
1220.0, 0.0018562352901622518
1221.0, 0.0004201589228829319
1222.0, 0.0006677127856506081
1223.0, 0.0001810339977541349
1224.0, 0.00025345702512496603
1225.0, 0.0013909095271304318
1226.0, 0.001098635973094193
1227.0, 0.0011687559436455624
1228.0, 0.00046040786559562813
1229.0, 0.0007482505117947406
1230.0, 0.0020509894547789433
1231.0, 0.002011212157998744
1232.0, 0.0013616817378851633
1233.0, 0.001203165642304238
1234.0, 0.001758582666460941
1235.0, 0.0027293165377301008
1236.0, 0.0008791832417881552
1237.0, 0.0003126372831096121
1238.0, 0.0028241405203681016
1239.0, 0.0014681794788524338
1240.0, 0.002615861048512766
1241.0, 0.003513240089142846
1242.0, 0.0024350637723896586
1243.0, 0.0027849199520070763
1244.0, 0.0029590185206230303
1245.0, 0.003539096707848558
1246.0, 0.0032419417806053646
1247.0, 0.0018109533765225487
1248.0, 0.0019479763669488157
1249.0, 0.0027918925575358263
1250.0, 0.00172420351968883
1251.0, 0.004423176189615061
1252.0, 0.0018603433850582804
1253.0, 0.0002448631153243566
1254.0, 0.0031728985175930365
1255.0, 0.001895329152755624
1256.0, 0.0030159821129466555
1257.0, 0.0034048285398756155
1258.0, 0.002561200511556151
1259.0, 0.0034920872595629667
1260.0, 0.0032883596882748423
1261.0, 0.0014934560177285539
1262.0, 0.0012159396376045654
1263.0, 0.0016208570097593867
1264.0, 0.0025891564480825225
1265.0, 0.0022738814346765983
1266.0, 0.000356057081616783
1267.0, 0.0022089108587774026
1268.0, 0.0014435922547499048
1269.0, 0.002243146060903421
1270.0, 0.0027250719594950445
1271.0, 0.0015085488556925563
1272.0, 0.0009977685901675938
1273.0, 0.0013511071213247329
1274.0, 0.0016640384657016364
1275.0, 0.0017171767185152332
1276.0, 0.001793128922244508
1277.0, 0.0018592569168079985
1278.0, 0.0017541415033687532
1279.0, 0.002123767102203129
1280.0, 0.0032325883052305338
1281.0, 0.003181703062520769
1282.0, 0.003485101822696546
1283.0, 0.003663056937553242
1284.0, 0.0034702117984387864
1285.0, 0.0033928480446861753
1286.0, 0.003054640107456119
1287.0, 0.0026218765184889046
1288.0, 0.0030671831624239825
1289.0, 0.003438083531087021
1290.0, 0.0027611821679003738
1291.0, 0.0030175569194808307
1292.0, 0.0037479045591600796
1293.0, 0.0023239562177874463
1294.0, 0.003598529065994074
1295.0, 0.003142115256891203
1296.0, 0.002231881097973077
1297.0, 0.003748090704169793
1298.0, 0.004047822937645463
1299.0, 0.0030636889401185843
1300.0, 0.0021350248398007638
1301.0, 0.0011118245323112742
1302.0, 0.0021047027274004575
1303.0, 0.001984812743423686
1304.0, 0.002527779965620423
1305.0, 0.0027207513542474773
1306.0, 0.002737279711483879
1307.0, 0.003999528596294627
1308.0, 0.004461052237364491
1309.0, 0.004526879422829507
1310.0, 0.004916238027472489
1311.0, 0.004263573350502223
1312.0, 0.005080097281448057
1313.0, 0.003349418759915363
1314.0, 0.002872381046365429
1315.0, 0.002190979504836651
1316.0, 0.0022705277856390834
1317.0, 0.002280847717765633
1318.0, 0.0027878459739060155
1319.0, 0.0040442593392057994
1320.0, 0.00507445041597648
1321.0, 0.005302359504287881
1322.0, 0.0048861983128240015
1323.0, 0.004673035524799791
1324.0, 0.005022752815950887
1325.0, 0.004837820699304615
1326.0, 0.004647873059700037
1327.0, 0.005441608859017777
1328.0, 0.005918886991971379
1329.0, 0.004175960801534391
1330.0, 0.005924498000197331
1331.0, 0.003168872870483293
1332.0, 0.0050532153702957
1333.0, 0.003542269484997634
1334.0, 0.00483736853500568
1335.0, 0.004509131178986132
1336.0, 0.005061665606492722
1337.0, 0.00436925749974171
1338.0, 0.0026885229987851918
1339.0, 0.002038793127710367
1340.0, 0.002081556532082713
1341.0, 0.002763874945266089
1342.0, 0.002392060385480346
1343.0, 0.003644286882260353
1344.0, 0.0018746442080873867
1345.0, 0.0008022635918267896
1346.0, 0.0023121617696798577
1347.0, 0.004644612069660313
1348.0, 0.003575190435846435
1349.0, 0.004139601012916869
1350.0, 0.004034750011978897
1351.0, 0.0034533311929384695
1352.0, 0.003485080217978481
1353.0, 0.0032152945548656574
1354.0, 0.0030887189035044916
1355.0, 0.002812777944356912
1356.0, 0.0019943899270493007
1357.0, 0.0015011463824350201
1358.0, 0.0020740285710136113
1359.0, 0.002888179781361636
1360.0, 0.002231265251452416
1361.0, 0.0031517970671565885
1362.0, 0.0030410761464550406
1363.0, 0.0028301024546037606
1364.0, 0.0028155466760229927
1365.0, 0.0022347637907079885
1366.0, 0.002516870035198432
1367.0, 0.002577342479616233
1368.0, 0.0029561837129562733
1369.0, 0.002494824008307799
1370.0, 0.003956985988583502
1371.0, 0.003821637991774191
1372.0, 0.002890864321744646
1373.0, 0.002266196323571278
1374.0, 0.0032822212699256765
1375.0, 0.005077381149854115
1376.0, 0.004530290358253685
1377.0, 0.003602966761622294
1378.0, 0.003081066872199637
1379.0, 0.004164514689910373
1380.0, 0.0035255325915734795
1381.0, 0.004002971658565563
1382.0, 0.0014266906128754947
1383.0, 0.0006800071028729523
1384.0, 0.001921622661279454
1385.0, 0.002278550708750431
1386.0, 0.0018028542785899378
1387.0, 0.001938160039953175
1388.0, 0.003447646458438382
1389.0, 0.0031625818651030238
1390.0, 0.0033617130772914893
1391.0, 0.003837999487111645
1392.0, 0.0025516995406297664
1393.0, 0.0014102021338626314
1394.0, 0.002240674222313137
1395.0, 0.002844750150366341
1396.0, 0.0018519098137645988
1397.0, 0.001257389700133879
1398.0, 0.0023716668552961843
1399.0, 0.0019837776190946
1400.0, 0.001557959655593524
1401.0, 0.0029734786178280746
1402.0, 0.0007173828476579568
1403.0, 0.0033802053165486574
1404.0, 0.00318565819182369
1405.0, 0.0023842527023221587
1406.0, 0.002454403171549044
1407.0, 0.002061677680231093
1408.0, 0.0010365424136164
1409.0, 0.0008941161747471393
1410.0, 0.0009740194484096586
1411.0, 0.000686832236522996
1412.0, 0.0007030631280237993
1413.0, 0.0016288702640689199
1414.0, 0.0023893594969156763
1415.0, 0.0021260707217278982
1416.0, 0.0018272407913108239
1417.0, 0.0012801029063505421
1418.0, 0.0009835751134805433
1419.0, 0.0007190029622274595
1420.0, 0.0006928475891353949
1421.0, 0.00042733837336899136
1422.0, 0.0007871777907727728
1423.0, 0.0013520532629217328
1424.0, 0.0009174346744761352
1425.0, 0.0026912522375197837
1426.0, 0.0022254744932624203
1427.0, 0.002598586956930499
1428.0, 0.0027319671077910895
1429.0, 0.0013183792118762947
1430.0, 0.00030491368021631646
1431.0, 0.001490818647098947
1432.0, 0.0014074402014044572
1433.0, 0.0013443842344828215
1434.0, 0.0020596225985509025
1435.0, 0.0012077035099591856
1436.0, 0.0008050931667172373
1437.0, 0.0019886812368449585
1438.0, 0.0017770568700547493
1439.0, 0.0008454547406682247
1440.0, 0.001966129146743131
1441.0, 0.0029577664374562415
1442.0, 0.002166881835744865
1443.0, 0.0015775537743355323
1444.0, 0.0015751564454335497
1445.0, 0.00023408825332770162
1446.0, 0.00015790792227945115
1447.0, 0.0005449574297181701
1448.0, 0.0002308804091058236
1449.0, 0.00010118120651112944
1450.0, 0.0011002124789525544
1451.0, 0.0016073049144299336
1452.0, 0.0005993079030725637
1453.0, 0.0012495038568428522
1454.0, 0.0020337313934490095
1455.0, 0.0024343063576766537
1456.0, 0.0016545553488448279
1457.0, 0.0008283599022159418
1458.0, 0.0008693234000501788
1459.0, 0.0005994340374862534
1460.0, 0.002081267961916495
1461.0, 0.0035680133176037893
1462.0, 0.0026447391909204415
1463.0, 0.0019022652691794819
1464.0, 0.002238485076582445
1465.0, 0.0012897762846968992
1466.0, 0.0017186424450829217
1467.0, 0.0016152201760857156
1468.0, 0.002450083004799964
1469.0, 0.0013261889070787015
1470.0, 0.003177379914441253
1471.0, 0.0019308177819111726
1472.0, 0.003155924280888604
1473.0, 0.0031404646339488855
1474.0, 0.0012852793642325038
1475.0, 0.0006290460028140561
1476.0, 0.0012821348865059265
1477.0, 0.002347754759000153
1478.0, 0.0016578169634494236
1479.0, 0.0009524294332843679
1480.0, 0.0007863492009413762
1481.0, 0.0018161749533242056
1482.0, 0.0035118627011838876
1483.0, 0.0037344092912327854
1484.0, 0.0034856883422427223
1485.0, 0.003216048068830398
1486.0, 0.0023122117048321724
1487.0, 0.0016567227577129818
1488.0, 0.0015068638561879623
1489.0, 0.0017325768602958628
1490.0, 0.003007858677684057
1491.0, 0.0014277920087664832
1492.0, 0.0009041252998551702
1493.0, 0.003658107851656504
1494.0, 0.0017263168756165917
1495.0, 0.0015146506886744566
1496.0, 0.0004652697016522923
1497.0, 0.0004497554256767335
1498.0, 0.000786125357248852
1499.0, 0.002225842898737277
1500.0, 0.0017483117717675871
1501.0, 0.002095997544082187
1502.0, 0.0036144059431107104
1503.0, 0.0024158555690424956
1504.0, 0.0014942045874047015
1505.0, 0.0010858636115730392
1506.0, 0.0017301100042505582
1507.0, 0.0014106770330869036
1508.0, 0.0010227613011700293
1509.0, 0.0018077914068248535
1510.0, 0.003360844251371212
1511.0, 0.0036718493041382238
1512.0, 0.0017238743935047646
1513.0, 0.0030847102081782095
1514.0, 0.002661934150886489
1515.0, 0.001432594170236856
1516.0, 0.0013955398769991167
1517.0, 0.0016854327664175594
1518.0, 0.0012993744082585687
1519.0, 0.0006533353701781449
1520.0, 0.000766882081429534
1521.0, 0.0012194716169315134
1522.0, 0.00018071927572930438
1523.0, 0.00022218171889134335
1524.0, 0.0012526167717153095
1525.0, 0.0006536025609431013
1526.0, 0.0009817436004064136
1527.0, 0.0012502695152807645
1528.0, 0.0004526670430422744
1529.0, 0.001225437211333826
1530.0, 0.0009115216352608525
1531.0, 0.00039423215409050956
1532.0, 0.0009470633543268617
1533.0, 0.0010909433643946258
1534.0, 0.0015991044200532995
1535.0, 0.0018884133966185395
1536.0, 0.003240252704931629
1537.0, 0.004867740688668355
1538.0, 0.004673586047439351
1539.0, 0.0021265672788949707
1540.0, 0.0012259697014994806
1541.0, 0.0021898062428556257
1542.0, 0.0014354794694516127
1543.0, 0.0012470555232873056
1544.0, 0.001049457079419715
1545.0, 0.0005770632487426671
1546.0, 0.0016691040598974976
1547.0, 0.002435532812189182
1548.0, 0.0038045673671416556
1549.0, 0.003450250240010025
1550.0, 0.0031853024960915542
1551.0, 0.002228960160313924
1552.0, 0.00348031377430382
1553.0, 0.003817861760481467
1554.0, 0.0037096529174151876
1555.0, 0.004848176819664882
1556.0, 0.0025694023903610765
1557.0, 0.0013687936063774089
1558.0, 0.001971578264168268
1559.0, 0.0011798235354336837
1560.0, 0.0024322170691855063
1561.0, 0.0025644254184655443
1562.0, 0.0024334134658150395
1563.0, 0.0015236210638948817
1564.0, 0.0029663861129346682
1565.0, 0.003326704375544345
1566.0, 0.002369343711036713
1567.0, 0.0013458488653765653
1568.0, 0.002150886879873884
1569.0, 0.0021521199129149876
1570.0, 0.0007102979674945908
1571.0, 0.0010892078965450357
1572.0, 0.0007642526183658952
1573, 0.0
1574, 0.0
1575, 0.0
1576, 0.0
1577, 0.0
1578, 0.0
1579, 0.0
1580, 0.0
1581, 0.0
1582, 0.0
1583, 0.0
1584, 0.0
1585, 0.0
1586, 0.0
1587, 0.0
1588, 0.0
1589, 0.0
1590, 0.0
1591, 0.0
1592, 0.0
1593, 0.0
1594, 0.0
1595, 0.0
1596, 0.0
1597, 0.0
1598, 0.0
1599, 0.0
