30, 0.0
31, 0.0
32, 0.0
33, 0.0
34, 0.0
35, 0.0
36, 0.0
37, 0.0
38, 0.0
39, 0.0
40, 0.0
41, 0.0
42, 0.0
43, 0.0
44, 0.0
45, 0.0
46, 0.0
47, 0.0
48, 0.0
49, 0.0
50, 0.0
51, 0.0
52, 0.0
53, 0.0
54, 0.0
55, 0.0
56, 0.0
57, 0.0
58, 0.0
59, 0.0
60, 0.0
61, 0.0
62, 0.0
63, 0.0
64, 0.0
65, 0.0
66, 0.0
67, 0.0
68, 0.0
69, 0.0
70, 0.0
71, 0.0
72, 0.0
73, 0.0
74, 0.0
75, 0.0
76, 0.0
77, 0.0
78, 0.0
79, 0.0
80, 0.0
81, 0.0
82, 0.0
83, 0.0
84, 0.0
85, 0.0
86, 0.0
87, 0.0
88, 0.0
89, 0.0
90, 0.0
91, 0.0
92, 0.0
93, 0.0
94, 0.0
95, 0.0
96, 0.0
97, 0.0
98, 0.0
99, 0.0
100, 0.0
101, 0.0
102, 0.0
103, 0.0
104, 0.0
105, 0.0
106, 0.0
107, 0.0
108, 0.0
109, 0.0
110, 0.0
111, 0.0
112, 0.0
113, 0.0
114, 0.0
115, 0.0
116, 0.0
117, 0.0
118, 0.0
119, 0.0
120, 0.0
121, 0.0
122, 0.0
123, 0.0
124, 0.0
125, 0.0
126, 0.0
127, 0.0
128, 0.0
129, 0.0
130, 0.0
131, 0.0
132, 0.0
133, 0.0
134, 0.0
135, 0.0
136, 0.0
137, 0.0
138, 0.0
139, 0.0
140, 0.0
141, 0.0
142, 0.0
143, 0.0
144, 0.0
145, 0.0
146, 0.0
147, 0.0
148, 0.0
149, 0.0
150, 0.0
151.0, 0.0001984962559992867
152.0, 0.0024433968121068805
153.0, 0.002218332067714881
154.0, 0.005347325311738858
155.0, 0.012640808841517975
156.0, 0.02122953463132496
157.0, 0.025814711691987114
158.0, 0.030779119609170506
159.0, 0.03959842421054976
160.0, 0.049599345508564596
161.0, 0.05844057615758454
162.0, 0.07010321745421293
163.0, 0.08068147278728985
164.0, 0.09119751455033899
165.0, 0.10191984286294893
166.0, 0.11242995249679215
167.0, 0.12409782832520964
168.0, 0.1274223468138718
169.0, 0.12494158351590055
170.0, 0.11951436684004604
171.0, 0.11420487803615915
172.0, 0.10726890605776207
173.0, 0.10057201681102877
174.0, 0.09184607021780111
175.0, 0.07994125536980873
176.0, 0.05901970204561694
177.0, 0.037460000597338734
178.0, 0.022991171551856288
179.0, 0.014942777414247533
180.0, 0.004811120132066286
181.0, 0.003231977775503653
182.0, 0.00712360042085038
183.0, 0.008207815641132567
184.0, 0.004614390788112879
185.0, 0.0009239815688054599
186.0, 0.003194711610910328
187.0, 0.009081110158895631
188.0, 0.020298402150074838
189.0, 0.026985854100778733
190.0, 0.02945870866169923
191.0, 0.02829208876649669
192.0, 0.02063726603487677
193.0, 0.006612673068458155
194.0, 0.004937591461520675
195.0, 0.010686522078960967
196.0, 0.011933162235662964
197.0, 0.012334164193086151
198.0, 0.010433221675397055
199.0, 0.004381165316377349
200.0, 0.006779335280767929
201.0, 0.022007880101508483
202.0, 0.03368987943085408
203.0, 0.04395599066115056
204.0, 0.0544141426036234
205.0, 0.06397946685020872
206.0, 0.06932729923239794
207.0, 0.07148187606466692
208.0, 0.07257567204710817
209.0, 0.07343569105381173
210.0, 0.07166074138725739
211.0, 0.06883098152163417
212.0, 0.06743612051064136
213.0, 0.06769596146544166
214.0, 0.0687072198421271
215.0, 0.07572477319675372
216.0, 0.08302395724695237
217.0, 0.09244817505049867
218.0, 0.10656871258189465
219.0, 0.12029011543218313
220.0, 0.1319957536766557
221.0, 0.14597450361676037
222.0, 0.16264014219721953
223.0, 0.17840156266922969
224.0, 0.2019649406546891
225.0, 0.22356570104721493
226.0, 0.24266704841384368
227.0, 0.26245860731057924
228.0, 0.2840618870797114
229.0, 0.29945167750681695
230.0, 0.307857588084747
231.0, 0.31080725918470864
232.0, 0.30870214821276537
233.0, 0.2909325519664197
234.0, 0.2689965849430427
235.0, 0.24707095388695363
236.0, 0.225316983674294
237.0, 0.20454863952824706
238.0, 0.18913700308170528
239.0, 0.17984569584371815
240.0, 0.17817519790715805
241.0, 0.18429865736362608
242.0, 0.18714135794942832
243.0, 0.19685510384406602
244.0, 0.21388414669097033
245.0, 0.2328151270760301
246.0, 0.2486095678428483
247.0, 0.26167778886330373
248.0, 0.26649425250006736
249.0, 0.2647325922061711
250.0, 0.2630050797885837
251.0, 0.2558493546425768
252.0, 0.23855921389409687
253.0, 0.22395961698612243
254.0, 0.2196767315187645
255.0, 0.2108716314026328
256.0, 0.20153406226269577
257.0, 0.19699895035600243
258.0, 0.19353769631065149
259.0, 0.18457613517461713
260.0, 0.17639106222250214
261.0, 0.1669898665054384
262.0, 0.1603396444251554
263.0, 0.1570355703849337
264.0, 0.15152145538548908
265.0, 0.15253729966062948
266.0, 0.15935918377820946
267.0, 0.1713017375204139
268.0, 0.18860230118096863
269.0, 0.2124543655777177
270.0, 0.24567781537984046
271.0, 0.29082806471309675
272.0, 0.3449942255059421
273.0, 0.40215231374808474
274.0, 0.46657257974971134
275.0, 0.5225011321204722
276.0, 0.5552707656327626
277.0, 0.5538107605934799
278.0, 0.5070517522138028
279.0, 0.42303457220869295
280.0, 0.3366436099956703
281.0, 0.26079214055890915
282.0, 0.19439924384853818
283.0, 0.14658364949067249
284.0, 0.1134069670772229
285.0, 0.08800887267892228
286.0, 0.06976398347258662
287.0, 0.0626142414254065
288.0, 0.05659517559635159
289.0, 0.04971444101730677
290.0, 0.04753103759965227
291.0, 0.05067722948592646
292.0, 0.04531136875657383
293.0, 0.043085958959244476
294.0, 0.043171364517775576
295.0, 0.04477304309812393
296.0, 0.04727381965119681
297.0, 0.04673885074713436
298.0, 0.04744554330411084
299.0, 0.05126059515088437
300.0, 0.0557906813309772
301.0, 0.0576932667222379
302.0, 0.06069720841361875
303.0, 0.06500040900841625
304.0, 0.0667236506088208
305.0, 0.0639900241361767
306.0, 0.05970231347171232
307.0, 0.0632295746426113
308.0, 0.06183124599946828
309.0, 0.05850419059050393
310.0, 0.061579173457756986
311.0, 0.06568814903057484
312.0, 0.06890213264549382
313.0, 0.07356700685216619
314.0, 0.07980727431042514
315.0, 0.08612838584325094
316.0, 0.09267894456647569
317.0, 0.0994156149721204
318.0, 0.1040583833512988
319.0, 0.10505811158736737
320.0, 0.10309226108070814
321.0, 0.10027946266347398
322.0, 0.09510501161636747
323.0, 0.08952652757622094
324.0, 0.08660073354499542
325.0, 0.0882386168497299
326.0, 0.08758779304185958
327.0, 0.08657892983516927
328.0, 0.0855578737085143
329.0, 0.08337157145467707
330.0, 0.07898955728739374
331.0, 0.07491095276520067
332.0, 0.07349164451420975
333.0, 0.07297084268058293
334.0, 0.06956789336907726
335.0, 0.06436615664151618
336.0, 0.06451868923749314
337.0, 0.06459807514005605
338.0, 0.060703073923037046
339.0, 0.05583902458583623
340.0, 0.056254365334618694
341.0, 0.05266037140425009
342.0, 0.052068089759739825
343.0, 0.058624552516708846
344.0, 0.06449415788881488
345.0, 0.07154902364681137
346.0, 0.08721047117325453
347.0, 0.10432641473001698
348.0, 0.11649486642123984
349.0, 0.13221930615173016
350.0, 0.14233100350030586
351.0, 0.1451964842623297
352.0, 0.1421965545959825
353.0, 0.1346798005930786
354.0, 0.12217088499995357
355.0, 0.1008597991725009
356.0, 0.07933475782484063
357.0, 0.06176020265122287
358.0, 0.04731715587412562
359.0, 0.03469996068144214
360.0, 0.02182238714382504
361.0, 0.01174656291393086
362.0, 0.005747231374340242
363.0, 0.0020713191786377355
364.0, 0.004023958066997613
365.0, 0.006872336797516863
366.0, 0.0072517074057062494
367.0, 0.007903077263383792
368.0, 0.0107516109951742
369.0, 0.015580130503908747
370.0, 0.013876118424715807
371.0, 0.010603036494564407
372.0, 0.011641486670577815
373.0, 0.01980735586490944
374.0, 0.01678559574242085
375.0, 0.015337102811342564
376.0, 0.013410320147640363
377.0, 0.009931616216868356
378.0, 0.010173855937906937
379.0, 0.005311104454289173
380.0, 0.0015218490424240149
381.0, 0.008523053308571055
382.0, 0.016635735685285865
383.0, 0.020827378705168705
384.0, 0.026636587797604205
385.0, 0.03822173464288008
386.0, 0.05077113896864387
387.0, 0.061967135927783495
388.0, 0.07605932616433908
389.0, 0.08951603742318058
390.0, 0.10402384592337496
391.0, 0.11541052205919447
392.0, 0.12094492905779201
393.0, 0.12252629670166894
394.0, 0.11385678411526012
395.0, 0.09730953511433107
396.0, 0.07838324918264364
397.0, 0.060235455959449194
398.0, 0.04206125685308628
399.0, 0.02462144473025086
400.0, 0.01489007752552612
401.0, 0.007633798131323981
402.0, 0.0006106688047144327
403.0, 0.0030013279190903496
404.0, 0.005090805558341198
405.0, 0.0020113549461525794
406.0, 0.008474859723684308
407.0, 0.019550497522766684
408.0, 0.03394813875622731
409.0, 0.051860302826488264
410.0, 0.0704181987546979
411.0, 0.09286177215369977
412.0, 0.11980147524156373
413.0, 0.14452383796282403
414.0, 0.17261956144861273
415.0, 0.21210443650195157
416.0, 0.2563234001877011
417.0, 0.3014299337808065
418.0, 0.35487990001518194
419.0, 0.41586860270451786
420.0, 0.4856556803218997
421.0, 0.5658851670336031
422.0, 0.6530526170987164
423.0, 0.740228332782014
424.0, 0.8309127772630869
425.0, 0.9063794754509087
426.0, 0.959804656346487
427.0, 0.9821951234048477
428.0, 0.9584489901828964
429.0, 0.9066062012473838
430.0, 0.8403483862963278
431.0, 0.7680425563075637
432.0, 0.6979504028672681
433.0, 0.6364979063251598
434.0, 0.5861298912434669
435.0, 0.5439298995495849
436.0, 0.513502456151579
437.0, 0.49258397164682716
438.0, 0.4747010441411418
439.0, 0.4645920490672616
440.0, 0.45719153161962334
441.0, 0.4565044173747506
442.0, 0.4633941066791058
443.0, 0.474402168406608
444.0, 0.4863873464795044
445.0, 0.5114971546790364
446.0, 0.5359908623728444
447.0, 0.5638738051332194
448.0, 0.6040429311104307
449.0, 0.6469581546375394
450.0, 0.6945440897066841
451.0, 0.7295394146536226
452.0, 0.7498597299480606
453.0, 0.7612928689195964
454.0, 0.7691524026396654
455.0, 0.7719879244184836
456.0, 0.7654936613614611
457.0, 0.7561362148453682
458.0, 0.7475433826884677
459.0, 0.7332189929294388
460.0, 0.7154746727697433
461.0, 0.6926845645771355
462.0, 0.6618817440676122
463.0, 0.6280382636305536
464.0, 0.5982019323553559
465.0, 0.5611706211060989
466.0, 0.5221798150732369
467.0, 0.4828575345579319
468.0, 0.4428323097221162
469.0, 0.4009681422065814
470.0, 0.35626917674251063
471.0, 0.31609879161993915
472.0, 0.2742811542068362
473.0, 0.2326715193920246
474.0, 0.19779932019746846
475.0, 0.1684251270416552
476.0, 0.1373296272139674
477.0, 0.10832060827886551
478.0, 0.08149790792610918
479.0, 0.056993688053575645
480.0, 0.03930667022437321
481.0, 0.027637718883333922
482.0, 0.018620505468741166
483.0, 0.011466411437993373
484.0, 0.008563009515419127
485.0, 0.011526384568051577
486.0, 0.012247587019829228
487.0, 0.009947316439285776
488.0, 0.013964758722026998
489.0, 0.020333061563235097
490.0, 0.021202153894503455
491.0, 0.02862562440857111
492.0, 0.03434918353392693
493.0, 0.03802116371022568
494.0, 0.041279002236871976
495.0, 0.04571560210097737
496.0, 0.052838895410022194
497.0, 0.06381092413196185
498.0, 0.07720350437013078
499.0, 0.08555207381611478
500.0, 0.09439755683297739
501.0, 0.11531152704392399
502.0, 0.13063254639546132
503.0, 0.15017848962607908
504.0, 0.16802458109728027
505.0, 0.18415849306493562
506.0, 0.20212424930112324
507.0, 0.21442832729222747
508.0, 0.225329400448561
509.0, 0.23283898555064095
510.0, 0.23676281414382222
511.0, 0.23715224799708687
512.0, 0.23324920247782815
513.0, 0.2289293498250655
514.0, 0.21902848110028408
515.0, 0.20769861842623502
516.0, 0.19754552222610822
517.0, 0.1891275518634892
518.0, 0.19143753409657402
519.0, 0.19197907967172437
520.0, 0.19866863456162867
521.0, 0.21135102899924343
522.0, 0.22468997246569478
523.0, 0.23309323003572063
524.0, 0.23837595672493442
525.0, 0.24129424189339924
526.0, 0.2314514373664366
527.0, 0.20705074999463666
528.0, 0.17832658089822057
529.0, 0.14634982026916704
530.0, 0.11084087464163679
531.0, 0.07795210871671238
532.0, 0.04952686428405707
533.0, 0.025682512763951316
534.0, 0.011276378710910969
535.0, 0.003599480928162416
536.0, 0.01178743378242072
537.0, 0.01571239428325371
538.0, 0.018630687509237163
539.0, 0.020088343054943253
540.0, 0.019553235910866246
541.0, 0.01855413401556539
542.0, 0.01685415809484374
543.0, 0.013343436698596582
544.0, 0.007463722476436352
545.0, 0.0006543509064307047
546.0, 0.009289485949456807
547.0, 0.015666754815287454
548.0, 0.025894146924929907
549.0, 0.043069062029922084
550.0, 0.0640888713031809
551.0, 0.08983740716586874
552.0, 0.11197979180929117
553.0, 0.13697972461505675
554.0, 0.1648386773745328
555.0, 0.19321341458359054
556.0, 0.22557916801170383
557.0, 0.2597864731420802
558.0, 0.29906315127712485
559.0, 0.34229313466740213
560.0, 0.39631834504699437
561.0, 0.4701557745333146
562.0, 0.5535211684485071
563.0, 0.6433416814909301
564.0, 0.7394563754877607
565.0, 0.8363980891046234
566.0, 0.9232673636307025
567.0, 0.9816503276301419
568.0, 0.997918273063515
569.0, 0.9550996003827427
570.0, 0.854868832421859
571.0, 0.7200142607261043
572.0, 0.5773421917295439
573.0, 0.4488685214007272
574.0, 0.3579420397928053
575.0, 0.28581051111458083
576.0, 0.23993931055301254
577.0, 0.2162233450043178
578.0, 0.19719616725716912
579.0, 0.19504600480230805
580.0, 0.1956629750358381
581.0, 0.20359278837606926
582.0, 0.21781362177166663
583.0, 0.236980771355716
584.0, 0.26389116059728446
585.0, 0.28954461028923706
586.0, 0.31780356346263694
587.0, 0.35053087249628967
588.0, 0.3859429439783307
589.0, 0.42303384702376634
590.0, 0.465306593065324
591.0, 0.5071471897856511
592.0, 0.5471957009010863
593.0, 0.5925942076121989
594.0, 0.6424544569087887
595.0, 0.6926128884474151
596.0, 0.750238415998054
597.0, 0.8051189723442965
598.0, 0.858657652343094
599.0, 0.9096193556400687
600.0, 0.9486153951103048
601.0, 0.9645705037953622
602.0, 0.9748279277970588
603.0, 0.9605189768128657
604.0, 0.9315576932484383
605.0, 0.890149690873385
606.0, 0.8347385694640023
607.0, 0.771926103154428
608.0, 0.7169458681074821
609.0, 0.6652377291931392
610.0, 0.6163933577667116
611.0, 0.569347737061805
612.0, 0.5258527295406478
613.0, 0.4934766807421466
614.0, 0.4605615432966574
615.0, 0.42704664713857493
616.0, 0.39303764382213435
617.0, 0.3596651388337844
618.0, 0.3267982649374295
619.0, 0.2921568839628565
620.0, 0.26603688608633
621.0, 0.24091168696498397
622.0, 0.21460088631068147
623.0, 0.1908179448034859
624.0, 0.1719357150240492
625.0, 0.15444606452720125
626.0, 0.14096889229385987
627.0, 0.12553267242861763
628.0, 0.11172401516561459
629.0, 0.09952696841785995
630.0, 0.08542683208638574
631.0, 0.07340844037542558
632.0, 0.062357547067139356
633.0, 0.05501360713204609
634.0, 0.04781879540266864
635.0, 0.03984016602730058
636.0, 0.03395865171810708
637.0, 0.029229809812580613
638.0, 0.02037552411431293
639.0, 0.015924285176496
640.0, 0.011770257396937468
641.0, 0.005535818578901474
642.0, 0.0018255050753160065
643.0, 0.001117369674015501
644.0, 0.003475307507353324
645.0, 0.006522422377192569
646.0, 0.007305295122723523
647.0, 0.0068922392908868785
648.0, 0.005365733487086222
649.0, 0.003750394895280886
650.0, 0.007406838991048095
651.0, 0.0083710986685455
652.0, 0.005410934811371285
653.0, 0.001772342913750834
654.0, 0.00024700631604937203
655.0, 0.0005908693043376657
656.0, 0.006693682974773348
657.0, 0.009363780640093413
658.0, 0.011077520257772845
659.0, 0.01588376118713438
660.0, 0.02245812554443684
661.0, 0.025457860637407365
662.0, 0.028784289062073854
663.0, 0.029618621761986767
664.0, 0.03295369980608377
665.0, 0.036678699812320636
666.0, 0.03594010576542985
667.0, 0.03951823488193366
668.0, 0.040827377498628484
669.0, 0.04041348701176984
670.0, 0.04035729125273076
671.0, 0.042213903339756075
672.0, 0.04571184269731081
673.0, 0.04856152223743665
674.0, 0.052386871801651386
675.0, 0.055253493350122355
676.0, 0.05710235248728126
677.0, 0.060357829062665846
678.0, 0.06529467038489284
679.0, 0.06807719358339227
680.0, 0.07296379255781522
681.0, 0.07495149663122304
682.0, 0.07925337684082168
683.0, 0.08462473736238875
684.0, 0.0884196351092597
685.0, 0.09313974592022757
686.0, 0.09410730074233711
687.0, 0.0904036011870464
688.0, 0.09196695866310732
689.0, 0.09232402347082075
690.0, 0.0869903042231891
691.0, 0.08315654514623078
692.0, 0.07816865211819642
693.0, 0.07208744045803327
694.0, 0.060815444828584114
695.0, 0.05549488501818026
696.0, 0.0533354260143139
697.0, 0.04256264148124232
698.0, 0.04310236826534157
699.0, 0.04004689216101717
700.0, 0.03677952250565628
701.0, 0.03508317330162749
702.0, 0.03212734245328725
703.0, 0.027159727585748705
704.0, 0.02460942959264525
705.0, 0.022080546260478187
706.0, 0.01744273434712981
707.0, 0.014472920452547665
708.0, 0.011745583198884732
709.0, 0.008280856770008482
710.0, 0.007645393083661484
711.0, 0.010109242798034232
712.0, 0.005608613475175055
713.0, 0.00672636600909242
714.0, 0.007503412428911782
715.0, 0.004947244868259094
716.0, 0.005927821310792443
717.0, 0.002750728907436936
718.0, 0.0023739444546299394
719.0, 0.002710365098567587
720.0, 0.004577171387141199
721.0, 0.005890254424730122
722.0, 0.004773510752974086
723.0, 0.004823581625005079
724.0, 0.003874893058873924
725.0, 0.004840876390314929
726.0, 0.004820295507379947
727.0, 0.003732645733902339
728.0, 0.0029826272700728767
729.0, 0.0028758706068535904
730.0, 0.0038901823086999678
731.0, 0.003971100493290064
732.0, 0.004109240052350903
733.0, 0.009887651313126158
734.0, 0.015305921848236769
735.0, 0.013304214465414372
736.0, 0.010674445700055542
737.0, 0.015072154786341769
738.0, 0.01798776356844179
739.0, 0.018569523243926106
740.0, 0.019524507085221812
741.0, 0.02160065918525219
742.0, 0.02309108938270098
743.0, 0.02530281288101158
744.0, 0.024607043128508102
745.0, 0.02405627416216664
746.0, 0.025450491785593957
747.0, 0.02771458843399788
748.0, 0.030399232629381687
749.0, 0.032176098607654746
750.0, 0.03165285164885838
751.0, 0.03360197362474123
752.0, 0.035563695260991623
753.0, 0.03636130026974996
754.0, 0.03804904025865813
755.0, 0.041467920443083735
756.0, 0.04127393751973966
757.0, 0.047331694321658534
758.0, 0.05089457416282866
759.0, 0.05295026187096094
760.0, 0.05644622347922102
761.0, 0.0617771363947669
762.0, 0.06762318357682677
763.0, 0.06983897900891381
764.0, 0.07338529404106278
765.0, 0.07595589090682821
766.0, 0.08006475468044492
767.0, 0.08331482537522185
768.0, 0.0810139725451864
769.0, 0.07899551870871493
770.0, 0.08060010525741476
771.0, 0.07679068171827647
772.0, 0.07232449655791705
773.0, 0.06862529666026854
774.0, 0.06353401113729759
775.0, 0.05697135275430316
776.0, 0.05333077326742147
777.0, 0.04585174114693222
778.0, 0.03778570773200839
779.0, 0.03300611088200829
780.0, 0.027754344211325572
781.0, 0.021183965522080832
782.0, 0.0190272536376654
783.0, 0.015412130060909012
784.0, 0.011795613752337833
785.0, 0.008106852564825406
786.0, 0.0065810304940622
787.0, 0.005268837406562671
788.0, 0.0029325268625480733
789.0, 0.0023902473469641144
790.0, 0.00578412829473106
791.0, 0.00529979382677148
792.0, 0.003677660411681894
793.0, 0.003817945099088146
794.0, 0.0056066717014060605
795.0, 0.007630926398458515
796.0, 0.007664633657008497
797.0, 0.006870131260786721
798.0, 0.007382508847025443
799.0, 0.00590479552383655
800.0, 0.005127710152984416
801.0, 0.004695086166638033
802.0, 0.003426785383310914
803.0, 0.006287881497652222
804.0, 0.003505874627175647
805.0, 0.00782510363489975
806.0, 0.007626034178749422
807.0, 0.006118517421797331
808.0, 0.0055596207773393625
809.0, 0.002822850099677502
810.0, 0.0017999328752348347
811.0, 0.001823659822388131
812.0, 0.0041439525622624035
813.0, 0.002850276989879456
814.0, 0.002115653620949862
815.0, 0.003812090650962346
816.0, 0.006518825292061208
817.0, 0.00969266083233347
818.0, 0.010583607902035153
819.0, 0.013424260258478855
820.0, 0.01363487301614291
821.0, 0.014306111970954924
822.0, 0.019720563554644764
823.0, 0.028115608617045446
824.0, 0.034326291575776734
825.0, 0.03836541506249118
826.0, 0.04322190456596983
827.0, 0.049605317572911006
828.0, 0.0532608547927063
829.0, 0.05566724967373181
830.0, 0.05894668660398212
831.0, 0.0583325963468889
832.0, 0.0611977762086919
833.0, 0.05899510890063062
834.0, 0.05781888067702451
835.0, 0.05330177529155725
836.0, 0.04548357517169616
837.0, 0.04003506849596442
838.0, 0.03620547940955412
839.0, 0.027354935103988915
840.0, 0.020038336558044496
841.0, 0.017555270600430606
842.0, 0.015667323400041486
843.0, 0.012051287693971537
844.0, 0.008883614839332974
845.0, 0.008087299479708859
846.0, 0.00368481670261486
847.0, 0.002218895440080907
848.0, 0.004684017665866308
849.0, 0.005962097587475924
850.0, 0.005446695223170243
851.0, 0.007295621807937447
852.0, 0.01221326323666122
853.0, 0.013007470635142996
854.0, 0.013172861216155818
855.0, 0.017851575362676828
856.0, 0.02005431182694168
857.0, 0.02042368242836967
858.0, 0.023114923376610988
859.0, 0.029602181067075826
860.0, 0.03498614432128354
861.0, 0.0323905985844926
862.0, 0.03937695383375845
863.0, 0.044671494812959255
864.0, 0.047447521303445
865.0, 0.05033501843470982
866.0, 0.05433173774559355
867.0, 0.059956200639909606
868.0, 0.06252718105140082
869.0, 0.06592985083901767
870.0, 0.064828962138507
871.0, 0.06850662784059945
872.0, 0.07071748301337283
873.0, 0.06863587526965426
874.0, 0.06671750482815604
875.0, 0.061980386920501875
876.0, 0.059809485306489316
877.0, 0.05762265331715242
878.0, 0.05712683594301634
879.0, 0.05655040802233106
880.0, 0.05651527493623206
881.0, 0.05769126606675975
882.0, 0.05870288280465517
883.0, 0.06189765223980947
884.0, 0.0746028223036478
885.0, 0.08367804788308711
886.0, 0.09065991705312489
887.0, 0.09880540228876404
888.0, 0.10816486088331786
889.0, 0.11802226849442797
890.0, 0.12958576016880863
891.0, 0.1409922456437099
892.0, 0.14991057638261868
893.0, 0.15769711467791236
894.0, 0.16741841473419278
895.0, 0.1811082700619876
896.0, 0.1974716068784168
897.0, 0.2152741227826275
898.0, 0.23969088787914383
899.0, 0.2653095336048958
900.0, 0.29449921058024936
901.0, 0.3250531223666511
902.0, 0.3585795511320551
903.0, 0.39606022252718837
904.0, 0.43739391501429536
905.0, 0.4831267217753556
906.0, 0.5306389225850877
907.0, 0.5777120938719027
908.0, 0.6317599778231806
909.0, 0.6818240577969575
910.0, 0.7305114718150576
911.0, 0.779001046620141
912.0, 0.8213693851643744
913.0, 0.8563829363511682
914.0, 0.8937147607284767
915.0, 0.9170557655781344
916.0, 0.9297103609970295
917.0, 0.9300398360256571
918.0, 0.9189450408787293
919.0, 0.8927316327562828
920.0, 0.8485845952356048
921.0, 0.7957692762062565
922.0, 0.7400735724167902
923.0, 0.6747315310393117
924.0, 0.6104273429999421
925.0, 0.5484493666515918
926.0, 0.48940452843745974
927.0, 0.4348256873242855
928.0, 0.3856624021986997
929.0, 0.34011786224217794
930.0, 0.29636934225729045
931.0, 0.2599361962689654
932.0, 0.22346649183083975
933.0, 0.19175501873379538
934.0, 0.16576294227182303
935.0, 0.1418470462273806
936.0, 0.11968762566522614
937.0, 0.10204360973057891
938.0, 0.08521315228989668
939.0, 0.07521788720910122
940.0, 0.06884437533787893
941.0, 0.05816762563151257
942.0, 0.04884834892656309
943.0, 0.04387927019194383
944.0, 0.0389749456774846
945.0, 0.03413721586110339
946.0, 0.02732296334493814
947.0, 0.028007356163313044
948.0, 0.027198022331364986
949.0, 0.03184134063816362
950.0, 0.03484254824025584
951.0, 0.036985445799475644
952.0, 0.043799233012069484
953.0, 0.04869081213268481
954.0, 0.059711377658641915
955.0, 0.06577043333141303
956.0, 0.07349855794937826
957.0, 0.07961347822477874
958.0, 0.0817668188324208
959.0, 0.08442037784522266
960.0, 0.08659049002022208
961.0, 0.08160469467078971
962.0, 0.07764298281984847
963.0, 0.07920849226459743
964.0, 0.0755419853315141
965.0, 0.07334448285877657
966.0, 0.07104962554152615
967.0, 0.07199741212783788
968.0, 0.07513935067835614
969.0, 0.07471891042765634
970.0, 0.0787419821543988
971.0, 0.0919029792529054
972.0, 0.09686462501480243
973.0, 0.10762865470846993
974.0, 0.11996693045961748
975.0, 0.13596479483036206
976.0, 0.1558091265811715
977.0, 0.1758006198935743
978.0, 0.19747058224425348
979.0, 0.21748668856129239
980.0, 0.24200493914579083
981.0, 0.2615360462491505
982.0, 0.26910222232411496
983.0, 0.2670875424464732
984.0, 0.25592893340956463
985.0, 0.23486802129437437
986.0, 0.2072536603221856
987.0, 0.17970914125861265
988.0, 0.15626371123602578
989.0, 0.13322551528581028
990.0, 0.10739331571638912
991.0, 0.08720109657034045
992.0, 0.0707367310538638
993.0, 0.05475575065553867
994.0, 0.04174909730660013
995.0, 0.03305005740891937
996.0, 0.022098988590846157
997.0, 0.017593986309265834
998.0, 0.010909279044539776
999.0, 0.007980005442517871
1000.0, 0.003346312221745113
1001.0, 0.00288713398274625
1002.0, 0.0035999486762715123
1003.0, 0.0018133832927268905
1004.0, 0.008123047235596929
1005.0, 0.009176522482436455
1006.0, 0.012891428373652898
1007.0, 0.009875568955137751
1008.0, 0.009921348251775972
1009.0, 0.013131203719566545
1010.0, 0.015280650279665246
1011.0, 0.0139652943698253
1012.0, 0.011515070717884629
1013.0, 0.01194793513595325
1014.0, 0.0069315886514179186
1015.0, 0.0036884335035934153
1016.0, 0.0006250509557242615
1017.0, 0.0022566321084142226
1018.0, 0.0022540827889034128
1019.0, 0.0035997013217582727
1020.0, 0.006906625878290963
1021.0, 0.010694613394745783
1022.0, 0.01659421846342783
1023.0, 0.02099692227921186
1024.0, 0.026047380510849476
1025.0, 0.026884626475845563
1026.0, 0.0332794688102848
1027.0, 0.03884863576661995
1028.0, 0.04534754910136359
1029.0, 0.05328741033428853
1030.0, 0.05950287873309779
1031.0, 0.07081490683760844
1032.0, 0.07733008274740118
1033.0, 0.08718275267384397
1034.0, 0.0988957839863835
1035.0, 0.11348072175330988
1036.0, 0.12814694477338537
1037.0, 0.13923398676651388
1038.0, 0.14884399457093395
1039.0, 0.16017274761217073
1040.0, 0.17083219022335402
1041.0, 0.1824006895358478
1042.0, 0.1926354312824369
1043.0, 0.1974225193618207
1044.0, 0.20286741058723362
1045.0, 0.20642688046210902
1046.0, 0.20734567681413288
1047.0, 0.2083920470669972
1048.0, 0.20801898842521888
1049.0, 0.2005497477927132
1050.0, 0.19157692071687443
1051.0, 0.18922197640852714
1052.0, 0.18517918925886906
1053.0, 0.18074646502695135
1054.0, 0.17610609411489556
1055.0, 0.1726154616346126
1056.0, 0.17189756984059487
1057.0, 0.17351461846106672
1058.0, 0.17572377798393737
1059.0, 0.17711160418367036
1060.0, 0.17814417639591704
1061.0, 0.17862548508654855
1062.0, 0.1736858899220675
1063.0, 0.17150196379279245
1064.0, 0.16778968894628282
1065.0, 0.15898325012561842
1066.0, 0.15290899628507099
1067.0, 0.15244210904494307
1068.0, 0.151318978064788
1069.0, 0.1564413720874678
1070.0, 0.16156340466958355
1071.0, 0.16705603861339172
1072.0, 0.18408279177289902
1073.0, 0.20632433459226465
1074.0, 0.22892450624392996
1075.0, 0.25357334992561165
1076.0, 0.28133003352643843
1077.0, 0.3137731414453119
1078.0, 0.3545882603562354
1079.0, 0.3945018610198298
1080.0, 0.4394587025836377
1081.0, 0.4778799158199771
1082.0, 0.518230576858662
1083.0, 0.5658513659366857
1084.0, 0.6100935399159594
1085.0, 0.6514301173042469
1086.0, 0.6923152499107236
1087.0, 0.7259253449183672
1088.0, 0.7490916923491564
1089.0, 0.759432216427873
1090.0, 0.7343782608904701
1091.0, 0.7002683094322782
1092.0, 0.640024785761096
1093.0, 0.5608691857546434
1094.0, 0.4781861420001229
1095.0, 0.3935715566617103
1096.0, 0.3155499057079592
1097.0, 0.253965845001522
1098.0, 0.19959968827366542
1099.0, 0.1614615718794081
1100.0, 0.12827344296996582
1101.0, 0.10196255650270156
1102.0, 0.08377861137086794
1103.0, 0.07107851559230913
1104.0, 0.06102540146293683
1105.0, 0.049815724722456094
1106.0, 0.040286478474513776
1107.0, 0.03586749516179567
1108.0, 0.03199226339465783
1109.0, 0.028105859737403135
1110.0, 0.019440456299726946
1111.0, 0.021432368008808284
1112.0, 0.024066518169167227
1113.0, 0.021793080472833803
1114.0, 0.019484286194170725
1115.0, 0.018805864468826115
1116.0, 0.01710020298994384
1117.0, 0.013745614124314898
1118.0, 0.012422419520018236
1119.0, 0.013710781523686584
1120.0, 0.008773056677060352
1121.0, 0.010931421417068713
1122.0, 0.00859098702166267
1123.0, 0.0068564824714843
1124.0, 0.00601700269431539
1125.0, 0.00570886606687695
1126.0, 0.004137079205854039
1127.0, 0.004098781209684635
1128.0, 0.007824267431888812
1129.0, 0.008687265574403072
1130.0, 0.010668682416261071
1131.0, 0.006880472877166951
1132.0, 0.0034768765038019436
1133.0, 0.0050542680720118095
1134.0, 0.0030646616117394
1135.0, 0.0031561586552596474
1136.0, 0.004703758477492234
1137.0, 0.0057603656072197675
1138.0, 0.008694869025160461
1139.0, 0.010055301551328326
1140.0, 0.003846538536317052
1141.0, 0.005958681352166742
1142.0, 0.005726302981855111
1143.0, 0.0038645867885814945
1144.0, 0.0028867262323631865
1145.0, 0.0015836517090334588
1146.0, 0.0011678230701131053
1147.0, 0.0008735254243318018
1148.0, 0.0005226667294483763
1149.0, 0.0009836041104268748
1150.0, 0.003227003777181946
1151.0, 0.0007989482343208096
1152.0, 0.0016069360188974801
1153.0, 0.0017284412715022953
1154.0, 0.0016710466288545494
1155.0, 0.003477751147248136
1156.0, 0.001012092100075229
1157.0, 0.0006738208970760571
1158.0, 0.0015787321952706913
1159.0, 0.0015269536945705822
1160.0, 0.0012555953090829448
1161.0, 0.0008408983845403012
1162.0, 0.0019137897783935566
1163.0, 0.001610138141016832
1164.0, 0.001435379900513945
1165.0, 0.0013287903283816373
1166.0, 0.0006499811481887381
1167.0, 0.0037849050865016364
1168.0, 0.000980175590756947
1169.0, 0.0014234149827510997
1170.0, 0.00123555129748615
1171.0, 0.0012980065770139414
1172.0, 0.0017204272019155614
1173.0, 0.0010780975293829085
1174.0, 0.0012128123054209277
1175.0, 0.00033256426137430613
1176.0, 0.0027742921375069176
1177.0, 0.003026435907686278
1178.0, 0.002423241944069701
1179.0, 0.0028287829414827864
1180.0, 0.003635724100771474
1181.0, 0.0019433467386935107
1182.0, 0.0013586273684831683
1183.0, 0.0026608458792772892
1184.0, 0.002815948186540133
1185.0, 0.0060607608906523185
1186.0, 0.00428296406415565
1187.0, 0.004037695644109145
1188.0, 0.0032026256404300664
1189.0, 0.0022138048088355296
1190.0, 0.0015309137172247447
1191.0, 0.003991029466094113
1192.0, 0.002169875665257199
1193.0, 0.0004861842678330066
1194.0, 0.0034054784364210833
1195.0, 0.007717610432147523
1196.0, 0.004147409470872203
1197.0, 0.0008802620240446338
1198.0, 0.0031228454535162935
1199.0, 0.004571292646780432
1200.0, 0.006022338679534412
1201.0, 0.006871963488761775
1202.0, 0.008718434439445838
1203.0, 0.0069233482298035635
1204.0, 0.0062704732381583875
1205.0, 0.006625791723975945
1206.0, 0.006160391348329929
1207.0, 0.005350455735458523
1208.0, 0.004887752739112344
1209.0, 0.006944526676789749
1210.0, 0.0068390058249391825
1211.0, 0.005321010266959886
1212.0, 0.005654821775395789
1213.0, 0.006358030101222819
1214.0, 0.00674591500937431
1215.0, 0.005401955919800578
1216.0, 0.006729900574593337
1217.0, 0.006547325593835216
1218.0, 0.0023895933360228664
1219.0, 0.0017291209217186764
1220.0, 0.005017687384352091
1221.0, 0.005167379853497427
1222.0, 0.0066468902090220435
1223.0, 0.0053076380521762355
1224.0, 0.00807893504737202
1225.0, 0.0043711345041226425
1226.0, 0.0007566045909085829
1227.0, 0.0023462616918659587
1228.0, 0.005175601510860066
1229.0, 0.004689545767559089
1230.0, 0.0037184008397159554
1231.0, 0.0014189529632768038
1232.0, 0.0027520148581331545
1233.0, 0.007339681881060075
1234.0, 0.0033466408212004506
1235.0, 0.001855260901796337
1236.0, 0.0024535666816033123
1237.0, 0.0033755612169287775
1238.0, 0.0006850347425310596
1239.0, 0.0002318370081039107
1240.0, 0.002018006838861057
1241.0, 0.0014762216367988632
1242.0, 0.001174458036609632
1243.0, 0.0012251845699624243
1244.0, 0.003053419189504157
1245.0, 0.004741880384151245
1246.0, 0.0027001542125435533
1247.0, 0.0023091200075163083
1248.0, 0.007225938623636711
1249.0, 0.004716708664630607
1250.0, 0.002600530507529314
1251.0, 0.00017595197355586067
1252.0, 0.001784130509937185
1253.0, 0.0005107889866828529
1254.0, 0.0002740849798450052
1255.0, 0.0018025423917287103
1256.0, 0.0055199902584655
1257.0, 0.003825393160755336
1258.0, 0.002598267682771079
1259.0, 0.004662056060885338
1260.0, 0.002760949396159839
1261.0, 0.0037186064929121522
1262.0, 0.006743982106396464
1263.0, 0.00415608752300336
1264.0, 0.006576064193275169
1265.0, 0.004091335656741192
1266.0, 0.004789049033537695
1267.0, 0.003378936521533936
1268.0, 0.0018663676922695844
1269.0, 0.003845200757837572
1270.0, 0.0016867577515865396
1271.0, 0.0010342448507340098
1272.0, 0.0019019263865770219
1273.0, 0.0005756955184693258
1274.0, 0.0009982372410776682
1275.0, 0.0015014735891171538
1276.0, 0.0004779475148619708
1277.0, 0.004092930237335521
1278.0, 0.004391633553519098
1279.0, 0.0028139712370488196
1280.0, 0.00116232115387853
1281.0, 0.0012045502880443759
1282.0, 0.0006170963798775653
1283.0, 0.0014977878912845763
1284.0, 0.004961662615528847
1285.0, 0.002804277285857844
1286.0, 0.0003413165163730174
1287.0, 0.0006888918265448978
1288.0, 0.001880444509544459
1289.0, 0.001861732979954987
1290.0, 0.0028603681331662557
1291.0, 0.0008064498239118726
1292.0, 0.0020064431980956103
1293.0, 0.0015609285487192066
1294.0, 0.00026164631869985257
1295.0, 0.001337436328156178
1296.0, 0.0014611483484504317
1297.0, 0.000248701337180976
1298.0, 0.002822235025897766
1299.0, 0.002149492552226606
1300.0, 0.0018287517767879347
1301.0, 0.004250797134084871
1302.0, 0.00347856773680771
1303.0, 0.0027535989771951858
1304.0, 0.0035794044553649107
1305.0, 0.001725427224697497
1306, 0.0
1307, 0.0
1308, 0.0
1309, 0.0
1310, 0.0
1311, 0.0
1312, 0.0
1313, 0.0
1314, 0.0
1315, 0.0
1316, 0.0
1317, 0.0
1318, 0.0
1319, 0.0
1320, 0.0
1321, 0.0
1322, 0.0
1323, 0.0
1324, 0.0
1325, 0.0
1326, 0.0
1327, 0.0
1328, 0.0
1329, 0.0
1330, 0.0
1331, 0.0
1332, 0.0
1333, 0.0
1334, 0.0
1335, 0.0
1336, 0.0
1337, 0.0
1338, 0.0
1339, 0.0
1340, 0.0
1341, 0.0
1342, 0.0
1343, 0.0
1344, 0.0
1345, 0.0
1346, 0.0
1347, 0.0
1348, 0.0
1349, 0.0
1350, 0.0
1351, 0.0
1352, 0.0
1353, 0.0
1354, 0.0
1355, 0.0
1356, 0.0
1357, 0.0
1358, 0.0
1359, 0.0
1360, 0.0
1361, 0.0
1362, 0.0
1363, 0.0
1364, 0.0
1365, 0.0
1366, 0.0
1367, 0.0
1368, 0.0
1369, 0.0
1370, 0.0
1371, 0.0
1372, 0.0
1373, 0.0
1374, 0.0
1375, 0.0
1376, 0.0
1377, 0.0
1378, 0.0
1379, 0.0
1380, 0.0
1381, 0.0
1382, 0.0
1383, 0.0
1384, 0.0
1385, 0.0
1386, 0.0
1387, 0.0
1388, 0.0
1389, 0.0
1390, 0.0
1391, 0.0
1392, 0.0
1393, 0.0
1394, 0.0
1395, 0.0
1396, 0.0
1397, 0.0
1398, 0.0
1399, 0.0
1400, 0.0
1401, 0.0
1402, 0.0
1403, 0.0
1404, 0.0
1405, 0.0
1406, 0.0
1407, 0.0
1408, 0.0
1409, 0.0
1410, 0.0
1411, 0.0
1412, 0.0
1413, 0.0
1414, 0.0
1415, 0.0
1416, 0.0
1417, 0.0
1418, 0.0
1419, 0.0
1420, 0.0
1421, 0.0
1422, 0.0
1423, 0.0
1424, 0.0
1425, 0.0
1426, 0.0
1427, 0.0
1428, 0.0
1429, 0.0
1430, 0.0
1431, 0.0
1432, 0.0
1433, 0.0
1434, 0.0
1435, 0.0
1436, 0.0
1437, 0.0
1438, 0.0
1439, 0.0
1440, 0.0
1441, 0.0
1442, 0.0
1443, 0.0
1444, 0.0
1445, 0.0
1446, 0.0
1447, 0.0
1448, 0.0
1449, 0.0
1450, 0.0
1451, 0.0
1452, 0.0
1453, 0.0
1454, 0.0
1455, 0.0
1456, 0.0
1457, 0.0
1458, 0.0
1459, 0.0
1460, 0.0
1461, 0.0
1462, 0.0
1463, 0.0
1464, 0.0
1465, 0.0
1466, 0.0
1467, 0.0
1468, 0.0
1469, 0.0
1470, 0.0
1471, 0.0
1472, 0.0
1473, 0.0
1474, 0.0
1475, 0.0
1476, 0.0
1477, 0.0
1478, 0.0
1479, 0.0
1480, 0.0
1481, 0.0
1482, 0.0
1483, 0.0
1484, 0.0
1485, 0.0
1486, 0.0
1487, 0.0
1488, 0.0
1489, 0.0
1490, 0.0
1491, 0.0
1492, 0.0
1493, 0.0
1494, 0.0
1495, 0.0
1496, 0.0
1497, 0.0
1498, 0.0
1499, 0.0
1500, 0.0
1501, 0.0
1502, 0.0
1503, 0.0
1504, 0.0
1505, 0.0
1506, 0.0
1507, 0.0
1508, 0.0
1509, 0.0
1510, 0.0
1511, 0.0
1512, 0.0
1513, 0.0
1514, 0.0
1515, 0.0
1516, 0.0
1517, 0.0
1518, 0.0
1519, 0.0
1520, 0.0
1521, 0.0
1522, 0.0
1523, 0.0
1524, 0.0
1525, 0.0
1526, 0.0
1527, 0.0
1528, 0.0
1529, 0.0
1530, 0.0
1531, 0.0
1532, 0.0
1533, 0.0
1534, 0.0
1535, 0.0
1536, 0.0
1537, 0.0
1538, 0.0
1539, 0.0
1540, 0.0
1541, 0.0
1542, 0.0
1543, 0.0
1544, 0.0
1545, 0.0
1546, 0.0
1547, 0.0
1548, 0.0
1549, 0.0
1550, 0.0
1551, 0.0
1552, 0.0
1553, 0.0
1554, 0.0
1555, 0.0
1556, 0.0
1557, 0.0
1558, 0.0
1559, 0.0
1560, 0.0
1561, 0.0
1562, 0.0
1563, 0.0
1564, 0.0
1565, 0.0
1566, 0.0
1567, 0.0
1568, 0.0
1569, 0.0
1570, 0.0
1571, 0.0
1572, 0.0
1573, 0.0
1574, 0.0
1575, 0.0
1576, 0.0
1577, 0.0
1578, 0.0
1579, 0.0
1580, 0.0
1581, 0.0
1582, 0.0
1583, 0.0
1584, 0.0
1585, 0.0
1586, 0.0
1587, 0.0
1588, 0.0
1589, 0.0
1590, 0.0
1591, 0.0
1592, 0.0
1593, 0.0
1594, 0.0
1595, 0.0
1596, 0.0
1597, 0.0
1598, 0.0
1599, 0.0
