30, 0.0
31, 0.0
32, 0.0
33, 0.0
34, 0.0
35, 0.0
36, 0.0
37, 0.0
38, 0.0
39, 0.0
40, 0.0
41, 0.0
42, 0.0
43, 0.0
44, 0.0
45, 0.0
46, 0.0
47, 0.0
48, 0.0
49, 0.0
50, 0.0
51, 0.0
52, 0.0
53, 0.0
54, 0.0
55, 0.0
56, 0.0
57, 0.0
58, 0.0
59, 0.0
60, 0.0
61, 0.0
62, 0.0
63, 0.0
64, 0.0
65, 0.0
66, 0.0
67, 0.0
68, 0.0
69, 0.0
70, 0.0
71, 0.0
72, 0.0
73, 0.0
74, 0.0
75, 0.0
76, 0.0
77, 0.0
78, 0.0
79, 0.0
80, 0.0
81, 0.0
82, 0.0
83, 0.0
84, 0.0
85, 0.0
86, 0.0
87, 0.0
88, 0.0
89, 0.0
90, 0.0
91, 0.0
92, 0.0
93, 0.0
94, 0.0
95, 0.0
96, 0.0
97, 0.0
98, 0.0
99, 0.0
100, 0.0
101, 0.0
102, 0.0
103, 0.0
104, 0.0
105, 0.0
106, 0.0
107, 0.0
108, 0.0
109, 0.0
110, 0.0
111, 0.0
112, 0.0
113, 0.0
114, 0.0
115, 0.0
116, 0.0
117, 0.0
118, 0.0
119, 0.0
120, 0.0
121, 0.0
122, 0.0
123, 0.0
124, 0.0
125, 0.0
126, 0.0
127, 0.0
128, 0.0
129, 0.0
130, 0.0
131, 0.0
132, 0.0
133, 0.0
134, 0.0
135, 0.0
136, 0.0
137, 0.0
138, 0.0
139, 0.0
140, 0.0
141, 0.0
142, 0.0
143, 0.0
144, 0.0
145, 0.0
146, 0.0
147, 0.0
148, 0.0
149, 0.0
150, 0.0
151, 0.0
152, 0.0
153, 0.0
154, 0.0
155, 0.0
156, 0.0
157, 0.0
158, 0.0
159, 0.0
160.0, 0.0002467609220362572
161.0, 0.0029289448572125875
162.0, 0.02184833452324844
163.0, 0.053997937850068206
164.0, 0.09617427183058908
165.0, 0.14321978149855052
166.0, 0.18681800759988224
167.0, 0.17695179426999377
168.0, 0.19400395261333905
169.0, 0.21330815444518778
170.0, 0.22230976981000694
171.0, 0.222989335793909
172.0, 0.20184336438158593
173.0, 0.17029694788880687
174.0, 0.1543085928369188
175.0, 0.1537815598567718
176.0, 0.15653577702501983
177.0, 0.14063089529290307
178.0, 0.14963759748837288
179.0, 0.14234582622999087
180.0, 0.13911556617602613
181.0, 0.1466544512553975
182.0, 0.15167992394806282
183.0, 0.13458236770401485
184.0, 0.15460276246538907
185.0, 0.1778304428846933
186.0, 0.19920658694194407
187.0, 0.21790515936935595
188.0, 0.2105010291364543
189.0, 0.21830173963518637
190.0, 0.23172737748581698
191.0, 0.25262829725905983
192.0, 0.27812017788024984
193.0, 0.300303447832088
194.0, 0.32910204490546385
195.0, 0.4039715608405993
196.0, 0.4337786550783805
197.0, 0.4127204300519739
198.0, 0.38159580381047903
199.0, 0.4216423994959221
200.0, 0.4967503409712702
201.0, 0.5915494374125502
202.0, 0.6390775695213768
203.0, 0.5871663730622866
204.0, 0.4163147757150215
205.0, 0.19876225989206137
206.0, 0.07250791304720727
207.0, 0.02489160727773856
208.0, 0.019734250822566163
209.0, 0.01964530540391893
210.0, 0.012306675154485795
211.0, 0.016685219300675902
212.0, 0.01454772574110962
213.0, 0.025301792571502668
214.0, 0.043178219874116866
215.0, 0.04298784206376543
216.0, 0.05123829327376348
217.0, 0.05658611453656108
218.0, 0.05988587019265772
219.0, 0.07234565670890365
220.0, 0.09608641858251953
221.0, 0.10804328751826231
222.0, 0.10589961058338558
223.0, 0.10802843089992525
224.0, 0.11362570382655131
225.0, 0.11982311584515973
226.0, 0.12333425770063722
227.0, 0.1238309567875671
228.0, 0.11880810210273475
229.0, 0.1212685833665802
230.0, 0.12136456860045804
231.0, 0.11574002774830464
232.0, 0.11682685782968248
233.0, 0.12344360717947635
234.0, 0.12240585943274858
235.0, 0.11904662650715568
236.0, 0.11370457380554486
237.0, 0.10611073231844995
238.0, 0.10218494904116794
239.0, 0.10997440325609492
240.0, 0.10943463065156321
241.0, 0.10477910555025621
242.0, 0.10224010300027028
243.0, 0.10511305975097229
244.0, 0.09260235884501467
245.0, 0.09625097542803936
246.0, 0.08962153037026419
247.0, 0.07775438755102297
248.0, 0.0689149754467788
249.0, 0.060543405029899806
250.0, 0.06271060414746059
251.0, 0.05732386315012131
252.0, 0.04570866458282988
253.0, 0.040148420122953304
254.0, 0.050934189619514764
255.0, 0.05645360955089299
256.0, 0.056667381641882904
257.0, 0.04016023767149326
258.0, 0.03149313796851793
259.0, 0.03459867884558203
260.0, 0.029066764972249106
261.0, 0.023069794838938014
262.0, 0.031176871921368324
263.0, 0.022276932057389433
264.0, 0.015126954929466236
265.0, 0.022876429698733963
266.0, 0.02106995990963192
267.0, 0.023802297705139988
268.0, 0.011321130183134246
269.0, 0.007072688531191273
270.0, 0.011858308371884087
271.0, 0.0159637354686359
272.0, 0.018281131912475133
273.0, 0.024788188623823905
274.0, 0.013321653965476183
275.0, 0.00419752900579016
276.0, 0.005104878466315873
277.0, 0.008204677650706404
278.0, 0.005875107280018299
279.0, 0.010883589170127288
280.0, 0.010126475767895295
281.0, 0.008711656104865904
282.0, 0.009938772693297205
283.0, 0.009179770200178019
284.0, 0.009405930437185721
285.0, 0.008009419847907899
286.0, 0.010370968754230613
287.0, 0.010798983970014138
288.0, 0.005177701377446314
289.0, 0.002532127363252727
290.0, 0.0011597092201463557
291.0, 0.0021385779831389123
292.0, 0.00763338454380668
293.0, 0.015169786499117132
294.0, 0.02024188627562219
295.0, 0.02090906650078561
296.0, 0.026994864552278362
297.0, 0.029326525010544776
298.0, 0.03042297268062495
299.0, 0.03597053012277373
300.0, 0.04900983102809859
301.0, 0.04526056455164693
302.0, 0.04979109261095504
303.0, 0.05856101319208529
304.0, 0.057818335392969634
305.0, 0.05180599289684279
306.0, 0.0642498100676749
307.0, 0.06073947770558145
308.0, 0.06003430926573228
309.0, 0.07615588725001173
310.0, 0.09267476543158772
311.0, 0.09704182009745452
312.0, 0.09864401311884587
313.0, 0.09755337258492787
314.0, 0.0988578847156364
315.0, 0.10774773748571877
316.0, 0.11522848945509079
317.0, 0.11525204813964086
318.0, 0.1217744644988759
319.0, 0.12170847891222686
320.0, 0.12875099008162016
321.0, 0.13433522825585592
322.0, 0.13853839549616734
323.0, 0.14401829419344214
324.0, 0.1454523446577737
325.0, 0.15159930148582323
326.0, 0.16066227493274715
327.0, 0.1634540820026244
328.0, 0.16871582357307838
329.0, 0.18464725424348533
330.0, 0.1649136132036906
331.0, 0.15897369580703188
332.0, 0.16525912808814808
333.0, 0.16749550656278434
334.0, 0.16390383689370971
335.0, 0.16347269178129284
336.0, 0.15864432421466543
337.0, 0.15714622585154264
338.0, 0.16802677219678228
339.0, 0.1752670109743501
340.0, 0.1731979013392932
341.0, 0.16917491822334257
342.0, 0.16262701324035922
343.0, 0.16810825083921258
344.0, 0.17348822664195837
345.0, 0.17036073090321624
346.0, 0.16296577302865778
347.0, 0.16564628877536494
348.0, 0.16804310078739274
349.0, 0.16278731809322933
350.0, 0.15965849267411755
351.0, 0.16032528850890065
352.0, 0.1651475812924721
353.0, 0.1735668932138747
354.0, 0.17135030387212094
355.0, 0.17352990953244052
356.0, 0.17381152525524068
357.0, 0.18024855364586606
358.0, 0.19240464499632448
359.0, 0.1963649652574989
360.0, 0.19689862617285794
361.0, 0.20702365957539334
362.0, 0.20506283427645636
363.0, 0.19824623332605673
364.0, 0.19704391739005855
365.0, 0.20472324908822437
366.0, 0.21400338144117848
367.0, 0.2038880027471298
368.0, 0.20177123304806602
369.0, 0.20067328544198684
370.0, 0.19625038989784238
371.0, 0.19801637001815883
372.0, 0.19390958256919763
373.0, 0.1929007995378866
374.0, 0.1898564349172809
375.0, 0.18707148903255882
376.0, 0.18735073385841022
377.0, 0.1903921175572963
378.0, 0.18279735407576944
379.0, 0.18359058495661484
380.0, 0.17579659067917508
381.0, 0.16789845640972728
382.0, 0.16504723640585017
383.0, 0.16143671412935265
384.0, 0.16299193357056735
385.0, 0.16474088089223526
386.0, 0.163964068382916
387.0, 0.16153212210238577
388.0, 0.1584755329412262
389.0, 0.15503734945160827
390.0, 0.15159128908316147
391.0, 0.1455331642419253
392.0, 0.1425172694250977
393.0, 0.1378883356570443
394.0, 0.1296718198476295
395.0, 0.12066991401040969
396.0, 0.11274203199283778
397.0, 0.11195409087898825
398.0, 0.1124767497191617
399.0, 0.11236663580502325
400.0, 0.11248323714174843
401.0, 0.11394853530555316
402.0, 0.10868537917881858
403.0, 0.10036823250806706
404.0, 0.09860634604510243
405.0, 0.09544641329426046
406.0, 0.08613392915352665
407.0, 0.07228535905982643
408.0, 0.06306472048103766
409.0, 0.06284884475939101
410.0, 0.06624082436626749
411.0, 0.06024413170486628
412.0, 0.05307693153281913
413.0, 0.0562688372893047
414.0, 0.05093312619193819
415.0, 0.04549018760961304
416.0, 0.04005027445042666
417.0, 0.03359188145641086
418.0, 0.025661270351610237
419.0, 0.0185518882456061
420.0, 0.019186658187008
421.0, 0.016593103164810913
422.0, 0.006377345579753946
423.0, 0.008883304278050957
424.0, 0.017528807354051212
425.0, 0.021369475357878726
426.0, 0.020196396448937275
427.0, 0.009601592175175266
428.0, 0.002816348284575904
429.0, 0.004180502766810942
430.0, 0.010085794306345978
431.0, 0.011963992844301621
432.0, 0.0024248526268670608
433.0, 0.00488518571206664
434.0, 0.009522525445257496
435.0, 0.007433035951839455
436.0, 0.005071445816037732
437.0, 0.006382445482813338
438.0, 0.00869140355057833
439.0, 0.0018187736136129635
440.0, 0.010135945360697394
441.0, 0.0170037233293009
442.0, 0.014774958792638205
443.0, 0.013423774523922537
444.0, 0.020961072743843567
445.0, 0.010567953689322463
446.0, 0.00984677793751642
447.0, 0.016338581057667854
448.0, 0.017530526733706017
449.0, 0.015913911279143114
450.0, 0.014962263858879806
451.0, 0.008401816066366556
452.0, 0.008473905717332355
453.0, 0.006404736381885362
454.0, 0.003141486972462944
455.0, 0.0013254407460043666
456.0, 0.00201251752572195
457.0, 0.0035507710770932895
458.0, 0.002851286667793086
459.0, 0.0029807214205952565
460.0, 0.001577574424615034
461.0, 0.0022956448726238047
462.0, 0.004844319728905574
463.0, 0.006294060339035411
464.0, 0.007739700758924742
465.0, 0.009104823074360772
466.0, 0.016050294065538817
467.0, 0.020298443165222207
468.0, 0.018827522721724797
469.0, 0.017762106245729395
470.0, 0.0318200452883369
471.0, 0.025253765121868423
472.0, 0.02586250533817868
473.0, 0.035764507502156984
474.0, 0.034850795040630364
475.0, 0.024475085005418267
476.0, 0.03016360184361543
477.0, 0.025542516426021213
478.0, 0.03474612413652878
479.0, 0.02992625894821723
480.0, 0.03593067711871868
481.0, 0.04615318545587477
482.0, 0.039888630951537524
483.0, 0.03456161012741364
484.0, 0.04386604021921831
485.0, 0.043665544136664194
486.0, 0.044332249701093285
487.0, 0.04404971971172155
488.0, 0.04356060250575235
489.0, 0.05220684302349704
490.0, 0.043957441997511774
491.0, 0.047491397249348144
492.0, 0.04536618843002793
493.0, 0.04870103492873481
494.0, 0.05446291763659064
495.0, 0.049056610897980954
496.0, 0.04345924441126417
497.0, 0.05185265445853448
498.0, 0.049034623779778505
499.0, 0.04242006834851725
500.0, 0.04019206988634859
501.0, 0.04060065973749743
502.0, 0.0294757422709648
503.0, 0.044539300469216295
504.0, 0.04539151453788533
505.0, 0.048266386082711145
506.0, 0.04533557108018892
507.0, 0.038732965295387875
508.0, 0.03909469776288686
509.0, 0.03322957597642211
510.0, 0.03499473695972331
511.0, 0.029750661475396685
512.0, 0.03005714732089834
513.0, 0.03322845599366839
514.0, 0.03186648476823197
515.0, 0.026307414676868902
516.0, 0.024859838638953784
517.0, 0.028758619847760774
518.0, 0.026419480222686233
519.0, 0.025471765364066812
520.0, 0.028758201900116572
521.0, 0.030112623076185747
522.0, 0.020858987367369006
523.0, 0.024857725971155875
524.0, 0.032492445645538603
525.0, 0.02870243666992467
526.0, 0.019052942969866662
527.0, 0.017454661162647118
528.0, 0.03244017390086819
529.0, 0.048342379057265586
530.0, 0.03643867115901069
531.0, 0.02595617617135637
532.0, 0.024440959559960333
533.0, 0.030180633128880283
534.0, 0.04358171957045161
535.0, 0.0816328073653724
536.0, 0.08345203470072604
537.0, 0.08002220192795807
538.0, 0.07871392740584522
539.0, 0.06813262300059551
540.0, 0.052159934364923145
541.0, 0.05240001374592852
542.0, 0.05115405712589544
543.0, 0.0627481162047259
544.0, 0.06894210136661691
545.0, 0.07277105658161405
546.0, 0.07678963246665618
547.0, 0.08296418306136283
548.0, 0.09330173867894732
549.0, 0.09510804344289672
550.0, 0.1032091459533955
551.0, 0.10737124822568989
552.0, 0.1157386075603734
553.0, 0.1291639566981597
554.0, 0.14147073491419324
555.0, 0.15259059722911772
556.0, 0.16186358013029728
557.0, 0.17671830820286688
558.0, 0.1848284169000603
559.0, 0.1824130192418906
560.0, 0.1748513642795002
561.0, 0.17259898300840185
562.0, 0.17881817636561528
563.0, 0.17346087579114433
564.0, 0.1717610811124426
565.0, 0.17305664499460768
566.0, 0.171123750526604
567.0, 0.16302297289424997
568.0, 0.1542132770962551
569.0, 0.1482854535510056
570.0, 0.1438287375076464
571.0, 0.14064258925771106
572.0, 0.1384864875599767
573.0, 0.13831315075777098
574.0, 0.1405575736927578
575.0, 0.14265048307703385
576.0, 0.13562550843706161
577.0, 0.12648835114491153
578.0, 0.12267160621443161
579.0, 0.11999900891439189
580.0, 0.11454586184382355
581.0, 0.11190988554339003
582.0, 0.13492966911271867
583.0, 0.13281155497754393
584.0, 0.13269817255793898
585.0, 0.12892891497636166
586.0, 0.12648064182840676
587.0, 0.12839041425955852
588.0, 0.1307836800007446
589.0, 0.1247131001217961
590.0, 0.13604609488414568
591.0, 0.13033062021328898
592.0, 0.13174880179883994
593.0, 0.1336094338261116
594.0, 0.13071118317561642
595.0, 0.1327855612115876
596.0, 0.14064243346170863
597.0, 0.13294569585789417
598.0, 0.14257900050583477
599.0, 0.149816311841036
600.0, 0.15492842061671477
601.0, 0.15868838773796778
602.0, 0.15297723057692103
603.0, 0.15434840529837246
604.0, 0.15653697763717117
605.0, 0.15441874072006542
606.0, 0.1584815139343382
607.0, 0.1660154674886405
608.0, 0.1724391210249468
609.0, 0.17993313100763414
610.0, 0.18138317582301652
611.0, 0.18431106128754543
612.0, 0.18515414801691876
613.0, 0.1852848611842711
614.0, 0.18752065157751557
615.0, 0.19225139030683072
616.0, 0.19491199910216964
617.0, 0.18667641681321323
618.0, 0.20697301129681941
619.0, 0.22466970166526282
620.0, 0.23729663215127203
621.0, 0.2372463301690857
622.0, 0.231574608327775
623.0, 0.24757729216133903
624.0, 0.252359778039366
625.0, 0.256672794115969
626.0, 0.27412216371962184
627.0, 0.2766745787614181
628.0, 0.28000636898378867
629.0, 0.2979382840084168
630.0, 0.30720053521671237
631.0, 0.3216550845790904
632.0, 0.32443666718580694
633.0, 0.3293782786463355
634.0, 0.3428353959628774
635.0, 0.35701254993589504
636.0, 0.3684161726131886
637.0, 0.3866316937815181
638.0, 0.4037610326251686
639.0, 0.44085485694909277
640.0, 0.4573439001783393
641.0, 0.4812463595824759
642.0, 0.5168187707884164
643.0, 0.550369045420647
644.0, 0.5730117804243612
645.0, 0.6220487820570366
646.0, 0.668019103521498
647.0, 0.7271302090551834
648.0, 0.7800478893220105
649.0, 0.8240011613682557
650.0, 0.8721239993319885
651.0, 0.9331290604153073
652.0, 0.9659692158094432
653.0, 0.9875647006667378
654.0, 0.9974839183589413
655.0, 0.9808491316270399
656.0, 0.9619493624658165
657.0, 0.948309820813174
658.0, 0.9211275804453681
659.0, 0.8729234968274877
660.0, 0.8314021686204393
661.0, 0.7713931682392479
662.0, 0.7312799868689069
663.0, 0.6900201568387201
664.0, 0.6419794741218404
665.0, 0.5986106271180368
666.0, 0.5543644367193339
667.0, 0.5225427629525311
668.0, 0.49453854813081743
669.0, 0.4755368839826604
670.0, 0.459174226162086
671.0, 0.442287377069644
672.0, 0.4275827370600428
673.0, 0.41956785028383947
674.0, 0.4070470009949927
675.0, 0.37595484129443396
676.0, 0.38199131588895535
677.0, 0.3953379732716701
678.0, 0.40366701408518657
679.0, 0.4016524261893794
680.0, 0.3867907404553508
681.0, 0.3991703860533738
682.0, 0.3996558597088422
683.0, 0.39930077793799096
684.0, 0.4105036472567527
685.0, 0.41122088300025195
686.0, 0.4072858587299862
687.0, 0.42202601111667
688.0, 0.42614640064601567
689.0, 0.44249639765251014
690.0, 0.43424812729852647
691.0, 0.43446802448221045
692.0, 0.44051137271194674
693.0, 0.4439406252194601
694.0, 0.4431660552400586
695.0, 0.4451175921943911
696.0, 0.4453367575016111
697.0, 0.45568756235949115
698.0, 0.447187904560933
699.0, 0.44585491536585786
700.0, 0.44750500881028027
701.0, 0.44868598769566814
702.0, 0.45854905245617994
703.0, 0.456852631908696
704.0, 0.4708726950517555
705.0, 0.4595231138299514
706.0, 0.46427899731563704
707.0, 0.46859902758097455
708.0, 0.46680579551916995
709.0, 0.4733156971133033
710.0, 0.492144962629538
711.0, 0.47276794168549413
712.0, 0.4746170688191155
713.0, 0.48348193692671376
714.0, 0.4813932275202777
715.0, 0.47471481745339206
716.0, 0.47169942534958736
717.0, 0.4662545806310965
718.0, 0.4532109013644599
719.0, 0.4532855728078208
720.0, 0.430776817027166
721.0, 0.4189199994423546
722.0, 0.4106060085532235
723.0, 0.39747000245398934
724.0, 0.3818146040291434
725.0, 0.36780484069594804
726.0, 0.34123659354769215
727.0, 0.3338150465299596
728.0, 0.3218677720961872
729.0, 0.3163380820749088
730.0, 0.3083815383577865
731.0, 0.2955564347845121
732.0, 0.28888604798172957
733.0, 0.27599381635312825
734.0, 0.2699679948120158
735.0, 0.2616387691686667
736.0, 0.257987674004365
737.0, 0.2517667624350328
738.0, 0.2406249398892161
739.0, 0.23064572573841305
740.0, 0.2299442096750587
741.0, 0.23349037344051296
742.0, 0.21389771167398913
743.0, 0.20283946771782943
744.0, 0.20266651448994924
745.0, 0.1996206513689065
746.0, 0.18809649663659536
747.0, 0.17977045343596498
748.0, 0.19125155246705297
749.0, 0.17510293451475806
750.0, 0.1761233925406065
751.0, 0.17074072370148086
752.0, 0.1688742486004512
753.0, 0.16901271370801485
754.0, 0.16640265941284912
755.0, 0.16166363129830985
756.0, 0.15522273752486204
757.0, 0.15100630641807442
758.0, 0.15814771536351224
759.0, 0.15419211767647267
760.0, 0.14161364865420556
761.0, 0.13502013373495114
762.0, 0.1409363035252696
763.0, 0.14628580019854956
764.0, 0.1324721238068632
765.0, 0.13839713380898236
766.0, 0.1353105260100067
767.0, 0.13411022331317984
768.0, 0.12768129849206133
769.0, 0.12384913996569853
770.0, 0.12698494887410372
771.0, 0.11756693099187651
772.0, 0.1201497406824278
773.0, 0.10502661235902114
774.0, 0.1068453937282339
775.0, 0.10772710624383704
776.0, 0.10216316662383408
777.0, 0.09667064585695305
778.0, 0.09459839078889802
779.0, 0.08519103368341736
780.0, 0.08262100815747199
781.0, 0.08552041444368838
782.0, 0.07554781483379444
783.0, 0.06382699358886482
784.0, 0.0649902985559941
785.0, 0.07505243261768685
786.0, 0.07966451433264868
787.0, 0.07747030121087982
788.0, 0.05295463897421976
789.0, 0.058152077177402284
790.0, 0.05507511659537832
791.0, 0.04911513051868507
792.0, 0.05199109112976479
793.0, 0.05148036994841893
794.0, 0.03779014170645038
795.0, 0.04790096438369008
796.0, 0.046249000613652454
797.0, 0.050132430823878756
798.0, 0.044185690297174667
799.0, 0.038263135244909
800.0, 0.04025192831479029
801.0, 0.04578903363762339
802.0, 0.044339851359492845
803.0, 0.03567179369684477
804.0, 0.04027572736471693
805.0, 0.020171107819201728
806.0, 0.01717216152987886
807.0, 0.02516194700669068
808.0, 0.025619197819462744
809.0, 0.021726829271535162
810.0, 0.025254972106559373
811.0, 0.022868196464369148
812.0, 0.004570997625366087
813.0, 0.014262740211035789
814.0, 0.01544300339781312
815.0, 0.010554688118472714
816.0, 0.009114722250325391
817.0, 0.010146915704263666
818.0, 0.010149908494592633
819.0, 0.0143688020303314
820.0, 0.010743816690195704
821.0, 0.014063385042491267
822.0, 0.00922716479785604
823.0, 0.017314104020224378
824.0, 0.023917677220082794
825.0, 0.019843782448418546
826.0, 0.014745630488859983
827.0, 0.020998105319704436
828.0, 0.014877236052594089
829.0, 0.013912852328885748
830.0, 0.015648507927643784
831.0, 0.014690506441586332
832.0, 0.016523079050715078
833.0, 0.01875964536802175
834.0, 0.020375169488704763
835.0, 0.020928388028672213
836.0, 0.0031232583031495804
837.0, 0.016660620716139316
838.0, 0.013674200728537323
839.0, 0.00599003575388076
840.0, 0.00744341033958033
841.0, 0.013052631786328582
842.0, 0.012989125948972113
843.0, 0.006573501954003717
844.0, 0.0036615643440318455
845.0, 0.004393764610892092
846.0, 0.010576159606883512
847.0, 0.003841943721648941
848.0, 0.006276637177959357
849.0, 0.005678552133998565
850.0, 0.0011905128759556096
851.0, 0.0011050615722805195
852.0, 0.003033459783674302
853.0, 0.004865142735694681
854.0, 0.009908385888115125
855.0, 0.0024055254297144354
856.0, 0.00011076614786860481
857.0, 0.0062021699893968114
858.0, 0.01755209191784545
859.0, 0.020826420129908013
860.0, 0.009397598618087043
861.0, 0.010836121167859255
862.0, 0.027021940952295376
863.0, 0.03465997279530363
864.0, 0.031525561508761415
865.0, 0.04370053875409951
866.0, 0.03725490874662874
867.0, 0.024738756199785383
868.0, 0.03325676646459624
869.0, 0.038429240564067046
870.0, 0.0344971201909573
871.0, 0.03921487110288267
872.0, 0.05011134298037444
873.0, 0.04779123458661473
874.0, 0.05232347051725251
875.0, 0.05520742834014772
876.0, 0.05501465032477888
877.0, 0.06354001490643582
878.0, 0.0688846661008074
879.0, 0.06993103725678952
880.0, 0.06128797020950478
881.0, 0.0680576004402516
882.0, 0.0747405384001918
883.0, 0.08369393026436864
884.0, 0.08660896773139912
885.0, 0.08927329116539669
886.0, 0.10592380567782983
887.0, 0.0900863372920223
888.0, 0.08497454859080027
889.0, 0.09852242840516509
890.0, 0.10763923889540557
891.0, 0.10999534451599194
892.0, 0.11153495253799575
893.0, 0.11308207261628114
894.0, 0.11487491688323577
895.0, 0.1214430888028255
896.0, 0.12218772769466557
897.0, 0.12578757214054026
898.0, 0.12957087243867543
899.0, 0.12870512692976735
900.0, 0.13290230734922073
901.0, 0.13180930557096573
902.0, 0.13007255519661118
903.0, 0.1385088353884695
904.0, 0.14339727367246582
905.0, 0.15809258161419168
906.0, 0.15744687912170874
907.0, 0.15475539891285886
908.0, 0.16488271938820517
909.0, 0.1667362110743002
910.0, 0.16957492217854694
911.0, 0.1804437856953599
912.0, 0.1893592801418866
913.0, 0.1950584078430525
914.0, 0.20492206720502915
915.0, 0.20238423022486116
916.0, 0.2150927976062612
917.0, 0.21735202079110477
918.0, 0.2162031288291352
919.0, 0.21682637605306387
920.0, 0.2245450847297258
921.0, 0.24066254817725524
922.0, 0.25107509472361744
923.0, 0.2560195923227419
924.0, 0.23622926120073298
925.0, 0.24427729454567892
926.0, 0.24685394416206763
927.0, 0.24584735419306666
928.0, 0.2535789323211643
929.0, 0.2600039331746273
930.0, 0.25148785373318167
931.0, 0.2507823184035918
932.0, 0.25898608838587583
933.0, 0.26982677433557245
934.0, 0.2647280150286885
935.0, 0.2636555733658085
936.0, 0.2589655532263761
937.0, 0.26768744413424134
938.0, 0.2829990613190032
939.0, 0.28622327134431735
940.0, 0.293151495440859
941.0, 0.288552173544347
942.0, 0.28630421327041666
943.0, 0.28594301068431643
944.0, 0.2965984124020153
945.0, 0.30411547796787936
946.0, 0.3054274510903248
947.0, 0.3139115653325984
948.0, 0.32324839046124254
949.0, 0.3089818897573822
950.0, 0.32402826978641536
951.0, 0.3141031513209591
952.0, 0.31805015775385065
953.0, 0.3256315034220344
954.0, 0.3175388486540416
955.0, 0.3007765508758739
956.0, 0.29319326840598076
957.0, 0.29077117376325307
958.0, 0.27483228960394523
959.0, 0.262516257757757
960.0, 0.2571344204691414
961.0, 0.2511567595389838
962.0, 0.233142600084694
963.0, 0.22921488178391725
964.0, 0.2289009762084508
965.0, 0.2159734179838613
966.0, 0.20467730402450357
967.0, 0.20546255728898297
968.0, 0.18655365853507822
969.0, 0.19347185129220468
970.0, 0.17302621835909612
971.0, 0.18032883234417843
972.0, 0.17416365338333942
973.0, 0.17182919832551266
974.0, 0.1737783516795139
975.0, 0.17364080982752425
976.0, 0.17362949952394457
977.0, 0.17542037646542152
978.0, 0.16075630335662855
979.0, 0.16456645329083391
980.0, 0.1803884450323286
981.0, 0.1886640769875218
982.0, 0.1778072392082473
983.0, 0.17415625503260165
984.0, 0.17730160554869953
985.0, 0.17443946552408374
986.0, 0.16911939250840746
987.0, 0.17729962637406105
988.0, 0.18862061557649332
989.0, 0.18757994871768796
990.0, 0.19111462115375716
991.0, 0.20524538933963882
992.0, 0.20718461456368958
993.0, 0.20904279744856
994.0, 0.2086551511049614
995.0, 0.20830014546930484
996.0, 0.21572192396857415
997.0, 0.210512419817309
998.0, 0.2168120063283414
999.0, 0.2094630628556935
1000.0, 0.20710230239338126
1001.0, 0.22576264399373944
1002.0, 0.24073721482692512
1003.0, 0.24373882390718346
1004.0, 0.24993422287689246
1005.0, 0.2535461104178117
1006.0, 0.23941467528137278
1007.0, 0.25203855166718414
1008.0, 0.252553194578218
1009.0, 0.2731874285642278
1010.0, 0.27464701815135706
1011.0, 0.2903639623178066
1012.0, 0.29498849489756823
1013.0, 0.29588310666029555
1014.0, 0.29807080327265395
1015.0, 0.30298790298712786
1016.0, 0.318415259284786
1017.0, 0.3336941907074008
1018.0, 0.3442907770941738
1019.0, 0.3582596775090871
1020.0, 0.36427572472436426
1021.0, 0.37808163026052055
1022.0, 0.3984953604031476
1023.0, 0.4117063441822246
1024.0, 0.42210161823045583
1025.0, 0.4355728632990701
1026.0, 0.44557282353188893
1027.0, 0.4571849307547688
1028.0, 0.4500909777055904
1029.0, 0.4590874413537859
1030.0, 0.5538546190426965
1031.0, 0.6223353172137669
1032.0, 0.6036115238187928
1033.0, 0.5312635204507495
1034.0, 0.4758382674280849
1035.0, 0.45517350491165676
1036.0, 0.43470047560410624
1037.0, 0.4121322964068212
1038.0, 0.39227582679756356
1039.0, 0.37856317456498784
1040.0, 0.3705327141740211
1041.0, 0.3513868917568094
1042.0, 0.3513505920616242
1043.0, 0.34490529083345395
1044.0, 0.32460116940808964
1045.0, 0.30411871562888154
1046.0, 0.28775885672649787
1047.0, 0.2734657465949014
1048.0, 0.2860931557768137
1049.0, 0.2506434272768883
1050.0, 0.25477434765399526
1051.0, 0.23716178408696897
1052.0, 0.23600749934983986
1053.0, 0.2386327232870203
1054.0, 0.22203109818817915
1055.0, 0.20566313858227261
1056.0, 0.20442994617926394
1057.0, 0.19577843394939154
1058.0, 0.1939658423534749
1059.0, 0.197394040145942
1060.0, 0.1796507938016059
1061.0, 0.17628221743184527
1062.0, 0.17127197634765912
1063.0, 0.17481896118368048
1064.0, 0.17446982216725593
1065.0, 0.17529057467615478
1066.0, 0.17528741473682732
1067.0, 0.16592613728792502
1068.0, 0.16269299559115974
1069.0, 0.16202398213175373
1070.0, 0.1629931235620738
1071.0, 0.1630802950939641
1072.0, 0.1561033487775959
1073.0, 0.15131951652195327
1074.0, 0.14996173907327978
1075.0, 0.14911115768084435
1076.0, 0.14898786802839395
1077.0, 0.1478153603372699
1078.0, 0.14408809591355484
1079.0, 0.14576025873483692
1080.0, 0.1469643669193451
1081.0, 0.15317223996191068
1082.0, 0.1347263803851675
1083.0, 0.14244111560443695
1084.0, 0.14576144633269136
1085.0, 0.14147707744312837
1086.0, 0.1470258940807336
1087.0, 0.14642510579743906
1088.0, 0.13141378938484896
1089.0, 0.12792869055039308
1090.0, 0.12651270319215285
1091.0, 0.11755749352082151
1092.0, 0.1272918223879631
1093.0, 0.1278699269549298
1094.0, 0.11884987290124237
1095.0, 0.10939412897070572
1096.0, 0.11541080473518951
1097.0, 0.1159023397165185
1098.0, 0.11069071058272328
1099.0, 0.10673844588026742
1100.0, 0.0982025287744177
1101.0, 0.10515933386319241
1102.0, 0.10665886531452272
1103.0, 0.11768048974757607
1104.0, 0.09545196037008667
1105.0, 0.08135234483116864
1106.0, 0.07932057886543598
1107.0, 0.07311384205653601
1108.0, 0.07236759259633105
1109.0, 0.07303064408205176
1110.0, 0.07052290884338189
1111.0, 0.07423458430953564
1112.0, 0.07715998551862327
1113.0, 0.07054484190715607
1114.0, 0.0857213543208947
1115.0, 0.08659232432154952
1116.0, 0.11048611918023765
1117.0, 0.11655791830760172
1118.0, 0.14766448326142823
1119.0, 0.1608941848314164
1120.0, 0.1678914163933325
1121.0, 0.19061080923965484
1122.0, 0.20254353961071422
1123.0, 0.18919366850145763
1124.0, 0.18026433461502803
1125.0, 0.15563813717432878
1126.0, 0.15060775214363173
1127.0, 0.12845777034316783
1128.0, 0.12149936828350313
1129.0, 0.09167770407510943
1130.0, 0.06377984494695715
1131.0, 0.049066772899517455
1132.0, 0.0374157711719582
1133.0, 0.043169371062489977
1134.0, 0.06664800972770409
1135.0, 0.04444290846480795
1136.0, 0.03731315627081098
1137.0, 0.03754132517868913
1138.0, 0.014050369419585084
1139.0, 0.022085512677152346
1140.0, 0.01763000197740052
1141.0, 0.008917167040182342
1142.0, 0.01224290071685528
1143.0, 0.011983501218399108
1144.0, 0.00611623682676706
1145.0, 0.0066999264331871105
1146.0, 0.009079583498008107
1147.0, 0.011104038797093723
1148.0, 0.008911117939812137
1149.0, 0.010877817544239061
1150.0, 0.017042552557446626
1151.0, 0.008309571796566304
1152.0, 0.008131507808608378
1153.0, 0.008837848176175205
1154.0, 0.004470405430722047
1155.0, 0.0007267259603678541
1156.0, 0.001765736112135547
1157.0, 0.0041806979496287295
1158.0, 0.00484291038452774
1159.0, 0.005573654831123991
1160.0, 0.007764174377761451
1161.0, 0.011799746592913697
1162.0, 0.013725920571274312
1163.0, 0.005865045318809575
1164.0, 0.003071752707230975
1165.0, 0.0045001207944381765
1166.0, 0.006116818820094681
1167.0, 0.005802241071870628
1168.0, 0.00474917884081841
1169.0, 0.004180987374774956
1170.0, 0.0029976891468868937
1171.0, 0.002438755278684843
1172.0, 0.008491736579074944
1173.0, 0.000548544004874175
1174.0, 0.0028218126151375042
1175.0, 0.004640187167753081
1176.0, 0.004983771804843688
1177.0, 0.007364168894428966
1178.0, 0.005185688995969837
1179.0, 0.0021094957256240048
1180.0, 0.005022449106771452
1181.0, 0.011144776571964577
1182.0, 0.014338591424305646
1183.0, 0.013831295082026358
1184.0, 0.004467797526867354
1185.0, 0.0026983568846504144
1186.0, 0.0025883614552312147
1187.0, 0.006404416728739109
1188.0, 0.003439719789149984
1189.0, 0.007371726598204424
1190.0, 0.003212295984547534
1191.0, 0.0066686610101196605
1192.0, 0.006015167448608489
1193.0, 0.004188834018661431
1194.0, 0.01007754816166851
1195.0, 0.008590060066809999
1196.0, 0.0029190904636187173
1197.0, 0.00823249207724606
1198.0, 0.0064002540985313005
1199.0, 0.0014020802415721117
1200.0, 0.0007797492332276562
1201.0, 0.005201057269014836
1202.0, 0.0026404160090025795
1203.0, 0.00841371395244555
1204.0, 0.005928602902256991
1205.0, 0.002405951440525624
1206.0, 0.0030234700879560347
1207.0, 0.0011678522364803753
1208.0, 0.0017751441219258223
1209.0, 0.006725352632690583
1210.0, 0.008093979007826761
1211.0, 0.00592714157903879
1212.0, 0.014105112445408038
1213.0, 0.017063601706799585
1214.0, 0.0038209743854551058
1215.0, 0.003402621799055864
1216.0, 0.010512790062970028
1217.0, 0.012361718243137
1218.0, 0.013394265193098151
1219.0, 0.011977714707777462
1220.0, 0.0074029208964018775
1221.0, 0.006984950344087888
1222.0, 0.00614018973744602
1223.0, 0.005660546931184
1224.0, 0.003822916834344072
1225.0, 0.012022962225597277
1226.0, 0.012765534994180126
1227.0, 0.006282531300667029
1228.0, 0.017838194854763994
1229.0, 0.016383150966798796
1230.0, 0.017285895582010796
1231.0, 0.011293927830774006
1232.0, 0.01108812027428652
1233.0, 0.01550542098209783
1234.0, 0.008861516948262607
1235.0, 0.00775832159907505
1236.0, 0.014590786114516297
1237.0, 0.011631534165923857
1238.0, 0.01413005142254051
1239.0, 0.01739776795224051
1240.0, 0.01625953476659756
1241.0, 0.01903451217158345
1242.0, 0.022377622029381553
1243.0, 0.022693214323702665
1244.0, 0.020442126746018353
1245.0, 0.020443384680636993
1246.0, 0.021734107850377153
1247.0, 0.021630120893707354
1248.0, 0.02221409503955596
1249.0, 0.023680173621871307
1250.0, 0.021091355754504187
1251.0, 0.020200965227995783
1252.0, 0.031020165783311224
1253.0, 0.02186448840267206
1254.0, 0.026088163016406308
1255.0, 0.013159600471319265
1256.0, 0.014797314524954986
1257.0, 0.016609797961063457
1258.0, 0.023950435050423335
1259.0, 0.02553957415979791
1260.0, 0.020842291514380953
1261.0, 0.020338571174400962
1262.0, 0.02602272997212878
1263.0, 0.029791420204588893
1264.0, 0.02416556165832642
1265.0, 0.022507832027618593
1266.0, 0.01838714632057546
1267.0, 0.017308426919624836
1268.0, 0.011006963597338791
1269.0, 0.01996539949785988
1270.0, 0.021850722921699737
1271.0, 0.03093295535589239
1272.0, 0.03223930791368825
1273.0, 0.02511895182200031
1274.0, 0.02006083689630769
1275.0, 0.017609859795866056
1276.0, 0.019165740386902993
1277.0, 0.02478704086376462
1278.0, 0.025229610057593256
1279.0, 0.029889228027761575
1280.0, 0.032424848100912944
1281.0, 0.027688300955649874
1282.0, 0.03027580199590092
1283.0, 0.03259234840811838
1284.0, 0.02949075335067739
1285.0, 0.03752670929087685
1286.0, 0.030628890975360014
1287.0, 0.02757481185508781
1288.0, 0.029970509604450638
1289.0, 0.02812329547107643
1290.0, 0.02879837058828948
1291.0, 0.036368832355602475
1292.0, 0.03618765212721146
1293.0, 0.028815727432637977
1294.0, 0.038444876947516846
1295.0, 0.03802728631961276
1296.0, 0.023217297248679963
1297.0, 0.03810041919738688
1298.0, 0.032926481382835826
1299.0, 0.0329874523299246
1300.0, 0.028934089166748063
1301.0, 0.028386405465146865
1302.0, 0.029073902110436953
1303.0, 0.024793269205283384
1304.0, 0.024332640837754552
1305.0, 0.02443630083806404
1306.0, 0.028547129902684293
1307.0, 0.03220242797136337
1308.0, 0.021537105569027222
1309.0, 0.020903443711818126
1310.0, 0.03543751989418126
1311.0, 0.043552763711997386
1312.0, 0.04463416434918216
1313.0, 0.020376021631590413
1314.0, 0.029350169261077263
1315.0, 0.026676201263849827
1316.0, 0.022119809686895545
1317.0, 0.03235543185786005
1318.0, 0.022110715635732775
1319.0, 0.02431307253634672
1320.0, 0.03019014752322344
1321.0, 0.033637431001954876
1322.0, 0.03402655313318703
1323.0, 0.028205128224675115
1324.0, 0.029544790710020787
1325.0, 0.03854277862676036
1326.0, 0.03921943405857798
1327.0, 0.03242727668821694
1328.0, 0.03775777053623386
1329.0, 0.016938282496700645
1330.0, 0.020314904677129483
1331.0, 0.03387842781937396
1332.0, 0.02825999433177343
1333.0, 0.03266634114350778
1334.0, 0.035854280060233314
1335.0, 0.01958691778735973
1336.0, 0.023235505595422392
1337.0, 0.033085202340017356
1338.0, 0.024182075640823277
1339.0, 0.021646042568601382
1340.0, 0.027809435737833118
1341.0, 0.01555752799856657
1342.0, 0.014481108634268247
1343.0, 0.01874325438327197
1344.0, 0.016834228296784052
1345.0, 0.027970887221246556
1346.0, 0.024758035336676632
1347.0, 0.020183264648389584
1348.0, 0.021156966016104575
1349.0, 0.007764156170270509
1350.0, 0.017707032195973596
1351.0, 0.01738123273642537
1352.0, 0.019109454951758333
1353.0, 0.025649586219154415
1354.0, 0.022550006276247907
1355.0, 0.021517562838233632
1356.0, 0.01636054786723532
1357.0, 0.004523265446481536
1358.0, 0.007192750394938556
1359.0, 0.01244811356327118
1360.0, 0.02121715785568218
1361.0, 0.003356920373717504
1362.0, 0.0072062949499736685
1363.0, 0.01994744531707257
1364.0, 0.018642449819100692
1365.0, 0.02330241961495027
1366.0, 0.011482843083776322
1367.0, 0.013289516354784751
1368.0, 0.013342692695972415
1369.0, 0.02441881180204088
1370.0, 0.030841339940619703
1371.0, 0.023741476163801765
1372.0, 0.010915123792307795
1373.0, 0.013074635065708808
1374.0, 0.01681440019572446
1375.0, 0.01145945581350254
1376.0, 0.009861828968250037
1377.0, 0.0020735652646402085
1378.0, 0.0034886550937241884
1379.0, 0.0059313095479428205
1380.0, 0.01165481929789508
1381.0, 0.001168086815990576
1382.0, 0.014758989591326351
1383.0, 0.013431832256292568
1384.0, 0.01648327928858158
1385.0, 0.01930999138147367
1386.0, 0.004513036198941643
1387.0, 0.00047866058369923446
1388.0, 0.0170109851069365
1389.0, 0.015050249341119112
1390.0, 0.005822451658209153
1391.0, 0.002511891906064915
1392.0, 0.014488816482055052
1393.0, 0.028168097658406735
1394.0, 0.017816783835791362
1395.0, 0.008168539458689726
1396.0, 0.02201999338155081
1397.0, 0.01637380699981941
1398.0, 0.01711342430279548
1399.0, 0.015241175808565129
1400.0, 0.013233403619126156
1401.0, 0.00023544207005847377
1402.0, 0.0029746337267259446
1403.0, 0.0062755004215469595
1404.0, 0.010592699270328292
1405.0, 0.009524941626175808
1406.0, 0.017759316152895752
1407.0, 0.01102649382369729
1408.0, 0.004613163652920301
1409.0, 0.006606277724314835
1410.0, 0.0059810895520333645
1411.0, 0.011006762666922482
1412.0, 0.014616381260579871
1413.0, 0.008193042442755408
1414.0, 0.0085354579803208
1415.0, 0.014434825426841503
1416.0, 0.011906730111135347
1417.0, 0.01555420196531925
1418.0, 0.009605720955940356
1419.0, 0.008965204556389786
1420.0, 0.008912852128589284
1421.0, 0.0012197292149419793
1422.0, 0.011578168124190286
1423.0, 0.0035496430027006135
1424.0, 0.009167156944599655
1425.0, 0.02133986984042846
1426.0, 0.010581618781619798
1427.0, 0.006361438936735376
1428.0, 0.007477696507329031
1429.0, 0.014275038833101402
1430.0, 0.01788224138936999
1431.0, 0.02123849301633914
1432.0, 0.0231447385918077
1433.0, 0.023974016118324497
1434.0, 0.022742550542957922
1435.0, 0.014731771123128573
1436.0, 0.006420340558589477
1437.0, 0.007037273395958114
1438.0, 0.010884860040977355
1439.0, 0.014031811561262724
1440.0, 0.021907269801094018
1441.0, 0.023435010583027077
1442.0, 0.014333307255769449
1443.0, 0.012707872666389588
1444.0, 0.026122370621262308
1445.0, 0.0038681281776543914
1446.0, 0.014992585466844212
1447.0, 0.021506343474132827
1448.0, 0.019283853599162067
1449.0, 0.03310145074548393
1450.0, 0.03157328964442089
1451.0, 0.02256190958774724
1452.0, 0.02052888352780903
1453.0, 0.02354023755272445
1454.0, 0.02441123877737222
1455.0, 0.025108525882071138
1456.0, 0.0258951936328909
1457.0, 0.02686434617450328
1458.0, 0.026250549269883378
1459.0, 0.025039529199919124
1460.0, 0.02820992446106395
1461.0, 0.02421780368111676
1462.0, 0.015970268792393837
1463.0, 0.012814206689184104
1464.0, 0.022923556875930798
1465.0, 0.02534081672014281
1466.0, 0.031693981615984954
1467.0, 0.03068969673196756
1468.0, 0.03992430528759122
1469.0, 0.023951978875449143
1470.0, 0.0186806186574024
1471.0, 0.013040164632196075
1472.0, 0.02227154861220134
1473.0, 0.02239944015813751
1474.0, 0.01696706549861206
1475.0, 0.028570070480776324
1476.0, 0.027704078537964725
1477.0, 0.023670070711850226
1478.0, 0.024301559286151925
1479.0, 0.018347579687175656
1480.0, 0.017179233556652813
1481.0, 0.020791373777397447
1482.0, 0.02557891545602547
1483.0, 0.025377806253387574
1484.0, 0.020337952252709887
1485.0, 0.027363543102896837
1486.0, 0.02129519417516767
1487.0, 0.02496946950116482
1488.0, 0.022579720857831484
1489.0, 0.020025429861471628
1490.0, 0.01340247853518574
1491.0, 0.018664681687687305
1492.0, 0.0075460688220282705
1493.0, 0.009487974754191428
1494.0, 0.018940636134167105
1495.0, 0.02177254685932244
1496.0, 0.004894969073387824
1497.0, 0.007062695386787161
1498.0, 0.00462107898769026
1499.0, 0.0008552161225427186
1500.0, 0.012197511577893456
1501.0, 0.008039832199066694
1502.0, 0.008928858846445354
1503.0, 0.011296722642671807
1504.0, 0.016450083893123822
1505.0, 0.015349728390265093
1506.0, 0.011298045888283252
1507.0, 0.01664077481136647
1508.0, 0.024548924686056194
1509.0, 0.022888013009906692
1510.0, 0.021643001003477286
1511.0, 0.01824131124698384
1512.0, 0.0064799108164250545
1513.0, 0.01440747402612164
1514.0, 0.023116041253260597
1515.0, 0.019626119114965354
1516.0, 0.026493043857133903
1517.0, 0.02372010613949628
1518.0, 0.0058985308172367825
1519.0, 0.025765997349386335
1520.0, 0.02590588060196894
1521.0, 0.008743636275592045
1522.0, 0.02883652718323323
1523.0, 0.012631399015183488
1524.0, 0.009325971880902017
1525.0, 0.01563787459471414
1526.0, 0.013048810978346877
1527.0, 0.023901019624893393
1528.0, 0.02340735673188494
1529.0, 0.0193878642640977
1530.0, 0.019911419823033762
1531.0, 0.008774191751842492
1532.0, 0.015112371631172586
1533.0, 0.016146733246212283
1534.0, 0.017307382404395576
1535.0, 0.02376541896870592
1536.0, 0.019551673960567083
1537.0, 0.019190772948322197
1538.0, 0.011847098037986956
1539.0, 0.002748332343571195
1540.0, 0.005433743405072721
1541.0, 0.013825977762228065
1542.0, 0.015458548793245753
1543.0, 0.0029310958509473173
1544.0, 0.0097592688585623
1545.0, 0.018807789207695883
1546.0, 0.01947099026026271
1547.0, 0.019819426396670448
1548.0, 0.010258930187049452
1549.0, 0.013301625029570508
1550.0, 0.015206898655424263
1551.0, 0.029126547784873443
1552.0, 0.029810030766598213
1553.0, 0.01661808725963721
1554.0, 0.005083746578291425
1555.0, 0.021175385018032164
1556.0, 0.009492066065924952
1557.0, 0.012991516773252129
1558.0, 0.0013451975974290648
1559.0, 0.008517055630478514
1560.0, 0.00688245447073892
1561.0, 0.009140079463908763
1562.0, 0.008457784161030204
1563.0, 0.003264922937372691
1564.0, 0.0008320453029927164
1565.0, 0.00901445122126954
1566.0, 0.00894786021964927
1567.0, 0.004831873874981494
1568.0, 0.004459975031293238
1569.0, 0.01563199929835522
1570.0, 0.008003275715998062
1571, 0.0
1572, 0.0
1573, 0.0
1574, 0.0
1575, 0.0
1576, 0.0
1577, 0.0
1578, 0.0
1579, 0.0
1580, 0.0
1581, 0.0
1582, 0.0
1583, 0.0
1584, 0.0
1585, 0.0
1586, 0.0
1587, 0.0
1588, 0.0
1589, 0.0
1590, 0.0
1591, 0.0
1592, 0.0
1593, 0.0
1594, 0.0
1595, 0.0
1596, 0.0
1597, 0.0
1598, 0.0
1599, 0.0
