30, 0.0
31, 0.0
32, 0.0
33, 0.0
34, 0.0
35, 0.0
36, 0.0
37, 0.0
38, 0.0
39, 0.0
40, 0.0
41, 0.0
42, 0.0
43, 0.0
44, 0.0
45, 0.0
46, 0.0
47, 0.0
48, 0.0
49, 0.0
50, 0.0
51, 0.0
52, 0.0
53, 0.0
54, 0.0
55, 0.0
56, 0.0
57, 0.0
58, 0.0
59, 0.0
60, 0.0
61, 0.0
62, 0.0
63, 0.0
64, 0.0
65, 0.0
66, 0.0
67, 0.0
68, 0.0
69, 0.0
70, 0.0
71, 0.0
72, 0.0
73, 0.0
74, 0.0
75, 0.0
76, 0.0
77, 0.0
78, 0.0
79, 0.0
80, 0.0
81, 0.0
82, 0.0
83, 0.0
84, 0.0
85, 0.0
86, 0.0
87, 0.0
88, 0.0
89, 0.0
90, 0.0
91, 0.0
92, 0.0
93, 0.0
94, 0.0
95, 0.0
96, 0.0
97, 0.0
98, 0.0
99, 0.0
100, 0.0
101, 0.0
102, 0.0
103, 0.0
104, 0.0
105, 0.0
106, 0.0
107, 0.0
108, 0.0
109, 0.0
110, 0.0
111, 0.0
112, 0.0
113, 0.0
114, 0.0
115, 0.0
116, 0.0
117, 0.0
118, 0.0
119, 0.0
120, 0.0
121, 0.0
122, 0.0
123, 0.0
124, 0.0
125, 0.0
126, 0.0
127, 0.0
128, 0.0
129, 0.0
130, 0.0
131, 0.0
132, 0.0
133, 0.0
134, 0.0
135, 0.0
136, 0.0
137, 0.0
138, 0.0
139, 0.0
140, 0.0
141, 0.0
142, 0.0
143, 0.0
144, 0.0
145, 0.0
146, 0.0
147.0, 3.906900584646867e-06
148.0, 7.715976018264617e-05
149.0, 0.0004403470544154163
150.0, 0.0018449523164119394
151.0, 0.003757122528795668
152.0, 0.005800311915194502
153.0, 0.008339483791220266
154.0, 0.010712441296812676
155.0, 0.013260096088017164
156.0, 0.01611240556592711
157.0, 0.01908550841319237
158.0, 0.021729219832844118
159.0, 0.02486880787545516
160.0, 0.028512509030694144
161.0, 0.032423858654528855
162.0, 0.03777347576313703
163.0, 0.04260220740061583
164.0, 0.047177253129382715
165.0, 0.05187953980877595
166.0, 0.05579481938843117
167.0, 0.058244487087498895
168.0, 0.05916698456098776
169.0, 0.05853051395568374
170.0, 0.0561443892055563
171.0, 0.052117641716977685
172.0, 0.047007258543758916
173.0, 0.04140815410006632
174.0, 0.03557974446776327
175.0, 0.029840683740346062
176.0, 0.025317714571849136
177.0, 0.021359428032966674
178.0, 0.01759527170183021
179.0, 0.014543371560970013
180.0, 0.012068519923263125
181.0, 0.010091759839212407
182.0, 0.008318571465865125
183.0, 0.0065298588809323335
184.0, 0.005823376101319404
185.0, 0.004981332076193511
186.0, 0.0038698524755341043
187.0, 0.0029741389864481674
188.0, 0.00257173961967933
189.0, 0.0018153819370315663
190.0, 0.0010177774683863732
191.0, 0.0005743800181091198
192.0, 0.0004026100660465187
193.0, 0.000151425150134811
194.0, 0.00045294645202532523
195.0, 0.00048429496435970306
196.0, 0.00036409909629800234
197.0, 0.0006331248227087453
198.0, 0.0005990093666937352
199.0, 0.0005469404058278303
200.0, 0.0007099295831289995
201.0, 0.0006832939978479831
202.0, 0.000616928720287926
203.0, 0.0006824573773563558
204.0, 0.0007919346813797363
205.0, 0.0006476013850748174
206.0, 0.0004886896065205371
207.0, 0.0006918637031453392
208.0, 0.0007831145758655541
209.0, 0.000410430920952658
210.0, 0.00018094752835971607
211.0, 0.00013753428877656443
212.0, 5.39786241045899e-05
213.0, 0.00020928661823231524
214.0, 0.00030462400226468326
215.0, 0.0003327629908729831
216.0, 0.0007768733383140098
217.0, 0.0011622861362292596
218.0, 0.001122095947537631
219.0, 0.0015201328173340307
220.0, 0.001765875716259168
221.0, 0.0018429501697479521
222.0, 0.001908108766321979
223.0, 0.002112784586999834
224.0, 0.002418934500581352
225.0, 0.002438253411838112
226.0, 0.0024982981359480574
227.0, 0.0029494725345325583
228.0, 0.003328820893473252
229.0, 0.003670746612355874
230.0, 0.004005858568007715
231.0, 0.00441381795354781
232.0, 0.004982248764597454
233.0, 0.00545423998992057
234.0, 0.0060262266446183856
235.0, 0.006623331657667792
236.0, 0.007129548286818849
237.0, 0.007708429120578621
238.0, 0.00809524492592181
239.0, 0.008597388325993214
240.0, 0.009414541938723302
241.0, 0.010454019982336074
242.0, 0.010957286273601638
243.0, 0.011656178492716822
244.0, 0.012655475174173767
245.0, 0.013770581170761092
246.0, 0.014954617929445895
247.0, 0.016096288765688548
248.0, 0.017370204300854484
249.0, 0.01881860001689011
250.0, 0.020362056527224975
251.0, 0.021645045378057365
252.0, 0.023467374861001533
253.0, 0.025694788190086224
254.0, 0.027978371573980566
255.0, 0.03020051691720145
256.0, 0.03313298272365022
257.0, 0.03589604161415903
258.0, 0.038850294684437965
259.0, 0.04290846219687346
260.0, 0.0467441185921098
261.0, 0.051019354897944014
262.0, 0.05569924172738575
263.0, 0.060468804701493906
264.0, 0.06496637228191748
265.0, 0.07037470233489042
266.0, 0.07638794194346829
267.0, 0.08279122339510323
268.0, 0.08941364960226017
269.0, 0.09609082189619911
270.0, 0.10312453829559215
271.0, 0.11088447579435556
272.0, 0.11867710946340199
273.0, 0.1254523329843335
274.0, 0.1335712802515545
275.0, 0.1408950158029921
276.0, 0.14776158258941074
277.0, 0.15451098685368128
278.0, 0.15934861530121908
279.0, 0.16442062889774728
280.0, 0.16820202424680644
281.0, 0.17010406184114663
282.0, 0.17080018340663233
283.0, 0.17115221817349466
284.0, 0.1701240741035073
285.0, 0.16762204143220735
286.0, 0.16399163760164778
287.0, 0.15948085565887216
288.0, 0.15373047962671066
289.0, 0.14796771633900352
290.0, 0.14142515467643244
291.0, 0.13358905185143158
292.0, 0.12620040308823416
293.0, 0.11760407329626153
294.0, 0.10884358714501811
295.0, 0.10038651339632164
296.0, 0.09211521582606381
297.0, 0.08409988850520153
298.0, 0.07605329365898078
299.0, 0.06871520448723051
300.0, 0.06240513188622776
301.0, 0.056723515767857044
302.0, 0.05116691422463206
303.0, 0.04595423050160232
304.0, 0.04135576325658258
305.0, 0.03729959275105382
306.0, 0.033264807345921854
307.0, 0.03007144165541102
308.0, 0.027303590298659024
309.0, 0.024664990434308382
310.0, 0.02216477462956306
311.0, 0.020010406794829218
312.0, 0.018051166619149732
313.0, 0.016364892005583335
314.0, 0.015024476636048069
315.0, 0.01388216095867308
316.0, 0.012417928994520747
317.0, 0.011490142336451663
318.0, 0.010857835775477815
319.0, 0.010229045707938115
320.0, 0.009628437279112364
321.0, 0.008730413005096976
322.0, 0.008139276295221588
323.0, 0.007703098916636251
324.0, 0.007136155411827733
325.0, 0.006566517001695243
326.0, 0.006126379401942793
327.0, 0.005677982761049179
328.0, 0.005225764312043176
329.0, 0.004885873555779517
330.0, 0.004669228093885091
331.0, 0.004289645663932956
332.0, 0.004134735928700698
333.0, 0.004075906823723411
334.0, 0.0037354686766801768
335.0, 0.003471051340944087
336.0, 0.0032285313313708186
337.0, 0.003001312575395854
338.0, 0.0027767704704684034
339.0, 0.002558648892985289
340.0, 0.0023568545002351925
341.0, 0.0021036266222495496
342.0, 0.0020575291683874648
343.0, 0.002075283790528159
344.0, 0.0013114746717857724
345.0, 0.0012748097338440973
346.0, 0.0013727789951294511
347.0, 0.0011701715017560558
348.0, 0.0007204493397784887
349.0, 0.0006200992256233846
350.0, 0.0005475448882922279
351.0, 0.0004235647668424796
352.0, 0.0002962427400846395
353.0, 0.0002038497103128336
354.0, 7.646287182366303e-05
355.0, 0.00012633061008713345
356.0, 0.00019437167541543862
357.0, 0.0002282395046992973
358.0, 0.0003424835591962842
359.0, 7.176519677683376e-05
360.0, 0.00020932948205092176
361.0, 0.00028381881756578046
362.0, 0.0002368915286069322
363.0, 0.0003798354767453279
364.0, 0.0002937445103085847
365.0, 0.000428798588494987
366.0, 0.00040753351825430044
367.0, 0.00019314126811584468
368.0, 0.00017307650355062368
369.0, 0.00024506572564658794
370.0, 0.00011234068086218643
371.0, 0.0002532415080025426
372.0, 0.0005986050838255574
373.0, 0.0004787629064241409
374.0, 0.00027404983766159406
375.0, 0.00021462889801478663
376.0, 0.00012750412157273505
377.0, 6.054334051054822e-05
378.0, 0.00012942762184502983
379.0, 6.842552335808266e-05
380.0, 2.044572095775929e-05
381.0, 0.00012428707312108134
382.0, 0.0002733745494115098
383.0, 0.0001701924763580361
384.0, 2.8712486981384914e-05
385.0, 0.00010417585348747342
386.0, 0.00016748845040563478
387.0, 5.0084851443390545e-06
388.0, 5.401908171694502e-05
389.0, 1.4246514260372925e-05
390.0, 4.245401761928216e-05
391.0, 0.00013019658291735218
392.0, 0.00018365013504410515
393.0, 0.0003547081334059585
394.0, 0.00024474921263031233
395.0, 0.00031004971805985226
396.0, 0.00044289152384728776
397.0, 0.00037129424864042166
398.0, 0.00013070014613778778
399.0, 0.00024398109461774224
400.0, 0.0003666758110834801
401.0, 0.0003707620141104637
402.0, 0.0004920861524308611
403.0, 0.00031056272091303414
404.0, 0.00019035703777854846
405.0, 0.00040085754227883573
406.0, 0.0006914114353286505
407.0, 0.0007520033520905873
408.0, 0.0006045902699623396
409.0, 0.0005233802107155611
410.0, 0.0004167363179848265
411.0, 0.00045602474749284174
412.0, 0.0006628922410912291
413.0, 0.0006211160536987468
414.0, 0.0006616275487025195
415.0, 0.0008383094310186863
416.0, 0.0008838276068730719
417.0, 0.0007697063038377481
418.0, 0.0007532537947064549
419.0, 0.00045281807112057705
420.0, 0.0005366399641259373
421.0, 0.00069260241461358
422.0, 0.0006580912397647726
423.0, 0.0006218089610828079
424.0, 0.0005274592935772313
425.0, 0.0005170960927734009
426.0, 0.0004741539975712282
427.0, 0.0004276428166258
428.0, 0.0005899059619344023
429.0, 0.0005834824060863378
430.0, 0.0005791130331482799
431.0, 0.0005428049180206783
432.0, 0.0004493461845419034
433.0, 0.0003926630305649648
434.0, 0.00040181945438971697
435.0, 0.0005130000282343929
436.0, 0.0006166571347801058
437.0, 0.0005967475433077655
438.0, 0.0004374602093764976
439.0, 0.00035590922679732925
440.0, 0.0006168482941122393
441.0, 0.0006263977865705962
442.0, 0.0004166958996666299
443.0, 0.00039652820420628783
444.0, 0.00029448872393426337
445.0, 0.000540571903830422
446.0, 0.0006192219221568993
447.0, 0.0005159222569427756
448.0, 0.0005139643449285818
449.0, 0.0004932594055479562
450.0, 0.0006107374546541905
451.0, 0.0004366526798829534
452.0, 0.0002910942481509131
453.0, 0.0004780032635349166
454.0, 0.00038662316599228616
455.0, 0.0004294375366533074
456.0, 0.0003973218411195502
457.0, 0.0002524599867875978
458.0, 7.072340799923468e-05
459.0, 1.1537657333179284e-05
460.0, 0.00011355445994140587
461.0, 0.00022113423943976392
462.0, 0.0002026560546684456
463.0, 0.0001530574102463328
464.0, 0.000231488292368914
465.0, 0.0002446007685929421
466.0, 0.00013224678446179032
467.0, 0.00013527544446013557
468.0, 0.0003860478044112711
469.0, 0.0007822653844111842
470.0, 0.0003837244474729258
471.0, 0.00016059598614667208
472.0, 9.150558182120413e-05
473.0, 9.56486866736051e-05
474.0, 0.00012939629581099204
475.0, 4.463963350261126e-05
476.0, 5.9483427801976365e-05
477.0, 5.613488892604907e-05
478.0, 0.00016575242405897535
479.0, 0.0003566714077884595
480.0, 0.00021708511458807945
481.0, 0.00017278662911974834
482.0, 0.0002457979810662741
483.0, 0.0002012711246885835
484.0, 0.00014196312293035914
485.0, 0.00035265302850042394
486.0, 0.0002369077812990362
487.0, 0.0003423737280584299
488.0, 0.0004268984271275688
489.0, 0.00036765354316356167
490.0, 0.0002687925273375909
491.0, 0.00014870441720990152
492.0, 5.6306456055038005e-05
493.0, 0.00012104308686542483
494.0, 0.000404532188880851
495.0, 0.0003702082235307281
496.0, 0.00013646659778386618
497.0, 0.00020538780886952655
498.0, 0.00024566107094605214
499.0, 0.00020204741936024058
500.0, 0.0001245384652008288
501.0, 2.5847069750488796e-05
502.0, 9.48070425698545e-05
503.0, 2.117761347536533e-05
504.0, 0.0001459806708157068
505.0, 0.0003706999401676202
506.0, 0.00035261419472537266
507.0, 0.00012151783661827961
508.0, 0.00027455794842103456
509.0, 0.0003200975078841969
510.0, 0.0003122915095861235
511.0, 0.000340716544029053
512.0, 0.0001897620951683103
513.0, 0.0006558249109890143
514.0, 0.0007139276648124835
515.0, 0.00046987345432392103
516.0, 0.00031529155847654755
517.0, 0.00031805035557858075
518.0, 0.0004692204368881669
519.0, 0.00046252228565106057
520.0, 0.0004717913070738265
521.0, 0.000268243589434154
522.0, 0.0006592027136183555
523.0, 0.0003550795291912082
524.0, 0.00039896102553527293
525.0, 0.000464926569917702
526.0, 0.0005365141992616265
527.0, 0.0006051907255645348
528.0, 0.0006551097105799805
529.0, 0.0006877557192429407
530.0, 0.0007010614733222143
531.0, 0.0005206440450648486
532.0, 0.0004715014756779944
533.0, 0.0006807858483351971
534.0, 0.0004986867048646046
535.0, 0.0006150583830694244
536.0, 0.0005465886417770271
537.0, 0.0005747684414546552
538.0, 0.0007788474455926413
539.0, 0.0007066051966827517
540.0, 0.0005649247358573273
541.0, 0.0004944609120611997
542.0, 0.0005841649817363572
543.0, 0.0007588513844984211
544.0, 0.000827146116670199
545.0, 0.0006317882184579461
546.0, 0.0005849419631492891
547.0, 0.0007040675350157223
548.0, 0.0007805896600088842
549.0, 0.0007411693506024456
550.0, 0.0006738253504450489
551.0, 0.0005744287248439855
552.0, 0.0005771391348096697
553.0, 0.0006445642252589846
554.0, 0.0006857121238156588
555.0, 0.0006654450132812052
556.0, 0.0006579881113356183
557.0, 0.0006402591800753948
558.0, 0.0007296580016196774
559.0, 0.0007325262253775805
560.0, 0.0005941206662684981
561.0, 0.0005175189872713435
562.0, 0.000756060199409245
563.0, 0.0007744204019764906
564.0, 0.000729611462142472
565.0, 0.0007229010725586278
566.0, 0.0007138883600489339
567.0, 0.0006354763179424872
568.0, 0.0006841931422341106
569.0, 0.0006174605414757471
570.0, 0.0005740570877776794
571.0, 0.0006550421684963952
572.0, 0.0007496553258348853
573.0, 0.0006580162291226567
574.0, 0.0005483291273602845
575.0, 0.00045852600855055025
576.0, 0.0004892153842257523
577.0, 0.0005524686202747922
578.0, 0.0004536818023070818
579.0, 0.0004253829724563702
580.0, 0.0003898424936401962
581.0, 0.00045570789975427187
582.0, 0.0006367211232343737
583.0, 0.000725991809031286
584.0, 0.0005325735021971676
585.0, 0.00036855891600266413
586.0, 0.000479543857820229
587.0, 0.0006383939857268889
588.0, 0.0006363418557534704
589.0, 0.0005120676394320445
590.0, 0.0005759661785078317
591.0, 0.00042249793939864435
592.0, 0.00035512294332716896
593.0, 0.00032250388180304483
594.0, 0.0002091254457286596
595.0, 0.00018455706665249745
596.0, 0.0006040064942383812
597.0, 0.00044066449936043013
598.0, 0.0003525522092258909
599.0, 0.00023635124304224644
600.0, 7.190100281018945e-05
601.0, 0.00026356234086002636
602.0, 0.00036628262653273455
603.0, 0.0001725211885492492
604.0, 0.00012064897541305915
605.0, 9.992443495730874e-05
606.0, 0.00023908616471112192
607.0, 0.00016012746486434437
608.0, 0.00035086440890438257
609.0, 9.653217888058315e-05
610.0, 6.530746826401283e-05
611.0, 2.542797266397109e-05
612.0, 2.103852183570254e-05
613.0, 0.0002776782771350623
614.0, 0.00017387747502499486
615.0, 0.0001397028340919258
616.0, 7.194415318538838e-05
617.0, 1.0189915588843081e-05
618.0, 3.406408669257735e-05
619.0, 7.061936094062863e-05
620.0, 0.0001524827292361152
621.0, 7.183783258046117e-05
622.0, 3.2256086131387115e-05
623.0, 3.448016674045797e-05
624.0, 7.06725399979104e-05
625.0, 0.00011950407808581707
626.0, 7.553845755807347e-05
627.0, 0.00019895539838540456
628.0, 0.00011046693147841863
629.0, 7.377912388960298e-05
630.0, 0.00024290957256767201
631.0, 0.00014454618222187125
632.0, 0.0001263947815930109
633.0, 8.930587085212462e-05
634.0, 9.967256268869241e-05
635.0, 9.738051248190639e-05
636.0, 5.445471459472016e-05
637.0, 0.00010890945330620721
638.0, 2.4407459798950615e-05
639.0, 8.942547983607419e-05
640.0, 0.0001837711841044372
641.0, 0.0001407274628234675
642.0, 1.5122429985420588e-05
643.0, 4.0940441067997715e-05
644.0, 1.398538590460193e-05
645.0, 4.907460035442993e-05
646.0, 4.844982322599255e-05
647.0, 9.311030314111386e-05
648.0, 0.00032360531812725954
649.0, 0.00027773017485761104
650.0, 0.00010091372677251977
651.0, 0.00027938239294719714
652.0, 0.0003183502881861542
653.0, 4.898514496688511e-05
654.0, 4.95248310470133e-05
655.0, 0.00010321580754711938
656.0, 0.00030572513166120225
657.0, 0.0003632478980180969
658.0, 0.0002815456917839456
659.0, 0.000278240038061946
660.0, 0.00041128721989060397
661.0, 0.00011123599119909466
662.0, 0.00039938742215294906
663.0, 0.0006186268481507211
664.0, 0.00038342047194410417
665.0, 0.00011790012538747362
666.0, 0.0002445376336656026
667.0, 0.0003810580306386395
668.0, 0.0003868317628813177
669.0, 0.0005494546555586444
670.0, 0.0006611123669684733
671.0, 0.0006377070208184165
672.0, 0.0006370109777298933
673.0, 0.0007720906799647116
674.0, 0.0007861546734562706
675.0, 0.000837349686086354
676.0, 0.0009318631984613096
677.0, 0.0009126015813300582
678.0, 0.0008220383525860582
679.0, 0.0007489141873956171
680.0, 0.001212205951647125
681.0, 0.0009704934160332076
682.0, 0.0011635544182163739
683.0, 0.0013941108839591529
684.0, 0.0014608710896438397
685.0, 0.0016535856665725833
686.0, 0.0017099641380157453
687.0, 0.0016954590155069031
688.0, 0.0018520274399017726
689.0, 0.0021122686406667797
690.0, 0.0022902853401118852
691.0, 0.002287563902941772
692.0, 0.0023464382308199436
693.0, 0.002861137388985064
694.0, 0.0031353042116341622
695.0, 0.0034530138164311553
696.0, 0.003917690840504306
697.0, 0.004231941859543471
698.0, 0.0049892486263874115
699.0, 0.005588629812729961
700.0, 0.0060370251689008
701.0, 0.006918936574372237
702.0, 0.007942521798557619
703.0, 0.00874354037652977
704.0, 0.010146102421791602
705.0, 0.011756236717704656
706.0, 0.013397309812124203
707.0, 0.01497416107735082
708.0, 0.016816224990966522
709.0, 0.019008427337527473
710.0, 0.021073332382754034
711.0, 0.023460123010062756
712.0, 0.025755441150451353
713.0, 0.028360364504919494
714.0, 0.03132449681342919
715.0, 0.034254640973187186
716.0, 0.037029385636390105
717.0, 0.040471194667114026
718.0, 0.043043402805799075
719.0, 0.0449888165622941
720.0, 0.04645938292566571
721.0, 0.047034104241686185
722.0, 0.04629995116595575
723.0, 0.04442031022086194
724.0, 0.041463566773468206
725.0, 0.03746152109424958
726.0, 0.033244018073906575
727.0, 0.029023322511073344
728.0, 0.025163256283223145
729.0, 0.022058903935963936
730.0, 0.01870061685007217
731.0, 0.01611983612702179
732.0, 0.014141571900487255
733.0, 0.01213094427271076
734.0, 0.010266638757995168
735.0, 0.009055404576886568
736.0, 0.008249838078002213
737.0, 0.006868480145212805
738.0, 0.005903247706342841
739.0, 0.00534999991722478
740.0, 0.004680362585824274
741.0, 0.003870561470352507
742.0, 0.0034440303725795846
743.0, 0.0030750404824069605
744.0, 0.002573184860469136
745.0, 0.002433421470369093
746.0, 0.002073063434510685
747.0, 0.0015589042257780489
748.0, 0.0013591121852262495
749.0, 0.0011531289405080603
750.0, 0.0011462235508837384
751.0, 0.0010393854056885098
752.0, 0.000996836284234419
753.0, 0.0008548541820794728
754.0, 0.0006407067016958945
755.0, 0.0006077768997549483
756.0, 0.0004064602084398271
757.0, 0.0004832255687360989
758.0, 0.0005076842789260347
759.0, 0.0005312143454866181
760.0, 0.0005327378412226817
761.0, 0.00033808308680029306
762.0, 5.081782900346577e-06
763.0, 0.0004514997524739917
764.0, 0.0003505897022710476
765.0, 0.0003313258095825314
766.0, 0.0002268463448611057
767.0, 0.0001536868066808552
768.0, 0.0003663081918618236
769.0, 8.881530094537667e-05
770.0, 0.00024518624066069525
771.0, 0.00019868838341341384
772.0, 4.470431382577908e-05
773.0, 1.6668349910567667e-05
774.0, 1.6341421037796277e-05
775.0, 0.0002718166181055646
776.0, 0.00029124664762377134
777.0, 8.948726737296881e-05
778.0, 5.478319391018259e-05
779.0, 3.8072940406429693e-05
780.0, 5.927630249007258e-05
781.0, 4.195663176582299e-05
782.0, 6.816683499954521e-05
783.0, 6.621022062480489e-05
784.0, 8.014260684544742e-05
785.0, 5.556709334967916e-05
786.0, 7.31381546662053e-05
787.0, 5.143371190219685e-05
788.0, 1.962194881673854e-05
789.0, 5.328029001563169e-06
790.0, 0.00018648120738756462
791.0, 0.00021678517557272202
792.0, 0.00013220359072222844
793.0, 0.00022288376641760985
794.0, 0.00028230988569631513
795.0, 8.340260641075782e-05
796.0, 6.763749040248429e-05
797.0, 0.0001318052473235188
798.0, 6.989031218546957e-05
799.0, 0.0002880442112836448
800.0, 0.0002690474977340983
801.0, 0.00014438867861425186
802.0, 0.00019494205822114669
803.0, 0.0001824474120312762
804.0, 0.00020217401518069178
805.0, 0.0002287609218070428
806.0, 0.00015004990284417995
807.0, 0.00016298381077328234
808.0, 0.0002290218334038428
809.0, 0.0002472259574751775
810.0, 0.00046386662531273845
811.0, 0.00017691464936007786
812.0, 0.00012542142263404865
813.0, 0.00012084073733630466
814.0, 0.00024518720041407635
815.0, 0.00019644151154222668
816.0, 0.00021367342138393035
817.0, 0.00023322250986584624
818.0, 0.001430409780814669
819.0, 0.0007233395498575292
820.0, 0.00026320669481562896
821.0, 0.0003428485316051011
822.0, 0.0002599244555445111
823.0, 9.723045765566045e-05
824.0, 0.0002407048621374619
825.0, 0.0002509182095254021
826.0, 9.116568943135188e-05
827.0, 0.00018847790505503704
828.0, 0.0003039627484240288
829.0, 0.0003171224273114728
830.0, 0.00032438980100785365
831.0, 0.00025396380013679916
832.0, 0.00020785584497123858
833.0, 0.0002201447762754337
834.0, 6.069372613048699e-05
835.0, 0.00010401301702426987
836.0, 0.0003658899322543455
837.0, 0.000463497681581886
838.0, 0.00043675420090560896
839.0, 0.0003513576229869058
840.0, 3.209825177631372e-05
841.0, 0.0003644880696852427
842.0, 0.0003409010229181835
843.0, 0.0002509475956597289
844.0, 0.0005343720337977098
845.0, 0.0005104100058088605
846.0, 0.00038452422891747137
847.0, 0.0005253618260227264
848.0, 0.0004227870322371067
849.0, 0.00033403806515054364
850.0, 0.0004298562410881232
851.0, 0.0005100096605684497
852.0, 0.0004466359620634665
853.0, 0.0004804302764895637
854.0, 0.00035138793999146914
855.0, 0.000542496285451004
856.0, 0.0006932718264437004
857.0, 0.00047768092479184523
858.0, 0.00023267899857115534
859.0, 0.0003833484104685191
860.0, 0.000627901910020892
861.0, 0.0005618477400640751
862.0, 0.0005088649606518247
863.0, 0.0006637522625332231
864.0, 0.0008215592058221145
865.0, 0.0009189495720642383
866.0, 0.001004174881353419
867.0, 0.0011475990204017723
868.0, 0.0015931059469104691
869.0, 0.0017871684127502324
870.0, 0.0017660600144052073
871.0, 0.002458622513932804
872.0, 0.0030877391155145722
873.0, 0.00318110862523561
874.0, 0.0030190675095257747
875.0, 0.0024172449256969837
876.0, 0.0021145170370387174
877.0, 0.0017194415733494915
878.0, 0.0014701349939304524
879.0, 0.0012841549573627466
880.0, 0.0010284849596195428
881.0, 0.0007886586358329555
882.0, 0.0006922504944025062
883.0, 0.0006175208112691313
884.0, 0.0005307607883425522
885.0, 0.0008493337465112383
886.0, 0.000741249943321995
887.0, 0.0005461140932763013
888.0, 0.0004515533006517474
889.0, 0.00024644957405261977
890.0, 0.00037177168626427356
891.0, 0.00044813365648518455
892.0, 0.000478052257080729
893.0, 0.00035875501766635296
894.0, 0.00018988559831935255
895.0, 0.00010813402164244922
896.0, 0.00020617907507043112
897.0, 0.0003883600185947724
898.0, 0.000172960808333745
899.0, 0.00024102039170641545
900.0, 8.036132519800517e-05
901.0, 0.00032605553700718927
902.0, 0.00034178833187507526
903.0, 0.00013197190766596985
904.0, 0.00020638953322527496
905.0, 0.0002651393265080247
906.0, 0.0003330766694602253
907.0, 0.0004967498071648778
908.0, 0.0002807426799420057
909.0, 0.00044276228327000725
910.0, 0.0005632124459830229
911.0, 0.0004848718967990777
912.0, 0.0005306445722888755
913.0, 0.0005511619916559381
914.0, 0.0004780822157724924
915.0, 0.0005100516658302987
916.0, 0.00037942703001424093
917.0, 0.00040285779010042325
918.0, 0.0005235615432537785
919.0, 0.00042848025270866385
920.0, 0.00025385414995946084
921.0, 0.0004596561368915263
922.0, 0.0004667679869276571
923.0, 0.0004637583537207185
924.0, 0.0004935451945763049
925.0, 0.0005077760728412541
926.0, 0.0006080277273161337
927.0, 0.0007019797273263923
928.0, 0.000649035448222908
929.0, 0.0006865355374346005
930.0, 0.0005773686448333371
931.0, 0.0005176062150414217
932.0, 0.0006529563799735316
933.0, 0.0006370751197282853
934.0, 0.000680302073721442
935.0, 0.0007460335678826742
936.0, 0.0005775631344539765
937.0, 0.0005471280511354771
938.0, 0.000519160314754256
939.0, 0.000625878217951369
940.0, 0.0009849736424504397
941.0, 0.0009338732914156282
942.0, 0.0006220962515122079
943.0, 0.0005002311048914664
944.0, 0.000550171698899968
945.0, 0.0005312501704863282
946.0, 0.00063237152103369
947.0, 0.0008626112987749868
948.0, 0.0006954592057629527
949.0, 0.0005717368406753016
950.0, 0.00048545210857774173
951.0, 0.00042979442037173953
952.0, 0.0004724846244774715
953.0, 0.0003744950415520636
954.0, 0.0003815371028823265
955.0, 0.0002957248585342084
956.0, 0.0004551455832351865
957.0, 0.0005265266450615338
958.0, 0.00040020747027262317
959.0, 0.00022693609880430665
960.0, 0.00021961905030959267
961.0, 0.0003832200135047433
962.0, 0.00027947138507513323
963.0, 0.0003706390515247629
964.0, 0.00012893111922034897
965.0, 5.83700745667185e-05
966.0, 3.4890921811649114e-05
967.0, 6.848657021650145e-05
968.0, 3.500550263306283e-05
969.0, 7.132622734367774e-05
970.0, 9.576771504986611e-05
971.0, 4.543729583297677e-05
972.0, 0.00010961642840439622
973.0, 4.8083742884845965e-05
974.0, 8.067016882927543e-05
975.0, 6.233093769966892e-05
976.0, 2.1493499990225884e-05
977.0, 0.00025467840260362317
978.0, 4.480788302298036e-05
979.0, 5.899113625054343e-05
980.0, 3.270097066837458e-05
981.0, 0.00018272145723807848
982.0, 0.00019534675150445236
983.0, 0.00013401959784004438
984.0, 0.00017843234546451522
985.0, 0.00020448255833223225
986.0, 0.00024218504160255914
987.0, 0.000467504376718355
988.0, 7.093902946858551e-05
989.0, 1.9041979536300182e-05
990.0, 0.00016205652431379303
991.0, 6.407684609449002e-05
992.0, 3.056166697482812e-05
993.0, 3.5308770998935887e-05
994.0, 6.746483096328108e-05
995.0, 2.388762766931284e-05
996.0, 0.00011955391741770322
997.0, 0.00018051597827955626
998.0, 0.00016624410478058857
999.0, 3.247919437525991e-05
1000.0, 2.8902827490106366e-05
1001.0, 8.973357236180813e-05
1002.0, 3.5847666394008224e-05
1003.0, 0.00018812654117512652
1004.0, 0.00014055202104990786
1005.0, 0.00010440286847526486
1006.0, 0.00029614179860624546
1007.0, 0.00036532960518904966
1008.0, 0.00024010674857122757
1009.0, 0.00012843961308586313
1010.0, 0.0003114640346507364
1011.0, 0.0005575967189323983
1012.0, 0.000588724463308515
1013.0, 0.0008110250090391894
1014.0, 0.000898131674786474
1015.0, 0.001002216416627238
1016.0, 0.0011987258853264132
1017.0, 0.00110041268238158
1018.0, 0.0010126503912022456
1019.0, 0.0012022379881475938
1020.0, 0.0014597721964654691
1021.0, 0.0014861078929452793
1022.0, 0.0013671620125781402
1023.0, 0.0016613181704048388
1024.0, 0.0018035808492735074
1025.0, 0.00179135379241271
1026.0, 0.0019227347776358528
1027.0, 0.0018923562215789448
1028.0, 0.0019995744754797654
1029.0, 0.002255221314827944
1030.0, 0.0023861521967490774
1031.0, 0.0028361774479755382
1032.0, 0.00301762560150379
1033.0, 0.0033977398683834544
1034.0, 0.003232044151896555
1035.0, 0.0031248771780887025
1036.0, 0.0035324527155076706
1037.0, 0.0039062358122876548
1038.0, 0.004129040643880544
1039.0, 0.004379559782323507
1040.0, 0.004387163120928863
1041.0, 0.004713991649589759
1042.0, 0.004467205855558196
1043.0, 0.004913947645811029
1044.0, 0.005002224083835516
1045.0, 0.005024929408684695
1046.0, 0.005205557924934807
1047.0, 0.005553021972694915
1048.0, 0.006031851630908009
1049.0, 0.006265479854144417
1050.0, 0.006497901888633691
1051.0, 0.007088849695168164
1052.0, 0.007024426329784423
1053.0, 0.007702817040403225
1054.0, 0.008407413453902099
1055.0, 0.008711557664161089
1056.0, 0.00911829032377384
1057.0, 0.00961960465180743
1058.0, 0.010137045153917244
1059.0, 0.011457737364491837
1060.0, 0.012117885262549817
1061.0, 0.012936997492534817
1062.0, 0.01405223361145286
1063.0, 0.015386732901133834
1064.0, 0.016409358206069168
1065.0, 0.018111440098085387
1066.0, 0.02046430230066476
1067.0, 0.022466271218913772
1068.0, 0.0245495724347679
1069.0, 0.02705771780701813
1070.0, 0.029797083270842767
1071.0, 0.032667857419189546
1072.0, 0.03611415861320066
1073.0, 0.040062021242484196
1074.0, 0.04504181921158816
1075.0, 0.0522605482551448
1076.0, 0.06249660132596908
1077.0, 0.07611175378422882
1078.0, 0.0940981342302045
1079.0, 0.11646278415202023
1080.0, 0.14411122505861104
1081.0, 0.17626240437786506
1082.0, 0.2122475168337578
1083.0, 0.25250559908879266
1084.0, 0.29864195432021506
1085.0, 0.3544402264530261
1086.0, 0.4250948804363434
1087.0, 0.5150229973283337
1088.0, 0.6240543244351396
1089.0, 0.748865470374022
1090.0, 0.8707387446636763
1091.0, 0.9659124054912286
1092.0, 0.998644086263034
1093.0, 0.952244524264609
1094.0, 0.8405757352740669
1095.0, 0.694437305571096
1096.0, 0.5462722720986485
1097.0, 0.41836183801708915
1098.0, 0.3163983134540769
1099.0, 0.2398440616886029
1100.0, 0.18344756007206514
1101.0, 0.14127566680455877
1102.0, 0.10941794074291401
1103.0, 0.08468952926839166
1104.0, 0.06503161506469488
1105.0, 0.049917495854140834
1106.0, 0.0389486977852854
1107.0, 0.03094769528474795
1108.0, 0.024834798864938012
1109.0, 0.020274917864695378
1110.0, 0.016846097913452592
1111.0, 0.014096307962913432
1112.0, 0.01195742176580154
1113.0, 0.010166324408766771
1114.0, 0.008805419881003909
1115.0, 0.007945548866804706
1116.0, 0.007209465863801392
1117.0, 0.0062539084939281136
1118.0, 0.0053411650444976635
1119.0, 0.004705221415199245
1120.0, 0.004058434934858413
1121.0, 0.0033259750927202144
1122.0, 0.0029704618293132073
1123.0, 0.002425433947490572
1124.0, 0.002214447678662968
1125.0, 0.0020914264737490963
1126.0, 0.0017013379488904144
1127.0, 0.0014083312005333205
1128.0, 0.0012990278526746933
1129.0, 0.0008665427624710124
1130.0, 0.0009028690030279837
1131.0, 0.0005417293570398918
1132.0, 0.0006801486924742858
1133.0, 0.0005840332546303397
1134.0, 0.00029935747797721915
1135.0, 0.00019203131583468437
1136.0, 0.0003238860055552456
1137.0, 0.00020896382861332254
1138.0, 2.525514398106425e-05
1139.0, 0.00017990252663092665
1140.0, 0.00014148705806658416
1141.0, 0.00010550060460091347
1142.0, 0.00010064021885354848
1143.0, 3.506750099212935e-05
1144.0, 0.0001340243719835945
1145.0, 0.00017877862783845875
1146.0, 0.00021951746465105572
1147.0, 0.00022291127803625277
1148.0, 0.0001227111379474122
1149.0, 0.0001223749738306118
1150.0, 0.00031081129965332963
1151.0, 0.0003615132107319901
1152.0, 5.4940589097727365e-05
1153.0, 0.00021225105990578595
1154.0, 1.9341688193390116e-05
1155.0, 6.624186418802507e-05
1156.0, 0.00017023244574824296
1157.0, 0.0001835394648941044
1158.0, 7.027340509285429e-05
1159.0, 8.643071350482888e-05
1160.0, 0.0001539570174658591
1161.0, 8.989717260359285e-05
1162.0, 0.00019768704902701023
1163.0, 0.00012794224864401806
1164.0, 2.2795533106943696e-05
1165.0, 0.00013993862223330946
1166.0, 0.00025182896901412074
1167.0, 7.423021462529162e-06
1168.0, 2.5494888117951065e-05
1169.0, 3.7485747870436015e-05
1170.0, 5.0045645525696725e-05
1171.0, 7.75532039727462e-05
1172.0, 0.00024632975210668666
1173.0, 0.0003125565034280547
1174.0, 0.0004328877818646308
1175.0, 0.0004078259955995371
1176.0, 0.00017389971973006372
1177.0, 0.0004435756478521131
1178.0, 0.00043493394560999485
1179.0, 0.0004424404152008666
1180.0, 0.00015407507270461505
1181.0, 6.206046010077162e-05
1182.0, 0.000135777337326758
1183.0, 0.0003799435826717743
1184.0, 0.0004527669024789368
1185.0, 0.0005934982285924251
1186.0, 0.0003801608381973545
1187.0, 0.0005693017821261744
1188.0, 0.00037722847942466356
1189.0, 0.000568051781890769
1190.0, 0.0006331566104925506
1191.0, 0.0004916735146810877
1192.0, 0.00038143814944350076
1193.0, 0.0005905215754283404
1194.0, 0.0005795873453575308
1195.0, 0.0003736228880937692
1196.0, 0.0007709270622180313
1197.0, 0.0009478099732072912
1198.0, 0.000487331264467866
1199.0, 0.0005739614856204921
1200.0, 0.0005149588578474586
1201.0, 0.0006299169994558329
1202.0, 0.0008353323285592628
1203.0, 0.000625403351135909
1204.0, 0.0007792115670001486
1205.0, 0.000969389168677461
1206.0, 0.0007392282928131975
1207.0, 0.0006145707537345855
1208.0, 0.0007775049572141099
1209.0, 0.0005435635494880353
1210.0, 0.00017061927183483665
1211.0, 0.0006339496598260853
1212.0, 0.000655754885229017
1213.0, 0.00046335216950921894
1214.0, 0.0005095478905863515
1215.0, 0.0005958725578405178
1216.0, 0.0005527369804271846
1217.0, 0.0005831570106212348
1218.0, 0.0007123141462187628
1219.0, 0.0008401938657614943
1220.0, 0.0007968940989099712
1221.0, 0.0005970806568835613
1222.0, 0.0007286506107012304
1223.0, 0.0005976241551017191
1224.0, 0.0007513499726396195
1225.0, 0.0006721538156995013
1226.0, 0.0006442217566091316
1227.0, 0.0005513221937664449
1228.0, 0.000425187428941528
1229.0, 0.0004075827164262423
1230.0, 0.0007003786260508548
1231.0, 0.0006378221886921444
1232.0, 0.0003941950594532327
1233.0, 0.0004937885556229956
1234.0, 0.00046124224083072954
1235.0, 0.0007070933209752253
1236.0, 0.0005718507118874591
1237.0, 0.0006919539324186281
1238.0, 0.0003879806241528764
1239.0, 0.0006233307029718629
1240.0, 0.0006751104595038131
1241.0, 0.0005569821973326666
1242.0, 0.0007269648954424659
1243.0, 0.0008138028243529824
1244.0, 0.0004274170451808942
1245.0, 0.0002508551932100888
1246.0, 0.0005330613320118722
1247.0, 0.0005533020386429573
1248.0, 0.00037776990380720114
1249.0, 0.0003111913510611806
1250.0, 0.00034405954459338083
1251.0, 0.00019464114965738426
1252.0, 0.000282098486294256
1253.0, 0.000489015111586412
1254.0, 0.0003422696985183058
1255.0, 0.0002927768610826319
1256.0, 0.00035326616370424187
1257.0, 0.00013811801237523133
1258.0, 9.717959078648948e-05
1259.0, 0.0002746748110279627
1260.0, 0.0001703383283910817
1261.0, 0.0002536402049386329
1262.0, 0.0004590717198431644
1263.0, 0.0003432440622207364
1264.0, 8.28106522023078e-05
1265.0, 0.000300771520072119
1266.0, 0.00035603585209375725
1267.0, 0.0005656445910375128
1268.0, 0.00034284421770510375
1269.0, 0.00035280571023378886
1270.0, 0.0004071564006564423
1271.0, 0.0002260082873801952
1272.0, 0.00023182715407751885
1273.0, 0.0003603512806619508
1274.0, 0.0002785258819971481
1275.0, 0.00024577208337059277
1276.0, 0.0002628872110097317
1277.0, 0.00035353243975483784
1278.0, 0.0003659932436054302
1279.0, 0.0003935944860008068
1280.0, 0.00012491354154486265
1281.0, 5.332464438827065e-06
1282.0, 0.00012223809256088443
1283.0, 0.0003608035825172405
1284.0, 0.00011580101466713197
1285.0, 9.05159987014013e-05
1286.0, 0.00013701107322588264
1287.0, 0.000264036054735972
1288.0, 0.00039140004079148724
1289.0, 1.690118785525313e-05
1290.0, 0.00013103989098759187
1291.0, 0.00013553242956039976
1292.0, 2.8614159231164628e-05
1293.0, 0.00022048405274405862
1294.0, 0.0001677204815840451
1295.0, 0.00021022857299307337
1296.0, 0.00020786035830207725
1297.0, 6.0887093028073e-05
1298.0, 1.8741620144956077e-05
1299.0, 0.00010356982421256082
1300.0, 0.0001850644931931579
1301.0, 0.0003575926799199013
1302.0, 0.0003222291606193228
1303.0, 0.00015137060067399487
1304.0, 0.0002390466290346393
1305.0, 4.616053262655303e-05
1306, 0.0
1307, 0.0
1308, 0.0
1309, 0.0
1310, 0.0
1311, 0.0
1312, 0.0
1313, 0.0
1314, 0.0
1315, 0.0
1316, 0.0
1317, 0.0
1318, 0.0
1319, 0.0
1320, 0.0
1321, 0.0
1322, 0.0
1323, 0.0
1324, 0.0
1325, 0.0
1326, 0.0
1327, 0.0
1328, 0.0
1329, 0.0
1330, 0.0
1331, 0.0
1332, 0.0
1333, 0.0
1334, 0.0
1335, 0.0
1336, 0.0
1337, 0.0
1338, 0.0
1339, 0.0
1340, 0.0
1341, 0.0
1342, 0.0
1343, 0.0
1344, 0.0
1345, 0.0
1346, 0.0
1347, 0.0
1348, 0.0
1349, 0.0
1350, 0.0
1351, 0.0
1352, 0.0
1353, 0.0
1354, 0.0
1355, 0.0
1356, 0.0
1357, 0.0
1358, 0.0
1359, 0.0
1360, 0.0
1361, 0.0
1362, 0.0
1363, 0.0
1364, 0.0
1365, 0.0
1366, 0.0
1367, 0.0
1368, 0.0
1369, 0.0
1370, 0.0
1371, 0.0
1372, 0.0
1373, 0.0
1374, 0.0
1375, 0.0
1376, 0.0
1377, 0.0
1378, 0.0
1379, 0.0
1380, 0.0
1381, 0.0
1382, 0.0
1383, 0.0
1384, 0.0
1385, 0.0
1386, 0.0
1387, 0.0
1388, 0.0
1389, 0.0
1390, 0.0
1391, 0.0
1392, 0.0
1393, 0.0
1394, 0.0
1395, 0.0
1396, 0.0
1397, 0.0
1398, 0.0
1399, 0.0
1400, 0.0
1401, 0.0
1402, 0.0
1403, 0.0
1404, 0.0
1405, 0.0
1406, 0.0
1407, 0.0
1408, 0.0
1409, 0.0
1410, 0.0
1411, 0.0
1412, 0.0
1413, 0.0
1414, 0.0
1415, 0.0
1416, 0.0
1417, 0.0
1418, 0.0
1419, 0.0
1420, 0.0
1421, 0.0
1422, 0.0
1423, 0.0
1424, 0.0
1425, 0.0
1426, 0.0
1427, 0.0
1428, 0.0
1429, 0.0
1430, 0.0
1431, 0.0
1432, 0.0
1433, 0.0
1434, 0.0
1435, 0.0
1436, 0.0
1437, 0.0
1438, 0.0
1439, 0.0
1440, 0.0
1441, 0.0
1442, 0.0
1443, 0.0
1444, 0.0
1445, 0.0
1446, 0.0
1447, 0.0
1448, 0.0
1449, 0.0
1450, 0.0
1451, 0.0
1452, 0.0
1453, 0.0
1454, 0.0
1455, 0.0
1456, 0.0
1457, 0.0
1458, 0.0
1459, 0.0
1460, 0.0
1461, 0.0
1462, 0.0
1463, 0.0
1464, 0.0
1465, 0.0
1466, 0.0
1467, 0.0
1468, 0.0
1469, 0.0
1470, 0.0
1471, 0.0
1472, 0.0
1473, 0.0
1474, 0.0
1475, 0.0
1476, 0.0
1477, 0.0
1478, 0.0
1479, 0.0
1480, 0.0
1481, 0.0
1482, 0.0
1483, 0.0
1484, 0.0
1485, 0.0
1486, 0.0
1487, 0.0
1488, 0.0
1489, 0.0
1490, 0.0
1491, 0.0
1492, 0.0
1493, 0.0
1494, 0.0
1495, 0.0
1496, 0.0
1497, 0.0
1498, 0.0
1499, 0.0
1500, 0.0
1501, 0.0
1502, 0.0
1503, 0.0
1504, 0.0
1505, 0.0
1506, 0.0
1507, 0.0
1508, 0.0
1509, 0.0
1510, 0.0
1511, 0.0
1512, 0.0
1513, 0.0
1514, 0.0
1515, 0.0
1516, 0.0
1517, 0.0
1518, 0.0
1519, 0.0
1520, 0.0
1521, 0.0
1522, 0.0
1523, 0.0
1524, 0.0
1525, 0.0
1526, 0.0
1527, 0.0
1528, 0.0
1529, 0.0
1530, 0.0
1531, 0.0
1532, 0.0
1533, 0.0
1534, 0.0
1535, 0.0
1536, 0.0
1537, 0.0
1538, 0.0
1539, 0.0
1540, 0.0
1541, 0.0
1542, 0.0
1543, 0.0
1544, 0.0
1545, 0.0
1546, 0.0
1547, 0.0
1548, 0.0
1549, 0.0
1550, 0.0
1551, 0.0
1552, 0.0
1553, 0.0
1554, 0.0
1555, 0.0
1556, 0.0
1557, 0.0
1558, 0.0
1559, 0.0
1560, 0.0
1561, 0.0
1562, 0.0
1563, 0.0
1564, 0.0
1565, 0.0
1566, 0.0
1567, 0.0
1568, 0.0
1569, 0.0
1570, 0.0
1571, 0.0
1572, 0.0
1573, 0.0
1574, 0.0
1575, 0.0
1576, 0.0
1577, 0.0
1578, 0.0
1579, 0.0
1580, 0.0
1581, 0.0
1582, 0.0
1583, 0.0
1584, 0.0
1585, 0.0
1586, 0.0
1587, 0.0
1588, 0.0
1589, 0.0
1590, 0.0
1591, 0.0
1592, 0.0
1593, 0.0
1594, 0.0
1595, 0.0
1596, 0.0
1597, 0.0
1598, 0.0
1599, 0.0
