30, 0.0
31, 0.0
32, 0.0
33, 0.0
34, 0.0
35, 0.0
36, 0.0
37, 0.0
38, 0.0
39, 0.0
40, 0.0
41, 0.0
42, 0.0
43, 0.0
44, 0.0
45, 0.0
46, 0.0
47, 0.0
48, 0.0
49, 0.0
50, 0.0
51, 0.0
52, 0.0
53, 0.0
54, 0.0
55, 0.0
56, 0.0
57, 0.0
58, 0.0
59, 0.0
60, 0.0
61, 0.0
62, 0.0
63, 0.0
64, 0.0
65, 0.0
66, 0.0
67, 0.0
68, 0.0
69, 0.0
70, 0.0
71, 0.0
72, 0.0
73, 0.0
74, 0.0
75, 0.0
76, 0.0
77, 0.0
78, 0.0
79, 0.0
80, 0.0
81, 0.0
82, 0.0
83, 0.0
84, 0.0
85, 0.0
86, 0.0
87, 0.0
88, 0.0
89, 0.0
90, 0.0
91, 0.0
92, 0.0
93, 0.0
94, 0.0
95, 0.0
96, 0.0
97, 0.0
98, 0.0
99, 0.0
100, 0.0
101, 0.0
102, 0.0
103, 0.0
104.0, 0.001195472850094677
105.0, 0.0041582040653282
106.0, 0.006802022410692189
107.0, 0.007926493254972234
108.0, 0.007834584779586694
109.0, 0.008338216167109168
110.0, 0.008994954558077278
111.0, 0.008804603796720859
112.0, 0.008392562522539329
113.0, 0.009626516772088535
114.0, 0.01435830255138254
115.0, 0.018628293784023142
116.0, 0.02083979482894969
117.0, 0.02195807982024387
118.0, 0.02361115723503909
119.0, 0.024943814120105663
120.0, 0.024731315230488896
121.0, 0.022993696058401437
122.0, 0.020874728477111686
123.0, 0.019212806261414184
124.0, 0.017320095141879564
125.0, 0.011870407922880733
126.0, 0.00665929651849461
127.0, 0.002814344462140253
128.0, 0.0010673411355025643
129.0, 0.001845769029832337
130.0, 0.002798892103051003
131.0, 0.001842948539322946
132.0, 0.0010837063219911172
133.0, 0.0011151132750728998
134.0, 0.0013713683440488979
135.0, 0.0007418531748602283
136.0, 0.00038563664367443083
137.0, 0.0012157471690154133
138.0, 0.0020266177484898583
139.0, 0.0018383296179458036
140.0, 0.003383698195297284
141.0, 0.002173912238289245
142.0, 0.0014926567579945057
143.0, 0.002003629144794374
144.0, 0.0030318213895838587
145.0, 0.002235039421253179
146.0, 0.003797914194359549
147.0, 0.005460914215623047
148.0, 0.006767153502985036
149.0, 0.007384206522427997
150.0, 0.007289414756485707
151.0, 0.009444095575379192
152.0, 0.013462062245293643
153.0, 0.015138023463591447
154.0, 0.015632919195637595
155.0, 0.01695834816822614
156.0, 0.015948979442098696
157.0, 0.012595544272833232
158.0, 0.009914365836322696
159.0, 0.008290971637011951
160.0, 0.006920196757152277
161.0, 0.003672569104293458
162.0, 0.005770965381340493
163.0, 0.005359128051329719
164.0, 0.005732506022560364
165.0, 0.007318151496012024
166.0, 0.00823485584015364
167.0, 0.007856981184358233
168.0, 0.007645954290148387
169.0, 0.008279924468566527
170.0, 0.0092025528458204
171.0, 0.009588777278608488
172.0, 0.00904356360967013
173.0, 0.009119829954516146
174.0, 0.008645554533189291
175.0, 0.007709461916123265
176.0, 0.006402532330863235
177.0, 0.004717232238547443
178.0, 0.006142540887021232
179.0, 0.004518050936309469
180.0, 0.0035190487411861943
181.0, 0.0036959585444002034
182.0, 0.004117925689716103
183.0, 0.005549420401015144
184.0, 0.0070966949313280734
185.0, 0.006221475974867341
186.0, 0.005817965024712822
187.0, 0.007421699129476219
188.0, 0.007878600396468993
189.0, 0.0069231853433073896
190.0, 0.008365364141032804
191.0, 0.009405603175947392
192.0, 0.00904646805657879
193.0, 0.008119192030085258
194.0, 0.009429539631101174
195.0, 0.00852058647780583
196.0, 0.008747307746302647
197.0, 0.008745660130220932
198.0, 0.0074050023917031065
199.0, 0.007633876652301002
200.0, 0.006828669168400845
201.0, 0.006708814155415992
202.0, 0.0059596749973210884
203.0, 0.004396274861483651
204.0, 0.0029369680708151644
205.0, 0.0004564492809516522
206.0, 0.00033020458893213365
207.0, 0.000448795273342161
208.0, 0.00030831782646247773
209.0, 4.08144530575986e-05
210.0, 6.127118264792406e-05
211.0, 0.0002583566537847588
212.0, 0.0002780202990605203
213.0, 0.0004037336105677326
214.0, 0.0005986793029981002
215.0, 0.0005092646096968119
216.0, 0.0007089297433115629
217.0, 0.0006323845025234828
218.0, 0.0008509649214045005
219.0, 0.0011233105048868589
220.0, 0.0011212093707161082
221.0, 0.0011227825985353215
222.0, 0.0003881850690285609
223.0, 0.00032456043064945706
224.0, 0.0006597014081818054
225.0, 0.0009418351904436111
226.0, 0.0007683237907218873
227.0, 0.000536891083156004
228.0, 0.0011742086665910592
229.0, 0.0017879045767550726
230.0, 0.0014774786536992522
231.0, 0.0003871665853964576
232.0, 0.001360866867038994
233.0, 0.0006842102046399126
234.0, 0.0003038629444223219
235.0, 0.00021495478827432307
236.0, 0.00020585431444511708
237.0, 0.0002470741001195818
238.0, 0.0027524434664356204
239.0, 0.002269387536852145
240.0, 0.0020630328487694647
241.0, 0.00227275594976925
242.0, 0.002266727157936244
243.0, 0.0014746980552051714
244.0, 0.002342683052331789
245.0, 0.002262878662166229
246.0, 0.002312411877210267
247.0, 0.002268669555734207
248.0, 0.0016814853297148385
249.0, 0.003951139345216497
250.0, 0.0034162282721299157
251.0, 0.00371332939164511
252.0, 0.004877450034982056
253.0, 0.005660126354024457
254.0, 0.004182850432022236
255.0, 0.0058202228833506954
256.0, 0.006094223664735484
257.0, 0.00616728684846758
258.0, 0.007241023634366217
259.0, 0.00929587320896555
260.0, 0.008466166234649332
261.0, 0.010254687706121965
262.0, 0.010713725110362459
263.0, 0.01250665493301211
264.0, 0.014847738496353017
265.0, 0.014298104200909144
266.0, 0.015542108668937795
267.0, 0.017615522680558954
268.0, 0.017949837011682825
269.0, 0.01941930411088361
270.0, 0.02269013200705079
271.0, 0.02233070251713167
272.0, 0.024639314214491125
273.0, 0.02943411192804049
274.0, 0.033545117600599916
275.0, 0.0376158583696094
276.0, 0.0431476941587359
277.0, 0.0472787209014146
278.0, 0.05418028719026158
279.0, 0.06164832059823108
280.0, 0.06839291705366403
281.0, 0.07530686309375545
282.0, 0.0849810413238134
283.0, 0.09796359505132629
284.0, 0.10373995082641717
285.0, 0.11362258563141228
286.0, 0.12544309683154664
287.0, 0.13454972845259502
288.0, 0.1381845134094469
289.0, 0.14554917058788952
290.0, 0.14841791718819308
291.0, 0.14748448590089125
292.0, 0.1440000385259107
293.0, 0.13811092461297103
294.0, 0.12576348599910078
295.0, 0.11659229146262637
296.0, 0.10376331833494662
297.0, 0.09099535426394148
298.0, 0.08046412429804496
299.0, 0.07212009307155318
300.0, 0.06396177674772816
301.0, 0.05570214673840406
302.0, 0.04910487438006365
303.0, 0.04387385520918888
304.0, 0.039770134494177954
305.0, 0.03674455728473786
306.0, 0.030532747902938036
307.0, 0.029427013382848234
308.0, 0.026568572725545955
309.0, 0.024177285265598952
310.0, 0.0242096589857444
311.0, 0.023332571072908963
312.0, 0.023462563990553152
313.0, 0.021545168463142396
314.0, 0.019966205892583164
315.0, 0.01949850033974789
316.0, 0.019186710674946063
317.0, 0.015572925337315205
318.0, 0.0154323282335489
319.0, 0.014694444698992984
320.0, 0.013819614679821146
321.0, 0.013242952029920218
322.0, 0.0131154199753433
323.0, 0.013183672005424236
324.0, 0.012459089361199601
325.0, 0.012172498850275965
326.0, 0.011767062198389905
327.0, 0.011141157148361103
328.0, 0.010783901364249619
329.0, 0.011018234968848184
330.0, 0.010713505482787452
331.0, 0.01103394203288087
332.0, 0.011437677928653514
333.0, 0.011610456010296498
334.0, 0.011853073602814878
335.0, 0.011479417810192046
336.0, 0.013214293142439631
337.0, 0.013232257080664613
338.0, 0.012534867442631065
339.0, 0.012879649098181028
340.0, 0.014839645703585246
341.0, 0.013953544237440671
342.0, 0.014350097693236691
343.0, 0.014910732877410402
344.0, 0.015111125974794509
345.0, 0.015843302950114643
346.0, 0.02008094287568905
347.0, 0.01947222560954998
348.0, 0.020377513173887654
349.0, 0.020918797305079985
350.0, 0.022220704515032063
351.0, 0.025370613225457823
352.0, 0.028159317887051036
353.0, 0.029345867257379886
354.0, 0.03151620840041529
355.0, 0.035634740781159344
356.0, 0.0393289742051204
357.0, 0.04056143245455467
358.0, 0.04307575665054036
359.0, 0.0501817927944848
360.0, 0.05355095207171909
361.0, 0.0570688006001572
362.0, 0.06108852063597066
363.0, 0.06478079327471896
364.0, 0.07170547203632435
365.0, 0.07396956159508802
366.0, 0.07953772134526085
367.0, 0.0836083252256413
368.0, 0.08417071128356551
369.0, 0.08301482431997215
370.0, 0.086577606595653
371.0, 0.08583924946329442
372.0, 0.08452243353645346
373.0, 0.08323382292544382
374.0, 0.08143718711446982
375.0, 0.07864716410439847
376.0, 0.07703884733954276
377.0, 0.07128093794736746
378.0, 0.06684686987435763
379.0, 0.06289922144481333
380.0, 0.0597158094770428
381.0, 0.05764187064432326
382.0, 0.05289691881614496
383.0, 0.0514806384735169
384.0, 0.047345011950791306
385.0, 0.04396632993638336
386.0, 0.0406555125483974
387.0, 0.03515784083192337
388.0, 0.03251574235758099
389.0, 0.029852694323588752
390.0, 0.029533223262447564
391.0, 0.028745072149826096
392.0, 0.02587554147326422
393.0, 0.02188924593667726
394.0, 0.022442067192649365
395.0, 0.01956934387231204
396.0, 0.01905098957146597
397.0, 0.019015745248705616
398.0, 0.018123988790193286
399.0, 0.01620839839105541
400.0, 0.014492470627668811
401.0, 0.013055491156157199
402.0, 0.012440216865094054
403.0, 0.012340761385647053
404.0, 0.01191963473674748
405.0, 0.011110173464318668
406.0, 0.01253397697737695
407.0, 0.009158915560142932
408.0, 0.00708714484727517
409.0, 0.005908475679104327
410.0, 0.005795004140627518
411.0, 0.006869537617294206
412.0, 0.008339950658499162
413.0, 0.006512701166215213
414.0, 0.005859332288001675
415.0, 0.005082501343201055
416.0, 0.004323258305220728
417.0, 0.00387980973610632
418.0, 0.003188334720021753
419.0, 0.0024703580049417768
420.0, 0.003446771536892718
421.0, 0.0041084410124266665
422.0, 0.004419157799235983
423.0, 0.00454838807942571
424.0, 0.004060522415103387
425.0, 0.003897860992795745
426.0, 0.0032565392202156553
427.0, 0.0024672513766142885
428.0, 0.0020055913070247387
429.0, 0.0019430932798514518
430.0, 0.0019695193406032473
431.0, 0.0030692183618745076
432.0, 0.002755244206861398
433.0, 0.0029389305708589428
434.0, 0.0034243825035688456
435.0, 0.003465368761650995
436.0, 0.002721627438862269
437.0, 0.0035114514269526916
438.0, 0.0022773613242662487
439.0, 0.0024995692084122554
440.0, 0.0022304529449007015
441.0, 0.0014892380871257946
442.0, 0.0015048785177138645
443.0, 0.0016311859699281947
444.0, 0.00258269704039229
445.0, 0.0016515097429045996
446.0, 0.0015788121774413801
447.0, 0.0015002126724982475
448.0, 0.0011638255316283662
449.0, 0.005275769087426484
450.0, 0.0008643722062276033
451.0, 0.0021593994467008107
452.0, 0.00234764909901212
453.0, 0.0010857327997778428
454.0, 0.00013231068580958895
455.0, 0.0005299841136564326
456.0, 0.00038934461373801133
457.0, 0.000714628556351558
458.0, 0.0009625946638073018
459.0, 0.0011298746646230262
460.0, 0.0013450603142046073
461.0, 0.0016496990377483723
462.0, 0.00156144835725098
463.0, 0.0019190065547589406
464.0, 0.0018548584068776611
465.0, 0.0015082695707557554
466.0, 0.0011480524166128003
467.0, 0.001002924407001453
468.0, 0.0011530091073546844
469.0, 0.0002625764804297985
470.0, 0.0014345736537481643
471.0, 0.001042392585319255
472.0, 0.0010065255796477054
473.0, 0.002361876537816376
474.0, 0.0010901274439216243
475.0, 0.0003163636252689622
476.0, 0.00072747152951343
477.0, 0.0014174092392325599
478.0, 0.0011967572392599785
479.0, 0.0003466877712661491
480.0, 0.00029069016965723165
481.0, 9.7264988780242e-05
482.0, 0.00034517240795414825
483.0, 0.00034813238132651254
484.0, 0.00038634811861321594
485.0, 0.00032931991438507504
486.0, 0.00011302077837566899
487.0, 0.0006108938278428326
488.0, 0.0009742433009455904
489.0, 0.0009241635538056139
490.0, 0.0016599106244848674
491.0, 0.001885491481708942
492.0, 0.0012777539287370273
493.0, 0.001834191513729929
494.0, 0.0024999542692577662
495.0, 0.0031817202558106824
496.0, 0.003546668437228599
497.0, 0.0036695130904011507
498.0, 0.0036564241380892025
499.0, 0.003633914315523374
500.0, 0.003912944782961284
501.0, 0.003283531587099719
502.0, 0.0041841330821780175
503.0, 0.004382524748719792
504.0, 0.004686694317987867
505.0, 0.005435890314028513
506.0, 0.004204189747051491
507.0, 0.00393150956495213
508.0, 0.004406903585051265
509.0, 0.004280150585032732
510.0, 0.0037487713070934654
511.0, 0.003180257541888609
512.0, 0.0026144570545044775
513.0, 0.00145441018547588
514.0, 0.0014776535195185274
515.0, 0.0028882961451556317
516.0, 0.002675218547535861
517.0, 0.0018252378913412018
518.0, 0.002077451956288047
519.0, 0.002847069148394716
520.0, 0.002379004680803608
521.0, 0.004245686773482728
522.0, 0.004103529951766461
523.0, 0.0036521653684708296
524.0, 0.0039294086610564835
525.0, 0.004149010620500022
526.0, 0.0031634808587140337
527.0, 0.005898576760028178
528.0, 0.004959913350577081
529.0, 0.004598794623837409
530.0, 0.004953363333178343
531.0, 0.004745776340360922
532.0, 0.0039004664861499354
533.0, 0.004828146212977029
534.0, 0.005350586372502086
535.0, 0.007122866704480713
536.0, 0.006881104014577019
537.0, 0.005982174803649577
538.0, 0.007339546040335204
539.0, 0.0076156506624039414
540.0, 0.007519560334134808
541.0, 0.009274907380262626
542.0, 0.010756654429859411
543.0, 0.011997180664381718
544.0, 0.012780948050001096
545.0, 0.012658189058887687
546.0, 0.015701765263405935
547.0, 0.016306984958514095
548.0, 0.01874828862248191
549.0, 0.019609304989685744
550.0, 0.020960398517103924
551.0, 0.024646590202969724
552.0, 0.02646693906106324
553.0, 0.025110914486414754
554.0, 0.029617648517011416
555.0, 0.03257082613077363
556.0, 0.034023747258474464
557.0, 0.03558340254439431
558.0, 0.03839311348274567
559.0, 0.04206920360266666
560.0, 0.04339338199097495
561.0, 0.0456103592654447
562.0, 0.04642454677501018
563.0, 0.04648084002161434
564.0, 0.046612616206126854
565.0, 0.04659612478477968
566.0, 0.04572086919823483
567.0, 0.04526831254850882
568.0, 0.043388824342804284
569.0, 0.04207104110363918
570.0, 0.04035897273751237
571.0, 0.03736964311935102
572.0, 0.03480125092486133
573.0, 0.035208298332495884
574.0, 0.03227045634876497
575.0, 0.030568575217320683
576.0, 0.028694888089148364
577.0, 0.02652746532397309
578.0, 0.02466824997546716
579.0, 0.02260292004095955
580.0, 0.022280972888968086
581.0, 0.020187385930642582
582.0, 0.01920970285919703
583.0, 0.017689607826766974
584.0, 0.01678047270499405
585.0, 0.01811013846230124
586.0, 0.016782689191988196
587.0, 0.015056125621372035
588.0, 0.014831997151715327
589.0, 0.013974874714465187
590.0, 0.013990950884295904
591.0, 0.014721218950565801
592.0, 0.014080577253268675
593.0, 0.012513940376208094
594.0, 0.012762014251542924
595.0, 0.01206804082860506
596.0, 0.011093449927495322
597.0, 0.01001522082601601
598.0, 0.009408626446934609
599.0, 0.009462659868780695
600.0, 0.0060286067634216295
601.0, 0.008483301787677864
602.0, 0.007175743020639433
603.0, 0.006083266268120009
604.0, 0.0061866552698810326
605.0, 0.005855615984434704
606.0, 0.003628626842148162
607.0, 0.005214549108314136
608.0, 0.0047911526433158085
609.0, 0.0024868217714053616
610.0, 0.002312335457265249
611.0, 0.0023549723060780742
612.0, 0.001133623608432713
613.0, 0.0013487972867035226
614.0, 0.003560591710358997
615.0, 0.0011175566496627119
616.0, 0.0008603073304633544
617.0, 0.0017877303422166788
618.0, 0.0022091577732063702
619.0, 0.0018960546280446036
620.0, 0.002188454152883766
621.0, 0.0012018142080235219
622.0, 0.0013110674071944788
623.0, 0.0008689549975813637
624.0, 0.0007048916281735243
625.0, 0.0012979063317770543
626.0, 0.001866551430887424
627.0, 0.0010149386389973107
628.0, 0.0014902023049097905
629.0, 0.001044322694545182
630.0, 0.001474556824790815
631.0, 0.0013353709618351825
632.0, 0.0016838666389628147
633.0, 0.002224850578830708
634.0, 0.00044156226255051215
635.0, 0.0010037569115368319
636.0, 0.0009124686548023293
637.0, 0.0008303130739361681
638.0, 0.0011170831412573138
639.0, 0.001221192788595323
640.0, 0.0010981688090269447
641.0, 0.001350789917300193
642.0, 0.0003850425651260096
643.0, 0.0008920480690995798
644.0, 0.0006808089491733878
645.0, 0.0010165978543198206
646.0, 0.0010061857592654634
647.0, 0.00048802223423097507
648.0, 0.0006906134842583119
649.0, 0.0011164384229715944
650.0, 0.0011662853253843694
651.0, 0.0007232537776935171
652.0, 0.000960788655314885
653.0, 0.0007712130822703726
654.0, 0.00020809344085343082
655.0, 0.0004497572083768802
656.0, 0.0004452943021717793
657.0, 8.836121590019395e-05
658.0, 0.0005369148998323498
659.0, 0.0009403172248018762
660.0, 0.0011333487245212609
661.0, 0.0012830297264341212
662.0, 0.0015764504913642879
663.0, 0.0019078112070127708
664.0, 0.0012824211312555964
665.0, 0.0014312836081048388
666.0, 0.0015005165155799623
667.0, 0.0010972664196602395
668.0, 0.0009942175399235487
669.0, 0.0015239484239639356
670.0, 0.001237193109240729
671.0, 0.0005803588644649517
672.0, 0.0005526487597138284
673.0, 0.0011415811263664744
674.0, 0.000836857759837992
675.0, 0.000692870795426558
676.0, 0.0009991423036177303
677.0, 0.0002002219658729232
678.0, 0.0016454806855375043
679.0, 0.0015982114986873163
680.0, 0.0015744329636292458
681.0, 0.0013512381387586789
682.0, 0.0009877854056151436
683.0, 0.0010362155592640917
684.0, 0.00169421492815025
685.0, 0.0012349910966976932
686.0, 0.0008429717871805466
687.0, 0.0013236589565158228
688.0, 0.0005995647857436652
689.0, 0.00022062003772042426
690.0, 0.000537285786965352
691.0, 0.000593777832231834
692.0, 7.21006825373064e-05
693.0, 0.0004877232311855016
694.0, 0.0004835456336464568
695.0, 0.0005269210944203513
696.0, 0.0007460110509092929
697.0, 0.0008993407192318195
698.0, 0.0010223356789320773
699.0, 0.0013642637929080033
700.0, 0.0007221743733506587
701.0, 0.001375529880080717
702.0, 0.0025921213750140656
703.0, 0.0027149942874516468
704.0, 0.0028631667685417236
705.0, 0.0026266987456119543
706.0, 0.0010231480002447647
707.0, 0.00037485369438101175
708.0, 0.0005521497365748619
709.0, 0.0009021262078480674
710.0, 0.0019262125101860172
711.0, 0.0026668716285603226
712.0, 0.0035326777056206176
713.0, 0.004079715624660232
714.0, 0.002560474579636102
715.0, 0.0024906084631055206
716.0, 0.00252790005660909
717.0, 0.0032691598162062187
718.0, 0.0029039442208392352
719.0, 0.002081669805902853
720.0, 0.002331928036028558
721.0, 0.00403211128588069
722.0, 0.005111060462305451
723.0, 0.005536001628149464
724.0, 0.0034295389717414713
725.0, 0.0037917877316598044
726.0, 0.0041559218539975505
727.0, 0.003923755451977053
728.0, 0.0042649979119557795
729.0, 0.005452090292172581
730.0, 0.003494934564876588
731.0, 0.005201268639932303
732.0, 0.0056719337093698394
733.0, 0.0063851382282320065
734.0, 0.006510697281260253
735.0, 0.006152904440403326
736.0, 0.006421157013993184
737.0, 0.007711966189699334
738.0, 0.008273850944316652
739.0, 0.007642137496006847
740.0, 0.007618457656862344
741.0, 0.008131980595605711
742.0, 0.008978946922417796
743.0, 0.009732152708838841
744.0, 0.009841334691450192
745.0, 0.009148436055496548
746.0, 0.009269084782430706
747.0, 0.010351778661285501
748.0, 0.010677616160443035
749.0, 0.011043375655058673
750.0, 0.012248602946271324
751.0, 0.013501468216733143
752.0, 0.012838267730957965
753.0, 0.01063761840421629
754.0, 0.011709793169698654
755.0, 0.012126634853703978
756.0, 0.01159843242458914
757.0, 0.012987156481178357
758.0, 0.015130673179693086
759.0, 0.01540721491434631
760.0, 0.01482316732393722
761.0, 0.01697951185193139
762.0, 0.018167652342823633
763.0, 0.019854465604661115
764.0, 0.019744569502570523
765.0, 0.019484265315342673
766.0, 0.019014784801547377
767.0, 0.018612350005681094
768.0, 0.02227335020148983
769.0, 0.021595080095723355
770.0, 0.022459044405080206
771.0, 0.024850173465331638
772.0, 0.025933943255986264
773.0, 0.02655665813585808
774.0, 0.026954132547861533
775.0, 0.02760653888184172
776.0, 0.03252174592853749
777.0, 0.03443692923586859
778.0, 0.03437358781716236
779.0, 0.03544992815792704
780.0, 0.03739764268096997
781.0, 0.039889955076465776
782.0, 0.043577722256508834
783.0, 0.048222857586217235
784.0, 0.05054569310464252
785.0, 0.059177480892801365
786.0, 0.05888781735489577
787.0, 0.0632764404755506
788.0, 0.0704780561629695
789.0, 0.07587675869192813
790.0, 0.08138919722913757
791.0, 0.09109282056101625
792.0, 0.09796349589151866
793.0, 0.10714605944637429
794.0, 0.11950283179236311
795.0, 0.13064360303508446
796.0, 0.14392172518632754
797.0, 0.16023104726131818
798.0, 0.18102540457009206
799.0, 0.20747010948479105
800.0, 0.23567932887801601
801.0, 0.2642448324323897
802.0, 0.30609397459009685
803.0, 0.3495212261420777
804.0, 0.3945012495149328
805.0, 0.4543853440578902
806.0, 0.526293079677244
807.0, 0.5952303991866126
808.0, 0.6648532540796126
809.0, 0.7507136364352979
810.0, 0.8254210082486569
811.0, 0.8938502799804945
812.0, 0.9441425106833331
813.0, 0.9735491704044071
814.0, 0.9899107648200485
815.0, 0.9917258069693673
816.0, 0.9581705261863653
817.0, 0.9199344680855169
818.0, 0.8637477934859586
819.0, 0.8096541779018672
820.0, 0.7548656261230934
821.0, 0.703038104904229
822.0, 0.6586457835589176
823.0, 0.6202735538872112
824.0, 0.5828982800008861
825.0, 0.5587918351862016
826.0, 0.5388988216909565
827.0, 0.5244027637086361
828.0, 0.5070800387376329
829.0, 0.49818529637422937
830.0, 0.493849860875502
831.0, 0.487233380832302
832.0, 0.4827875179046318
833.0, 0.4845201843765673
834.0, 0.47809187526528796
835.0, 0.4769933092267272
836.0, 0.4745687551548896
837.0, 0.4687123283283751
838.0, 0.4640449581409514
839.0, 0.4612727238028918
840.0, 0.45399886756725977
841.0, 0.43779802149572794
842.0, 0.4278026735002901
843.0, 0.40376646940438227
844.0, 0.38498037014659536
845.0, 0.3621132999283094
846.0, 0.33966501229579205
847.0, 0.31746103705110723
848.0, 0.29444170187807445
849.0, 0.27565017290565086
850.0, 0.25085881834449214
851.0, 0.23246935023071616
852.0, 0.2091513807180618
853.0, 0.19280226233444922
854.0, 0.17865239337490701
855.0, 0.1638684847719623
856.0, 0.149717265689552
857.0, 0.1371152885438579
858.0, 0.12322372764894647
859.0, 0.11284253462076338
860.0, 0.1035541040966844
861.0, 0.0944404949280448
862.0, 0.08635481759992356
863.0, 0.07973769292026613
864.0, 0.07431089676086919
865.0, 0.06830108373674551
866.0, 0.060289335097971734
867.0, 0.05658534535793355
868.0, 0.05187366929416155
869.0, 0.04484861647622515
870.0, 0.04386642853308531
871.0, 0.04105868675972202
872.0, 0.03795043852838008
873.0, 0.036219109067146246
874.0, 0.03405564297497493
875.0, 0.03370745150063435
876.0, 0.02854662053519895
877.0, 0.0246047683446462
878.0, 0.024300741993454153
879.0, 0.02206471932650834
880.0, 0.019506307874437433
881.0, 0.01910529712503806
882.0, 0.019886826750734762
883.0, 0.018504577013479698
884.0, 0.015283995943448545
885.0, 0.015574145376818916
886.0, 0.01227937755218041
887.0, 0.011194547352716099
888.0, 0.013013531744804317
889.0, 0.011684800096861065
890.0, 0.009458841311380202
891.0, 0.009060825220850157
892.0, 0.005758858776007817
893.0, 0.009533744668744851
894.0, 0.007367559814868823
895.0, 0.0073061490079509754
896.0, 0.007995572766787917
897.0, 0.007526284902898534
898.0, 0.006497158127256037
899.0, 0.004669200015440784
900.0, 0.0029788399209752037
901.0, 0.004918238328276113
902.0, 0.003890962100882479
903.0, 0.004214757777799405
904.0, 0.004563536878306011
905.0, 0.004090257395699113
906.0, 0.004481387003967349
907.0, 0.004329520503248243
908.0, 0.0033040696859686163
909.0, 0.0028358266915471204
910.0, 0.002620304552423604
911.0, 0.001114639459091303
912.0, 0.0017031440863591587
913.0, 0.0013175131927775827
914.0, 0.002037343686051275
915.0, 0.0020463826847675055
916.0, 0.0018635415926720328
917.0, 0.0021079648896973704
918.0, 0.002467747907189538
919.0, 0.003208258407220871
920.0, 0.0042981169558367355
921.0, 0.00542647019207205
922.0, 0.006623014753086643
923.0, 0.007965278349816965
924.0, 0.008652145073432175
925.0, 0.008810950242272223
926.0, 0.00962585919654851
927.0, 0.010853610531271929
928.0, 0.010406920224536766
929.0, 0.012548742315028047
930.0, 0.012756714119459528
931.0, 0.01288909320308642
932.0, 0.0126293601590862
933.0, 0.01323014477734935
934.0, 0.014091168215047715
935.0, 0.01367250538734765
936.0, 0.012391619564445911
937.0, 0.012749906010328433
938.0, 0.013405460041846975
939.0, 0.014204909597051363
940.0, 0.01417478049944196
941.0, 0.013998933898317594
942.0, 0.013842433003931395
943.0, 0.01400749709647961
944.0, 0.014095652769880515
945.0, 0.013406891953272358
946.0, 0.012451391693996837
947.0, 0.013503808045120674
948.0, 0.01336726594343178
949.0, 0.012932101722444718
950.0, 0.013630941246020585
951.0, 0.013559549284442175
952.0, 0.012158565152718534
953.0, 0.011518716610272864
954.0, 0.011088189351941466
955.0, 0.009416873651139957
956.0, 0.010702708196538674
957.0, 0.012407686282037629
958.0, 0.011397565513415397
959.0, 0.01159793031690527
960.0, 0.01231637149796019
961.0, 0.011203753815532947
962.0, 0.00936767174182479
963.0, 0.009898360433632574
964.0, 0.012303332235304046
965.0, 0.012246174739061364
966.0, 0.012064346607027359
967.0, 0.010771042554069282
968.0, 0.008005740930101436
969.0, 0.008592852314985662
970.0, 0.009682936869438972
971.0, 0.010113652803439756
972.0, 0.008628048109361929
973.0, 0.0072742916778458745
974.0, 0.008766600790293604
975.0, 0.008656632756506487
976.0, 0.0031164673532233485
977.0, 0.007262583938504102
978.0, 0.0076586125312485395
979.0, 0.007420184421256658
980.0, 0.00717788038675274
981.0, 0.006586233761823026
982.0, 0.006266523334331471
983.0, 0.00698068756908844
984.0, 0.007954825491376532
985.0, 0.007388983454188972
986.0, 0.005359661171721154
987.0, 0.006418167790228778
988.0, 0.005523310778709583
989.0, 0.00619412234062935
990.0, 0.005745897842561585
991.0, 0.004997213952282757
992.0, 0.004752260318198799
993.0, 0.004838918466293137
994.0, 0.00552108678824465
995.0, 0.00371332053572505
996.0, 0.0029606272503798245
997.0, 0.007266928039971025
998.0, 0.004306787329808477
999.0, 0.004429421724559524
1000.0, 0.005506837454043399
1001.0, 0.004341251796296921
1002.0, 0.00424711917657217
1003.0, 0.005985541980200137
1004.0, 0.002461846964972607
1005.0, 0.0038952065888663108
1006.0, 0.0026296727732460783
1007.0, 0.0037923113882999296
1008.0, 0.0037295892183178345
1009.0, 0.003856949933498536
1010.0, 0.00336866307345733
1011.0, 0.002774633059789618
1012.0, 0.002303756351321489
1013.0, 0.001790841403836772
1014.0, 0.0020966811230697783
1015.0, 0.002049175412992951
1016.0, 0.0023484476502778013
1017.0, 0.0006129917956358831
1018.0, 0.0015609973643932822
1019.0, 0.0009825209524157792
1020.0, 0.0017530798236821232
1021.0, 0.0016964184544354282
1022.0, 0.0010327508152179722
1023.0, 0.0017648376973070099
1024.0, 0.0013987692083238384
1025.0, 0.0025141944596461436
1026.0, 0.0015871991615009527
1027.0, 0.000918358357529382
1028.0, 0.0007409887383800388
1029.0, 0.0008781169385569129
1030.0, 0.0016265403960300726
1031.0, 0.0022098145057094995
1032.0, 0.0019448693756839556
1033.0, 0.0010780414287832826
1034.0, 0.0003620146836634157
1035.0, 0.00028537279102363065
1036.0, 0.0009519393018614415
1037.0, 0.0009661280823449309
1038.0, 0.0008542954740155416
1039.0, 0.0009388969027367799
1040.0, 0.0007775599459912178
1041.0, 0.0009474777000019605
1042.0, 0.0019843705992997713
1043.0, 0.002065371320741201
1044.0, 0.00045563244928519735
1045.0, 0.0014486511864122186
1046.0, 6.323849998527702e-05
1047.0, 0.00039536549765308384
1048.0, 0.000843345584623089
1049.0, 0.001211882615251171
1050.0, 0.001438043346412375
1051.0, 0.0012914945326908782
1052.0, 0.0007426306626493162
1053.0, 0.00039971857550934984
1054.0, 0.0006556475242154151
1055.0, 0.0010508448563456443
1056.0, 0.001622931006833116
1057.0, 0.0017319002090195599
1058.0, 0.0006163793483632085
1059.0, 0.0011024105621404913
1060.0, 0.0009108937213647782
1061.0, 0.0004847060819530592
1062.0, 0.0004465087497581498
1063.0, 0.0003515733500059841
1064.0, 0.00014611965411360497
1065.0, 0.0005824193794168487
1066.0, 0.001257360375246488
1067.0, 0.00032812179441584274
1068.0, 4.3072486317661905e-05
1069.0, 3.791924184194935e-05
1070.0, 0.0017135359391688462
1071.0, 0.0007818285345087431
1072.0, 8.464407100826747e-05
1073.0, 0.002384724624074653
1074.0, 0.0035596299797336483
1075.0, 0.001581594326107578
1076.0, 0.0012600648093753987
1077.0, 0.0028199308185446414
1078.0, 0.002338439152474183
1079.0, 0.0023226174877240754
1080.0, 0.0023270098971925144
1081.0, 0.00248905441349791
1082.0, 0.0012944533238322597
1083.0, 0.0017066541513041317
1084.0, 0.0021826216127024275
1085.0, 0.0013348436963353206
1086.0, 0.0008198081858227198
1087.0, 0.0019907123978098727
1088.0, 0.003160591214575177
1089.0, 0.0039041605766554238
1090.0, 0.0035048240440838244
1091.0, 0.001377559313239097
1092.0, 0.004481192718862122
1093.0, 0.0036131650675263003
1094.0, 0.0034582461790163984
1095.0, 0.004068990780211653
1096.0, 0.004025563432706595
1097.0, 0.004313141338464516
1098.0, 0.004177454994900733
1099.0, 0.0008109391995215988
1100.0, 0.003988205098124397
1101.0, 0.004598961280743244
1102.0, 0.0005915991142861029
1103.0, 0.0028099376824295887
1104.0, 0.0033610281059584307
1105.0, 0.00307553596127023
1106.0, 0.002449654298646209
1107.0, 0.0022210345368337903
1108.0, 0.0027629461800741896
1109.0, 0.0037048613795946815
1110.0, 0.005076762188732673
1111.0, 0.0059690651358836055
1112.0, 0.005879902041218074
1113.0, 0.0056623985343834315
1114.0, 0.004821621142880883
1115.0, 0.005371416893819913
1116.0, 0.004166199256362339
1117.0, 0.003412070425903591
1118.0, 0.0042682388322222205
1119.0, 0.004670556929448286
1120.0, 0.003866319570846983
1121.0, 0.004008087701080491
1122.0, 0.004964508196696079
1123.0, 0.006714906046240537
1124.0, 0.006471985561163595
1125.0, 0.004204575423829226
1126.0, 0.005806475559995211
1127.0, 0.005183650396740497
1128.0, 0.006120877889471594
1129.0, 0.008120428878100707
1130.0, 0.007953760686463411
1131.0, 0.0074923579324949596
1132.0, 0.008699496081923446
1133.0, 0.007525664328419257
1134.0, 0.007718084729636636
1135.0, 0.010089515423054739
1136.0, 0.007096690326920412
1137.0, 0.007107414654810198
1138.0, 0.008642100201302393
1139.0, 0.008722618497207164
1140.0, 0.007669478463243103
1141.0, 0.007310027629619696
1142.0, 0.007007878150630677
1143.0, 0.005949180625615078
1144.0, 0.005520163526492988
1145.0, 0.006295961846791135
1146.0, 0.005941825283964003
1147.0, 0.006149657998174798
1148.0, 0.007170011602563679
1149.0, 0.0069787596961932916
1150.0, 0.007187050487143214
1151.0, 0.00798809003245249
1152.0, 0.008935006385749454
1153.0, 0.008478924730626787
1154.0, 0.007762872160156945
1155.0, 0.006875295758724834
1156.0, 0.00515407727520628
1157.0, 0.005266298527332233
1158.0, 0.005852673037336983
1159.0, 0.0056295407131379364
1160.0, 0.005610087951564302
1161.0, 0.005460363829503104
1162.0, 0.005023650828404698
1163.0, 0.004642830341682524
1164.0, 0.004071437332055256
1165.0, 0.005830862709202204
1166.0, 0.006251214132709241
1167.0, 0.004598301882821985
1168.0, 0.0037525932291463384
1169.0, 0.003327209048118256
1170.0, 0.005841372363475978
1171.0, 0.005126796158118357
1172.0, 0.0033575820402945685
1173.0, 0.0010144455813886966
1174.0, 0.004921166456259605
1175.0, 0.0037283186404126756
1176.0, 0.0032701475247548227
1177.0, 0.004265878172796777
1178.0, 0.003824999696578656
1179.0, 0.0033972597594818608
1180.0, 0.0038951207690034436
1181.0, 0.002999628475766689
1182.0, 0.002240746434565357
1183.0, 0.002809741398420927
1184.0, 0.0019919068349630825
1185.0, 0.0027988073885140095
1186.0, 0.002890474875342124
1187.0, 0.0022533501634478376
1188.0, 0.002853367761445474
1189.0, 0.002744082471529884
1190.0, 0.0031029849088240772
1191.0, 0.003064196729034344
1192.0, 0.002106835874209775
1193.0, 0.0016610748716250018
1194.0, 0.0015825302672684153
1195.0, 0.0003050368810408404
1196.0, 0.0009726364638754493
1197.0, 0.0020612951222940858
1198.0, 0.0019077574836974646
1199.0, 0.0002822753864362504
1200.0, 0.0005429043808443165
1201.0, 0.0013199794887296431
1202.0, 0.0006938691720189658
1203.0, 0.0009295989628018443
1204.0, 0.0015293952381233555
1205.0, 0.0012401121524063577
1206.0, 0.0006240878171995613
1207.0, 0.0003626627862551962
1208.0, 0.0002903795802318075
1209.0, 0.00017626719115346147
1210.0, 0.00043097674856904276
1211.0, 4.33325248594079e-05
1212.0, 0.0002634231241336198
1213.0, 0.00021579409628521315
1214.0, 0.00016831280963929996
1215.0, 0.0008266236244683881
1216.0, 0.0011664533350822866
1217.0, 0.001231754772416735
1218.0, 0.001156225593767558
1219.0, 0.0007285713196876757
1220.0, 0.00048733733703678814
1221.0, 0.0007863113076278286
1222.0, 0.0004942495924707364
1223.0, 0.0023909827310263122
1224.0, 0.0018430165324463332
1225.0, 0.0007452794178423596
1226.0, 0.00013616684266309123
1227.0, 0.0023191893819250204
1228.0, 0.0027274227903142114
1229.0, 0.0027337817724238816
1230.0, 0.0020188530108656896
1231.0, 0.0023979868094626596
1232.0, 0.0024197142426457324
1233.0, 0.0008984448130699982
1234.0, 0.0015237822725663204
1235.0, 0.004099274254377236
1236.0, 0.00391243069666584
1237.0, 0.0028120533258201826
1238.0, 0.00054906616311938
1239.0, 0.0014569414055537644
1240.0, 0.0013866945793262729
1241.0, 0.0029673338826382437
1242.0, 0.003143490023231088
1243.0, 0.0025712779484152186
1244.0, 0.0022461950396962475
1245.0, 0.004158326380212813
1246.0, 0.003893740618141196
1247.0, 0.0015596288636515886
1248.0, 0.002241233961346651
1249.0, 0.0008900207008110911
1250.0, 0.0020998718283400555
1251.0, 0.002993309306726033
1252.0, 0.0019255435730998612
1253.0, 0.0026691193301643006
1254.0, 0.00245474016798921
1255.0, 0.002446037277978414
1256.0, 0.001448386083745525
1257.0, 0.0023908629623085073
1258.0, 0.0022378738800047345
1259.0, 0.0011688959241538891
1260.0, 0.0012095512409463472
1261.0, 0.0014525236239280633
1262.0, 0.00097593103240481
1263.0, 0.0020806193794947253
1264.0, 0.004238592797676703
1265.0, 0.0015059696276320627
1266.0, 0.0033448482855518444
1267.0, 0.0017614293829697836
1268.0, 0.002159523848295633
1269.0, 0.002262212846461334
1270.0, 0.0014471389517260796
1271.0, 0.0021496973135757785
1272.0, 0.002585477640029523
1273.0, 0.0037204603574918053
1274.0, 0.003218778166266085
1275.0, 0.0030867735880957215
1276.0, 0.004065147297958977
1277.0, 0.0031134604197506363
1278.0, 0.0035433325001008216
1279.0, 0.005268942571085481
1280.0, 0.0030296814460280255
1281.0, 0.004391910890640006
1282.0, 0.006966652374015821
1283.0, 0.0031425584300712158
1284.0, 0.002666034843717845
1285.0, 0.0027507860658865938
1286.0, 0.003440382951658604
1287.0, 0.004508122084086754
1288.0, 0.004220148311978179
1289.0, 0.003616943049140002
1290.0, 0.002649978928079564
1291.0, 0.004179694793933115
1292.0, 0.0060195014571358205
1293.0, 0.0024547879670621157
1294.0, 0.004934272894343851
1295.0, 0.0055708874055412985
1296.0, 0.0035588721419491463
1297.0, 0.004626194135594658
1298.0, 0.001969673249234214
1299.0, 0.0031009464491134147
1300.0, 0.004158217467368088
1301.0, 0.00412100169548201
1302.0, 0.004849545728347364
1303.0, 0.0045737813509088955
1304.0, 0.004778919547400905
1305.0, 0.0052867824020837685
1306.0, 0.00453292159865181
1307.0, 0.0042883843055613316
1308.0, 0.005549945185527134
1309.0, 0.0056716140285656014
1310.0, 0.006107356866258671
1311.0, 0.0051634838306699815
1312.0, 0.0032515214340643156
1313.0, 0.002946976796192621
1314.0, 0.004524526056433444
1315.0, 0.005320266790067603
1316.0, 0.006720110454776994
1317.0, 0.0061365935809329026
1318.0, 0.0058529317848702925
1319.0, 0.004431355900626526
1320.0, 0.005391806385710261
1321.0, 0.0064250506914208015
1322.0, 0.00697634427525859
1323.0, 0.007761561722848483
1324.0, 0.007506486778880853
1325.0, 0.006658557143721055
1326.0, 0.005206356890681758
1327.0, 0.005834800789441486
1328.0, 0.0044592224762518215
1329.0, 0.003518515386790651
1330.0, 0.00590395250585584
1331.0, 0.0034122822801133617
1332.0, 0.005804576455576414
1333.0, 0.0045122224676598394
1334.0, 0.0038207008749539463
1335.0, 0.0045732187401504145
1336.0, 0.00493523876842455
1337.0, 0.005207444533390953
1338.0, 0.0051783967443467275
1339.0, 0.0038772887789063648
1340.0, 0.0028236179849678044
1341.0, 0.0029383213776027653
1342.0, 0.0022825139528389743
1343.0, 0.002303108026720771
1344.0, 0.0045555207397927735
1345.0, 0.005971144842921593
1346.0, 0.00594157627149004
1347.0, 0.0068113632167944695
1348.0, 0.005153815363726499
1349.0, 0.006977308437542634
1350.0, 0.004761003085672957
1351.0, 0.0037261827274475763
1352.0, 0.0036911017896722196
1353.0, 0.0038292789386622037
1354.0, 0.004708372721993093
1355.0, 0.006006154273588372
1356.0, 0.00653297313988296
1357.0, 0.006485299927951958
1358.0, 0.006238578786832206
1359.0, 0.005595068575896746
1360.0, 0.00486821846482163
1361.0, 0.003938886298822176
1362.0, 0.005107945546150735
1363.0, 0.005376260665844586
1364.0, 0.005457723404499664
1365.0, 0.003585606312977512
1366.0, 0.0049952732722554315
1367.0, 0.002545236972297826
1368.0, 0.002937473317699783
1369.0, 0.004148355680693585
1370.0, 0.005077603722616594
1371.0, 0.005386021287922535
1372.0, 0.004432250994156507
1373.0, 0.006195539518221656
1374.0, 0.007150216547527465
1375.0, 0.004414954161044214
1376.0, 0.003846294232451394
1377.0, 0.005556897484949247
1378.0, 0.004458024466192068
1379.0, 0.00458785726509042
1380.0, 0.0032940738043437754
1381.0, 0.00456889235329833
1382.0, 0.0034078283363406826
1383.0, 0.006066645511323114
1384.0, 0.005419363522697774
1385.0, 0.005715798848403088
1386.0, 0.004131029476635886
1387.0, 0.00418741542150838
1388.0, 0.004395615625264882
1389.0, 0.005229482536206027
1390.0, 0.005620745253474166
1391.0, 0.004265700719586186
1392.0, 0.004767194092657356
1393.0, 0.005824080855733712
1394.0, 0.005116224313224121
1395.0, 0.004681614188108384
1396.0, 0.003961848856830527
1397.0, 0.0030358154215559463
1398.0, 0.005862996517819004
1399.0, 0.005796599864309497
1400.0, 0.003131215948542263
1401.0, 0.0028395115994114383
1402.0, 0.004275580300256833
1403.0, 0.005493285857556382
1404.0, 0.006799956522121525
1405.0, 0.002441743561129362
1406.0, 0.005371862078672711
1407.0, 0.007668287969466852
1408.0, 0.004887385571143756
1409.0, 0.0060200788412205905
1410.0, 0.005455007061242119
1411.0, 0.0038058781726506173
1412.0, 0.004556869939628289
1413.0, 0.0053505629640971915
1414.0, 0.005313246545267024
1415.0, 0.005761389101842845
1416.0, 0.005315982461218387
1417.0, 0.0037291477184735952
1418.0, 0.0042187140369732284
1419.0, 0.0057253258150239995
1420.0, 0.003956642987930718
1421.0, 0.004682816036201439
1422.0, 0.006232201226220046
1423.0, 0.0068500403319487185
1424.0, 0.006674421233963302
1425.0, 0.004972598679594328
1426.0, 0.006188590948536618
1427.0, 0.004273661002265827
1428.0, 0.0042191909330061795
1429.0, 0.0066085868831517215
1430.0, 0.0051369905985142
1431.0, 0.006019551874199517
1432.0, 0.00697987003593152
1433.0, 0.007651926194831671
1434.0, 0.00706566499317071
1435.0, 0.005742208130873062
1436.0, 0.005418189822313635
1437.0, 0.005259219106196924
1438.0, 0.004832615512653094
1439.0, 0.005206743953943744
1440.0, 0.005744353997192037
1441.0, 0.005616213612425666
1442.0, 0.003840809332906424
1443.0, 0.003902143845875443
1444.0, 0.003963212571514379
1445.0, 0.00271365709569001
1446.0, 0.0036684070147556054
1447.0, 0.005532069325965259
1448.0, 0.004919992648560514
1449.0, 0.007421657015606868
1450.0, 0.005497917421141322
1451.0, 0.00427921079109991
1452.0, 0.001369865474607511
1453.0, 0.003523660437657011
1454.0, 0.0034388285222148457
1455.0, 0.0033257451434641904
1456.0, 0.003295405156816401
1457.0, 0.0026299378360689334
1458.0, 0.002575817917933148
1459.0, 0.002180594942086393
1460.0, 0.0024578667277309423
1461.0, 0.0042339879929580194
1462.0, 0.005472853931439263
1463.0, 0.005674057266711695
1464.0, 0.004967833940664532
1465.0, 0.005632865853081765
1466.0, 0.005482866210073007
1467.0, 0.004107691660052348
1468.0, 0.004931440613872479
1469.0, 0.0029103713636590865
1470.0, 0.004579578033381724
1471.0, 0.0047507913961354585
1472.0, 0.004712034652302667
1473.0, 0.004762204046045975
1474.0, 0.0025597836208191265
1475.0, 0.0034191967386549386
1476.0, 0.005484116051212249
1477.0, 0.005637871668977593
1478.0, 0.0038312663166971466
1479.0, 0.005437392860715927
1480.0, 0.0047488766873572605
1481.0, 0.005446025114546342
1482.0, 0.006108632045184232
1483.0, 0.003940661856405838
1484.0, 0.0018435374611358287
1485.0, 0.0020431877843018263
1486.0, 0.0033123906597840634
1487.0, 0.0039498531026050275
1488.0, 0.004125479403565982
1489.0, 0.004892411985382105
1490.0, 0.004970674680519236
1491.0, 0.0038275494180634514
1492.0, 0.0034643151407480017
1493.0, 0.003035895710737928
1494.0, 0.0038979159500087132
1495.0, 0.0009533467591468421
1496.0, 0.004615740132328614
1497.0, 0.0027431319877096573
1498.0, 0.004203912273282308
1499.0, 0.004330953234789144
1500.0, 0.001415581732192821
1501.0, 0.001960382536870364
1502.0, 0.0023275482321973057
1503.0, 0.001209536622341158
1504.0, 0.0008523626943461807
1505.0, 0.0022217498975005143
1506.0, 0.0014939648819899385
1507.0, 0.002972296531776618
1508.0, 0.001394779185706184
1509.0, 0.0022953165305091747
1510.0, 0.0037566609212424675
1511.0, 0.003118849764524126
1512.0, 0.0015908742992251986
1513.0, 0.0010407856941026068
1514.0, 0.0029160050422321754
1515.0, 0.0033052434250721695
1516.0, 0.002080959778775602
1517.0, 0.0035849762923516903
1518.0, 0.00383992354457649
1519.0, 0.003221432242184128
1520.0, 0.001626811303020283
1521.0, 0.001948675346341152
1522.0, 0.004168864688548525
1523.0, 0.004182232234382217
1524.0, 0.0048130938834110406
1525.0, 0.002756230905245293
1526.0, 0.004180641586747026
1527.0, 0.0031179594650073187
1528.0, 0.0019352137936937898
1529.0, 0.00330196364397031
1530.0, 0.0027250598669418457
1531.0, 0.003766739240010889
1532.0, 0.0032966147298696792
1533.0, 0.0012579003031443683
1534.0, 0.002620595807442956
1535.0, 0.0011855197433815775
1536.0, 0.0007542593679172759
1537.0, 0.0038982955267583995
1538.0, 0.005770681556695305
1539.0, 0.006120769522160884
1540.0, 0.005639917386521132
1541.0, 0.005043210553672842
1542.0, 0.005160825663447097
1543.0, 0.00429954761825186
1544.0, 0.002593682718010734
1545.0, 0.0029131967507482924
1546.0, 0.0029570322577306333
1547.0, 0.0016273499470619063
1548.0, 0.0018131216097963092
1549.0, 0.0020154570050746313
1550.0, 0.0016612147233613635
1551.0, 0.0018995033462543838
1552.0, 0.003135673826973257
1553.0, 0.0030459273707279266
1554.0, 0.003239339285017841
1555.0, 0.002414897241569246
1556.0, 0.004180339265003209
1557.0, 0.0032644410373546973
1558.0, 0.004899789100815896
1559.0, 0.0033383658789545097
1560.0, 0.000564009670739561
1561.0, 0.000329340022816487
1562.0, 0.0025720781227940963
1563.0, 0.0024147956794596196
1564.0, 0.004924814509960236
1565.0, 0.0003913205879186852
1566.0, 0.0021767388647549527
1567.0, 0.0015691269805776225
1568.0, 0.0019224405223849704
1569.0, 0.0003839654096184096
1570.0, 0.0011603097763698102
1571.0, 0.0006323818646533713
1572.0, 0.001444991207272014
1573.0, 0.0014488508478170006
1574.0, 0.00040801997872777225
1575.0, 0.00035161156091663523
1576.0, 0.00016874614956880436
1577, 0.0
1578, 0.0
1579, 0.0
1580, 0.0
1581, 0.0
1582, 0.0
1583, 0.0
1584, 0.0
1585, 0.0
1586, 0.0
1587, 0.0
1588, 0.0
1589, 0.0
1590, 0.0
1591, 0.0
1592, 0.0
1593, 0.0
1594, 0.0
1595, 0.0
1596, 0.0
1597, 0.0
1598, 0.0
1599, 0.0
