30, 0.0
31, 0.0
32, 0.0
33, 0.0
34, 0.0
35, 0.0
36, 0.0
37, 0.0
38, 0.0
39, 0.0
40, 0.0
41, 0.0
42, 0.0
43, 0.0
44, 0.0
45, 0.0
46, 0.0
47, 0.0
48, 0.0
49, 0.0
50, 0.0
51, 0.0
52, 0.0
53, 0.0
54, 0.0
55, 0.0
56, 0.0
57, 0.0
58, 0.0
59, 0.0
60, 0.0
61, 0.0
62, 0.0
63, 0.0
64, 0.0
65, 0.0
66, 0.0
67, 0.0
68, 0.0
69, 0.0
70, 0.0
71, 0.0
72, 0.0
73, 0.0
74, 0.0
75, 0.0
76, 0.0
77, 0.0
78, 0.0
79, 0.0
80, 0.0
81, 0.0
82, 0.0
83, 0.0
84, 0.0
85, 0.0
86, 0.0
87, 0.0
88, 0.0
89, 0.0
90, 0.0
91, 0.0
92, 0.0
93, 0.0
94, 0.0
95, 0.0
96, 0.0
97, 0.0
98, 0.0
99, 0.0
100, 0.0
101, 0.0
102, 0.0
103, 0.0
104, 0.0
105, 0.0
106, 0.0
107, 0.0
108, 0.0
109, 0.0
110, 0.0
111, 0.0
112, 0.0
113, 0.0
114, 0.0
115, 0.0
116, 0.0
117, 0.0
118, 0.0
119, 0.0
120, 0.0
121, 0.0
122, 0.0
123, 0.0
124, 0.0
125, 0.0
126, 0.0
127, 0.0
128, 0.0
129, 0.0
130, 0.0
131, 0.0
132, 0.0
133, 0.0
134, 0.0
135, 0.0
136, 0.0
137, 0.0
138, 0.0
139, 0.0
140, 0.0
141, 0.0
142, 0.0
143, 0.0
144, 0.0
145, 0.0
146, 0.0
147, 0.0
148, 0.0
149, 0.0
150, 0.0
151, 0.0
152, 0.0
153, 0.0
154, 0.0
155, 0.0
156, 0.0
157, 0.0
158, 0.0
159, 0.0
160, 0.0
161, 0.0
162, 0.0
163, 0.0
164, 0.0
165, 0.0
166, 0.0
167, 0.0
168.0, 0.001186664141747631
169.0, 0.0006869081024841435
170.0, 0.005679048791468759
171.0, 0.01531752520753767
172.0, 0.011795838697664358
173.0, 0.013007112274013875
174.0, 0.012313606074380642
175.0, 0.01060210569425028
176.0, 0.016497652727744717
177.0, 0.027302692620113297
178.0, 0.04695940436544539
179.0, 0.06740313001803945
180.0, 0.078188868899159
181.0, 0.07552194010121276
182.0, 0.08985495457289841
183.0, 0.11488604030174152
184.0, 0.13999447019736333
185.0, 0.16274818898281854
186.0, 0.18630777254127198
187.0, 0.22737772528581404
188.0, 0.29104239808871235
189.0, 0.36760275659572345
190.0, 0.43875080555287227
191.0, 0.5195806649698069
192.0, 0.6478741392049496
193.0, 0.8394248441976656
194.0, 0.9979376578093632
195.0, 0.8249156352380667
196.0, 0.50920102457721
197.0, 0.2526737393553805
198.0, 0.13614676233655684
199.0, 0.08066319739458765
200.0, 0.05518161949180812
201.0, 0.045384063553284545
202.0, 0.0406190920257746
203.0, 0.03565380886110087
204.0, 0.028281441086727616
205.0, 0.029035718088716255
206.0, 0.039313373210880666
207.0, 0.032568990318138175
208.0, 0.02487242377500662
209.0, 0.0259062356791063
210.0, 0.03297891284372351
211.0, 0.03361942678376475
212.0, 0.029746938180084167
213.0, 0.028039831774183246
214.0, 0.029823427941288422
215.0, 0.031145338483543495
216.0, 0.022822983063749237
217.0, 0.024459311867322683
218.0, 0.03210450460320055
219.0, 0.03590621482643463
220.0, 0.029878369889877694
221.0, 0.01972392234025473
222.0, 0.020258837125249604
223.0, 0.028486028454122438
224.0, 0.032971410590967615
225.0, 0.0344251243797958
226.0, 0.03231111514938397
227.0, 0.03385582822514168
228.0, 0.03870378163038803
229.0, 0.0315373559448527
230.0, 0.02260301978584796
231.0, 0.020403603041281148
232.0, 0.02177604698939983
233.0, 0.017991659320628135
234.0, 0.01784456532500144
235.0, 0.016599108082250413
236.0, 0.013687692414875042
237.0, 0.010174971158161735
238.0, 0.008386128840183416
239.0, 0.02159955925642245
240.0, 0.020459945623064683
241.0, 0.00562294569321582
242.0, 0.007834968630386699
243.0, 0.003487599751908955
244.0, 0.00845587497289736
245.0, 0.008935422543767273
246.0, 0.0026853902530450426
247.0, 0.009067919693751099
248.0, 0.013156265496781781
249.0, 0.011548164369524813
250.0, 0.00860955258898161
251.0, 0.0050786140013181595
252.0, 0.0023641390427253835
253.0, 0.003943272219894876
254.0, 0.010412239418351754
255.0, 0.004197615240751856
256.0, 0.0052643638444870204
257.0, 0.0058544428040544555
258.0, 0.012119128960066672
259.0, 0.01655557193129278
260.0, 0.004076658817802475
261.0, 0.005224697412821419
262.0, 0.0011158241475063024
263.0, 0.004850580191543147
264.0, 0.0027469993840613825
265.0, 0.003147307359164752
266.0, 0.008797549725397102
267.0, 0.008428033577898777
268.0, 0.002707396496597976
269.0, 0.0030975389899529087
270.0, 0.007381861423527735
271.0, 0.002149062731847804
272.0, 0.0035792364909029268
273.0, 0.01278558409787319
274.0, 0.0011881587372765405
275.0, 0.007544031864738626
276.0, 0.010632839610473422
277.0, 0.010000010568453205
278.0, 0.015656917493036847
279.0, 0.007341976767761681
280.0, 0.010695395761803951
281.0, 0.02133862813524035
282.0, 0.028746735311593483
283.0, 0.030350606003012703
284.0, 0.033158347401059864
285.0, 0.03825221389892644
286.0, 0.046324712930624456
287.0, 0.05712768807461929
288.0, 0.0663046727491868
289.0, 0.07108200842562891
290.0, 0.07391757460720048
291.0, 0.06978027619016386
292.0, 0.05113095850506713
293.0, 0.03878831687975481
294.0, 0.03137097660089283
295.0, 0.023692626003577945
296.0, 0.015867520307289787
297.0, 0.014096736727866491
298.0, 0.010718941815523247
299.0, 0.009001663882518099
300.0, 0.007976423276650872
301.0, 0.005345234575607255
302.0, 0.006303911396462332
303.0, 0.0017793582178310648
304.0, 0.0009209616718138092
305.0, 0.004287689171973872
306.0, 0.01496848190403561
307.0, 0.01326792642358581
308.0, 0.005724051502105698
309.0, 0.0064716711099585275
310.0, 0.012176843521465705
311.0, 0.003919541937995292
312.0, 0.00588995427575388
313.0, 0.004894268163279374
314.0, 0.008345004490933972
315.0, 0.0043753501301328265
316.0, 0.0019522542807963157
317.0, 0.0054865919375247174
318.0, 0.009459581550769385
319.0, 0.005987105691147627
320.0, 0.008312010090863457
321.0, 0.0055174311316986795
322.0, 0.0009855309338298057
323.0, 0.0018104393977478102
324.0, 0.006459055680574242
325.0, 0.008168360754453733
326.0, 0.005473004456499471
327.0, 0.0018311722095684302
328.0, 0.001939922474945564
329.0, 0.007923818005357474
330.0, 0.01223010879852897
331.0, 0.00977571907889402
332.0, 0.012804608392568325
333.0, 0.01910542053633897
334.0, 0.01604127788278338
335.0, 0.018726138366292864
336.0, 0.014244843697699378
337.0, 0.009704575172695372
338.0, 0.011332778943703927
339.0, 0.013237081873051317
340.0, 0.010273907975640584
341.0, 0.007580055357235508
342.0, 0.010227630675846235
343.0, 0.019312947330492127
344.0, 0.027267745918247016
345.0, 0.03027377130331651
346.0, 0.03404940784663564
347.0, 0.03801098534122194
348.0, 0.04125975415168281
349.0, 0.054917212102815784
350.0, 0.06225087569940078
351.0, 0.07717304138689081
352.0, 0.09452051105595105
353.0, 0.10131505064449617
354.0, 0.12381407164176177
355.0, 0.15001599452890046
356.0, 0.17961387089569456
357.0, 0.20680017456393263
358.0, 0.22099125321300717
359.0, 0.2592040565923352
360.0, 0.2904061295028357
361.0, 0.30938297375690893
362.0, 0.3146197368273932
363.0, 0.29243629937876275
364.0, 0.2252263090317282
365.0, 0.15871041393419877
366.0, 0.10975438005138494
367.0, 0.07913622292738334
368.0, 0.07222977848906569
369.0, 0.061165453402877025
370.0, 0.05065107977012545
371.0, 0.038377818185845534
372.0, 0.02250255024862639
373.0, 0.039072614670187786
374.0, 0.03928368629536782
375.0, 0.031044049240413915
376.0, 0.025321531587158455
377.0, 0.02515226478647579
378.0, 0.028861239696761114
379.0, 0.045315969943164905
380.0, 0.040057961997704804
381.0, 0.024378918952333732
382.0, 0.035559491686994175
383.0, 0.03177291002520527
384.0, 0.02611711040033981
385.0, 0.018513982467209134
386.0, 0.01608668251281884
387.0, 0.026225096944500304
388.0, 0.007071150104831202
389.0, 0.009447879164516563
390.0, 0.011216091462652256
391.0, 0.0031895879916706902
392.0, 0.010593239529733012
393.0, 0.002681749247900109
394.0, 0.0018568533846497664
395.0, 0.0045634321370752766
396.0, 0.002401581846409148
397.0, 0.0039193004599354375
398.0, 0.004734138711628232
399.0, 0.008110743900132085
400.0, 0.005565699458225967
401.0, 0.0032317002117779395
402.0, 0.011295787314152912
403.0, 0.005798971692336073
404.0, 0.0032627662179122454
405.0, 0.0034046353196842093
406.0, 0.002872586871505524
407.0, 0.001992861292453815
408.0, 0.0021567870157660624
409.0, 0.005506391779292649
410.0, 0.01475519568687766
411.0, 0.01640519782837635
412.0, 0.021115670568341315
413.0, 0.015721605745811204
414.0, 0.015656508621308563
415.0, 0.016736117857760354
416.0, 0.011722826238817614
417.0, 0.007559724894067063
418.0, 0.005661747736368859
419.0, 0.010177466467162366
420.0, 0.01575417073946693
421.0, 0.018697861868945332
422.0, 0.02356693939331248
423.0, 0.030019590109562823
424.0, 0.03726641080910436
425.0, 0.042169812133938604
426.0, 0.044762989768969204
427.0, 0.05340803252908467
428.0, 0.05483369112611353
429.0, 0.0639383195913701
430.0, 0.0775351279331225
431.0, 0.08363645468227142
432.0, 0.07847472895963616
433.0, 0.08379346888434935
434.0, 0.0850420711312641
435.0, 0.06950171533939639
436.0, 0.04428056372545708
437.0, 0.03582264911930081
438.0, 0.03613027737365848
439.0, 0.028210480115335355
440.0, 0.020722762459858938
441.0, 0.02180461102374203
442.0, 0.02467927994692936
443.0, 0.018833478435367756
444.0, 0.022321489081689863
445.0, 0.029289386023556494
446.0, 0.03029410446496561
447.0, 0.026206076736454198
448.0, 0.028490834360665393
449.0, 0.02805834887502566
450.0, 0.033092639776871914
451.0, 0.04267522128120189
452.0, 0.043426792295719475
453.0, 0.042492866968747524
454.0, 0.04076908958916092
455.0, 0.0395302728941879
456.0, 0.03530243854204549
457.0, 0.02679945754109135
458.0, 0.03152310904012932
459.0, 0.03345642757147274
460.0, 0.03409014546136175
461.0, 0.03178793658150219
462.0, 0.025665662274235015
463.0, 0.03467911205955333
464.0, 0.045086424137580725
465.0, 0.05207746669212062
466.0, 0.05688954419167765
467.0, 0.06125459712164789
468.0, 0.05351494886331355
469.0, 0.048968931169587185
470.0, 0.037629766875812064
471.0, 0.029513404411831794
472.0, 0.03266975778997188
473.0, 0.024232125008666856
474.0, 0.012567567735630388
475.0, 0.014619957211672087
476.0, 0.018171836235654566
477.0, 0.014093942887668376
478.0, 0.01543007056904403
479.0, 0.007301733659504204
480.0, 0.00989850082651994
481.0, 0.008412298342935878
482.0, 0.001100692862598838
483.0, 0.005848701188751847
484.0, 0.0018005283835400027
485.0, 0.004352546245212409
486.0, 0.010606719802873536
487.0, 0.006523363921299779
488.0, 0.0020059543887208132
489.0, 0.001039403993326722
490.0, 0.0016831627355768414
491.0, 2.0388143731405123e-05
492.0, 0.008918229378803318
493.0, 0.020466317113701046
494.0, 0.014846061922828217
495.0, 0.006525839540244453
496.0, 0.011488860546895864
497.0, 0.01478890412428221
498.0, 0.006472602764714199
499.0, 0.006225502771181947
500.0, 0.01726513235553153
501.0, 0.018896633266145272
502.0, 0.015756878346384066
503.0, 0.01663100596432894
504.0, 0.02264183946103707
505.0, 0.021587168951195144
506.0, 0.02098461298644175
507.0, 0.017108469065108104
508.0, 0.010762931469974762
509.0, 0.009474901720740241
510.0, 0.016459634905173798
511.0, 0.018156204215500654
512.0, 0.01723601160919634
513.0, 0.018222957816981588
514.0, 0.021329429180681255
515.0, 0.022547980478440078
516.0, 0.011848319814327641
517.0, 0.010755129503237315
518.0, 0.016604983152870827
519.0, 0.02034259108570222
520.0, 0.017521358872436575
521.0, 0.010528771410324652
522.0, 0.019149908535710723
523.0, 0.018931275679770855
524.0, 0.010767841623344399
525.0, 0.013768779131097364
526.0, 0.008934131393556002
527.0, 0.0026344956209454927
528.0, 0.011745704961495015
529.0, 0.01652607054581267
530.0, 0.0070320764649788895
531.0, 0.008263168151073367
532.0, 0.011183303323400005
533.0, 0.011634055240424896
534.0, 0.010939985275499975
535.0, 0.0151515374117037
536.0, 0.02628884234983042
537.0, 0.013844631095280557
538.0, 0.005377272137169651
539.0, 0.0029450411468962385
540.0, 0.00477154841923633
541.0, 0.008825377161662613
542.0, 0.008836476698009193
543.0, 0.013731357945640829
544.0, 0.004464161208490473
545.0, 0.0023645071938779494
546.0, 0.01178626067821853
547.0, 0.009611930624694108
548.0, 0.009631462114585355
549.0, 0.01789633023302025
550.0, 0.0192481766608094
551.0, 0.011119571528447387
552.0, 0.003925384067232476
553.0, 0.004449011318782398
554.0, 0.011950462806305956
555.0, 0.014439109005789392
556.0, 0.009444878519917918
557.0, 0.0011178860892196005
558.0, 0.00994665843588495
559.0, 0.006812505503478209
560.0, 0.0017247957949383169
561.0, 0.0008668999345450727
562.0, 0.004014402629967747
563.0, 0.01001310853952195
564.0, 0.010612853141846628
565.0, 0.014385022776226282
566.0, 0.013134655341745481
567.0, 0.00641800402961319
568.0, 0.000549639359678504
569.0, 0.00035862315666214287
570.0, 0.0006683215122625977
571.0, 0.0020527853379794874
572.0, 0.0030865006654572074
573.0, 0.0019199378795858504
574.0, 0.0009285140089706683
575.0, 0.001919212945591828
576.0, 0.009389508014558226
577.0, 0.010737776617101798
578.0, 0.007915440535168263
579.0, 0.007950999228479045
580.0, 0.009565804297603344
581.0, 0.0019062075184553852
582.0, 0.005847381475783186
583.0, 0.015168409206320212
584.0, 0.013167482963178946
585.0, 0.008188096335392176
586.0, 0.021808155993598668
587.0, 0.004960726644681923
588.0, 0.0063158387422427974
589.0, 0.005864533301321742
590.0, 0.0011226986492965138
591.0, 0.0019410726682250314
592.0, 0.0015744932966592388
593.0, 0.007364269116897793
594.0, 0.008802622524749948
595.0, 0.02338475473262548
596.0, 0.017196279969722374
597.0, 0.006312119368597248
598.0, 0.01731698574079276
599.0, 0.0016033368725159724
600.0, 0.006372774726200942
601.0, 0.022763635875807705
602.0, 0.02463582962716207
603.0, 0.008235225836237302
604.0, 0.010195647508227011
605.0, 0.012316796337148923
606.0, 0.01947819608193409
607.0, 0.020400142604758482
608.0, 0.007622806411346256
609.0, 0.005949599834318202
610.0, 0.01542260590560136
611.0, 0.00365052474452705
612.0, 0.003924304205172671
613.0, 0.0026621695230479806
614.0, 0.012308392661455319
615.0, 0.022737201925162685
616.0, 0.01383395168769363
617.0, 0.011191545421295997
618.0, 0.011412137812677749
619.0, 0.01338272361049691
620.0, 0.023110454845601845
621.0, 0.009495880717411666
622.0, 0.010829902679950099
623.0, 0.019048991552295794
624.0, 0.019535868288874905
625.0, 0.015909663707018084
626.0, 0.024258786078241966
627.0, 0.01917792042297757
628.0, 0.013292024401200413
629.0, 0.015361157531456483
630.0, 0.01595763857555259
631.0, 0.0142079494085052
632.0, 0.028074406735622406
633.0, 0.028188435485213544
634.0, 0.028681189817083768
635.0, 0.02248306266221221
636.0, 0.017894054841121318
637.0, 0.02530838368345901
638.0, 0.03117287443542556
639.0, 0.03131267896443367
640.0, 0.033442976536049204
641.0, 0.035383190845282214
642.0, 0.03298300942713667
643.0, 0.02805210841101915
644.0, 0.030835780245178513
645.0, 0.03732215466636501
646.0, 0.041951343885325044
647.0, 0.04109420042115173
648.0, 0.03845750734671585
649.0, 0.04125070114421476
650.0, 0.04879353153634395
651.0, 0.046813394677044616
652.0, 0.047629212781993856
653.0, 0.06877365679074497
654.0, 0.08275068192272868
655.0, 0.0617494294963082
656.0, 0.08137627574426619
657.0, 0.09500009906716948
658.0, 0.09281954429489933
659.0, 0.10551271024841512
660.0, 0.13821638069065903
661.0, 0.1644112035763826
662.0, 0.18174984362107185
663.0, 0.2029083358240058
664.0, 0.22648948726546952
665.0, 0.27059864106685094
666.0, 0.32124315841451045
667.0, 0.35243986934712057
668.0, 0.40758440709479427
669.0, 0.46808062985211657
670.0, 0.5248416312106873
671.0, 0.5844624889490496
672.0, 0.6476606181979847
673.0, 0.6959329615201919
674.0, 0.703480757639429
675.0, 0.7206466780709582
676.0, 0.7093932403319051
677.0, 0.6596257065754454
678.0, 0.5862458904846605
679.0, 0.5058367515121495
680.0, 0.4241384190434865
681.0, 0.3469465281243168
682.0, 0.29164088416828543
683.0, 0.23555351816321737
684.0, 0.18323818808710246
685.0, 0.15526995474070096
686.0, 0.1356222062193004
687.0, 0.11295358307606701
688.0, 0.09398034728747337
689.0, 0.07954698866007028
690.0, 0.06893713448232673
691.0, 0.06231063882637357
692.0, 0.058864276334018105
693.0, 0.04610623141149864
694.0, 0.04148674066837128
695.0, 0.051505597003424254
696.0, 0.054083217600540065
697.0, 0.03974250187593265
698.0, 0.03736727721702594
699.0, 0.021381012818076164
700.0, 0.02342663806895513
701.0, 0.027407162952136674
702.0, 0.024623824179331236
703.0, 0.019697263796559
704.0, 0.014109420751880803
705.0, 0.015344180950754144
706.0, 0.019720761948666225
707.0, 0.015153564781369453
708.0, 0.011079399556623504
709.0, 0.012279349507178098
710.0, 0.01227465307162896
711.0, 0.014770826423710562
712.0, 0.005967025224756172
713.0, 0.001539499448325671
714.0, 0.00276036514480894
715.0, 0.006377718665767426
716.0, 0.009572313159341643
717.0, 0.00795647124123009
718.0, 0.006110821471969659
719.0, 0.0054602522526139
720.0, 0.01020080851801705
721.0, 0.010644462274410835
722.0, 0.0038738615636681917
723.0, 0.005567656992533942
724.0, 0.001605217867715942
725.0, 0.004876382417285859
726.0, 0.014645056412853099
727.0, 0.011699371606828435
728.0, 0.0016698035925670047
729.0, 0.002824929748364018
730.0, 0.012497156108448352
731.0, 0.010200235938336374
732.0, 0.010392243605806954
733.0, 0.01053705514638534
734.0, 0.008277477204420888
735.0, 0.005288708805453367
736.0, 0.0008405062622678814
737.0, 0.005210046176366968
738.0, 0.0012621284583131873
739.0, 0.007058968085454968
740.0, 0.01415973227045783
741.0, 0.011644020316493699
742.0, 0.015258377986264693
743.0, 0.009263144542644795
744.0, 0.0010373034264939904
745.0, 0.004201677249696769
746.0, 0.0013026142581905415
747.0, 0.004996261158641164
748.0, 0.002863060741626061
749.0, 0.009016094546980854
750.0, 0.006666632856921415
751.0, 0.003117651428706734
752.0, 0.0034357924637844314
753.0, 0.01265741243735396
754.0, 0.012653679978528577
755.0, 0.00855555827300443
756.0, 0.007284769856715367
757.0, 0.002947190171742118
758.0, 0.010526081704066468
759.0, 0.0017386616263646137
760.0, 0.009556700838821975
761.0, 0.0033652677286480047
762.0, 0.0018695096623762455
763.0, 0.016928938573188026
764.0, 0.010708634340182476
765.0, 0.00953188613867691
766.0, 0.008433212095246036
767.0, 0.0003388812295698173
768.0, 0.006122008194296965
769.0, 0.013116938945915833
770.0, 0.019792856070821943
771.0, 0.0156552105930136
772.0, 0.013873547780639888
773.0, 0.008584953163689815
774.0, 0.0034593006711327364
775.0, 0.012250956586554819
776.0, 0.01948451127196963
777.0, 0.01723169602954501
778.0, 0.019415695682250024
779.0, 0.020586620088440827
780.0, 0.019137833915491096
781.0, 0.02476729118308264
782.0, 0.030999556045516664
783.0, 0.036246999426857135
784.0, 0.03898956259209539
785.0, 0.04662992919356138
786.0, 0.048596956228130185
787.0, 0.04482879934775731
788.0, 0.051777500493490926
789.0, 0.04098868285909574
790.0, 0.03523516472071598
791.0, 0.04462021515100151
792.0, 0.04076245520243668
793.0, 0.024067733832489006
794.0, 0.02104244573980244
795.0, 0.030697573818714435
796.0, 0.028375237301946122
797.0, 0.028043996301875974
798.0, 0.03807610993536446
799.0, 0.028574852822336686
800.0, 0.008250875914506312
801.0, 0.009343019045781964
802.0, 0.016542025456435336
803.0, 0.007407591538020331
804.0, 0.015767536679695493
805.0, 0.01891883141745454
806.0, 0.019226421526453045
807.0, 0.019021453087351266
808.0, 0.011173974086701363
809.0, 0.007647559988458878
810.0, 0.027763204881189794
811.0, 0.024582495522163194
812.0, 0.012188831607013919
813.0, 0.01097548003558672
814.0, 0.014318759374889911
815.0, 0.007573629332056655
816.0, 0.006271970631265762
817.0, 0.009150094800671011
818.0, 0.001768586749461232
819.0, 0.007514728270027777
820.0, 0.020109906268800704
821.0, 0.01950138261385663
822.0, 0.008031353993261025
823.0, 0.003041053787198465
824.0, 0.004276373945416403
825.0, 0.0015322984461366635
826.0, 0.013990137136941107
827.0, 0.01129484195295678
828.0, 0.0036314984372456172
829.0, 0.010590576656183107
830.0, 0.0035511494037052697
831.0, 0.017037793028588835
832.0, 0.007004711345331486
833.0, 0.0019381676908464453
834.0, 0.015307145776885848
835.0, 0.019967141930807897
836.0, 0.0025750536743032607
837.0, 0.0012994231485246143
838.0, 0.007274541992427326
839.0, 0.005394318928620631
840.0, 0.013190657074631998
841.0, 0.021060737207580296
842.0, 0.020855574272561624
843.0, 0.01754726922655454
844.0, 0.005032380986006098
845.0, 0.010400507726383418
846.0, 0.008790553811503194
847.0, 0.012206257194086169
848.0, 0.010133406186551749
849.0, 0.0033001706464830674
850.0, 0.007597115267633357
851.0, 0.007740848004277019
852.0, 0.003011175822827057
853.0, 0.0024276181754177856
854.0, 0.00722811407633575
855.0, 0.006292570697638553
856.0, 0.0071779587811297025
857.0, 0.009986808063106534
858.0, 0.0014300818757449012
859.0, 0.008862469267390712
860.0, 0.014724473512106854
861.0, 0.016538076374300135
862.0, 0.022322997061194762
863.0, 0.014862235258289502
864.0, 0.0021072841990741474
865.0, 0.017028358841030582
866.0, 0.011595337943167222
867.0, 0.005083232149840471
868.0, 0.00773114229032427
869.0, 0.008760637478242512
870.0, 0.01321387977341067
871.0, 0.010769769191338556
872.0, 0.007983516785001869
873.0, 0.017019631335119547
874.0, 0.0037928935988512293
875.0, 0.019436106818898815
876.0, 0.026273450906326053
877.0, 0.015699522766019755
878.0, 0.009974166300272709
879.0, 0.010530771557684384
880.0, 0.001750729024638611
881.0, 0.018705703351311234
882.0, 0.011638864597579601
883.0, 0.005459214049542709
884.0, 0.01510311472957255
885.0, 0.02392671414755955
886.0, 0.024335291370295012
887.0, 0.029495288286539936
888.0, 0.010140013102965358
889.0, 0.01603476755280673
890.0, 0.017795257832860997
891.0, 0.013276487870194531
892.0, 0.009178314225802665
893.0, 0.006199331542153376
894.0, 0.007066144119560895
895.0, 0.02106901182832255
896.0, 0.020599846772388974
897.0, 0.00970517726674031
898.0, 0.01604680958759879
899.0, 0.022841163304861054
900.0, 0.02297147198856261
901.0, 0.022591764969618493
902.0, 0.02197406223733499
903.0, 0.024759268125593703
904.0, 0.026381273872826662
905.0, 0.01314162176865301
906.0, 0.010064191770860388
907.0, 0.004728370086823794
908.0, 0.005920764708918755
909.0, 0.018179502381194562
910.0, 0.004700028305094817
911.0, 0.01762903595387256
912.0, 0.028608424213423165
913.0, 0.013463157800610148
914.0, 0.012229541118709103
915.0, 0.012004866498172359
916.0, 0.003560912713938678
917.0, 0.010788516093581285
918.0, 0.021301268069933526
919.0, 0.015109466296544784
920.0, 0.02208073654130133
921.0, 0.02040557796414772
922.0, 0.011399789283797729
923.0, 0.012252212765135256
924.0, 0.01759851386998817
925.0, 0.00871882658144776
926.0, 0.005915169162844754
927.0, 0.00689476333440146
928.0, 0.008142746852783902
929.0, 0.005793866571340005
930.0, 0.010548286223109462
931.0, 0.013667456260746095
932.0, 0.003012401736192257
933.0, 0.004013999184905649
934.0, 0.008762435997771375
935.0, 0.011573367070326678
936.0, 0.010908927209663424
937.0, 0.004701504966856478
938.0, 0.00415285432345914
939.0, 0.014038792402705391
940.0, 0.02629860807836494
941.0, 0.023186167059618432
942.0, 0.002254320454328495
943.0, 0.015583778392279415
944.0, 0.016518015557494648
945.0, 0.017186651502049313
946.0, 0.02352046811004173
947.0, 0.017620388093197877
948.0, 0.00887094396573844
949.0, 0.024328582743625888
950.0, 0.011469698312950952
951.0, 0.00980169035282475
952.0, 0.01715019651049061
953.0, 0.02062132027120625
954.0, 0.011960576829207557
955.0, 0.004769403050447621
956.0, 0.006783222867623634
957.0, 0.006087377762069638
958.0, 0.008556002707416483
959.0, 0.00841925115844149
960.0, 0.016860823054911742
961.0, 0.0026899478668270475
962.0, 0.002663893144525987
963.0, 0.008464328075276566
964.0, 0.009321971734064238
965.0, 0.006187834842406771
966.0, 0.019623045288688083
967.0, 0.021639553870956313
968.0, 0.016187708403552502
969.0, 0.0037668810433370468
970.0, 0.0030702952939833444
971.0, 0.012256130379412653
972.0, 0.015368720901104556
973.0, 0.008632888282063916
974.0, 0.0010807614653663934
975.0, 0.013879824002681354
976.0, 0.0023903980704408283
977.0, 0.01538780558021127
978.0, 0.011448366685328485
979.0, 0.0014486603027599034
980.0, 0.002458919482273487
981.0, 0.011053820863327691
982.0, 0.008822119107975937
983.0, 0.0013001196113046696
984.0, 0.002313978298879388
985.0, 0.009603718314581275
986.0, 0.006191976037446449
987.0, 0.01299546847186719
988.0, 0.017044246049848572
989.0, 0.015586629486598245
990.0, 0.02640615953255843
991.0, 0.002340260157172546
992.0, 0.005604687577004041
993.0, 0.004953468045987794
994.0, 0.006478934472821301
995.0, 0.00929897608446921
996.0, 0.009872647933222038
997.0, 0.005352731956518969
998.0, 0.0035338709170199445
999.0, 0.013753519748521124
1000.0, 0.005004748678172272
1001.0, 0.0020520061453360634
1002.0, 0.0023366818246792404
1003.0, 0.0013587553337015997
1004.0, 0.0076100980544987614
1005.0, 0.009474719572186752
1006.0, 0.010305750496861795
1007.0, 0.017649958910865675
1008.0, 0.02644000374228785
1009.0, 0.020363975398151605
1010.0, 0.017276129365574624
1011.0, 0.03315879523690487
1012.0, 0.029090399439538724
1013.0, 0.0348379017065536
1014.0, 0.04769812939375358
1015.0, 0.04497677153391607
1016.0, 0.041025745468213866
1017.0, 0.030149147981609295
1018.0, 0.04817178573008189
1019.0, 0.0315809993504974
1020.0, 0.02625312560714985
1021.0, 0.02186070336267934
1022.0, 0.024709734326917872
1023.0, 0.02922046280570977
1024.0, 0.0243887098286645
1025.0, 0.025412000995537434
1026.0, 0.01167435359874725
1027.0, 0.0009970849517001385
1028.0, 0.004343183773766223
1029.0, 0.006572967227590323
1030.0, 0.006527454999010526
1031.0, 0.00395012948307236
1032.0, 0.002338218217390374
1033.0, 0.0106583581247709
1034.0, 0.024442646933515687
1035.0, 0.013610388504950416
1036.0, 0.019386319065746574
1037.0, 0.016192871583900825
1038.0, 0.01661943313388932
1039.0, 0.021142270478920863
1040.0, 0.015255868118777346
1041.0, 0.016779738390942957
1042.0, 0.037934335842926575
1043.0, 0.049279824015680554
1044.0, 0.051770659877914287
1045.0, 0.03897309303152012
1046.0, 0.07007045142105806
1047.0, 0.0740730718525336
1048.0, 0.07611457042921667
1049.0, 0.07018824834569798
1050.0, 0.06757956023564944
1051.0, 0.08037123857369743
1052.0, 0.07148879729547747
1053.0, 0.049839139846684616
1054.0, 0.035211475415728305
1055.0, 0.045054357496533706
1056.0, 0.041014659665518205
1057.0, 0.01487627758944176
1058.0, 0.00626192284005602
1059.0, 0.008023491780046514
1060.0, 0.010425927873246286
1061.0, 0.026177697337776897
1062.0, 0.01521022474689176
1063.0, 0.004030671790060827
1064.0, 0.0009387866187820675
1065.0, 0.008272467204186607
1066.0, 0.0038149746023140255
1067.0, 0.007921136711044708
1068.0, 0.014339339042327282
1069.0, 0.009572846522485235
1070.0, 0.014253910630627854
1071.0, 0.01596988019595952
1072.0, 0.010258040989961085
1073.0, 0.0024482021783588034
1074.0, 0.011063727090710592
1075.0, 0.0042327652941066465
1076.0, 0.017820722574297253
1077.0, 0.02764651256891667
1078.0, 0.019657447556531822
1079.0, 0.009432578284240996
1080.0, 0.004831825824294975
1081.0, 0.015609507981220629
1082.0, 0.0009768305580683987
1083.0, 0.01460119033275019
1084.0, 0.008613973851750778
1085.0, 0.003604992088947407
1086.0, 0.0016778192295288923
1087.0, 0.015244375109887496
1088.0, 0.027698488627467828
1089.0, 0.014725752757055934
1090.0, 0.0028516015999573473
1091.0, 0.0045613917225593706
1092.0, 0.023972504594131295
1093.0, 0.022717021311846542
1094.0, 0.013963687841505956
1095.0, 0.02318794172537805
1096.0, 0.007020014019690998
1097.0, 0.003309259697570113
1098.0, 0.011829490443612296
1099.0, 0.02065801854680478
1100.0, 0.013109962773141911
1101.0, 0.005205099252672114
1102.0, 0.02290722693322909
1103.0, 0.01114639358203375
1104.0, 0.007961985674008295
1105.0, 0.02169039169679893
1106.0, 0.018437076829630347
1107.0, 0.011883380583726247
1108.0, 0.010636558274483891
1109.0, 0.007895436217295966
1110.0, 0.014172002927678742
1111.0, 0.011062740061584366
1112.0, 0.0018386057230165213
1113.0, 0.013840363769553962
1114.0, 0.00765954268859155
1115.0, 0.010094596218585702
1116.0, 0.010829611342019003
1117.0, 0.005894803446301768
1118.0, 0.015021322492385214
1119.0, 0.02649443966850356
1120.0, 0.010523819631149336
1121.0, 0.0014191730106292396
1122.0, 0.01721920157236349
1123.0, 0.03541540239523834
1124.0, 0.02523912146672111
1125.0, 0.03002861648853795
1126.0, 0.022481443702073386
1127.0, 0.00742585832462379
1128.0, 0.004044643108867841
1129.0, 0.01168018893169738
1130.0, 0.013703694074500866
1131.0, 0.00706058001652433
1132.0, 0.023736295513933057
1133.0, 0.011478476096187584
1134.0, 0.009168328391133719
1135.0, 0.0027276148856651555
1136.0, 0.01195509762393975
1137.0, 0.015744426273529618
1138.0, 0.013845817785033833
1139.0, 0.011571962056900895
1140.0, 0.008760069386677869
1141.0, 0.012927925514096718
1142.0, 0.013004918701564791
1143.0, 0.014178055705219949
1144.0, 0.013214914537563864
1145.0, 0.02095644156897142
1146.0, 0.026330468278584342
1147.0, 0.03108386766104168
1148.0, 0.026816327287009698
1149.0, 0.01673210529992563
1150.0, 0.019384056918913886
1151.0, 0.02748971988829559
1152.0, 0.01704975252518154
1153.0, 0.018202716932310996
1154.0, 0.023506614299695215
1155.0, 0.009402930379170671
1156.0, 0.0018911225132328016
1157.0, 0.018118920044120138
1158.0, 0.03317993905208346
1159.0, 0.01241675057496831
1160.0, 0.011644700286646218
1161.0, 0.022227351097402533
1162.0, 0.009792383550107846
1163.0, 0.014590651763572073
1164.0, 0.003574801461938189
1165.0, 0.02325861569199872
1166.0, 0.0015552332135030302
1167.0, 0.009623914276964112
1168.0, 0.014121969641420262
1169.0, 0.031695114751537634
1170.0, 0.02651864838031536
1171.0, 0.011933571433822548
1172.0, 0.012570699364090259
1173.0, 0.01468036926627004
1174.0, 0.022352790423534125
1175.0, 0.022253736438439843
1176.0, 0.0061184031456286946
1177.0, 0.0076315478062874914
1178.0, 0.00322018593748039
1179.0, 0.008507981146375302
1180.0, 0.011578542597110742
1181.0, 0.009593238615479283
1182.0, 0.0026137346931285957
1183.0, 0.0026159708303728326
1184.0, 0.007058006998561892
1185.0, 0.006971378687911601
1186.0, 0.00272031707899477
1187.0, 0.004059707408105696
1188.0, 0.023527008146706177
1189.0, 0.012236626758523413
1190.0, 0.011217640131861792
1191.0, 0.021084791849772612
1192.0, 0.017111170661826942
1193.0, 0.004786765273358657
1194.0, 0.011207336777024072
1195.0, 0.02036433504352371
1196.0, 0.0067680605262079255
1197.0, 0.0016883921143570292
1198.0, 0.00677740049557256
1199.0, 0.006151633833804013
1200.0, 0.017665429568206166
1201.0, 0.004663691718961789
1202.0, 0.0015661345418620015
1203.0, 0.00048023030433822086
1204.0, 0.008168763544468355
1205.0, 0.008680297748853044
1206.0, 0.0024367559480662788
1207.0, 0.0005901718427608235
1208.0, 0.005129510948038684
1209.0, 0.013173253288666385
1210.0, 0.011695856880314737
1211.0, 0.0060332046141534324
1212.0, 0.0024424007480797843
1213.0, 0.0005733028164195172
1214.0, 0.0064407826052235925
1215.0, 0.01569243525212749
1216.0, 0.014652105729195817
1217.0, 0.004636918746749505
1218.0, 0.004897292052918337
1219.0, 0.018895160077520214
1220.0, 0.017774788568828827
1221.0, 0.002508127634581372
1222.0, 0.013088604305484265
1223.0, 0.007535817027727262
1224.0, 0.011435135374641161
1225.0, 0.0029707621726925587
1226.0, 0.016879978253320622
1227.0, 0.00586368537299395
1228.0, 0.006933869526925054
1229.0, 0.008770908816537073
1230.0, 0.011851864040489912
1231.0, 0.018072199687023022
1232.0, 0.00915280691417024
1233.0, 0.0010054102378127387
1234.0, 0.008145864766954315
1235.0, 0.004707977589759356
1236.0, 0.01503688115491338
1237.0, 0.012326248788723291
1238.0, 0.018731033888194717
1239.0, 0.01646204294807909
1240.0, 0.00495906351151768
1241.0, 0.013243442900554066
1242.0, 0.013499911282461124
1243.0, 0.009733227665892852
1244.0, 0.020433642934052632
1245.0, 0.015133649725324983
1246.0, 0.0018820639709558962
1247.0, 0.011648678276950816
1248.0, 0.024739827484197407
1249.0, 0.020941760882153854
1250.0, 0.0009705068584195983
1251.0, 0.015421898438295044
1252.0, 0.010782013445918151
1253.0, 0.01610285306705019
1254.0, 0.019605469385999476
1255.0, 0.03194894647281367
1256.0, 0.023613691630183575
1257.0, 0.007173934084073583
1258.0, 0.009437065881333296
1259.0, 0.009504308413370185
1260.0, 0.005843406564531866
1261.0, 0.018768828475053668
1262.0, 0.0047349588122828825
1263.0, 0.0177705795367109
1264.0, 0.022332109400750113
1265.0, 0.01253209112745734
1266.0, 0.01599703714506131
1267.0, 0.012281386105119162
1268.0, 0.009149277363736353
1269.0, 0.010701067689633227
1270.0, 0.0021066347564352417
1271.0, 0.003879621725807752
1272.0, 0.013843407477339085
1273.0, 0.007760647410923171
1274.0, 0.008755900241747322
1275.0, 0.021837924372767693
1276.0, 0.026092987232420345
1277.0, 0.014495315328198387
1278.0, 0.016717921304595727
1279.0, 0.011230092553037694
1280.0, 0.023545250224761057
1281.0, 0.019402280454489464
1282.0, 0.017293440059842218
1283.0, 0.023259896322333596
1284.0, 0.01871638140886044
1285.0, 0.012378214723814927
1286.0, 0.012038697537648737
1287.0, 0.01064435596029974
1288.0, 0.011206990268892096
1289.0, 0.011570527914158251
1290.0, 0.02289550656417372
1291.0, 0.010693583038834803
1292.0, 0.0002807352363087356
1293.0, 0.0030074383769289853
1294, 0.0
1295, 0.0
1296, 0.0
1297, 0.0
1298, 0.0
1299, 0.0
1300, 0.0
1301, 0.0
1302, 0.0
1303, 0.0
1304, 0.0
1305, 0.0
1306, 0.0
1307, 0.0
1308, 0.0
1309, 0.0
1310, 0.0
1311, 0.0
1312, 0.0
1313, 0.0
1314, 0.0
1315, 0.0
1316, 0.0
1317, 0.0
1318, 0.0
1319, 0.0
1320, 0.0
1321, 0.0
1322, 0.0
1323, 0.0
1324, 0.0
1325, 0.0
1326, 0.0
1327, 0.0
1328, 0.0
1329, 0.0
1330, 0.0
1331, 0.0
1332, 0.0
1333, 0.0
1334, 0.0
1335, 0.0
1336, 0.0
1337, 0.0
1338, 0.0
1339, 0.0
1340, 0.0
1341, 0.0
1342, 0.0
1343, 0.0
1344, 0.0
1345, 0.0
1346, 0.0
1347, 0.0
1348, 0.0
1349, 0.0
1350, 0.0
1351, 0.0
1352, 0.0
1353, 0.0
1354, 0.0
1355, 0.0
1356, 0.0
1357, 0.0
1358, 0.0
1359, 0.0
1360, 0.0
1361, 0.0
1362, 0.0
1363, 0.0
1364, 0.0
1365, 0.0
1366, 0.0
1367, 0.0
1368, 0.0
1369, 0.0
1370, 0.0
1371, 0.0
1372, 0.0
1373, 0.0
1374, 0.0
1375, 0.0
1376, 0.0
1377, 0.0
1378, 0.0
1379, 0.0
1380, 0.0
1381, 0.0
1382, 0.0
1383, 0.0
1384, 0.0
1385, 0.0
1386, 0.0
1387, 0.0
1388, 0.0
1389, 0.0
1390, 0.0
1391, 0.0
1392, 0.0
1393, 0.0
1394, 0.0
1395, 0.0
1396, 0.0
1397, 0.0
1398, 0.0
1399, 0.0
1400, 0.0
1401, 0.0
1402, 0.0
1403, 0.0
1404, 0.0
1405, 0.0
1406, 0.0
1407, 0.0
1408, 0.0
1409, 0.0
1410, 0.0
1411, 0.0
1412, 0.0
1413, 0.0
1414, 0.0
1415, 0.0
1416, 0.0
1417, 0.0
1418, 0.0
1419, 0.0
1420, 0.0
1421, 0.0
1422, 0.0
1423, 0.0
1424, 0.0
1425, 0.0
1426, 0.0
1427, 0.0
1428, 0.0
1429, 0.0
1430, 0.0
1431, 0.0
1432, 0.0
1433, 0.0
1434, 0.0
1435, 0.0
1436, 0.0
1437, 0.0
1438, 0.0
1439, 0.0
1440, 0.0
1441, 0.0
1442, 0.0
1443, 0.0
1444, 0.0
1445, 0.0
1446, 0.0
1447, 0.0
1448, 0.0
1449, 0.0
1450, 0.0
1451, 0.0
1452, 0.0
1453, 0.0
1454, 0.0
1455, 0.0
1456, 0.0
1457, 0.0
1458, 0.0
1459, 0.0
1460, 0.0
1461, 0.0
1462, 0.0
1463, 0.0
1464, 0.0
1465, 0.0
1466, 0.0
1467, 0.0
1468, 0.0
1469, 0.0
1470, 0.0
1471, 0.0
1472, 0.0
1473, 0.0
1474, 0.0
1475, 0.0
1476, 0.0
1477, 0.0
1478, 0.0
1479, 0.0
1480, 0.0
1481, 0.0
1482, 0.0
1483, 0.0
1484, 0.0
1485, 0.0
1486, 0.0
1487, 0.0
1488, 0.0
1489, 0.0
1490, 0.0
1491, 0.0
1492, 0.0
1493, 0.0
1494, 0.0
1495, 0.0
1496, 0.0
1497, 0.0
1498, 0.0
1499, 0.0
1500, 0.0
1501, 0.0
1502, 0.0
1503, 0.0
1504, 0.0
1505, 0.0
1506, 0.0
1507, 0.0
1508, 0.0
1509, 0.0
1510, 0.0
1511, 0.0
1512, 0.0
1513, 0.0
1514, 0.0
1515, 0.0
1516, 0.0
1517, 0.0
1518, 0.0
1519, 0.0
1520, 0.0
1521, 0.0
1522, 0.0
1523, 0.0
1524, 0.0
1525, 0.0
1526, 0.0
1527, 0.0
1528, 0.0
1529, 0.0
1530, 0.0
1531, 0.0
1532, 0.0
1533, 0.0
1534, 0.0
1535, 0.0
1536, 0.0
1537, 0.0
1538, 0.0
1539, 0.0
1540, 0.0
1541, 0.0
1542, 0.0
1543, 0.0
1544, 0.0
1545, 0.0
1546, 0.0
1547, 0.0
1548, 0.0
1549, 0.0
1550, 0.0
1551, 0.0
1552, 0.0
1553, 0.0
1554, 0.0
1555, 0.0
1556, 0.0
1557, 0.0
1558, 0.0
1559, 0.0
1560, 0.0
1561, 0.0
1562, 0.0
1563, 0.0
1564, 0.0
1565, 0.0
1566, 0.0
1567, 0.0
1568, 0.0
1569, 0.0
1570, 0.0
1571, 0.0
1572, 0.0
1573, 0.0
1574, 0.0
1575, 0.0
1576, 0.0
1577, 0.0
1578, 0.0
1579, 0.0
1580, 0.0
1581, 0.0
1582, 0.0
1583, 0.0
1584, 0.0
1585, 0.0
1586, 0.0
1587, 0.0
1588, 0.0
1589, 0.0
1590, 0.0
1591, 0.0
1592, 0.0
1593, 0.0
1594, 0.0
1595, 0.0
1596, 0.0
1597, 0.0
1598, 0.0
1599, 0.0
