30, 0.0
31, 0.0
32, 0.0
33, 0.0
34, 0.0
35, 0.0
36, 0.0
37, 0.0
38, 0.0
39, 0.0
40, 0.0
41, 0.0
42, 0.0
43, 0.0
44, 0.0
45, 0.0
46, 0.0
47, 0.0
48, 0.0
49, 0.0
50, 0.0
51, 0.0
52, 0.0
53, 0.0
54, 0.0
55, 0.0
56, 0.0
57, 0.0
58, 0.0
59, 0.0
60, 0.0
61, 0.0
62, 0.0
63, 0.0
64, 0.0
65, 0.0
66, 0.0
67, 0.0
68, 0.0
69, 0.0
70, 0.0
71, 0.0
72, 0.0
73, 0.0
74, 0.0
75, 0.0
76, 0.0
77, 0.0
78, 0.0
79, 0.0
80, 0.0
81, 0.0
82, 0.0
83, 0.0
84, 0.0
85, 0.0
86, 0.0
87, 0.0
88, 0.0
89, 0.0
90, 0.0
91, 0.0
92, 0.0
93, 0.0
94, 0.0
95, 0.0
96, 0.0
97, 0.0
98, 0.0
99, 0.0
100, 0.0
101, 0.0
102, 0.0
103, 0.0
104, 0.0
105, 0.0
106, 0.0
107, 0.0
108, 0.0
109, 0.0
110, 0.0
111, 0.0
112, 0.0
113, 0.0
114, 0.0
115.0, 0.0024503558925141073
116.0, 0.017234373092107243
117.0, 0.012365933738599686
118.0, 0.017448040531944348
119.0, 0.018325687282098747
120.0, 0.003048518713368485
121.0, 0.0007600642137739994
122.0, 0.021252812723133903
123.0, 0.032282070611254175
124.0, 0.013333927291229666
125.0, 0.034060701365929646
126.0, 0.04137817344449242
127.0, 0.03372125698043622
128.0, 0.036745049711835995
129.0, 0.03578836928348894
130.0, 0.039152625559236556
131.0, 0.033810632349052995
132.0, 0.01897474460652286
133.0, 0.007376108998643251
134.0, 0.01923359302769518
135.0, 0.024263156836951946
136.0, 0.011759068272765977
137.0, 0.011540524111446043
138.0, 0.010233745105125713
139.0, 0.014713241448431736
140.0, 0.009498178959101367
141.0, 0.018866226181236106
142.0, 0.024266883399953844
143.0, 0.03293334630361624
144.0, 0.027001173335055258
145.0, 0.006441488979786221
146.0, 0.014621200769814055
147.0, 0.03263579153403995
148.0, 0.034952119647167455
149.0, 0.030137948366715163
150.0, 0.041171806243960746
151.0, 0.02304408026709352
152.0, 0.02823887825025662
153.0, 0.05068284668421964
154.0, 0.05412294698147872
155.0, 0.034705398346151876
156.0, 0.032141381931018155
157.0, 0.0365514394626145
158.0, 0.025163514864897613
159.0, 0.005744869365495765
160.0, 0.009121769456878847
161.0, 0.012966406504096337
162.0, 0.015554045796883466
163.0, 0.04137504825356861
164.0, 0.023147831566679038
165.0, 0.028130624343619164
166.0, 0.040379035912550945
167.0, 0.018908351154657544
168.0, 0.023817460367925584
169.0, 0.043986962807129444
170.0, 0.05343313333149388
171.0, 0.03889239539325807
172.0, 0.007127907482368153
173.0, 0.0275655359343566
174.0, 0.033800626398022476
175.0, 0.0053987862276766605
176.0, 0.0073855358194838605
177.0, 0.00575883854295737
178.0, 0.011521226064451693
179.0, 0.01596701487374166
180.0, 0.0035409328933043126
181.0, 0.0071439192104885765
182.0, 0.017837067915189086
183.0, 0.009255527673105083
184.0, 0.01579121607751517
185.0, 0.006091413989513528
186.0, 0.020025809225391555
187.0, 0.020524257671417898
188.0, 0.012695451418632651
189.0, 0.01676676519443923
190.0, 0.0021221091969604693
191.0, 0.011036644705741082
192.0, 0.03555281685731808
193.0, 0.020090897432594863
194.0, 0.010221766850286317
195.0, 0.026869765037764233
196.0, 0.04220483264320972
197.0, 0.02787506366660678
198.0, 0.01989670835851152
199.0, 0.027186914940232107
200.0, 0.035943738923145736
201.0, 0.04455245782191979
202.0, 0.059306935905987984
203.0, 0.055231856906493494
204.0, 0.03753920198270371
205.0, 0.03231449162260328
206.0, 0.0513807298142257
207.0, 0.06804394789266091
208.0, 0.05645579539116837
209.0, 0.039738825043537374
210.0, 0.037562611418042166
211.0, 0.04928640367468537
212.0, 0.04461850254334073
213.0, 0.04881771428438608
214.0, 0.06237119134056077
215.0, 0.07410001589660299
216.0, 0.09084562269658213
217.0, 0.09981407312194195
218.0, 0.09063496311034538
219.0, 0.0859236859386838
220.0, 0.11711542825717129
221.0, 0.11634114769896031
222.0, 0.10638217663093105
223.0, 0.11033794521862637
224.0, 0.1273082243942205
225.0, 0.11705757867650789
226.0, 0.1056547524053337
227.0, 0.09724983564649715
228.0, 0.09691717477357542
229.0, 0.12011506614987819
230.0, 0.10243570202584652
231.0, 0.09679504040289176
232.0, 0.10924881818877642
233.0, 0.11749741288485872
234.0, 0.09347507377201447
235.0, 0.09459128149753943
236.0, 0.10130010627308873
237.0, 0.08938763013808328
238.0, 0.07102479006918282
239.0, 0.06923799413838341
240.0, 0.08402220171258477
241.0, 0.09705064634295255
242.0, 0.0968109381829564
243.0, 0.10621209241154414
244.0, 0.09908158297115739
245.0, 0.08112842240623629
246.0, 0.05937955023028287
247.0, 0.041085334957288645
248.0, 0.08742466867383632
249.0, 0.09055223471416357
250.0, 0.06815034647293723
251.0, 0.06917509552178636
252.0, 0.06824184390794219
253.0, 0.05321220999743501
254.0, 0.049969450566177034
255.0, 0.05859678371455767
256.0, 0.05790919025944676
257.0, 0.06240468462158016
258.0, 0.04624665792254941
259.0, 0.0431468589839598
260.0, 0.06178317856850644
261.0, 0.05176063161165234
262.0, 0.041994234633771374
263.0, 0.041209263587962175
264.0, 0.041164109276385606
265.0, 0.03491112662952259
266.0, 0.03372919632105425
267.0, 0.03189794957950703
268.0, 0.037471024098107465
269.0, 0.04347603102866203
270.0, 0.02979701159256475
271.0, 0.032292265068046624
272.0, 0.028686368968706667
273.0, 0.01788276109914963
274.0, 0.010093382564255014
275.0, 0.024571439154105926
276.0, 0.031129176233111806
277.0, 0.025501903482906416
278.0, 0.008076708546356713
279.0, 0.014532356879543335
280.0, 0.009583360701806215
281.0, 0.020199434088781158
282.0, 0.02719710146803575
283.0, 0.011646578600454895
284.0, 0.020824256146151993
285.0, 0.0027239387575631073
286.0, 0.0057884793970254065
287.0, 0.002496664742284852
288.0, 0.0020030759707544005
289.0, 0.01150495897399781
290.0, 0.023962130775688362
291.0, 0.025684938611642085
292.0, 0.023345429451589173
293.0, 0.028131678028952882
294.0, 0.03395918860679425
295.0, 0.04237209030891145
296.0, 0.029298759151605156
297.0, 0.0042412400243815665
298.0, 0.010521229628498366
299.0, 0.021244847821817823
300.0, 0.025477665223061826
301.0, 0.03458384594364886
302.0, 0.05040683519822492
303.0, 0.03576632095335274
304.0, 0.03102040123602191
305.0, 0.033027542156571055
306.0, 0.03978950129389757
307.0, 0.054161350409597395
308.0, 0.06965889272346325
309.0, 0.04938427725162349
310.0, 0.03463370813682311
311.0, 0.04244693621343536
312.0, 0.05451359675046563
313.0, 0.06396270482077983
314.0, 0.052548156869697986
315.0, 0.039684740838141865
316.0, 0.02882872304457345
317.0, 0.01367361438283323
318.0, 0.028894584913424903
319.0, 0.032391994182340705
320.0, 0.033131867068914245
321.0, 0.03164333493979306
322.0, 0.0041092855726852714
323.0, 0.010201173751207574
324.0, 0.01537322389571296
325.0, 0.016696464832854637
326.0, 0.017811995125368157
327.0, 0.009931984298837016
328.0, 0.0013633429511395712
329.0, 0.01177779391870366
330.0, 0.009476489771180388
331.0, 0.003951881761045826
332.0, 0.0029101743329523486
333.0, 0.02798595273026004
334.0, 0.04349945004907741
335.0, 0.036395353153107074
336.0, 0.02704413332948709
337.0, 0.021035462264244874
338.0, 0.02387481053344822
339.0, 0.01720270595049172
340.0, 0.03815409395435751
341.0, 0.022052042003056015
342.0, 0.0069254831728482735
343.0, 0.018127515616784017
344.0, 0.017734858763334634
345.0, 0.009515651413144026
346.0, 0.010012195337270631
347.0, 0.007723666417278431
348.0, 0.016705736819131775
349.0, 0.010688415145685368
350.0, 0.023809899312780016
351.0, 0.02249087091058793
352.0, 0.006519817926943779
353.0, 0.013587698477879936
354.0, 0.023832377099882437
355.0, 0.019583868584200453
356.0, 0.01127113313196661
357.0, 0.023138929733950313
358.0, 0.014871399251480517
359.0, 0.014706101202055672
360.0, 0.03152326170856323
361.0, 0.015318441460347068
362.0, 0.011396540589579772
363.0, 0.013648327471625608
364.0, 0.01774153896058602
365.0, 0.01959479117711543
366.0, 0.013228175116193487
367.0, 0.007119803344948799
368.0, 0.01999087696932164
369.0, 0.021418659867035353
370.0, 0.007575364707242813
371.0, 0.013242600569400593
372.0, 0.005542930976415327
373.0, 0.00011499569562124315
374.0, 0.013766074180131952
375.0, 0.029320421378844407
376.0, 0.009406278513538074
377.0, 0.00853100031276924
378.0, 0.00917000087835895
379.0, 0.017338297564971086
380.0, 0.025669360703138976
381.0, 0.001132470311186813
382.0, 0.005605449527120234
383.0, 0.018741948210110222
384.0, 0.013421766815445237
385.0, 0.005404310370892612
386.0, 0.0025109154069486122
387.0, 0.0009631545858719824
388.0, 0.012611060684739564
389.0, 0.02833598456096757
390.0, 0.028191049317595744
391.0, 0.0023459209738349116
392.0, 0.017385467555748962
393.0, 0.006074191990900469
394.0, 0.004373561387234077
395.0, 0.002491790424391568
396.0, 0.002930075572239597
397.0, 0.0011148115831902555
398.0, 0.008955295367851949
399.0, 0.008744547674012549
400.0, 0.004066373207106827
401.0, 0.0073172764296939
402.0, 0.016296308034712437
403.0, 0.0075458257957284475
404.0, 0.005364398485744229
405.0, 0.013227605493500069
406.0, 0.009446998157247793
407.0, 0.017434803434496535
408.0, 0.009540325800332039
409.0, 0.022185250534703785
410.0, 0.017966005156839285
411.0, 0.010927196178826214
412.0, 0.016478046168027293
413.0, 0.013060940116123534
414.0, 0.02100070126414855
415.0, 0.015074047964930278
416.0, 0.0048168834820145985
417.0, 0.0075496353233259145
418.0, 0.01639060410837216
419.0, 0.012575813544630436
420.0, 0.012045684505467669
421.0, 0.005303342704065336
422.0, 0.01328503679224298
423.0, 0.018565414308405897
424.0, 0.013295932359821806
425.0, 0.006991181900870569
426.0, 0.00873346033657232
427.0, 0.016162721311396868
428.0, 0.015842219532433883
429.0, 0.026332193314766033
430.0, 0.03107774757981451
431.0, 0.017312721698318653
432.0, 0.005585909031600594
433.0, 0.014584431339923216
434.0, 0.03570985687343299
435.0, 0.0418635709153941
436.0, 0.03159217049296149
437.0, 0.017818902357829177
438.0, 0.043379281636386935
439.0, 0.033142377934549425
440.0, 0.02392989399246881
441.0, 0.030188518412971446
442.0, 0.039146730324827385
443.0, 0.04175404999896351
444.0, 0.06010259326991094
445.0, 0.04801592622589943
446.0, 0.04527999669540938
447.0, 0.04290225361826307
448.0, 0.06094243598850687
449.0, 0.06348236167386914
450.0, 0.07621091380118987
451.0, 0.0758379503398848
452.0, 0.06476898269415098
453.0, 0.08156438977980336
454.0, 0.08859543886668851
455.0, 0.07426232572431585
456.0, 0.09029319739197367
457.0, 0.0940631611044029
458.0, 0.09098642495882837
459.0, 0.09992562428823977
460.0, 0.07995112500659438
461.0, 0.10602183212026522
462.0, 0.08782474914197487
463.0, 0.09461833891176144
464.0, 0.10257515409317754
465.0, 0.10343093660730468
466.0, 0.1093767518260302
467.0, 0.10892383466838418
468.0, 0.11496988834348489
469.0, 0.10629363722360549
470.0, 0.1123501574850186
471.0, 0.11579779488575741
472.0, 0.09898156637611018
473.0, 0.1168387207360348
474.0, 0.09959710882550457
475.0, 0.09476069157330043
476.0, 0.0933307501237883
477.0, 0.10652163520934185
478.0, 0.10813313363455067
479.0, 0.09930746049269294
480.0, 0.10050658908323337
481.0, 0.09542641904761391
482.0, 0.10617327277049479
483.0, 0.09974437605636535
484.0, 0.11159694887927359
485.0, 0.10917871687250753
486.0, 0.0924972166129463
487.0, 0.0992253475999381
488.0, 0.10662554337870596
489.0, 0.1030488047508801
490.0, 0.0876559159435932
491.0, 0.08607430018989999
492.0, 0.08766425348184068
493.0, 0.09492853808781022
494.0, 0.08820275396392636
495.0, 0.06251120653094273
496.0, 0.07051133077453459
497.0, 0.053987257057818296
498.0, 0.04801939132632031
499.0, 0.04957346161509402
500.0, 0.039264825696050325
501.0, 0.04224618625882128
502.0, 0.02808681246935788
503.0, 0.035270421275268166
504.0, 0.025395047830998548
505.0, 0.008232617684627162
506.0, 0.015059330053992851
507.0, 0.02152694193900593
508.0, 0.01090135068992984
509.0, 0.024407478468686846
510.0, 0.027243209966273746
511.0, 0.03617265373514692
512.0, 0.022819745744184647
513.0, 0.006621759282689845
514.0, 0.0007846321609117136
515.0, 0.010605099727316238
516.0, 0.001050349252863818
517.0, 0.018422216087823302
518.0, 0.01812635835266574
519.0, 0.0015534683112504862
520.0, 0.001222231146644803
521.0, 0.008821036729684628
522.0, 0.011066423708495171
523.0, 0.027852428512620347
524.0, 0.03140982235818443
525.0, 0.0027073851259584955
526.0, 0.018899723345893495
527.0, 0.01526203485615319
528.0, 0.003963823481199526
529.0, 0.00244554553106481
530.0, 0.014059598802524751
531.0, 0.009961343093232787
532.0, 0.0055576127233048665
533.0, 0.013260020209664282
534.0, 0.009456882168858056
535.0, 0.003849212442690506
536.0, 0.005031057412253306
537.0, 0.019304163551996437
538.0, 0.005772910742305724
539.0, 0.009855578111117154
540.0, 0.011867245390889104
541.0, 0.009568138734054224
542.0, 0.0012101200530967504
543.0, 0.004262392281295068
544.0, 0.009085686246576803
545.0, 0.016170136163445887
546.0, 0.009204651353441114
547.0, 0.008415759500532501
548.0, 0.02827131599759797
549.0, 0.019130913516865057
550.0, 0.005941783107831242
551.0, 0.020343895691259894
552.0, 0.03575669771006407
553.0, 0.02495417840890307
554.0, 0.004708585669730777
555.0, 0.02137294064819209
556.0, 0.026149174805742074
557.0, 0.028028695981305116
558.0, 0.026500681273929422
559.0, 0.026723801033263453
560.0, 0.031879946898893834
561.0, 0.014163719461847982
562.0, 0.037141837504531705
563.0, 0.02686419808864971
564.0, 0.0156269462594351
565.0, 0.032736398531078494
566.0, 0.04001161535524932
567.0, 0.02446591121961447
568.0, 0.0008068588990161572
569.0, 0.011414893290905866
570.0, 0.0220077351264065
571.0, 0.02573793611617311
572.0, 0.05068831881789604
573.0, 0.0417494962247318
574.0, 0.030375514929961475
575.0, 0.035314450958105925
576.0, 0.04826522561718617
577.0, 0.05137340945061715
578.0, 0.037355199330003766
579.0, 0.03514296658420797
580.0, 0.047866300226641637
581.0, 0.03894506359684299
582.0, 0.04052790923088198
583.0, 0.05320713239179922
584.0, 0.04092603498498454
585.0, 0.04851240125827382
586.0, 0.05420938619920175
587.0, 0.04588004606505435
588.0, 0.045282593665265894
589.0, 0.05167832724217091
590.0, 0.04755437828917579
591.0, 0.05084949538537872
592.0, 0.05131273626318279
593.0, 0.05168965671175397
594.0, 0.0609155342925692
595.0, 0.06437618482342741
596.0, 0.05364227003288291
597.0, 0.057536811546238936
598.0, 0.054843651633172244
599.0, 0.050496347294055714
600.0, 0.04711473853088373
601.0, 0.05032931801147528
602.0, 0.060719719585686796
603.0, 0.062492930788377844
604.0, 0.055421522772753015
605.0, 0.05154956235120282
606.0, 0.0695989475444351
607.0, 0.08302040619265645
608.0, 0.07033581520373781
609.0, 0.06451148776825405
610.0, 0.04779061030328875
611.0, 0.05382473585123563
612.0, 0.06276572639132923
613.0, 0.05800274307640709
614.0, 0.05184533350785939
615.0, 0.0660664611393178
616.0, 0.07851068858209659
617.0, 0.07711834839961508
618.0, 0.07227299364875202
619.0, 0.05503413215188214
620.0, 0.03796346460553096
621.0, 0.051093408502374225
622.0, 0.06826996552269428
623.0, 0.07421535274628967
624.0, 0.040736419018947916
625.0, 0.033720823430220995
626.0, 0.04308466046447876
627.0, 0.026751794425104402
628.0, 0.0350855858500572
629.0, 0.041716534316431735
630.0, 0.04439641326036863
631.0, 0.041259628317918046
632.0, 0.04028872199552504
633.0, 0.04685590229765614
634.0, 0.04891125122762875
635.0, 0.0371097412462618
636.0, 0.03002386873059603
637.0, 0.026346990609096343
638.0, 0.025138054049764717
639.0, 0.021154985633312518
640.0, 0.014203722437469198
641.0, 0.03662497535092635
642.0, 0.03921195616080612
643.0, 0.03879511430285551
644.0, 0.03259241189015227
645.0, 0.021487628177811403
646.0, 0.012221787519058143
647.0, 0.0005214431077663178
648.0, 0.020155450695161482
649.0, 0.04041939761919102
650.0, 0.03530473961527747
651.0, 0.018556252140215307
652.0, 0.006853234598785685
653.0, 0.001120603728898819
654.0, 0.009847490356606998
655.0, 0.0055946754193477366
656.0, 0.006684186488571167
657.0, 0.010659164069994214
658.0, 0.012927983345075146
659.0, 0.02542125396023638
660.0, 0.048710297560296496
661.0, 0.018762393727986937
662.0, 0.013000173546550652
663.0, 0.013304089563899694
664.0, 0.01849367077370126
665.0, 0.026473399554874717
666.0, 0.016918762915774894
667.0, 0.015594578949007384
668.0, 0.009165541103236256
669.0, 0.006947070370826885
670.0, 0.007122340742744521
671.0, 0.0036589593295852712
672.0, 0.007338386937444889
673.0, 0.00860886868086579
674.0, 0.027925064349639477
675.0, 0.008838565081307353
676.0, 0.0064653997631190984
677.0, 0.017602512773623884
678.0, 0.02025599503823047
679.0, 0.01009077085059877
680.0, 0.005920895814917528
681.0, 0.0218480729323198
682.0, 0.013169775921178547
683.0, 0.020152777901890847
684.0, 0.015203849416962848
685.0, 0.007322352706090775
686.0, 0.01482658486119388
687.0, 0.011783545179083569
688.0, 0.02251200732155849
689.0, 0.011328789968599299
690.0, 0.03228321027524385
691.0, 0.028917309383336313
692.0, 0.011220795546259703
693.0, 0.020518013333597172
694.0, 0.02284550850272012
695.0, 0.028055257287529098
696.0, 0.015555349359367124
697.0, 0.0058313051731506355
698.0, 0.009653720971200493
699.0, 0.021937703092435836
700.0, 0.01595124515589194
701.0, 0.01523755574484514
702.0, 0.016354103288713836
703.0, 0.012983764809170477
704.0, 0.005332781042227271
705.0, 0.004111150852214692
706.0, 0.003949012508354105
707.0, 0.018076808197770817
708.0, 0.01760576691881784
709.0, 0.010538252086239512
710.0, 0.03341056416839023
711.0, 0.007846671837403863
712.0, 0.012559125450296579
713.0, 0.006514163491615413
714.0, 0.0005003664006708968
715.0, 0.006579666823471223
716.0, 0.013125842982639207
717.0, 0.02186618102239829
718.0, 0.005815866867670365
719.0, 0.022600265264713832
720.0, 0.009188217491322023
721.0, 0.003425002671515021
722.0, 0.01128754787650701
723.0, 0.015222560820273966
724.0, 0.018410915281688346
725.0, 0.006707915079210034
726.0, 0.010633762142461875
727.0, 0.030568545817789925
728.0, 0.010619193510953149
729.0, 0.0030565952325136633
730.0, 0.009370260643609378
731.0, 0.009799460367721863
732.0, 0.02297139407803719
733.0, 0.03350392295593191
734.0, 0.01876983929554737
735.0, 0.003450988069700898
736.0, 0.020023358977021146
737.0, 0.023642814450624095
738.0, 0.02626328355089236
739.0, 0.01062341265981951
740.0, 0.007140175212422453
741.0, 0.022050633580284494
742.0, 0.023748305707038106
743.0, 0.02065053788630146
744.0, 0.04415519547621321
745.0, 0.03591815295564922
746.0, 0.01641109021190573
747.0, 0.0026260322341175335
748.0, 0.003925813421728001
749.0, 0.01697617227247476
750.0, 0.02240833103516341
751.0, 0.010676960252448891
752.0, 0.01690894159943539
753.0, 0.03332873351574839
754.0, 0.027184450398702924
755.0, 0.013222396123237567
756.0, 0.021372902223107247
757.0, 0.03828910222928138
758.0, 0.03885031014626396
759.0, 0.02050823568936308
760.0, 0.022036792754732852
761.0, 0.017853274212344183
762.0, 0.02483887531070822
763.0, 0.03751109790139888
764.0, 0.017095624895158115
765.0, 0.01608758755286567
766.0, 0.008413837002763793
767.0, 0.0023673460680398205
768.0, 0.008040558704775384
769.0, 0.018578154160966812
770.0, 0.026304859685278917
771.0, 0.02734406767638375
772.0, 0.020331746624431095
773.0, 0.016109039650361177
774.0, 0.013897693831351494
775.0, 0.03325277534344382
776.0, 0.026037816233222558
777.0, 0.013374873397605529
778.0, 0.010308687259278778
779.0, 0.00460233238609893
780.0, 0.010059799212583452
781.0, 0.004004124559231756
782.0, 0.007569399053371285
783.0, 0.01756476479514087
784.0, 0.008925777306916521
785.0, 0.005060910832010492
786.0, 0.003389427063430341
787.0, 0.011561685216409797
788.0, 0.0016594461385603446
789.0, 0.023208042645966345
790.0, 0.017054022676019437
791.0, 0.011167520060977022
792.0, 0.010256374744053104
793.0, 0.02799056428246971
794.0, 0.015746770378216278
795.0, 0.01585659060519241
796.0, 0.023419729100989897
797.0, 0.018491959237054316
798.0, 0.02629529403187789
799.0, 0.01795570141683895
800.0, 0.029868529793487746
801.0, 0.02496623350162918
802.0, 0.01759452629727165
803.0, 0.022493839109193208
804.0, 0.01714798298281205
805.0, 0.011853174450853076
806.0, 0.016861922850204984
807.0, 0.03941160184691235
808.0, 0.03315445524602017
809.0, 0.011767438365430706
810.0, 0.017798236475182565
811.0, 0.027993506182093165
812.0, 0.020176238779054913
813.0, 0.0077918486371198565
814.0, 0.008467981863422947
815.0, 0.02723340503055368
816.0, 0.032779288380336224
817.0, 0.022720029318439763
818.0, 0.01245309384040786
819.0, 0.023549093627022784
820.0, 0.0053194287011880705
821.0, 0.010192516243380877
822.0, 0.014205279636004844
823.0, 0.017572013935492292
824.0, 0.014394922094350325
825.0, 0.010342355863532738
826.0, 0.011863649247497682
827.0, 0.008835122291435004
828.0, 0.015627142019024133
829.0, 0.040611545870428575
830.0, 0.020875511938889153
831.0, 0.01385272867735785
832.0, 0.0180955272865401
833.0, 0.02526348963802813
834.0, 0.035969079528594544
835.0, 0.024198420842820784
836.0, 0.0048683034064836645
837.0, 0.03910971664993537
838.0, 0.03281153742640428
839.0, 0.017728596078670042
840.0, 0.0033019643702633353
841.0, 0.0016712551724873338
842.0, 0.015069684578714597
843.0, 0.02470142430350154
844.0, 0.03294708145941286
845.0, 0.019841941377532944
846.0, 0.022846789850741803
847.0, 0.03332035390026307
848.0, 0.03452427948508152
849.0, 0.022890163057506564
850.0, 0.02015638515350841
851.0, 0.022669902490539767
852.0, 0.006816151726420135
853.0, 0.015238662389734802
854.0, 0.01641653787531948
855.0, 0.014540278963957943
856.0, 0.0268089027279403
857.0, 0.038116338632111404
858.0, 0.03928419467482068
859.0, 0.03017354633253388
860.0, 0.015113463215191867
861.0, 0.015909074335070963
862.0, 0.023020874860022026
863.0, 0.015144105505901673
864.0, 0.009644693442565877
865.0, 0.02400958290929466
866.0, 0.02797330024016287
867.0, 0.0200074701328429
868.0, 0.020128931947037597
869.0, 0.015818781387161023
870.0, 0.026369971241490757
871.0, 0.023017924098695738
872.0, 0.016954780017997106
873.0, 0.019275182290162785
874.0, 0.014454232811308938
875.0, 0.02473436863886726
876.0, 0.017528691104150347
877.0, 0.03102068981393725
878.0, 0.02983380431336273
879.0, 0.013627358894756584
880.0, 0.02051515213132914
881.0, 0.02450027129818361
882.0, 0.025649572570371874
883.0, 0.01401398419578357
884.0, 0.01548820666663691
885.0, 0.0344518619250488
886.0, 0.03191355457207838
887.0, 0.006645031674926553
888.0, 0.01160355938706643
889.0, 0.006184081732653646
890.0, 0.012095031000227987
891.0, 0.043940932257814626
892.0, 0.012939676112808402
893.0, 0.013885698986425507
894.0, 0.002694464404375191
895.0, 0.012822783684777895
896.0, 0.028410664277847362
897.0, 0.006147991096225305
898.0, 0.009019590831339592
899.0, 0.009345639436013327
900.0, 0.009056417600777748
901.0, 0.017036494658185106
902.0, 0.028227014306295834
903.0, 0.02644376383582215
904.0, 0.017963649524572096
905.0, 0.026154499233615125
906.0, 0.030805744670074606
907.0, 0.02862924668404687
908.0, 0.031768913115674986
909.0, 0.014755695952177822
910.0, 0.012313156232825018
911.0, 0.009829163184519357
912.0, 0.028198705888701246
913.0, 0.010031870673835142
914.0, 0.007251554399668625
915.0, 0.006462912644062588
916.0, 0.013213776226661521
917.0, 0.013601525767713618
918.0, 0.019406041858357516
919.0, 0.014613143777180496
920.0, 0.0006891364466688182
921.0, 0.017176236120727148
922.0, 0.02145651330547476
923.0, 0.007501174557860358
924.0, 0.0016102248546472177
925.0, 0.0037775080987810447
926.0, 0.01847605690553132
927.0, 0.009846990035901258
928.0, 0.008379223478456528
929.0, 0.013061907904305708
930.0, 0.01775064170739806
931.0, 0.01885688291455578
932.0, 0.017421614377203375
933.0, 0.028169963666262534
934.0, 0.022548356927095593
935.0, 0.01911147636351694
936.0, 0.014636338105844766
937.0, 0.014167735177638753
938.0, 0.0028370259222264835
939.0, 0.011077078024393207
940.0, 0.020490021871298527
941.0, 0.014763691324954923
942.0, 0.013182857164842242
943.0, 0.012202131986999164
944.0, 0.010541828241045194
945.0, 0.008225729398578793
946.0, 0.029961968675248876
947.0, 0.017681794321419836
948.0, 0.016907472926907148
949.0, 0.017563032533171027
950.0, 0.005149434783891354
951.0, 0.014259725781688217
952.0, 0.03089679499091676
953.0, 0.012320447617664237
954.0, 0.030193318082631967
955.0, 0.013968470870774694
956.0, 0.010617741795077653
957.0, 0.007919912185876878
958.0, 0.019283012497906166
959.0, 0.01989299937811982
960.0, 0.028538789369280296
961.0, 0.02463673156029189
962.0, 0.011410544532997538
963.0, 0.027146528994394972
964.0, 0.029818283960983273
965.0, 0.015365405376926083
966.0, 0.02028442844869415
967.0, 0.02136560555192054
968.0, 0.015083711766415273
969.0, 0.02228795635328203
970.0, 0.025387389879105018
971.0, 0.04356835528067438
972.0, 0.04425607108016973
973.0, 0.030717849837805112
974.0, 0.03953749794698071
975.0, 0.07198909047757107
976.0, 0.07003156906888884
977.0, 0.08157433261395304
978.0, 0.10419693657423171
979.0, 0.11074058519152963
980.0, 0.12666809090958342
981.0, 0.16245170072320747
982.0, 0.19791708104512246
983.0, 0.23582695319982266
984.0, 0.2860920986626694
985.0, 0.3325847849984309
986.0, 0.37613471770464646
987.0, 0.44066644836599916
988.0, 0.4825463429534568
989.0, 0.5765848438534049
990.0, 0.6428268170443243
991.0, 0.7203943035722685
992.0, 0.8129744127702191
993.0, 0.8807582620451585
994.0, 0.9273606135510644
995.0, 0.9761602120809512
996.0, 0.9997882824304394
997.0, 0.9641176104185462
998.0, 0.8537074339592444
999.0, 0.7661029263772408
1000.0, 0.7041623508599414
1001.0, 0.5746725955132584
1002.0, 0.46528137094395955
1003.0, 0.3427673629874105
1004.0, 0.22364587761027502
1005.0, 0.16658213216463646
1006.0, 0.13946734266748242
1007.0, 0.09517986497501178
1008.0, 0.06191844662045227
1009.0, 0.062210601440515975
1010.0, 0.05018015314277358
1011.0, 0.056169394562181514
1012.0, 0.052200708606903956
1013.0, 0.02068495531957594
1014.0, 0.00963339928776312
1015.0, 0.026460766155249532
1016.0, 0.023955495115740574
1017.0, 0.009258058056383817
1018.0, 0.029269245271302875
1019.0, 0.03841403922632685
1020.0, 0.028107086188119475
1021.0, 0.01817613527182118
1022.0, 0.01463570945645662
1023.0, 0.025848017901965527
1024.0, 0.012406771841814941
1025.0, 0.012538862320246534
1026.0, 0.017374254453243684
1027.0, 0.012136131664563734
1028.0, 0.01188238254114007
1029.0, 0.021333490671584455
1030.0, 0.019749333516127544
1031.0, 0.004407764049191451
1032.0, 0.012660808315330811
1033.0, 0.006397427902265312
1034.0, 0.005488386534949884
1035.0, 0.002956325357754377
1036.0, 0.009295662604850888
1037.0, 0.01453083683360143
1038.0, 0.018270020439270597
1039.0, 0.004891309021765304
1040.0, 0.015414574400695937
1041.0, 0.01098007783149369
1042.0, 0.018998508726547528
1043.0, 0.02865213137369676
1044.0, 0.015051046101893369
1045.0, 0.02070245644492471
1046.0, 0.017146197453078514
1047.0, 0.004061450671698683
1048.0, 0.0019462172068592028
1049.0, 0.003942501500972884
1050.0, 0.02150361834514203
1051.0, 0.015913359544694392
1052.0, 0.008294951319361482
1053.0, 0.02193773500656396
1054.0, 0.020470911731040004
1055.0, 0.022456834702872092
1056.0, 0.013940855173419654
1057.0, 0.020440009316366376
1058.0, 0.036759432521531674
1059.0, 0.04964859145636275
1060.0, 0.05396410477589226
1061.0, 0.011094706337731599
1062.0, 0.015840951613697144
1063.0, 0.024804678218356982
1064.0, 0.017945369107045382
1065.0, 0.023849565157759708
1066.0, 0.022789481297320124
1067.0, 0.020160212916150333
1068.0, 0.04800982519754418
1069.0, 0.05934063710266776
1070.0, 0.03495950449116984
1071.0, 0.05002403118012297
1072.0, 0.05339809857438531
1073.0, 0.04060585406057388
1074.0, 0.04814448144052786
1075.0, 0.027257221688490773
1076.0, 0.030261773835434675
1077.0, 0.0499498848744659
1078.0, 0.04975072562573715
1079.0, 0.036207658557034735
1080.0, 0.021407782208522703
1081.0, 0.028131927124941402
1082.0, 0.0514520453255854
1083.0, 0.03707134086416974
1084.0, 0.052003897832806414
1085.0, 0.04367991341312894
1086.0, 0.038970912176919635
1087.0, 0.019808074021868006
1088.0, 0.0229115327754317
1089.0, 0.011999463181038637
1090.0, 0.03008815958894385
1091.0, 0.048010744079588
1092.0, 0.04188049098176503
1093.0, 0.03307907291589178
1094.0, 0.020046639346695913
1095.0, 0.03329419828988623
1096.0, 0.024519908253631647
1097.0, 0.012815402587958059
1098.0, 0.016807805449821238
1099.0, 0.012524480104586058
1100.0, 0.010061037844656097
1101.0, 0.03959405511233555
1102.0, 0.028436646157138264
1103.0, 0.020722136160219198
1104.0, 0.025208090750638637
1105.0, 0.02456189311479355
1106.0, 0.02696942772925968
1107.0, 0.030830785251589832
1108.0, 0.020611140214996066
1109.0, 0.006007658091309479
1110.0, 0.022030502145952133
1111.0, 0.005494582538721708
1112.0, 0.013975860754321175
1113.0, 0.0010993229522286883
1114.0, 0.01269038821463113
1115.0, 0.01590305650202391
1116.0, 0.024959838787725414
1117.0, 0.011754380262420795
1118.0, 0.008509036282067317
1119.0, 0.018458941453970115
1120.0, 0.005153788410424051
1121.0, 0.006020790683380305
1122.0, 0.007030953300496115
1123.0, 0.008292748668995677
1124.0, 0.0018419896262202183
1125.0, 0.013888568842735463
1126.0, 0.017397246785943142
1127.0, 0.005218765108795723
1128.0, 0.014911296544982963
1129.0, 0.016676330155522966
1130.0, 0.015585747013527265
1131.0, 0.00830779294402919
1132.0, 0.005251185304915381
1133.0, 0.004334652304507757
1134.0, 0.00753028767729191
1135.0, 0.005750062489205593
1136.0, 0.003333211818956278
1137.0, 0.018476087700326622
1138.0, 0.03263620550854479
1139.0, 0.02515917099983375
1140.0, 0.008180820937819903
1141.0, 0.01990320990504737
1142.0, 0.028948977025620135
1143.0, 0.03377247775346242
1144.0, 0.04129292313697944
1145.0, 0.040873939784425495
1146.0, 0.047257730497095876
1147.0, 0.03117519686898807
1148.0, 0.03589361127576784
1149.0, 0.04647408471077315
1150.0, 0.056789206632876024
1151.0, 0.05039473756980035
1152.0, 0.04551959333045865
1153.0, 0.04379928823106102
1154.0, 0.0359300371016656
1155.0, 0.04693870311858998
1156.0, 0.058773373309531654
1157.0, 0.04805991741426864
1158.0, 0.044679954111202756
1159.0, 0.042935640125516185
1160.0, 0.05634172232286944
1161.0, 0.03329518021294424
1162.0, 0.04248931219118783
1163.0, 0.025379062320631127
1164.0, 0.04776813011168786
1165.0, 0.050500660391067646
1166.0, 0.028576259475439944
1167.0, 0.03150492449462288
1168.0, 0.02521608693941956
1169.0, 0.0159666631472616
1170.0, 0.021472180056344648
1171.0, 0.016004698165175146
1172.0, 0.016945354379793207
1173.0, 0.021554105915597394
1174.0, 0.010015673710456181
1175.0, 0.014901035777866608
1176.0, 0.004905795471754238
1177.0, 0.014103651613433923
1178.0, 0.021098652501451157
1179.0, 0.020480840580330482
1180.0, 0.0015007255228015172
1181.0, 0.02050399103880385
1182.0, 0.015401240739501552
1183.0, 0.01978953144808601
1184.0, 0.008680442942558046
1185.0, 0.02379697303186643
1186.0, 0.01190160464524086
1187.0, 0.0042175415771964105
1188.0, 0.013618402180157396
1189.0, 0.013727582772352255
1190.0, 0.013728494434326778
1191.0, 0.014301966734379442
1192.0, 0.016392996181155806
1193.0, 0.020375725646907494
1194.0, 0.012596362991432216
1195.0, 0.014615759603519752
1196.0, 0.01999856224663067
1197.0, 0.019716269004419196
1198.0, 0.008909913059601277
1199.0, 0.013291046908279248
1200.0, 0.0045689263014794985
1201.0, 0.01947078038779994
1202.0, 0.011865209939606129
1203.0, 0.015598819606373033
1204.0, 0.0168732602122857
1205.0, 0.021390982966163038
1206.0, 0.0074727643771828264
1207.0, 0.009281672659512834
1208.0, 0.024579094050177074
1209.0, 0.012829247212398974
1210.0, 0.010349995015940246
1211.0, 0.012253658680688954
1212.0, 0.0075026446298506215
1213.0, 0.018008082556596538
1214.0, 0.0049428351796578065
1215.0, 0.0024738289294869735
1216.0, 0.007523368557674215
1217.0, 0.008579604272497553
1218.0, 0.00800378015768892
1219.0, 0.018371205511985494
1220.0, 0.015524605537630354
1221.0, 0.0018272892366798803
1222.0, 0.015607902856609956
1223.0, 0.02056943889873698
1224.0, 0.012645402779622667
1225.0, 0.0070716894737288295
1226.0, 0.008893143531066771
1227.0, 0.007513380671502557
1228.0, 0.01633205826164845
1229.0, 0.010196338884174325
1230.0, 0.003898133124086718
1231.0, 0.008313580299983305
1232.0, 0.01826520087978701
1233.0, 0.014010032434614876
1234.0, 0.0018046499374298206
1235.0, 0.011636944795591849
1236.0, 0.008634606698737422
1237.0, 0.017241005391118547
1238.0, 0.009185316821928914
1239.0, 0.021306974072602434
1240.0, 0.0179185527537638
1241.0, 0.01781715793745693
1242.0, 0.01252843306967698
1243.0, 0.0031339632249911663
1244.0, 0.011735360325183339
1245.0, 0.015225174463880343
1246.0, 0.018362258251660202
1247.0, 0.002884122716121535
1248.0, 0.020313410642209626
1249.0, 0.005356303690926217
1250.0, 0.029668800951149543
1251.0, 0.017166535131578876
1252.0, 0.01960266976845244
1253.0, 0.017930490084598533
1254.0, 0.007410701005256376
1255.0, 0.01855165531076721
1256.0, 0.00854394255358498
1257.0, 0.009080021129745444
1258.0, 0.005693321700773241
1259.0, 0.016330464744342365
1260.0, 0.0039957364232298224
1261.0, 0.024199059889277133
1262.0, 0.008169370631554563
1263.0, 0.01859537763564653
1264.0, 0.005828502292876414
1265.0, 0.006118030657645034
1266.0, 0.00662822031534043
1267.0, 0.0070412330224785035
1268.0, 0.008352131820240832
1269.0, 0.0013607961624728573
1270.0, 0.011053998216536028
1271.0, 0.012922274309406678
1272.0, 0.017636495017911938
1273.0, 0.01725638177010036
1274.0, 0.02124427602771967
1275.0, 0.014482155433261572
1276.0, 0.019309409589640402
1277.0, 0.02648462423096048
1278.0, 0.021933770150937698
1279.0, 0.00593825230275712
1280.0, 0.01058317822511785
1281.0, 0.00841616294862603
1282.0, 0.00985650903081078
1283.0, 0.003233877351196682
1284.0, 0.004745800841359498
1285, 0.0
1286, 0.0
1287, 0.0
1288, 0.0
1289, 0.0
1290, 0.0
1291, 0.0
1292, 0.0
1293, 0.0
1294, 0.0
1295, 0.0
1296, 0.0
1297, 0.0
1298, 0.0
1299, 0.0
1300, 0.0
1301, 0.0
1302, 0.0
1303, 0.0
1304, 0.0
1305, 0.0
1306, 0.0
1307, 0.0
1308, 0.0
1309, 0.0
1310, 0.0
1311, 0.0
1312, 0.0
1313, 0.0
1314, 0.0
1315, 0.0
1316, 0.0
1317, 0.0
1318, 0.0
1319, 0.0
1320, 0.0
1321, 0.0
1322, 0.0
1323, 0.0
1324, 0.0
1325, 0.0
1326, 0.0
1327, 0.0
1328, 0.0
1329, 0.0
1330, 0.0
1331, 0.0
1332, 0.0
1333, 0.0
1334, 0.0
1335, 0.0
1336, 0.0
1337, 0.0
1338, 0.0
1339, 0.0
1340, 0.0
1341, 0.0
1342, 0.0
1343, 0.0
1344, 0.0
1345, 0.0
1346, 0.0
1347, 0.0
1348, 0.0
1349, 0.0
1350, 0.0
1351, 0.0
1352, 0.0
1353, 0.0
1354, 0.0
1355, 0.0
1356, 0.0
1357, 0.0
1358, 0.0
1359, 0.0
1360, 0.0
1361, 0.0
1362, 0.0
1363, 0.0
1364, 0.0
1365, 0.0
1366, 0.0
1367, 0.0
1368, 0.0
1369, 0.0
1370, 0.0
1371, 0.0
1372, 0.0
1373, 0.0
1374, 0.0
1375, 0.0
1376, 0.0
1377, 0.0
1378, 0.0
1379, 0.0
1380, 0.0
1381, 0.0
1382, 0.0
1383, 0.0
1384, 0.0
1385, 0.0
1386, 0.0
1387, 0.0
1388, 0.0
1389, 0.0
1390, 0.0
1391, 0.0
1392, 0.0
1393, 0.0
1394, 0.0
1395, 0.0
1396, 0.0
1397, 0.0
1398, 0.0
1399, 0.0
1400, 0.0
1401, 0.0
1402, 0.0
1403, 0.0
1404, 0.0
1405, 0.0
1406, 0.0
1407, 0.0
1408, 0.0
1409, 0.0
1410, 0.0
1411, 0.0
1412, 0.0
1413, 0.0
1414, 0.0
1415, 0.0
1416, 0.0
1417, 0.0
1418, 0.0
1419, 0.0
1420, 0.0
1421, 0.0
1422, 0.0
1423, 0.0
1424, 0.0
1425, 0.0
1426, 0.0
1427, 0.0
1428, 0.0
1429, 0.0
1430, 0.0
1431, 0.0
1432, 0.0
1433, 0.0
1434, 0.0
1435, 0.0
1436, 0.0
1437, 0.0
1438, 0.0
1439, 0.0
1440, 0.0
1441, 0.0
1442, 0.0
1443, 0.0
1444, 0.0
1445, 0.0
1446, 0.0
1447, 0.0
1448, 0.0
1449, 0.0
1450, 0.0
1451, 0.0
1452, 0.0
1453, 0.0
1454, 0.0
1455, 0.0
1456, 0.0
1457, 0.0
1458, 0.0
1459, 0.0
1460, 0.0
1461, 0.0
1462, 0.0
1463, 0.0
1464, 0.0
1465, 0.0
1466, 0.0
1467, 0.0
1468, 0.0
1469, 0.0
1470, 0.0
1471, 0.0
1472, 0.0
1473, 0.0
1474, 0.0
1475, 0.0
1476, 0.0
1477, 0.0
1478, 0.0
1479, 0.0
1480, 0.0
1481, 0.0
1482, 0.0
1483, 0.0
1484, 0.0
1485, 0.0
1486, 0.0
1487, 0.0
1488, 0.0
1489, 0.0
1490, 0.0
1491, 0.0
1492, 0.0
1493, 0.0
1494, 0.0
1495, 0.0
1496, 0.0
1497, 0.0
1498, 0.0
1499, 0.0
1500, 0.0
1501, 0.0
1502, 0.0
1503, 0.0
1504, 0.0
1505, 0.0
1506, 0.0
1507, 0.0
1508, 0.0
1509, 0.0
1510, 0.0
1511, 0.0
1512, 0.0
1513, 0.0
1514, 0.0
1515, 0.0
1516, 0.0
1517, 0.0
1518, 0.0
1519, 0.0
1520, 0.0
1521, 0.0
1522, 0.0
1523, 0.0
1524, 0.0
1525, 0.0
1526, 0.0
1527, 0.0
1528, 0.0
1529, 0.0
1530, 0.0
1531, 0.0
1532, 0.0
1533, 0.0
1534, 0.0
1535, 0.0
1536, 0.0
1537, 0.0
1538, 0.0
1539, 0.0
1540, 0.0
1541, 0.0
1542, 0.0
1543, 0.0
1544, 0.0
1545, 0.0
1546, 0.0
1547, 0.0
1548, 0.0
1549, 0.0
1550, 0.0
1551, 0.0
1552, 0.0
1553, 0.0
1554, 0.0
1555, 0.0
1556, 0.0
1557, 0.0
1558, 0.0
1559, 0.0
1560, 0.0
1561, 0.0
1562, 0.0
1563, 0.0
1564, 0.0
1565, 0.0
1566, 0.0
1567, 0.0
1568, 0.0
1569, 0.0
1570, 0.0
1571, 0.0
1572, 0.0
1573, 0.0
1574, 0.0
1575, 0.0
1576, 0.0
1577, 0.0
1578, 0.0
1579, 0.0
1580, 0.0
1581, 0.0
1582, 0.0
1583, 0.0
1584, 0.0
1585, 0.0
1586, 0.0
1587, 0.0
1588, 0.0
1589, 0.0
1590, 0.0
1591, 0.0
1592, 0.0
1593, 0.0
1594, 0.0
1595, 0.0
1596, 0.0
1597, 0.0
1598, 0.0
1599, 0.0
