30, 0.0
31, 0.0
32, 0.0
33, 0.0
34, 0.0
35, 0.0
36, 0.0
37, 0.0
38, 0.0
39, 0.0
40, 0.0
41, 0.0
42, 0.0
43, 0.0
44, 0.0
45, 0.0
46, 0.0
47, 0.0
48, 0.0
49, 0.0
50.0, 0.000587505498075668
51.0, 0.0013693434678144578
52.0, 0.001684474342374645
53.0, 0.0022503817377257573
54.0, 0.0029592973999213353
55.0, 0.0037782962327908625
56.0, 0.0042755459828376
57.0, 0.004650457408852444
58.0, 0.0050352018380247325
59.0, 0.0056808713510409625
60.0, 0.005763503210034503
61.0, 0.0059579491810164194
62.0, 0.0064203770133075076
63.0, 0.0064177386216786965
64.0, 0.006073940194956914
65.0, 0.005493764779688996
66.0, 0.004774285036507002
67.0, 0.0040930337415034206
68.0, 0.0033069877408177825
69.0, 0.0023774366516532463
70.0, 0.0013588260921402946
71.0, 0.0007464847995247313
72.0, 0.00037060327058338106
73.0, 4.9815194751731624e-05
74.0, 0.00020054302118395338
75.0, 0.0002287058891289481
76.0, 4.612068270088999e-05
77.0, 0.00025391970476363365
78.0, 0.0003092334587622561
79.0, 0.000325208494276631
80.0, 0.000440148934879083
81.0, 0.0009883561946907905
82.0, 0.0011700270790756988
83.0, 0.0008968395424310209
84.0, 0.0007451228196348567
85.0, 0.0014098765976890547
86.0, 0.0023694844267031882
87.0, 0.0031521517693322842
88.0, 0.003376113037999034
89.0, 0.003652412250519941
90.0, 0.004086920571919746
91.0, 0.004884947601679555
92.0, 0.00630968850646027
93.0, 0.007702070111422659
94.0, 0.008502898542084959
95.0, 0.009437332075308329
96.0, 0.01053649301261617
97.0, 0.011569264816135011
98.0, 0.011389425876215184
99.0, 0.011497005410262471
100.0, 0.011927286707576732
101.0, 0.012767094039290671
102.0, 0.013006103711869494
103.0, 0.012420389516609615
104.0, 0.011309930972911926
105.0, 0.010543729529143857
106.0, 0.010892537029235257
107.0, 0.010752824993799627
108.0, 0.009418315381676652
109.0, 0.009647705811417683
110.0, 0.009899445929624327
111.0, 0.010125591867388796
112.0, 0.010213396904995177
113.0, 0.010084067067729139
114.0, 0.009895735989371634
115.0, 0.009705167403473198
116.0, 0.009830461846886093
117.0, 0.009295183452427047
118.0, 0.008563822123731853
119.0, 0.008216323658297012
120.0, 0.00802754150018509
121.0, 0.008280122103084308
122.0, 0.00898862226637252
123.0, 0.009891668096286563
124.0, 0.010606810846252777
125.0, 0.011434597880227125
126.0, 0.012652661157518206
127.0, 0.013847813011314833
128.0, 0.01607684510081287
129.0, 0.01912440649769114
130.0, 0.02198557279329429
131.0, 0.02655404287787056
132.0, 0.03122607226645266
133.0, 0.03525806985726226
134.0, 0.03935412645253858
135.0, 0.043993256543366825
136.0, 0.047875775006583694
137.0, 0.04791266850572093
138.0, 0.048289826480805785
139.0, 0.04694124910009531
140.0, 0.04339561062302737
141.0, 0.039757088456912296
142.0, 0.03577595817008395
143.0, 0.03184076170450697
144.0, 0.028415737824493397
145.0, 0.02608316408208449
146.0, 0.023674619305205927
147.0, 0.021297809894850604
148.0, 0.02024405557803674
149.0, 0.018656832489672856
150.0, 0.017340178917855102
151.0, 0.016803605345082646
152.0, 0.016976705450879984
153.0, 0.017328848797577324
154.0, 0.01765965026455379
155.0, 0.017496371474084314
156.0, 0.017922907465236452
157.0, 0.01815443308303359
158.0, 0.01793283714981693
159.0, 0.016815807482157226
160.0, 0.015862336821782574
161.0, 0.014936665009050498
162.0, 0.01389178936121465
163.0, 0.011711682806023981
164.0, 0.010151992896029603
165.0, 0.009099260281032607
166.0, 0.007232042686854104
167.0, 0.00573428712450145
168.0, 0.004631942457482478
169.0, 0.003982813628710602
170.0, 0.002863973329561317
171.0, 0.0022390972326645857
172.0, 0.001856287958861997
173.0, 0.0012802501823254953
174.0, 0.0008596372450699995
175.0, 0.0007702260280113085
176.0, 0.0009507377427001711
177.0, 0.0005190252416847274
178.0, 0.0005981310909435256
179.0, 0.0006116076420061454
180.0, 9.498216839912138e-05
181.0, 0.0008038015097360533
182.0, 0.000934885732838352
183.0, 0.000816008550783026
184.0, 0.0015809751409255582
185.0, 0.0016640086891382454
186.0, 0.0017798929964760804
187.0, 0.0021360722599378535
188.0, 0.002526003893434662
189.0, 0.0030989345042689363
190.0, 0.003671043203402404
191.0, 0.004043126598124011
192.0, 0.004674868367445443
193.0, 0.005143728966154399
194.0, 0.005430728708127292
195.0, 0.005576771531393235
196.0, 0.005882546107867593
197.0, 0.005926547054068477
198.0, 0.005534205204994116
199.0, 0.004983777341625347
200.0, 0.004310548783165332
201.0, 0.0037609600123330567
202.0, 0.0036848971744194528
203.0, 0.003150057682678995
204.0, 0.002860078225001042
205.0, 0.002757073762320039
206.0, 0.002259192318084292
207.0, 0.0020223869835856866
208.0, 0.0018102778379769594
209.0, 0.001529300390663299
210.0, 0.0013964972095871055
211.0, 0.0011555014945228317
212.0, 0.0009854324129262245
213.0, 0.0011488843493462982
214.0, 0.0014083741424292368
215.0, 0.0014962085041277274
216.0, 0.001484892133544593
217.0, 0.0018225288968764617
218.0, 0.0014165402455675634
219.0, 0.0012642123888570373
220.0, 0.0017644412588215836
221.0, 0.0015196558201014865
222.0, 0.0018086082109323904
223.0, 0.0021160019219535766
224.0, 0.001779942617236509
225.0, 0.002287860627660415
226.0, 0.0026712397362952467
227.0, 0.0029305187047975654
228.0, 0.003439877432439085
229.0, 0.0036837598960300063
230.0, 0.0036629915095350817
231.0, 0.0034049000878126736
232.0, 0.0037096248711385323
233.0, 0.003914970204888488
234.0, 0.003934457319375114
235.0, 0.003641440335587925
236.0, 0.004187595665551653
237.0, 0.004222949826333081
238.0, 0.00401657112987838
239.0, 0.004607784003522353
240.0, 0.004393539994866127
241.0, 0.00426991397251363
242.0, 0.004425713000283039
243.0, 0.00421328813158883
244.0, 0.004011067426449059
245.0, 0.004000611427895155
246.0, 0.004346470349855847
247.0, 0.0042336720802235075
248.0, 0.004440713649183604
249.0, 0.004845754022225059
250.0, 0.005194145357089802
251.0, 0.005356673297895342
252.0, 0.005430459218601556
253.0, 0.0055234323858567615
254.0, 0.006146473792583133
255.0, 0.007048759873837194
256.0, 0.007763085972421905
257.0, 0.008088982242867531
258.0, 0.009579231826403599
259.0, 0.010480923082235201
260.0, 0.011282743963621744
261.0, 0.012577561586780441
262.0, 0.01339798573783059
263.0, 0.014139331528407328
264.0, 0.014810888498829434
265.0, 0.01532413699950686
266.0, 0.015394128269786186
267.0, 0.015319594292618427
268.0, 0.015173032574795488
269.0, 0.014904515525010879
270.0, 0.014644818851616444
271.0, 0.014582563288565702
272.0, 0.014863932045600008
273.0, 0.014962555683140812
274.0, 0.015307287603388479
275.0, 0.016050036612070235
276.0, 0.017492754546952295
277.0, 0.018991427428992808
278.0, 0.02107337895962976
279.0, 0.02366164503797206
280.0, 0.026291860824643336
281.0, 0.03017758804393384
282.0, 0.03391172729049782
283.0, 0.03715063784177538
284.0, 0.041163253453279286
285.0, 0.04356247065749398
286.0, 0.045099443235126956
287.0, 0.046225026862387775
288.0, 0.045651668286841744
289.0, 0.04530881862807409
290.0, 0.04487063425447695
291.0, 0.043767385482159714
292.0, 0.0426326989395821
293.0, 0.04082855951400749
294.0, 0.03882171467093445
295.0, 0.03847710833795053
296.0, 0.037200401364826045
297.0, 0.035977671659433504
298.0, 0.03505557849506948
299.0, 0.034011263087210815
300.0, 0.03253479034281162
301.0, 0.030892510797413626
302.0, 0.029230636947701144
303.0, 0.027227932898517576
304.0, 0.025074202503837795
305.0, 0.0227179300200568
306.0, 0.020064576948037302
307.0, 0.018461174954576255
308.0, 0.01625527487503755
309.0, 0.013813252156359037
310.0, 0.012385680965926474
311.0, 0.011377641959013442
312.0, 0.01010186394896819
313.0, 0.008580988149987246
314.0, 0.007730305942016953
315.0, 0.006641286031223398
316.0, 0.0059084427219700565
317.0, 0.005745813252736216
318.0, 0.0052014245624108744
319.0, 0.004639744885311865
320.0, 0.00411701830524517
321.0, 0.0036830313217759633
322.0, 0.003188107659522705
323.0, 0.002777087096142347
324.0, 0.0024262893098928482
325.0, 0.0021023179873903733
326.0, 0.0018682554037573534
327.0, 0.0016220595584696097
328.0, 0.0013701327310275582
329.0, 0.0011607949020979817
330.0, 0.0010325778942853934
331.0, 0.0008759104871565592
332.0, 0.0006950511202343141
333.0, 0.0006548402378781918
334.0, 0.0005393640950906938
335.0, 0.00043773058204303475
336.0, 0.000389764541714627
337.0, 0.0004101250078436598
338.0, 0.0003502826047910552
339.0, 0.0003240476178974747
340.0, 0.00041828073558793143
341.0, 0.0003996446888527663
342.0, 0.0003163733380049301
343.0, 0.00023827197496403563
344.0, 0.0002585858464732368
345.0, 0.00019602227777775405
346.0, 0.00014892913114248303
347.0, 0.00011350909437948291
348.0, 6.727284921503292e-05
349.0, 0.00030304854253067706
350.0, 0.00033203491806888826
351.0, 0.00016699574964060084
352.0, 0.00014618578012231826
353.0, 0.00048319216097204317
354.0, 0.0004682657490680638
355.0, 1.543117316028095e-05
356.0, 6.9504242831607335e-06
357.0, 4.500879095516687e-05
358.0, 7.832721012000755e-05
359.0, 8.723532842645632e-05
360.0, 0.0001539456150814165
361.0, 0.00019565934755789378
362.0, 0.00021379823517405272
363.0, 0.0002074256273489811
364.0, 5.3880868356379145e-05
365.0, 6.210363555312614e-05
366.0, 0.00018965817546901274
367.0, 0.0003943383635220351
368.0, 0.0002366362100296827
369.0, 0.00023953491468855842
370.0, 0.00038230011235540484
371.0, 0.00058920562257861
372.0, 0.0005361623240882971
373.0, 0.0005991068144580975
374.0, 0.000690297807509859
375.0, 0.0004328103816063607
376.0, 0.0004923058379779553
377.0, 0.00039329572431327754
378.0, 0.00013415404227920479
379.0, 0.0001366179097413692
380.0, 0.00023825187301844823
381.0, 0.00031359936981900833
382.0, 0.0003167490370671594
383.0, 0.00021036476004494958
384.0, 0.0002052644268356139
385.0, 0.0003514699753656308
386.0, 0.000616724795009618
387.0, 0.00020437111002252946
388.0, 0.00015020626039243865
389.0, 0.00020214867482375886
390.0, 0.0002130822442400361
391.0, 0.0007064391452832867
392.0, 0.0009885150819726812
393.0, 0.001316572612992811
394.0, 0.0019336655277967585
395.0, 0.0019258918459012819
396.0, 0.0019184255758960898
397.0, 0.002168782375733219
398.0, 0.0030218666613599275
399.0, 0.003296627888744797
400.0, 0.0034738457455732205
401.0, 0.0037071560073663147
402.0, 0.004225474768868858
403.0, 0.005482298139292964
404.0, 0.006445472065987185
405.0, 0.007013775507399721
406.0, 0.007159576331061079
407.0, 0.008050197526828132
408.0, 0.008505957788087876
409.0, 0.008562942005311472
410.0, 0.008870140776773412
411.0, 0.009219712987768896
412.0, 0.009274305940028342
413.0, 0.009102034289487073
414.0, 0.009272524953221643
415.0, 0.009687781876149788
416.0, 0.009972202630775669
417.0, 0.010137725493063087
418.0, 0.010830319708734526
419.0, 0.011452625859273141
420.0, 0.011940059403483276
421.0, 0.012387144664687487
422.0, 0.013663898386631198
423.0, 0.014902401233169736
424.0, 0.01605029355540401
425.0, 0.017129993785825928
426.0, 0.018631463957027486
427.0, 0.020280825940636897
428.0, 0.021746150607074483
429.0, 0.022873827387095688
430.0, 0.024189540816775296
431.0, 0.025235373156284303
432.0, 0.02616733773241229
433.0, 0.02704056552355435
434.0, 0.026898427221654402
435.0, 0.026869714225981896
436.0, 0.026664380168246144
437.0, 0.02604598623548329
438.0, 0.024770116867123167
439.0, 0.023918567843745745
440.0, 0.02296131344533255
441.0, 0.02142315649945971
442.0, 0.02002036778905292
443.0, 0.01973889858671175
444.0, 0.01935904731989234
445.0, 0.01761935431299192
446.0, 0.017507977175376038
447.0, 0.017690748510887463
448.0, 0.017626913079927396
449.0, 0.01669699638352356
450.0, 0.017631035501730768
451.0, 0.017709699648869922
452.0, 0.017557140054807293
453.0, 0.018049960701534907
454.0, 0.01731477909637669
455.0, 0.016596734251805884
456.0, 0.015890369984228714
457.0, 0.015121546992165358
458.0, 0.013887442614088934
459.0, 0.013358207017968957
460.0, 0.013007613652179045
461.0, 0.01197623679007043
462.0, 0.01121637103341021
463.0, 0.011022425164550629
464.0, 0.010880899815690478
465.0, 0.009960991636328801
466.0, 0.00971149010233776
467.0, 0.00976170870545707
468.0, 0.009734579207554309
469.0, 0.00905201788999551
470.0, 0.008638464941476371
471.0, 0.008250505523063547
472.0, 0.007857371492445335
473.0, 0.007436745566499635
474.0, 0.00638350896991102
475.0, 0.005746149530357853
476.0, 0.005348952106291908
477.0, 0.004777325603968053
478.0, 0.003854438653849197
479.0, 0.0032914485383891455
480.0, 0.0030667022988059263
481.0, 0.0030706617684330534
482.0, 0.002980682159596889
483.0, 0.002521089138383258
484.0, 0.002095936025063762
485.0, 0.0024004643472716474
486.0, 0.0022100351013493937
487.0, 0.0019266638995266683
488.0, 0.001738945950871523
489.0, 0.0019037008794629841
490.0, 0.0010591796047267634
491.0, 0.0007504631762931435
492.0, 0.0008841669858792012
493.0, 0.0011966985210198813
494.0, 0.0008155201821360733
495.0, 0.0009077233794835368
496.0, 0.0011018624248208659
497.0, 0.000798394571203223
498.0, 0.0008571577837004605
499.0, 0.0006997553317875341
500.0, 0.0005946339966074804
501.0, 0.0009184811164152177
502.0, 0.00044175701756547184
503.0, 0.0003277671749996449
504.0, 0.00042216472610446946
505.0, 0.0005069705986509911
506.0, 0.00045465026063876076
507.0, 0.0004539313507828464
508.0, 0.0004865423153460852
509.0, 0.0005302057629760526
510.0, 0.0004138790573630364
511.0, 0.0003845012857583735
512.0, 0.0003825905599964111
513.0, 0.00035310886028415704
514.0, 0.0003503439645154812
515.0, 0.0004228961921395208
516.0, 0.0004243116404195848
517.0, 0.00026411490655062
518.0, 0.0007090954927284484
519.0, 0.0007247153092445944
520.0, 0.000741062342128196
521.0, 0.0010212294946103308
522.0, 0.0009432676986707868
523.0, 0.0009572161136921392
524.0, 0.0010293504603834974
525.0, 0.0011080059955699386
526.0, 0.0008466187472204636
527.0, 0.0011900969642379467
528.0, 0.001587015671391144
529.0, 0.0017217809258954456
530.0, 0.0012607739479340086
531.0, 0.0015721393884847517
532.0, 0.0020786869314438727
533.0, 0.002562909539173111
534.0, 0.0031019497483285533
535.0, 0.0033406129003303686
536.0, 0.003835281849678862
537.0, 0.00473899053625798
538.0, 0.00592604348550789
539.0, 0.006996161243319835
540.0, 0.008180239929915458
541.0, 0.009529636212009038
542.0, 0.011022456501173283
543.0, 0.013579756471412635
544.0, 0.015689931086797487
545.0, 0.01750314870761115
546.0, 0.020138615260075123
547.0, 0.025605942346752345
548.0, 0.030886865894166178
549.0, 0.03651933585185006
550.0, 0.04435414056582044
551.0, 0.049320016769771206
552.0, 0.05176649520633715
553.0, 0.052183452423167985
554.0, 0.05125153348716389
555.0, 0.044514563753337545
556.0, 0.03872621348460761
557.0, 0.03341715546329513
558.0, 0.02777394940600791
559.0, 0.02429044778223011
560.0, 0.021616131436072626
561.0, 0.019303176508719943
562.0, 0.01704243241886479
563.0, 0.016613463638934192
564.0, 0.015670197745656585
565.0, 0.015051612777106815
566.0, 0.01522278417532494
567.0, 0.015564364379934968
568.0, 0.015337626590826842
569.0, 0.01516631573529641
570.0, 0.015156293419211351
571.0, 0.014266801925280329
572.0, 0.013653279582235547
573.0, 0.01264721480515091
574.0, 0.011136283902596697
575.0, 0.009498646017524513
576.0, 0.00833789168846259
577.0, 0.007379556371652847
578.0, 0.006639248149814943
579.0, 0.00630766754285122
580.0, 0.005962716361357789
581.0, 0.005276863755231027
582.0, 0.004675227326093874
583.0, 0.004968574465019777
584.0, 0.005114651450374156
585.0, 0.005434650667251542
586.0, 0.005522858102432973
587.0, 0.004885735133235835
588.0, 0.0042973902198793976
589.0, 0.003979739092991444
590.0, 0.003776167114910522
591.0, 0.0036027903406243037
592.0, 0.004268622810414947
593.0, 0.004484171340326893
594.0, 0.0045760873672070785
595.0, 0.004700014145827281
596.0, 0.004692513202466571
597.0, 0.005052074339108557
598.0, 0.005303339631472149
599.0, 0.0054518861863307125
600.0, 0.0061921233481804245
601.0, 0.0060967790133474205
602.0, 0.006541799576021109
603.0, 0.007274853776156153
604.0, 0.006966401751508501
605.0, 0.008168870776105733
606.0, 0.008997488917489893
607.0, 0.009383894736199046
608.0, 0.009540332511989822
609.0, 0.011055910225833885
610.0, 0.012119214469221299
611.0, 0.01299002424612523
612.0, 0.013981853687231807
613.0, 0.015104174230981062
614.0, 0.01642033629633372
615.0, 0.01802725832887451
616.0, 0.019767404005859156
617.0, 0.019896378484727122
618.0, 0.022056024523102638
619.0, 0.024142728650940012
620.0, 0.02548406799243976
621.0, 0.02649190469109353
622.0, 0.02925234586968625
623.0, 0.032795285816904406
624.0, 0.03702365375887165
625.0, 0.04216419893356985
626.0, 0.04763169131234719
627.0, 0.05501689222226843
628.0, 0.06446813190553695
629.0, 0.07592803995981019
630.0, 0.08536369914860205
631.0, 0.0998257163053659
632.0, 0.11305271338176519
633.0, 0.12025835382928775
634.0, 0.12570245406714092
635.0, 0.12274347777279354
636.0, 0.11319479391976546
637.0, 0.09890190717789439
638.0, 0.0849152852229274
639.0, 0.06871781505763212
640.0, 0.05477875362210902
641.0, 0.04378825267819579
642.0, 0.034617124529874164
643.0, 0.027361676787964428
644.0, 0.02173487874953836
645.0, 0.017752325117485715
646.0, 0.015425339606230465
647.0, 0.013172274327883201
648.0, 0.0111662545056683
649.0, 0.00924974570690215
650.0, 0.007419165070230982
651.0, 0.007316073527657103
652.0, 0.006763611510049332
653.0, 0.0060700844287202545
654.0, 0.005379613225055474
655.0, 0.004716233781022989
656.0, 0.004277337592618389
657.0, 0.003736833694817555
658.0, 0.00333193268102856
659.0, 0.003764412534516458
660.0, 0.00333927816257135
661.0, 0.003058541388858614
662.0, 0.002724293614189825
663.0, 0.0020323338695609357
664.0, 0.002611438127107455
665.0, 0.0027375310589281875
666.0, 0.0025064022719294395
667.0, 0.002079381335652335
668.0, 0.0021343915044835012
669.0, 0.001965503360892659
670.0, 0.0018283285931785472
671.0, 0.001801628441699461
672.0, 0.0018675427234785867
673.0, 0.0019794217263601065
674.0, 0.0017211229785051966
675.0, 0.0014544529881660776
676.0, 0.0018183520836470277
677.0, 0.0015991987048444025
678.0, 0.0014983777663649478
679.0, 0.0014836404988196794
680.0, 0.001485796645974841
681.0, 0.0011810710778320606
682.0, 0.0009760505112764176
683.0, 0.0011104723541621433
684.0, 0.0013942022137133712
685.0, 0.0007687216234850664
686.0, 0.0009116534507065158
687.0, 0.0012276219773094833
688.0, 0.001369044185420037
689.0, 0.0009220982337915069
690.0, 0.0010506330026912871
691.0, 0.00102316283840086
692.0, 0.0009554150281376371
693.0, 0.0009588595566577434
694.0, 0.0009239776316401285
695.0, 0.0010206205909390762
696.0, 0.0011176841845661955
697.0, 0.0011296106008737783
698.0, 0.0009400342231541122
699.0, 0.0004914668853347214
700.0, 0.0006587541199658144
701.0, 0.0010246158922210568
702.0, 0.0006674465445945575
703.0, 0.0011540613439177155
704.0, 0.0009123760550029077
705.0, 0.0005797595133019038
706.0, 0.0006365147165203022
707.0, 0.0004582360653863482
708.0, 0.0006147025874961834
709.0, 0.0006073310233647989
710.0, 0.0004035506843558226
711.0, 0.00046888199116779615
712.0, 0.00027978325807023757
713.0, 0.00035559857568979146
714.0, 0.00046542504239519944
715.0, 0.00021073759741960474
716.0, 0.00026214666051780483
717.0, 0.0005517611113320663
718.0, 0.0006589632988961381
719.0, 0.0004480565393818154
720.0, 0.000769157135396503
721.0, 0.0004523272111297821
722.0, 0.0003142370348133535
723.0, 0.0003568313765862567
724.0, 8.099023522474118e-05
725.0, 0.0001992035589738312
726.0, 0.00019040840599838913
727.0, 0.00019730317680038433
728.0, 0.000387330935331569
729.0, 0.0005651030497343458
730.0, 0.0007328700365527142
731.0, 0.0006618860277527507
732.0, 0.0004968561118809732
733.0, 0.0011511807970560485
734.0, 0.0006572114055104376
735.0, 0.0004861688580869639
736.0, 0.0005510050522922853
737.0, 0.0003791100928881285
738.0, 0.00021987822344860666
739.0, 0.00011461394049303844
740.0, 5.369941808246414e-05
741.0, 5.7417910760218716e-05
742.0, 0.00029757443823234803
743.0, 0.0004085652750779837
744.0, 0.00038175238202853946
745.0, 0.0003302221974636718
746.0, 0.0004923251100813303
747.0, 0.00013460613980940218
748.0, 0.00039017443414533564
749.0, 0.0005789191409992173
750.0, 0.00020034718997819824
751.0, 0.0006825836399713739
752.0, 0.0004178620079185313
753.0, 0.00022748969142081079
754.0, 0.00042482246368728734
755.0, 0.001070127079281504
756.0, 0.000361517223113455
757.0, 0.00017815895655891046
758.0, 0.00026304127657223093
759.0, 0.00014743957428814763
760.0, 3.503492885473032e-05
761.0, 0.00010993438094345923
762.0, 0.0003043131477353472
763.0, 0.0004526655924821111
764.0, 9.857781869630807e-05
765.0, 0.00011783080891117046
766.0, 0.00027415602856914586
767.0, 0.000449156877468853
768.0, 0.0005259795367374821
769.0, 0.0003078314462772999
770.0, 0.0003835684080120645
771.0, 0.0005485405327623523
772.0, 0.0006107115029414082
773.0, 0.00023714008244926895
774.0, 0.00020321881967549804
775.0, 0.0002474896331034416
776.0, 0.00025283938022179376
777.0, 0.00013408290990905137
778.0, 0.0006821527868229709
779.0, 0.0006355163867496112
780.0, 0.00047269701302230194
781.0, 0.0004908537600974931
782.0, 0.0008045618909158738
783.0, 0.00044586496167444496
784.0, 0.00021383739791610605
785.0, 0.0001984408056037224
786.0, 0.0003187621396711762
787.0, 0.00016121452532692908
788.0, 0.00015586947898038606
789.0, 0.00023101488536577075
790.0, 0.00031446116772915206
791.0, 0.00028204246654174266
792.0, 0.0003786207594798783
793.0, 0.00031130078632843425
794.0, 0.00032908139643246645
795.0, 0.0007878986334418334
796.0, 0.000310351254876749
797.0, 0.00010305105615231316
798.0, 0.00010891909607904022
799.0, 0.00022810435088476002
800.0, 0.00021648775288413672
801.0, 0.00018824321114115785
802.0, 0.00012250196914975268
803.0, 5.1591002826855525e-05
804.0, 1.9897009969832664e-05
805.0, 5.062103681244768e-05
806.0, 0.0003982288302124701
807.0, 0.0004070323502452708
808.0, 0.00013371696435616662
809.0, 0.0006666738068238994
810.0, 0.00028841767507127445
811.0, 0.0003200690077223672
812.0, 0.0004923151244155037
813.0, 0.0004171710238523202
814.0, 0.0006452014022044019
815.0, 0.0003800922055460944
816.0, 0.00045181298429756143
817.0, 0.0007549948242916446
818.0, 0.00030484915110771553
819.0, 0.0005759093964028427
820.0, 0.0007837687952240379
821.0, 0.0008098406219602533
822.0, 0.0006053334189011542
823.0, 0.00019610449520280298
824.0, 8.60153787140177e-05
825.0, 8.145299799130223e-05
826.0, 0.00013679606056006153
827.0, 0.0002590017415047115
828.0, 0.0001757365582517834
829.0, 0.00031557293695361346
830.0, 0.0004739708644584642
831.0, 0.0004936543436224737
832.0, 0.0002803943023133025
833.0, 0.00014899712499350898
834.0, 8.708202804260267e-05
835.0, 8.041470685644701e-05
836.0, 0.00011213326096937218
837.0, 0.0002308447014848501
838.0, 0.0003560802256769167
839.0, 0.0003579878040575298
840.0, 0.0003217686860845472
841.0, 0.0006429678892232288
842.0, 0.00048365517560709586
843.0, 0.0004433612952238761
844.0, 0.0003750677049946394
845.0, 0.00015392780168929627
846.0, 0.00016174956495988382
847.0, 0.00044944827511221857
848.0, 0.0004285662599592366
849.0, 0.0002406251203821581
850.0, 0.00040681741610356975
851.0, 0.00018602415875259567
852.0, 0.0004184017495446125
853.0, 0.0008565218170366243
854.0, 0.0011723402462959982
855.0, 0.0007151936218884008
856.0, 0.0007031866005740492
857.0, 0.0005798358483116107
858.0, 0.0004401343279647773
859.0, 0.000499078946324079
860.0, 0.001139754264609702
861.0, 0.0009285523872109954
862.0, 0.0010255115253913953
863.0, 0.001518047710423807
864.0, 0.0018021692992793142
865.0, 0.0013813592100349935
866.0, 0.0016647252366509572
867.0, 0.0016003989954264284
868.0, 0.000895839292990932
869.0, 0.0012417125697285227
870.0, 0.0008438938112025095
871.0, 0.0009299350531684159
872.0, 0.0013614602912238843
873.0, 0.0017228474682282205
874.0, 0.001539455204238584
875.0, 0.001675953002212695
876.0, 0.001776845330559811
877.0, 0.0017659865139574224
878.0, 0.0017306238510681493
879.0, 0.001935025360755479
880.0, 0.0018379062520841787
881.0, 0.0018658414820280132
882.0, 0.00214873572768479
883.0, 0.002162179652370402
884.0, 0.0022947929596450227
885.0, 0.002397098292943456
886.0, 0.0026322876255601797
887.0, 0.003090889136866533
888.0, 0.0029843314523344995
889.0, 0.0037437455034852346
890.0, 0.004051204297930545
891.0, 0.004113591932361315
892.0, 0.004851055528125529
893.0, 0.004151196966411989
894.0, 0.004835397699828795
895.0, 0.005956308907642622
896.0, 0.006759094192409067
897.0, 0.006509851089404857
898.0, 0.007085977938061127
899.0, 0.007920828457564274
900.0, 0.008592675144672258
901.0, 0.008914381569052388
902.0, 0.009509137528724348
903.0, 0.009868936019194694
904.0, 0.010331843496887406
905.0, 0.011004207062024632
906.0, 0.011827840269521566
907.0, 0.011461386614515786
908.0, 0.012895063173847716
909.0, 0.013937096700310259
910.0, 0.014526128746477036
911.0, 0.015926104235460377
912.0, 0.018835889100368618
913.0, 0.0211626923158084
914.0, 0.024757806590968337
915.0, 0.029973497176863245
916.0, 0.03491102089828913
917.0, 0.042830871704017164
918.0, 0.05506681524516492
919.0, 0.06818998393775229
920.0, 0.08101089623747147
921.0, 0.1022467548677132
922.0, 0.12024237760846704
923.0, 0.1377199244739371
924.0, 0.15302405216409593
925.0, 0.1629659168752906
926.0, 0.15786816416453145
927.0, 0.15049686320665562
928.0, 0.1376941844769683
929.0, 0.11933857777118113
930.0, 0.09725052855496526
931.0, 0.08122661123987988
932.0, 0.06576366041684689
933.0, 0.05277512790589906
934.0, 0.043051047130914274
935.0, 0.0364235117709229
936.0, 0.030416468037111802
937.0, 0.028064415886128954
938.0, 0.027033312967987146
939.0, 0.025932747328839104
940.0, 0.025249637784129607
941.0, 0.025842950580620392
942.0, 0.02591511808238572
943.0, 0.02634166967191287
944.0, 0.027851363169369966
945.0, 0.029962803021592717
946.0, 0.03229600770763082
947.0, 0.03556053018391305
948.0, 0.03926839265610691
949.0, 0.04301028238855286
950.0, 0.04876948145992658
951.0, 0.05819277994518579
952.0, 0.06863432975042269
953.0, 0.08211569636237538
954.0, 0.10169461239758754
955.0, 0.12279815054131338
956.0, 0.15687650593881847
957.0, 0.20356942248323054
958.0, 0.26425199171106123
959.0, 0.3413055564027241
960.0, 0.45919127752650757
961.0, 0.5799161857464663
962.0, 0.6888520455835413
963.0, 0.7825986516424588
964.0, 0.8678885117116889
965.0, 0.8819452001005995
966.0, 0.9193659667052505
967.0, 0.9567061249000379
968.0, 0.9748744930647613
969.0, 0.9598268353625333
970.0, 0.9902577055086735
971.0, 0.9748449634992858
972.0, 0.9480987357675136
973.0, 0.9269251764112845
974.0, 0.8795737595226516
975.0, 0.786781606608093
976.0, 0.6940068416358269
977.0, 0.5841887882099068
978.0, 0.45362692719143455
979.0, 0.35170406875818416
980.0, 0.2728204781820136
981.0, 0.2100601151558971
982.0, 0.16233118894581908
983.0, 0.1285977819131317
984.0, 0.10877517500105578
985.0, 0.09351527444959637
986.0, 0.08589213255591255
987.0, 0.08225113691540097
988.0, 0.07881346599470923
989.0, 0.07920010241243536
990.0, 0.07910491931415616
991.0, 0.07695701533033221
992.0, 0.07439080904681815
993.0, 0.07302599095698727
994.0, 0.0687708475577572
995.0, 0.06382249896744074
996.0, 0.06070845362838705
997.0, 0.057209292829115396
998.0, 0.050763717492597026
999.0, 0.04819614769902195
1000.0, 0.044689152094053906
1001.0, 0.04020067981757517
1002.0, 0.035621239092066645
1003.0, 0.03193903023279026
1004.0, 0.027384456059680283
1005.0, 0.02486725081344489
1006.0, 0.02274109622435294
1007.0, 0.020449384171134087
1008.0, 0.01795258342055881
1009.0, 0.016570775755963572
1010.0, 0.016074232469215313
1011.0, 0.015144646130908013
1012.0, 0.014248722579937067
1013.0, 0.014378084586750278
1014.0, 0.01341116342604186
1015.0, 0.013096880457706924
1016.0, 0.012478300421764146
1017.0, 0.011759614134476454
1018.0, 0.01165800872809191
1019.0, 0.012667908886008562
1020.0, 0.01181141275835274
1021.0, 0.011486182554038974
1022.0, 0.011710543070181528
1023.0, 0.011489861444535232
1024.0, 0.010656969145491088
1025.0, 0.011735460350754576
1026.0, 0.011895601097053392
1027.0, 0.011337200597672037
1028.0, 0.011496228197462658
1029.0, 0.012546944016374552
1030.0, 0.01274673356117346
1031.0, 0.01349876440505714
1032.0, 0.014436612886496957
1033.0, 0.014511169938729532
1034.0, 0.013102102359768473
1035.0, 0.012574115600821896
1036.0, 0.01128030890110767
1037.0, 0.010210468956297378
1038.0, 0.010877109318708396
1039.0, 0.011252243985832048
1040.0, 0.011158597238296453
1041.0, 0.011995947753480323
1042.0, 0.01274561802184099
1043.0, 0.012268707907408041
1044.0, 0.013691730889312217
1045.0, 0.014619718791984338
1046.0, 0.014204030664086318
1047.0, 0.013922445393596597
1048.0, 0.014944094931613312
1049.0, 0.013620256134793611
1050.0, 0.013763914790602318
1051.0, 0.014040256267389861
1052.0, 0.013977057052560844
1053.0, 0.013367857413140333
1054.0, 0.012291015971655885
1055.0, 0.012553509845124412
1056.0, 0.012004842746858075
1057.0, 0.010952978000109416
1058.0, 0.010272029026959877
1059.0, 0.01137675658807641
1060.0, 0.010755610201129662
1061.0, 0.011405110882789095
1062.0, 0.011522151759693702
1063.0, 0.010601162744918196
1064.0, 0.012110774399746877
1065.0, 0.012656291026802572
1066.0, 0.012202790197853091
1067.0, 0.01244890156321325
1068.0, 0.013796960836757653
1069.0, 0.01446228647666042
1070.0, 0.01564079075963497
1071.0, 0.018042871573275037
1072.0, 0.019349412186139593
1073.0, 0.019685254260448582
1074.0, 0.021903997581089987
1075.0, 0.025072876076284223
1076.0, 0.026274387533317036
1077.0, 0.02907090404430038
1078.0, 0.032994991594787325
1079.0, 0.034884569703629166
1080.0, 0.03970891036975293
1081.0, 0.04522738807098989
1082.0, 0.05027998192719207
1083.0, 0.05637533204467211
1084.0, 0.06590466017069672
1085.0, 0.07745040776044203
1086.0, 0.08976329626353628
1087.0, 0.10437878420095491
1088.0, 0.11628547285975802
1089.0, 0.12114438318409941
1090.0, 0.12771647887591683
1091.0, 0.12690588005870185
1092.0, 0.11972249207111557
1093.0, 0.1105055619426047
1094.0, 0.10207412984898083
1095.0, 0.09069532780220421
1096.0, 0.08198445117669637
1097.0, 0.07696177520786396
1098.0, 0.07186674703643126
1099.0, 0.0660464374144452
1100.0, 0.06476635588756788
1101.0, 0.06359099559996048
1102.0, 0.06123176334242985
1103.0, 0.06099461497185277
1104.0, 0.06251105293921727
1105.0, 0.06195610978481785
1106.0, 0.06315967420030759
1107.0, 0.06384971752803638
1108.0, 0.06358096494236515
1109.0, 0.06295747692456904
1110.0, 0.06292725018318583
1111.0, 0.06222798860197891
1112.0, 0.05823574695478292
1113.0, 0.05512336157656155
1114.0, 0.051958942076739026
1115.0, 0.04716707391461268
1116.0, 0.042553041235296164
1117.0, 0.039047562950837784
1118.0, 0.035008977512046284
1119.0, 0.03139241046890244
1120.0, 0.028654766302377795
1121.0, 0.02555152300315311
1122.0, 0.023907810414111053
1123.0, 0.022050327470566858
1124.0, 0.020081349583621653
1125.0, 0.018045678696560794
1126.0, 0.01589195286339841
1127.0, 0.01477539205448769
1128.0, 0.0131201835440139
1129.0, 0.011810317629774423
1130.0, 0.010943659711098223
1131.0, 0.010184741252588258
1132.0, 0.009176429368287248
1133.0, 0.009322188268226802
1134.0, 0.008748547814177948
1135.0, 0.008028064096819753
1136.0, 0.007788705012285742
1137.0, 0.007054077755926144
1138.0, 0.005570195940479771
1139.0, 0.006313191970621066
1140.0, 0.006217618628141401
1141.0, 0.004578829965612977
1142.0, 0.0045247617683933814
1143.0, 0.005026693036035546
1144.0, 0.004325188006777105
1145.0, 0.003914164923434455
1146.0, 0.0038874355683243132
1147.0, 0.0034112552307271416
1148.0, 0.0015474529299358032
1149.0, 0.002154018790707844
1150.0, 0.0021995575529247476
1151.0, 0.002148678302449158
1152.0, 0.002652281898666049
1153.0, 0.0020320140508405015
1154.0, 0.0006714362416636766
1155.0, 0.0014421629919599077
1156.0, 0.0023469462390020832
1157.0, 0.0020991100809505552
1158.0, 0.0010079443767626968
1159.0, 0.0015257663438369442
1160.0, 0.0013672342037975647
1161.0, 0.0010149783820385828
1162.0, 0.0008799689041917222
1163.0, 0.0011051308793751963
1164.0, 0.00046755705002604305
1165.0, 0.00017155390973927465
1166.0, 0.00028682954137891056
1167.0, 0.0004344691822790562
1168.0, 0.000350237226551153
1169.0, 0.0002590071789019217
1170.0, 6.551247812635069e-05
1171.0, 0.00036054831667644904
1172.0, 0.0005782205987424786
1173.0, 0.0006239699178004042
1174.0, 0.0008112126460934249
1175.0, 0.0003544231038008225
1176.0, 0.0004079395076987122
1177.0, 0.000604161410349287
1178.0, 0.0008202932668262701
1179.0, 0.0009968562730645403
1180.0, 0.0009997174015690608
1181.0, 0.0005723258715179157
1182.0, 0.00031071377341899563
1183.0, 0.0003572842803405793
1184.0, 0.0005135227011789424
1185.0, 0.0002680048498934711
1186.0, 0.0001575244163546378
1187.0, 0.0005030448759273767
1188.0, 0.0007641543428114886
1189.0, 0.0006326691287495639
1190.0, 0.00016733648220388744
1191.0, 0.0005336283293706825
1192.0, 0.0006028382487206117
1193.0, 0.0005441503062415574
1194.0, 0.00038367849926991017
1195.0, 0.00017859175237532502
1196.0, 5.285527265624012e-05
1197.0, 0.0004665959772081695
1198.0, 0.0009488361102886507
1199.0, 0.0007865259512257293
1200.0, 0.00031051336561605734
1201.0, 0.0002644160372739086
1202.0, 0.0005554183060207039
1203.0, 0.00020583206644518679
1204.0, 5.903889890973662e-05
1205.0, 0.00023731829005188389
1206.0, 0.0005529296679678867
1207.0, 0.0005580925397105825
1208.0, 0.0011272296110302498
1209.0, 0.0008800851471052332
1210.0, 0.0008134954977071009
1211.0, 0.0010884300194619202
1212.0, 0.0012530151640217798
1213.0, 0.00018636535085083327
1214.0, 0.000985731045912541
1215.0, 0.001006109385440963
1216.0, 0.0004969384950576575
1217.0, 0.0003780635540399077
1218.0, 0.0016863975823625415
1219.0, 0.00030396634508687457
1220.0, 0.0009635059937805181
1221.0, 0.0016601009818014718
1222.0, 0.0015545415194042225
1223.0, 0.0009951253732505272
1224.0, 0.0026053394696533057
1225.0, 0.0017122081600325295
1226.0, 0.0008490097018228329
1227.0, 0.0009542405686576856
1228.0, 0.0015670844102339489
1229.0, 0.0011249110862592065
1230.0, 0.0017046869873836629
1231.0, 0.0025503263486183645
1232.0, 0.001984412464368446
1233.0, 0.0011917845862326928
1234.0, 0.0014236529003788282
1235.0, 0.0015461552415206514
1236.0, 0.0010378854831361393
1237.0, 0.0022460504199260383
1238.0, 0.0024822423848661654
1239.0, 0.0014305236765054376
1240.0, 0.0008217620116111344
1241.0, 0.002052560985432739
1242.0, 0.0010918415583082424
1243.0, 0.0012322252682050068
1244.0, 0.0016629927831080349
1245.0, 0.0014136630520443982
1246.0, 0.000702185953527013
1247.0, 0.0023431231495285657
1248.0, 0.0016953992785724902
1249.0, 0.0012691431231490052
1250.0, 0.001707484440079987
1251.0, 0.0023361732286339464
1252.0, 0.0012188417142966715
1253.0, 0.002121640716678951
1254.0, 0.0018088197049907749
1255.0, 0.0014334874229459484
1256.0, 0.001740612842638334
1257.0, 0.0025090083392793733
1258.0, 0.0019118832786962617
1259.0, 0.0011008611859704602
1260.0, 0.0016718363097590907
1261.0, 0.001975871608626802
1262.0, 0.001097778720228477
1263.0, 0.0006768008578174859
1264.0, 0.001164261990413743
1265.0, 0.0011046703347668526
1266.0, 0.0013217230949580218
1267.0, 0.0015301317032348578
1268.0, 0.001204513651767365
1269.0, 0.0007354485769299763
1270.0, 0.0017463564951860253
1271.0, 0.0009794586980429796
1272.0, 0.0004971937075176654
1273.0, 0.001001782166101472
1274.0, 0.001606881495040778
1275.0, 0.0007009302558444726
1276.0, 0.0013788213220971212
1277.0, 0.0011670260640389933
1278.0, 0.000550017748245735
1279.0, 0.0003725346151240871
1280.0, 0.0010398868201438017
1281.0, 0.00035867616300242156
1282.0, 0.00031028340495798344
1283.0, 0.0009161985540789564
1284.0, 0.0012767388427962908
1285.0, 0.000969598699837745
1286.0, 0.0011737949978173955
1287.0, 0.0005985494458695545
1288.0, 0.0007038957706574101
1289.0, 0.0008813343313547673
1290.0, 0.0007349203359364058
1291.0, 0.00026651450870058413
1292.0, 0.0002866694117307776
1293.0, 0.001190502951237477
1294.0, 0.0010479348495673472
1295.0, 0.000554236586168153
1296.0, 0.00018444468594005427
1297.0, 2.9716036710024897e-05
1298.0, 3.2714142531193844e-05
1299.0, 0.00041013383009647574
1300.0, 0.00035949120023683734
1301.0, 0.00022916523370564048
1302.0, 0.00045240223569702345
1303.0, 0.0011619568108217795
1304.0, 0.0007996736240439334
1305.0, 0.0007219457524931103
1306.0, 0.0004867632057886763
1307.0, 0.0003288667110783821
1308.0, 0.0003135769558220039
1309.0, 0.00011828176878821573
1310.0, 0.0008311875292036409
1311.0, 0.0005882128495260194
1312.0, 0.0006910297917133044
1313.0, 0.0007427772784611463
1314.0, 0.0003854424667076615
1315.0, 0.00034898572032771003
1316.0, 0.001309264825220864
1317.0, 0.0005832720471412019
1318.0, 0.00017260827757666712
1319.0, 0.0006536958221741919
1320.0, 0.0013796769428863055
1321.0, 0.0004834630652274883
1322.0, 0.00143865337227998
1323.0, 0.0008987695262825351
1324.0, 0.00038641384107093404
1325.0, 0.0004288248035689047
1326.0, 0.0007411504023276625
1327.0, 0.0004976413329321049
1328.0, 0.00034411103033940604
1329.0, 0.0009239288897315343
1330.0, 0.0007623899231878627
1331.0, 0.0002690072242541661
1332.0, 0.0004971535933671915
1333.0, 0.0005054083732378818
1334.0, 0.0006514849578296178
1335.0, 0.0011579964054629218
1336.0, 0.001090813873696917
1337.0, 0.0006657501242611885
1338.0, 0.000714721032329691
1339.0, 0.0011468399045733828
1340.0, 0.0004140225979596698
1341.0, 0.00116601602131472
1342.0, 0.0011548855078581716
1343.0, 0.0003386801121531182
1344.0, 0.00029657874218651714
1345.0, 0.001072402760402319
1346.0, 0.000846026000753262
1347.0, 0.0007744045415313442
1348.0, 0.0006149373804198489
1349.0, 0.00044822422461902954
1350.0, 0.0005552814144085413
1351.0, 0.0005654066302828721
1352.0, 0.0012516555979698286
1353.0, 0.0012424424442952164
1354.0, 0.001344123952422325
1355.0, 0.0014530509261528866
1356.0, 0.0009212120252355723
1357.0, 0.0005820684721434457
1358.0, 0.0006063076871632032
1359.0, 0.00044184614304711026
1360.0, 0.0002768963875602425
1361.0, 0.0007035662069269063
1362.0, 0.0017908396534604435
1363.0, 0.0005314400078350954
1364.0, 0.0017809140390085733
1365.0, 0.0017388593926017568
1366.0, 0.000983943732639214
1367.0, 0.0008551068565150798
1368.0, 0.0017857495730654747
1369.0, 9.202956363314242e-05
1370.0, 0.0005557530184586224
1371.0, 0.0012798360288525663
1372.0, 0.0013815806028700849
1373.0, 0.0008801282061019445
1374.0, 0.0005196691545498499
1375.0, 0.0015144411484826115
1376.0, 0.00040778197528900593
1377.0, 0.0008766123849438249
1378.0, 0.0009854901143358944
1379.0, 0.0006077364522082741
1380.0, 0.0007932261582608533
1381.0, 0.0023956674424846338
1382.0, 0.0009463146944014607
1383.0, 0.0010140428185997732
1384.0, 0.0012591641133700648
1385.0, 0.001183586320525152
1386.0, 0.0010778813572960486
1387.0, 0.0017733864249287815
1388.0, 0.0025799958208483583
1389.0, 0.0015987266611198659
1390.0, 0.0018140120714097404
1391.0, 0.002112107059658326
1392.0, 0.0014091796730064559
1393.0, 0.001439891439328608
1394.0, 0.002384688869007147
1395.0, 0.0017954728732711527
1396.0, 0.002104151018391406
1397.0, 0.002707757942867933
1398.0, 0.002471068573151906
1399.0, 0.001203837981126801
1400.0, 0.002315165365168975
1401.0, 0.0019385540328338508
1402.0, 0.0016265326906540587
1403.0, 0.0017841686139513813
1404.0, 0.001836574012845922
1405.0, 0.0009468885663515296
1406.0, 0.0011393126597962896
1407.0, 0.0015992504602060952
1408.0, 0.001169939966883269
1409.0, 0.0005987467279534349
1410.0, 0.001042121917677493
1411.0, 0.00248741261375591
1412.0, 0.00048060082518321134
1413.0, 0.0016482523677192433
1414.0, 0.002387850915113744
1415.0, 0.0019155182828617578
1416.0, 0.0013460430099518068
1417.0, 0.0018438652323975399
1418.0, 0.0023582304157054733
1419.0, 0.0007524360676830856
1420.0, 0.002137081788071592
1421.0, 0.0019215987558822228
1422.0, 0.0009591181693669128
1423.0, 0.0011431228704475785
1424.0, 0.0023034037560592385
1425.0, 0.0017103853431679307
1426.0, 0.0017660462841342782
1427.0, 0.0018833165420643044
1428.0, 0.0018968080013968996
1429.0, 0.0018511861792487397
1430.0, 0.001898570403170438
1431.0, 0.0021194589163129854
1432.0, 0.0017248997423888488
1433.0, 0.001717520186327019
1434.0, 0.0012867155437034704
1435.0, 0.0007205880764986077
1436.0, 0.00100258880474682
1437.0, 0.0024564956393935385
1438.0, 0.0004916323187868661
1439.0, 0.0013455510472781004
1440.0, 0.001768162168091905
1441.0, 0.001092981939662504
1442.0, 0.0006311410230048998
1443.0, 0.002288505727550164
1444.0, 0.0010848897586479408
1445.0, 0.0009682073313706099
1446.0, 0.0018738478113835956
1447.0, 0.002203583493252158
1448.0, 0.0016223335735146497
1449.0, 0.0014489391378166216
1450.0, 0.002666922749418082
1451.0, 0.0012194205315591382
1452.0, 0.0015091865243498587
1453.0, 0.0018603370107639855
1454.0, 0.0017589071079334106
1455.0, 0.001839284989353672
1456.0, 0.002703612734614752
1457.0, 0.002199563178750816
1458.0, 0.001301123600889125
1459.0, 0.0017055582756561392
1460.0, 0.0020586192736923147
1461.0, 0.0015217944035739346
1462.0, 0.0013380215868903855
1463.0, 0.0024331509706917113
1464.0, 0.0017800025195098034
1465.0, 0.0015290043129491087
1466.0, 0.0019875139817646516
1467.0, 0.001981904942488664
1468.0, 0.0009553746416153306
1469.0, 0.00259593838988052
1470.0, 0.002450427825442111
1471.0, 0.0011783681558663176
1472.0, 0.0017486783312508412
1473.0, 0.0020319096210474055
1474.0, 0.0008761896836484447
1475.0, 0.0011690970344552009
1476.0, 0.0022916704048477256
1477.0, 0.001128928726717766
1478.0, 0.0017268606124986364
1479.0, 0.0024235623294722097
1480.0, 0.0017573097748924452
1481.0, 0.0003187282497111376
1482.0, 0.0017614520962295956
1483.0, 0.0020256811917052572
1484.0, 0.0011577352871314183
1485.0, 0.0011037389010126264
1486.0, 0.0016221306425080004
1487.0, 0.0015046556965574893
1488.0, 0.00020690511838231422
1489.0, 0.002389295543476576
1490.0, 0.0006888214155994538
1491.0, 0.0009854721169669362
1492.0, 0.0021429434472373583
1493.0, 0.0019761571926773347
1494.0, 0.00039312210208193935
1495.0, 0.0020563145288187896
1496.0, 0.002770852454150426
1497.0, 0.00137614201169356
1498.0, 0.0015026473515045951
1499.0, 0.001956179975808176
1500.0, 0.0014288900670449147
1501.0, 0.0006213471362197095
1502.0, 0.0019500656575666352
1503.0, 0.001121688554072884
1504.0, 0.00098325797224643
1505.0, 0.0020501776877500056
1506.0, 0.0022714220539191954
1507.0, 0.0008743545952974932
1508.0, 0.0011760694282432062
1509.0, 0.0019237408093003348
1510.0, 0.0010687264662958824
1511.0, 0.0009836663684755216
1512.0, 0.0015032429488726197
1513.0, 0.001380870679384242
1514.0, 0.0003080352257862208
1515.0, 0.00176335601654646
1516.0, 0.0018630977970508654
1517.0, 0.000738218442262335
1518.0, 0.0004922039671906932
1519.0, 0.00040854116820296285
1520, 0.0
1521, 0.0
1522, 0.0
1523, 0.0
1524, 0.0
1525, 0.0
1526, 0.0
1527, 0.0
1528, 0.0
1529, 0.0
1530, 0.0
1531, 0.0
1532, 0.0
1533, 0.0
1534, 0.0
1535, 0.0
1536, 0.0
1537, 0.0
1538, 0.0
1539, 0.0
1540, 0.0
1541, 0.0
1542, 0.0
1543, 0.0
1544, 0.0
1545, 0.0
1546, 0.0
1547, 0.0
1548, 0.0
1549, 0.0
1550, 0.0
1551, 0.0
1552, 0.0
1553, 0.0
1554, 0.0
1555, 0.0
1556, 0.0
1557, 0.0
1558, 0.0
1559, 0.0
1560, 0.0
1561, 0.0
1562, 0.0
1563, 0.0
1564, 0.0
1565, 0.0
1566, 0.0
1567, 0.0
1568, 0.0
1569, 0.0
1570, 0.0
1571, 0.0
1572, 0.0
1573, 0.0
1574, 0.0
1575, 0.0
1576, 0.0
1577, 0.0
1578, 0.0
1579, 0.0
1580, 0.0
1581, 0.0
1582, 0.0
1583, 0.0
1584, 0.0
1585, 0.0
1586, 0.0
1587, 0.0
1588, 0.0
1589, 0.0
1590, 0.0
1591, 0.0
1592, 0.0
1593, 0.0
1594, 0.0
1595, 0.0
1596, 0.0
1597, 0.0
1598, 0.0
1599, 0.0
