30, 0.0
31, 0.0
32, 0.0
33, 0.0
34, 0.0
35, 0.0
36, 0.0
37, 0.0
38, 0.0
39, 0.0
40, 0.0
41, 0.0
42, 0.0
43, 0.0
44, 0.0
45, 0.0
46, 0.0
47, 0.0
48, 0.0
49, 0.0
50, 0.0
51, 0.0
52, 0.0
53, 0.0
54, 0.0
55, 0.0
56, 0.0
57, 0.0
58, 0.0
59, 0.0
60, 0.0
61, 0.0
62, 0.0
63, 0.0
64, 0.0
65, 0.0
66, 0.0
67, 0.0
68, 0.0
69, 0.0
70, 0.0
71, 0.0
72, 0.0
73, 0.0
74, 0.0
75, 0.0
76, 0.0
77, 0.0
78, 0.0
79, 0.0
80, 0.0
81, 0.0
82, 0.0
83, 0.0
84, 0.0
85, 0.0
86, 0.0
87, 0.0
88, 0.0
89, 0.0
90, 0.0
91, 0.0
92, 0.0
93, 0.0
94, 0.0
95, 0.0
96, 0.0
97, 0.0
98, 0.0
99, 0.0
100.0, 0.0015490025323977262
101.0, 0.003339462049553496
102.0, 0.0038961907876011418
103.0, 0.002452002172758412
104.0, 0.013343543577384851
105.0, 0.013009532732931001
106.0, 0.01583103638204334
107.0, 0.02710016130259672
108.0, 0.036201773689455104
109.0, 0.027887495975799075
110.0, 0.03385493972651661
111.0, 0.038007015727112375
112.0, 0.03961321548764456
113.0, 0.04863925460432588
114.0, 0.05125530496209653
115.0, 0.062038567493622195
116.0, 0.0702593989138764
117.0, 0.07461992292547388
118.0, 0.07822522646918212
119.0, 0.08670082375016303
120.0, 0.09138345828232727
121.0, 0.10357447130085944
122.0, 0.11278516726598004
123.0, 0.11498384668264264
124.0, 0.1354334981052321
125.0, 0.1342923308842831
126.0, 0.12918729841533208
127.0, 0.118757120450217
128.0, 0.10724944036366384
129.0, 0.10759483427011955
130.0, 0.08875901279369848
131.0, 0.07934551827794525
132.0, 0.07541407205631587
133.0, 0.07708194174101604
134.0, 0.08542328938099744
135.0, 0.08187725335040136
136.0, 0.08203345435007757
137.0, 0.08429719478226806
138.0, 0.09196809243217495
139.0, 0.10829891599185612
140.0, 0.1311409674524075
141.0, 0.14719522783134875
142.0, 0.16903873418052873
143.0, 0.19059246428856794
144.0, 0.2119776652440915
145.0, 0.24853478113462033
146.0, 0.28505348433456346
147.0, 0.33299486201349465
148.0, 0.375246725062291
149.0, 0.41124291396250406
150.0, 0.45171273156283653
151.0, 0.45868901057067235
152.0, 0.4433534407532437
153.0, 0.40487554674613435
154.0, 0.35747770318669897
155.0, 0.32105221806621864
156.0, 0.3147636473016018
157.0, 0.28781829438703327
158.0, 0.2637725174832242
159.0, 0.24532166450111847
160.0, 0.23328769150241854
161.0, 0.23036529755149612
162.0, 0.2181512444094349
163.0, 0.21836840168212793
164.0, 0.23037080702460844
165.0, 0.25087775005049123
166.0, 0.2756228686490621
167.0, 0.3076837057256722
168.0, 0.3359701218935738
169.0, 0.3824083884273338
170.0, 0.4360472406132332
171.0, 0.4820786430023454
172.0, 0.5282623903613916
173.0, 0.5739341774654118
174.0, 0.6153318092238109
175.0, 0.6551797961554181
176.0, 0.6932727434737221
177.0, 0.7250469239703629
178.0, 0.757013708925653
179.0, 0.7754287626785374
180.0, 0.7767763692457187
181.0, 0.7580131418467101
182.0, 0.7182910528472567
183.0, 0.6627459372854356
184.0, 0.5966736500985689
185.0, 0.5303277545730086
186.0, 0.4699768994406908
187.0, 0.4175108315597662
188.0, 0.3679262877321197
189.0, 0.3454835218022542
190.0, 0.32713118862039314
191.0, 0.30238089883546254
192.0, 0.2798727071487686
193.0, 0.27687495706071497
194.0, 0.2598524246096332
195.0, 0.2440891371526158
196.0, 0.22106900469579738
197.0, 0.2002099438908404
198.0, 0.18652371802144568
199.0, 0.16075414370774294
200.0, 0.1454523596161663
201.0, 0.1316984398958874
202.0, 0.11894614573930706
203.0, 0.10754227128107696
204.0, 0.09802860562093642
205.0, 0.08831566853624397
206.0, 0.08199108265929046
207.0, 0.07386313778424732
208.0, 0.07023200281687793
209.0, 0.07368285517276622
210.0, 0.06448649483558128
211.0, 0.059020969021814924
212.0, 0.04778985855811692
213.0, 0.04645129481036767
214.0, 0.05003453553865497
215.0, 0.0345763454666668
216.0, 0.034804733947948606
217.0, 0.03554051197829859
218.0, 0.028599765733632362
219.0, 0.02169343151112126
220.0, 0.024320555767532597
221.0, 0.03459075363144527
222.0, 0.03045678624910532
223.0, 0.02625004875508995
224.0, 0.021810066806612006
225.0, 0.018594523501317968
226.0, 0.019671585048629155
227.0, 0.016406045112771904
228.0, 0.016556718076882755
229.0, 0.013292091516649365
230.0, 0.01043635587251666
231.0, 0.011887543795491751
232.0, 0.012684661071568449
233.0, 0.01701870166748951
234.0, 0.017883180486424115
235.0, 0.017997166131811477
236.0, 0.018832588886165954
237.0, 0.020914480338395824
238.0, 0.03162532076357812
239.0, 0.02917027984669118
240.0, 0.027787958126452635
241.0, 0.02423355906549772
242.0, 0.015426747666074154
243.0, 0.007364355133781931
244.0, 0.021450245873300074
245.0, 0.027059656587534245
246.0, 0.024472759937876405
247.0, 0.020212229433217457
248.0, 0.021449766766993988
249.0, 0.02014333040104602
250.0, 0.04208122472342397
251.0, 0.04360381188306405
252.0, 0.04464366043980037
253.0, 0.05579601600502367
254.0, 0.05977977667766769
255.0, 0.06497836042553522
256.0, 0.07033760333985602
257.0, 0.07362462055822278
258.0, 0.07372732173829546
259.0, 0.07174491253861644
260.0, 0.07398322560067043
261.0, 0.07325505853417405
262.0, 0.07269258837343986
263.0, 0.07101871729152019
264.0, 0.0686618003850703
265.0, 0.06704286456156044
266.0, 0.059788054136787755
267.0, 0.04148183282829727
268.0, 0.041633021740332385
269.0, 0.04673102461307021
270.0, 0.04094001510813473
271.0, 0.02447754633562201
272.0, 0.030663944104509615
273.0, 0.02647653399763538
274.0, 0.027341651090553677
275.0, 0.026052955402816644
276.0, 0.012977712360770553
277.0, 0.013513227126206994
278.0, 0.008535414594711386
279.0, 0.010062395825059895
280.0, 0.011255000902952783
281.0, 0.008685877045645512
282.0, 0.004296872268530365
283.0, 0.0010904530976044034
284.0, 0.004910691575553043
285.0, 0.005675942347073174
286.0, 0.003251265052900071
287.0, 0.001626876342184053
288.0, 0.006965082317264507
289.0, 0.012217683987439705
290.0, 0.013787168387198344
291.0, 0.009773934005681294
292.0, 0.007620327935787612
293.0, 0.011529783550013235
294.0, 0.0036780940540594624
295.0, 0.005663044565261794
296.0, 0.012177037905300855
297.0, 0.01424604842896669
298.0, 0.009643007572062046
299.0, 0.0027073850880443727
300.0, 0.0028871615520397903
301.0, 0.0025020541690359078
302.0, 0.006732398351478887
303.0, 0.008863192285048931
304.0, 0.009219589787025997
305.0, 0.017020041425950774
306.0, 0.018208087540599868
307.0, 0.024903498927277293
308.0, 0.02378343020681908
309.0, 0.023658691236142452
310.0, 0.031856076929567836
311.0, 0.04087362563243423
312.0, 0.042731854535144394
313.0, 0.05289120308155762
314.0, 0.06002889012474218
315.0, 0.06448441298551456
316.0, 0.07139325230503378
317.0, 0.083317253407761
318.0, 0.08208535889180649
319.0, 0.08975097181158856
320.0, 0.10676368220652577
321.0, 0.12320621556879295
322.0, 0.12884438032402176
323.0, 0.1376249249695092
324.0, 0.15200081408852367
325.0, 0.15265378694537468
326.0, 0.15522630095694095
327.0, 0.1604647537120768
328.0, 0.15462601463795872
329.0, 0.14657204812434643
330.0, 0.14177755479343543
331.0, 0.13176343853283592
332.0, 0.11759288814585514
333.0, 0.10354536655314077
334.0, 0.0943972496115717
335.0, 0.08461907560441234
336.0, 0.06495073560201323
337.0, 0.0640916461478797
338.0, 0.06787513372961551
339.0, 0.06548036280512742
340.0, 0.06859414507971517
341.0, 0.051800431749669765
342.0, 0.06656495869431035
343.0, 0.06719361107261985
344.0, 0.06346542918728655
345.0, 0.07023323328654385
346.0, 0.07250622410539766
347.0, 0.07088233667843867
348.0, 0.0834024203061004
349.0, 0.0963009932614043
350.0, 0.10298435423771389
351.0, 0.10280397594484046
352.0, 0.10039213907580431
353.0, 0.08455515708234158
354.0, 0.08465349658213268
355.0, 0.08451591360473179
356.0, 0.08127250330736921
357.0, 0.07806831717075531
358.0, 0.07236965243124599
359.0, 0.051906925799856535
360.0, 0.039817475564740794
361.0, 0.040509531343311145
362.0, 0.0429060298327728
363.0, 0.036650527383358965
364.0, 0.04162506652637256
365.0, 0.025857563244635118
366.0, 0.028350002327137434
367.0, 0.033023971318064546
368.0, 0.0332512299474835
369.0, 0.032345170428338066
370.0, 0.037385325465471395
371.0, 0.02308245163751966
372.0, 0.03194246574551903
373.0, 0.03606391389077852
374.0, 0.03033027862040261
375.0, 0.028018473988889604
376.0, 0.03581162847800228
377.0, 0.028979589793595252
378.0, 0.03254318611062057
379.0, 0.040550194781998034
380.0, 0.047444449297813406
381.0, 0.05163684889966537
382.0, 0.05770035558668267
383.0, 0.06355820779087165
384.0, 0.06536248555460578
385.0, 0.06934152812998959
386.0, 0.07536262461206916
387.0, 0.0781232982420868
388.0, 0.07232357619672991
389.0, 0.0788290136222208
390.0, 0.08141569850308786
391.0, 0.08072973645500589
392.0, 0.08079592503306643
393.0, 0.08291992753830767
394.0, 0.07427028254060522
395.0, 0.0654099440163529
396.0, 0.06307621047742723
397.0, 0.056231250262829026
398.0, 0.049865063979468105
399.0, 0.05207529047217793
400.0, 0.046635303980685994
401.0, 0.050980734137797676
402.0, 0.04862458915813828
403.0, 0.05245669515063807
404.0, 0.060990950922370224
405.0, 0.06522314215067318
406.0, 0.06128118548015679
407.0, 0.062430608416708264
408.0, 0.06328273856128434
409.0, 0.05906516365089742
410.0, 0.05413728303230041
411.0, 0.05245542776213018
412.0, 0.04686357742986553
413.0, 0.04357615565029206
414.0, 0.03483453871153204
415.0, 0.03203756063368174
416.0, 0.027591596259164537
417.0, 0.015469584743228319
418.0, 0.007470641399523178
419.0, 0.006313249032025011
420.0, 0.00684043954945196
421.0, 0.0051654469074238095
422.0, 0.0037372217818424313
423.0, 0.004045430924492627
424.0, 0.0035765273487614983
425.0, 0.010247279274375586
426.0, 0.014063528188143255
427.0, 0.009026788462875055
428.0, 0.0046071220310117105
429.0, 0.004667765369909838
430.0, 0.002827150563730227
431.0, 0.004655116477045038
432.0, 0.007540378859395751
433.0, 0.003689619919198998
434.0, 0.001668635668875241
435.0, 0.0034469082143129375
436.0, 0.0036755197464436195
437.0, 0.005314675323009892
438.0, 0.0013909756153449703
439.0, 0.0014284206407810217
440.0, 0.0036915735080538968
441.0, 0.004417191926628511
442.0, 0.0026209105742346873
443.0, 0.007433525404102864
444.0, 0.0023437186648436466
445.0, 0.0028363919835788427
446.0, 0.009223823908489191
447.0, 0.010639755904122134
448.0, 0.003286015042547815
449.0, 0.007858756447153451
450.0, 0.005271213386571316
451.0, 0.010169699747234272
452.0, 0.021019541141956106
453.0, 0.03063553928765499
454.0, 0.03541598803500213
455.0, 0.03966224188162204
456.0, 0.045224880009678066
457.0, 0.047523019256320305
458.0, 0.05709550014946953
459.0, 0.07121088765287535
460.0, 0.08090879162261864
461.0, 0.08156157015177368
462.0, 0.1053913256581218
463.0, 0.10656961712388177
464.0, 0.1203620389182464
465.0, 0.11836855921919441
466.0, 0.1105132188562271
467.0, 0.11504121741633906
468.0, 0.09020564237324029
469.0, 0.08747328315524337
470.0, 0.06742143087743754
471.0, 0.053550385728705296
472.0, 0.050539248258597694
473.0, 0.05061459488450224
474.0, 0.04194713086930957
475.0, 0.025070868017493392
476.0, 0.02757609720154459
477.0, 0.027687570977618033
478.0, 0.022593337743369597
479.0, 0.01887763896257984
480.0, 0.024072696066932932
481.0, 0.025926156922171734
482.0, 0.009324160552278634
483.0, 0.0028870755306244513
484.0, 0.00283799924541234
485.0, 0.0034842506092971014
486.0, 0.0027371442914330257
487.0, 0.004977537720202175
488.0, 0.004190305118464522
489.0, 0.009223348933482294
490.0, 0.00958730470769209
491.0, 0.008716594894898103
492.0, 0.009636802495279928
493.0, 0.009204279983202827
494.0, 0.022483640268839575
495.0, 0.011053187260075531
496.0, 0.005837368917751078
497.0, 0.00839018033828243
498.0, 0.015682822866990163
499.0, 0.025120364023662516
500.0, 0.03483698834149134
501.0, 0.03622383159821971
502.0, 0.028636821633833746
503.0, 0.03194385195967772
504.0, 0.03638887982013756
505.0, 0.03196967148335893
506.0, 0.030867963146248747
507.0, 0.0325962163601027
508.0, 0.032878115273303546
509.0, 0.0327234318089707
510.0, 0.03220135167342903
511.0, 0.03267018961295184
512.0, 0.034505637536544294
513.0, 0.029814529807818416
514.0, 0.03540075629459979
515.0, 0.029321955213475567
516.0, 0.0326732439833054
517.0, 0.03773803218347708
518.0, 0.035570340127393574
519.0, 0.03822727498221948
520.0, 0.028871201365737592
521.0, 0.03147400617028687
522.0, 0.04286972762529778
523.0, 0.049227473803388
524.0, 0.04589920780908523
525.0, 0.0391431853982548
526.0, 0.03655007929196818
527.0, 0.037017840901765374
528.0, 0.04137302783714355
529.0, 0.042391074463499843
530.0, 0.04091297943685923
531.0, 0.03876655121445938
532.0, 0.035393270637469616
533.0, 0.045837444034111934
534.0, 0.04369473802170792
535.0, 0.04335486810304458
536.0, 0.034027743832684
537.0, 0.024473071212299084
538.0, 0.027934146666625293
539.0, 0.02525578566462334
540.0, 0.014044796588441084
541.0, 0.018138425386159746
542.0, 0.014901681928072277
543.0, 0.009395835174249946
544.0, 0.007524028008373402
545.0, 0.006280705848274205
546.0, 0.008747039957181924
547.0, 0.002597888509686108
548.0, 0.006349656482879363
549.0, 0.006095935817137173
550.0, 0.0031899791531629536
551.0, 0.006109283494702352
552.0, 0.015823105171761727
553.0, 0.005149316831583451
554.0, 0.002044734872466098
555.0, 0.007369710913691486
556.0, 0.01433351674559384
557.0, 0.02164967997505729
558.0, 0.029807918373257827
559.0, 0.028624554562097185
560.0, 0.030591581252746834
561.0, 0.02572411573299757
562.0, 0.024569342871306972
563.0, 0.022679086449459845
564.0, 0.01711769766787973
565.0, 0.0135469417982283
566.0, 0.022532679570321283
567.0, 0.02318436441706183
568.0, 0.02093330315852833
569.0, 0.022530945517223493
570.0, 0.02356510639373956
571.0, 0.019338783928907168
572.0, 0.014087769909152595
573.0, 0.018961660366513537
574.0, 0.019316270411200154
575.0, 0.023019441357520327
576.0, 0.020783810944972024
577.0, 0.016719570587323554
578.0, 0.019144101031327375
579.0, 0.023579370617680194
580.0, 0.014336647895571472
581.0, 0.01857565420439247
582.0, 0.02811885725036801
583.0, 0.03423084168593666
584.0, 0.03751675688552978
585.0, 0.04056676123660283
586.0, 0.03169314789653212
587.0, 0.04728825402214681
588.0, 0.049809851825395546
589.0, 0.05116149274312072
590.0, 0.05606661278821867
591.0, 0.06300143351190307
592.0, 0.06851698808798884
593.0, 0.07607452983143413
594.0, 0.07296662416259882
595.0, 0.07744835750579655
596.0, 0.08779791152759983
597.0, 0.10029944824371968
598.0, 0.11463805711658621
599.0, 0.1337847367047782
600.0, 0.15562458129183032
601.0, 0.18175663827837513
602.0, 0.2091449084554834
603.0, 0.24169970754830541
604.0, 0.282472154982929
605.0, 0.32919619947376133
606.0, 0.3776818994714211
607.0, 0.44394982031857555
608.0, 0.5087909189509142
609.0, 0.5825490288017087
610.0, 0.655984064492521
611.0, 0.7404049176931323
612.0, 0.8344555711631108
613.0, 0.9129960067504679
614.0, 0.9895226882914916
615.0, 0.9988075643378974
616.0, 0.9952047576020235
617.0, 0.9699236507273326
618.0, 0.8994089016494579
619.0, 0.786011733498561
620.0, 0.6710545982483338
621.0, 0.5728630852763165
622.0, 0.4713922649836733
623.0, 0.40034397082530027
624.0, 0.3378515892967724
625.0, 0.2799247127780636
626.0, 0.23566617426141875
627.0, 0.21045161387785571
628.0, 0.17682605474325502
629.0, 0.15216404183820045
630.0, 0.12828445205107294
631.0, 0.11357319800100389
632.0, 0.09961934123719816
633.0, 0.085548309286301
634.0, 0.08450028817371397
635.0, 0.06844087935273734
636.0, 0.06289815335359361
637.0, 0.05596023891810927
638.0, 0.05148614282499678
639.0, 0.04473791849819435
640.0, 0.0399384743733689
641.0, 0.04882160612415308
642.0, 0.043658979467451245
643.0, 0.037287963865312565
644.0, 0.05222258209176262
645.0, 0.04394540434513172
646.0, 0.04154575380975332
647.0, 0.0527314062556571
648.0, 0.04294070371746325
649.0, 0.03771242105918497
650.0, 0.05332483166468533
651.0, 0.054480737008194155
652.0, 0.051920123080509896
653.0, 0.043176102216918685
654.0, 0.031853142345373814
655.0, 0.03011988900691985
656.0, 0.04324436155397345
657.0, 0.027964530205901783
658.0, 0.0328197238828368
659.0, 0.032595418540828466
660.0, 0.03062910712745538
661.0, 0.027857336753033576
662.0, 0.02369804507845161
663.0, 0.03016054722600816
664.0, 0.021600325177135955
665.0, 0.024650015985674918
666.0, 0.026045742090891232
667.0, 0.026406985449842015
668.0, 0.02701105291905155
669.0, 0.027530818718484777
670.0, 0.027152697973246567
671.0, 0.026509498915442024
672.0, 0.04348089514196448
673.0, 0.03946443798585831
674.0, 0.03678456667350875
675.0, 0.03206672945127691
676.0, 0.02655708768924281
677.0, 0.039050182825868855
678.0, 0.03918019897088916
679.0, 0.04108687213490375
680.0, 0.05307575711109462
681.0, 0.04891474952118259
682.0, 0.0453563313274583
683.0, 0.04787789760683486
684.0, 0.04334347392733652
685.0, 0.045047051891607126
686.0, 0.033592220054830216
687.0, 0.045924137007890484
688.0, 0.04223071788018803
689.0, 0.03363286566561179
690.0, 0.03445860262487198
691.0, 0.03954187198916591
692.0, 0.026581790989727787
693.0, 0.035564325021102176
694.0, 0.03949536254933569
695.0, 0.03830281866015891
696.0, 0.03309936773535072
697.0, 0.03180334252334536
698.0, 0.03407536090741517
699.0, 0.029739627932831005
700.0, 0.02908319574230072
701.0, 0.027748719395313717
702.0, 0.03006350918693081
703.0, 0.03193105598943256
704.0, 0.03807314655706148
705.0, 0.03814679551534984
706.0, 0.02391360684300051
707.0, 0.023157451817567794
708.0, 0.011388837871351606
709.0, 0.019515773720373972
710.0, 0.02739141119295998
711.0, 0.02813953312049196
712.0, 0.03137433993053867
713.0, 0.04104581140394935
714.0, 0.04333536666111467
715.0, 0.033771073408062395
716.0, 0.03206154540975222
717.0, 0.03157946761484152
718.0, 0.03489595964829231
719.0, 0.040421676254293014
720.0, 0.04899481690566233
721.0, 0.05987994866900193
722.0, 0.06322013751293917
723.0, 0.07426051335514218
724.0, 0.07397050808253806
725.0, 0.09672634156108054
726.0, 0.1019235064451882
727.0, 0.10453784586482427
728.0, 0.11955443494400277
729.0, 0.12493758379672781
730.0, 0.13389556576823772
731.0, 0.14045750823496578
732.0, 0.13150472034847788
733.0, 0.12202301616162507
734.0, 0.11200195595812715
735.0, 0.1009125424109172
736.0, 0.08827709278337634
737.0, 0.07041055283143687
738.0, 0.057938992919797545
739.0, 0.0492695416861023
740.0, 0.038043114249926895
741.0, 0.033777682008609825
742.0, 0.028589397390835075
743.0, 0.021133141550752445
744.0, 0.02010277915426577
745.0, 0.02153363167393496
746.0, 0.018148728189192373
747.0, 0.0176493708021313
748.0, 0.006529128284551145
749.0, 0.008241081483767478
750.0, 0.010716971673738734
751.0, 0.004334765321343276
752.0, 0.00682038363364289
753.0, 0.010674248645737431
754.0, 0.00874850538434447
755.0, 0.0028342039184351448
756.0, 0.0011476811798714806
757.0, 0.0044051908821313955
758.0, 0.004936660363270152
759.0, 0.0009920953503601922
760.0, 0.0041355077959765296
761.0, 0.006813851978851879
762.0, 0.011775504483288363
763.0, 0.01247500125520619
764.0, 0.014718534042257456
765.0, 0.014641838868197237
766.0, 0.010910831916156088
767.0, 0.007298497343607707
768.0, 0.0068668263696944525
769.0, 0.004106492827366679
770.0, 0.004182681023940986
771.0, 0.00864990922127214
772.0, 0.010949985341760093
773.0, 0.00782409963778275
774.0, 0.00880973511275131
775.0, 0.02042668532321428
776.0, 0.021824458581468302
777.0, 0.008027236859742558
778.0, 0.004076479518920578
779.0, 0.007584662978549367
780.0, 0.008800989700649858
781.0, 0.007028858733101336
782.0, 0.003824672070539259
783.0, 0.0007327877953385937
784.0, 0.002531300398380596
785.0, 0.0003264184740848623
786.0, 0.0022960906687277552
787.0, 0.001387820957544556
788.0, 0.00359106065809289
789.0, 0.005624989431327739
790.0, 0.008808050570635783
791.0, 0.015004821789013738
792.0, 0.008139488912350026
793.0, 0.012732498975165625
794.0, 0.00737076303740092
795.0, 0.0107869942355095
796.0, 0.015141776620412956
797.0, 0.010782273469192569
798.0, 0.006674048431170204
799.0, 0.015160805214498115
800.0, 0.016509852460056616
801.0, 0.014261101952402336
802.0, 0.012450329477730657
803.0, 0.012627715173869203
804.0, 0.014084773400286256
805.0, 0.02303425316653094
806.0, 0.02894686075815034
807.0, 0.02331827525306243
808.0, 0.034316458511741574
809.0, 0.03329372277445864
810.0, 0.027015435786607
811.0, 0.01873792955127759
812.0, 0.014270750149026271
813.0, 0.018280793116421515
814.0, 0.016668941964926822
815.0, 0.006684901401310408
816.0, 0.02288024222321047
817.0, 0.026091636975063795
818.0, 0.021615116483449846
819.0, 0.010876663185316411
820.0, 0.008193949071447293
821.0, 0.01078875317368105
822.0, 0.01211040098701668
823.0, 0.011215208054349708
824.0, 0.011254236048699937
825.0, 0.003013302827800142
826.0, 0.006790150705729282
827.0, 0.015232184928576165
828.0, 0.01277137431693747
829.0, 0.011095017898422956
830.0, 0.010651583435528703
831.0, 0.007565741966485959
832.0, 0.005471904929139082
833.0, 0.006671472807855026
834.0, 0.0016847676398087158
835.0, 0.01193560973591649
836.0, 0.0061607717216694575
837.0, 0.0028228888116214952
838.0, 0.007331096405699408
839.0, 0.0155709287334323
840.0, 0.017935386220599165
841.0, 0.0013610719359222149
842.0, 0.009104590036940773
843.0, 0.02952898828295044
844.0, 0.016674946323746206
845.0, 0.00412632966868572
846.0, 0.011195810670834491
847.0, 0.015984580270772916
848.0, 0.008868976493093443
849.0, 0.02490533319217176
850.0, 0.03385099650826842
851.0, 0.015179574633130856
852.0, 0.027459351144689628
853.0, 0.028193567711616286
854.0, 0.023954227096640412
855.0, 0.02214854631203675
856.0, 0.02205062912879284
857.0, 0.0201499042796841
858.0, 0.017065226327325548
859.0, 0.0235560536828652
860.0, 0.03677017282310491
861.0, 0.04274761775310249
862.0, 0.04218187251122641
863.0, 0.03695924420470695
864.0, 0.03148664226749883
865.0, 0.03397783412517207
866.0, 0.04427898460639718
867.0, 0.020964192615265814
868.0, 0.030712400908035543
869.0, 0.036086001809685735
870.0, 0.03133202651092207
871.0, 0.029943685948819434
872.0, 0.03035311092106898
873.0, 0.025539425178712275
874.0, 0.01919263754183762
875.0, 0.024181854687881123
876.0, 0.015127513400158301
877.0, 0.010204243584449848
878.0, 0.012003393535992338
879.0, 0.0077265456473032
880.0, 0.008557232790832281
881.0, 0.007403385465256342
882.0, 0.0015569225771555268
883.0, 0.005597942168422406
884.0, 0.009202903543681076
885.0, 0.00898730164343409
886.0, 0.01853632803488585
887.0, 0.02296293217908692
888.0, 0.01731409986509075
889.0, 0.010872085464719738
890.0, 0.01420024563616676
891.0, 0.023150060188219874
892.0, 0.024310012915007926
893.0, 0.035021113375250025
894.0, 0.012368886728521043
895.0, 0.024317488938105716
896.0, 0.018337860617666485
897.0, 0.018590651288355724
898.0, 0.027893475280253495
899.0, 0.031135918896899248
900.0, 0.025989970526503023
901.0, 0.0330288262052131
902.0, 0.044996171693152086
903.0, 0.02473080083673524
904.0, 0.03147914939469554
905.0, 0.03735969211395697
906.0, 0.041149680505043466
907.0, 0.044901653409229254
908.0, 0.05098318433580174
909.0, 0.057173768290691235
910.0, 0.05550087703100059
911.0, 0.05758645664524336
912.0, 0.06763536405567232
913.0, 0.06774454241460214
914.0, 0.066388532124117
915.0, 0.06489705312153582
916.0, 0.06931121951918287
917.0, 0.07387917659243823
918.0, 0.0739380788313949
919.0, 0.08336416950652728
920.0, 0.0735251338550596
921.0, 0.07031662606547488
922.0, 0.07590394864162041
923.0, 0.08558691691020895
924.0, 0.0987269602396297
925.0, 0.11355758954198088
926.0, 0.1273194190145783
927.0, 0.1333092790003796
928.0, 0.1255148485601725
929.0, 0.1272452982353757
930.0, 0.12607763790629203
931.0, 0.11845990612599366
932.0, 0.10786738693888945
933.0, 0.09994795186875052
934.0, 0.09107743400879252
935.0, 0.0821224080767659
936.0, 0.07646120825374188
937.0, 0.0728951512910589
938.0, 0.07677089101902683
939.0, 0.0594607047410698
940.0, 0.06249660235105443
941.0, 0.06213129888968298
942.0, 0.05851964509311366
943.0, 0.05504966055365808
944.0, 0.05171930573759038
945.0, 0.05078351688788505
946.0, 0.056288514525326315
947.0, 0.059163592135115683
948.0, 0.04884489582600927
949.0, 0.04360329916617305
950.0, 0.04825194201640132
951.0, 0.04160285029559349
952.0, 0.047862667457453656
953.0, 0.05264405645444578
954.0, 0.047707856538688545
955.0, 0.049134265276543146
956.0, 0.04752809977781892
957.0, 0.04821053560472277
958.0, 0.03979064764673115
959.0, 0.04048420531733956
960.0, 0.036800246751206016
961.0, 0.034892232676362336
962.0, 0.03309434720390815
963.0, 0.03128350815415628
964.0, 0.03161785057905804
965.0, 0.03239427583298222
966.0, 0.03364072419962732
967.0, 0.032550899125884644
968.0, 0.03455149095644889
969.0, 0.030919369571742687
970.0, 0.02429065398764003
971.0, 0.026936150830453025
972.0, 0.02937975070071319
973.0, 0.022487914033099247
974.0, 0.018780138195490292
975.0, 0.032175028705707896
976.0, 0.03054817568743541
977.0, 0.022442486368623307
978.0, 0.026063423713674327
979.0, 0.030254625842191213
980.0, 0.023443164214503504
981.0, 0.019165283277604868
982.0, 0.019753523256731208
983.0, 0.02002617013124635
984.0, 0.020509089051698334
985.0, 0.011127885854465521
986.0, 0.012478710752589448
987.0, 0.002228792681289671
988.0, 0.007083497814135586
989.0, 0.004079039182991312
990.0, 0.005338427430164359
991.0, 0.012628648579092292
992.0, 0.015488474391185508
993.0, 0.009097018667087068
994.0, 0.0036197984450399147
995.0, 0.008903972166227738
996.0, 0.006028806041550997
997.0, 0.006042834508147543
998.0, 0.0042442538726681234
999.0, 0.007264756341773035
1000.0, 0.014793251088435811
1001.0, 0.018767230531257804
1002.0, 0.019780268874680148
1003.0, 0.022278319348202538
1004.0, 0.02130106846219898
1005.0, 0.023037198621855232
1006.0, 0.02051312146992673
1007.0, 0.016501242940730666
1008.0, 0.017161032562981425
1009.0, 0.007217184579575946
1010.0, 0.014507845210227514
1011.0, 0.022992689542074445
1012.0, 0.021432073648552895
1013.0, 0.016856887192471
1014.0, 0.002164345010643662
1015.0, 0.012805940727755288
1016.0, 0.0008805018197973824
1017.0, 0.023436341791019215
1018.0, 0.009383553664709793
1019.0, 0.02056622890583494
1020.0, 0.018217054697218297
1021.0, 0.021177845706583015
1022.0, 0.03144698548727255
1023.0, 0.022630550246640718
1024.0, 0.012032334337191909
1025.0, 0.006798111925155547
1026.0, 0.014745473503355162
1027.0, 0.006442672239957403
1028.0, 0.003262187709622782
1029.0, 0.006996792325361539
1030.0, 0.00832503263573016
1031.0, 0.005649682189145419
1032.0, 0.002438089707505654
1033.0, 0.0011114512824753056
1034.0, 0.0029099954695880823
1035.0, 0.008568187735537778
1036.0, 0.0002544311855329167
1037.0, 0.011473864233585093
1038.0, 0.008236380152992858
1039.0, 0.0025546611024330704
1040.0, 0.009446637837177491
1041.0, 0.013430844812659016
1042.0, 0.010551630775334062
1043.0, 0.0073146056624801515
1044.0, 0.004959928444568923
1045.0, 0.006159833672541304
1046.0, 0.008818823063198557
1047.0, 0.006013517105265875
1048.0, 0.03271084821216646
1049.0, 0.025886912505415527
1050.0, 0.013713540343929215
1051.0, 0.023033377639890783
1052.0, 0.025623676442809263
1053.0, 0.02150206054723411
1054.0, 0.029987138564190986
1055.0, 0.02943522862296999
1056.0, 0.025136145173495276
1057.0, 0.02981478318403514
1058.0, 0.03066031687771211
1059.0, 0.028589760399411374
1060.0, 0.033972422057816094
1061.0, 0.03836866800371365
1062.0, 0.039113910912816297
1063.0, 0.044541407096956004
1064.0, 0.04457434533806076
1065.0, 0.033270821707631425
1066.0, 0.04174138248602205
1067.0, 0.028910816839572473
1068.0, 0.029883140574991342
1069.0, 0.0366170327951489
1070.0, 0.02610143912772607
1071.0, 0.029229128768575773
1072.0, 0.023939579429801117
1073.0, 0.029479127172418726
1074.0, 0.041288540457196536
1075.0, 0.04405442736975893
1076.0, 0.041460022743794886
1077.0, 0.024972075130228307
1078.0, 0.03155431401721194
1079.0, 0.013190679763680647
1080.0, 0.03760896837466467
1081.0, 0.033465018380860606
1082.0, 0.03338666629755131
1083.0, 0.035859283830760626
1084.0, 0.0356813212865058
1085.0, 0.03692000218050605
1086.0, 0.040796528486351666
1087.0, 0.03827158488782361
1088.0, 0.02504009005408472
1089.0, 0.015834350675429272
1090.0, 0.02761876437395688
1091.0, 0.031611275595592986
1092.0, 0.03557575077118601
1093.0, 0.037161961678296225
1094.0, 0.029179574346340217
1095.0, 0.01847033913604831
1096.0, 0.019299791819883057
1097.0, 0.03173327533165797
1098.0, 0.03629665057268088
1099.0, 0.022020699532618863
1100.0, 0.018636124287503286
1101.0, 0.017590273451458
1102.0, 0.03392637143870749
1103.0, 0.01617205416429935
1104.0, 0.02203574965316901
1105.0, 0.027184880894726485
1106.0, 0.028571550823979077
1107.0, 0.030164487015214726
1108.0, 0.021988027437782574
1109.0, 0.006770278002520438
1110.0, 0.009362147477351064
1111.0, 0.00620164370753791
1112.0, 0.016002801831915416
1113.0, 0.026658746844916353
1114.0, 0.022679093776792
1115.0, 0.0313172780403557
1116.0, 0.04245894650074466
1117.0, 0.028362925492954646
1118.0, 0.024088267125788678
1119.0, 0.029085582243842324
1120.0, 0.024283724086077877
1121.0, 0.028485454185726573
1122.0, 0.019624534335440293
1123.0, 0.03461772685210067
1124.0, 0.00834167372053674
1125.0, 0.029204848785090026
1126.0, 0.03190001245644776
1127.0, 0.021124671442228668
1128.0, 0.0150547823060805
1129.0, 0.01251429541416281
1130.0, 0.011883447519526259
1131.0, 0.012057952083310956
1132.0, 0.013159287252525534
1133.0, 0.02043761543552937
1134.0, 0.02715260518670943
1135.0, 0.03511964358241024
1136.0, 0.03415227638097423
1137.0, 0.013458511561542683
1138.0, 0.02304102301951486
1139.0, 0.017605265172926515
1140.0, 0.005824949717017708
1141.0, 0.004213065505074131
1142.0, 0.00816212822783341
1143.0, 0.013825574809350634
1144.0, 0.018965144630578384
1145.0, 0.010714702101719703
1146.0, 0.011075982308830824
1147.0, 0.005496564288359044
1148.0, 0.003959788301778239
1149.0, 0.0027148305895443483
1150.0, 0.009228041658721377
1151.0, 0.009574336590559267
1152.0, 0.0062664917092345685
1153.0, 0.00605000788013183
1154.0, 0.009487116542671632
1155.0, 0.012085288638650988
1156.0, 0.012185691113568346
1157.0, 0.012600273016084948
1158.0, 0.011530433721739092
1159.0, 0.009753416103361556
1160.0, 0.0132567727231174
1161.0, 0.007401451832286585
1162.0, 0.007700254322281896
1163.0, 0.010045168913993468
1164.0, 0.005820883190770973
1165.0, 0.0071294649991710465
1166.0, 0.022784898228577932
1167.0, 0.036631821142339614
1168.0, 0.0343773718105927
1169.0, 0.02608845547717855
1170.0, 0.016116172380975777
1171.0, 0.022176713615836088
1172.0, 0.026280131668287084
1173.0, 0.01314728514265456
1174.0, 0.01180719246151069
1175.0, 0.020115726165975793
1176.0, 0.021413057075155794
1177.0, 0.021582613780027404
1178.0, 0.018147446751239325
1179.0, 0.009646651867701821
1180.0, 0.007862391572818275
1181.0, 0.01167504961595184
1182.0, 0.004198681784921059
1183.0, 0.01703139755243898
1184.0, 0.0028642152681900863
1185.0, 0.011082551906447743
1186.0, 0.02993446263913835
1187.0, 0.014176517665049723
1188.0, 0.009813550417389646
1189.0, 0.0060199827583438306
1190.0, 0.01059216523464222
1191.0, 0.010298962691161206
1192.0, 0.007465801848990872
1193.0, 0.01418534877448896
1194.0, 0.021198647803736256
1195.0, 0.02602273789187405
1196.0, 0.027745734892769627
1197.0, 0.030850444784523447
1198.0, 0.03117425968048816
1199.0, 0.0306526511611116
1200.0, 0.03667308447131171
1201.0, 0.035689810607490734
1202.0, 0.014753128647847558
1203.0, 0.016215111028143943
1204.0, 0.017021853350460237
1205.0, 0.010677100200898165
1206.0, 0.02086937755950835
1207.0, 0.028577744506848975
1208.0, 0.01196265858463013
1209.0, 0.007895907867005595
1210.0, 0.027433237127514
1211.0, 0.012267631213643816
1212.0, 0.013209810838866281
1213.0, 0.026217730266846526
1214.0, 0.011571078176346785
1215.0, 0.011555804250730542
1216.0, 0.023369000826253834
1217.0, 0.021611985015960723
1218.0, 0.012431566695846458
1219.0, 0.010137638151418422
1220.0, 0.01602838434941435
1221.0, 0.026066822893785146
1222.0, 0.018038485083121822
1223.0, 0.034577255954385
1224.0, 0.03942192886616683
1225.0, 0.013401703539688154
1226.0, 0.008092114881011388
1227.0, 0.022020020945073993
1228.0, 0.011911283580338314
1229.0, 0.021120222564539888
1230.0, 0.024710966606918027
1231.0, 0.016317466826925836
1232.0, 0.00881670371951552
1233.0, 0.009607932747697629
1234.0, 0.018995359811270512
1235.0, 0.02433359121560877
1236.0, 0.032444636228681135
1237.0, 0.026528362039970683
1238.0, 0.02258777257292389
1239.0, 0.036195147081251135
1240.0, 0.032462581265167746
1241.0, 0.03983670297404419
1242.0, 0.04186741946540684
1243.0, 0.026679566691082474
1244.0, 0.02513119403086349
1245.0, 0.03388735832246883
1246.0, 0.03510338380828389
1247.0, 0.036783342527780205
1248.0, 0.040625247448550575
1249.0, 0.028452407439735473
1250.0, 0.027147914281288526
1251.0, 0.03183262786189152
1252.0, 0.05342575845434642
1253.0, 0.0420494956598967
1254.0, 0.01834480769485729
1255.0, 0.03357886981957147
1256.0, 0.02755160311147061
1257.0, 0.020235570172861685
1258.0, 0.025433799257126723
1259.0, 0.0215323448591412
1260.0, 0.01072924353144971
1261.0, 0.014486753348866501
1262.0, 0.029186753845319328
1263.0, 0.032898267491524205
1264.0, 0.02594564358842358
1265.0, 0.038317709785980994
1266.0, 0.032453763541262115
1267.0, 0.04947369780464889
1268.0, 0.02443037320107605
1269.0, 0.011384559969805901
1270.0, 0.012042030040025863
1271.0, 0.020644791262468196
1272.0, 0.031546046305480004
1273.0, 0.02463293217472157
1274.0, 0.01640553872749821
1275.0, 0.01635798747429589
1276.0, 0.011782872765927805
1277.0, 0.008955960275219879
1278.0, 0.015062881397017336
1279.0, 0.0035681819068278955
1280.0, 0.009761371011386577
1281.0, 0.00482973543928162
1282.0, 0.02108670433574531
1283.0, 0.00619529263662256
1284.0, 0.0034197908554613457
1285.0, 0.00213820932732148
1286.0, 0.007238671153197899
1287.0, 0.007568356567219184
1288.0, 0.007485609784028436
1289.0, 0.009033937872414502
1290.0, 0.0057959245630227335
1291.0, 0.0018926320737959375
1292.0, 0.004412450312426026
1293.0, 0.006762072031677368
1294.0, 0.005990331207734479
1295.0, 0.0017290939228757174
1296.0, 0.0068092119094488686
1297.0, 0.007128171609287725
1298.0, 0.0007057489647954384
1299.0, 0.004911931389230961
1300.0, 0.0029564707555998597
1301.0, 0.01233270387473639
1302.0, 0.011143439404483443
1303.0, 0.018370829693516687
1304.0, 0.010907887900175377
1305.0, 0.007492415484703105
1306.0, 0.021178609726537942
1307.0, 0.02793634546207147
1308.0, 0.027806942629946672
1309.0, 0.031036148088954916
1310.0, 0.020212358710760176
1311.0, 0.043617787393637225
1312.0, 0.04120906334565092
1313.0, 0.01375712000222307
1314.0, 0.05100398948896599
1315.0, 0.04719951024725545
1316.0, 0.05159869852559505
1317.0, 0.043745887793209356
1318.0, 0.05744626089833182
1319.0, 0.059573433932410616
1320.0, 0.04950339091712048
1321.0, 0.04676441444643803
1322.0, 0.03921123226214849
1323.0, 0.031129166400616658
1324.0, 0.03229325992962024
1325.0, 0.027872723937683273
1326.0, 0.03350603872456501
1327.0, 0.024542408774449683
1328.0, 0.04209966953329499
1329.0, 0.027911065450855838
1330.0, 0.04354099711821746
1331.0, 0.03487162541654536
1332.0, 0.036537287747435754
1333.0, 0.03676777084158079
1334.0, 0.024074507362486872
1335.0, 0.02461483017491219
1336.0, 0.02322629675440473
1337.0, 0.013660860216677772
1338.0, 0.01184182994008924
1339.0, 0.01834041761816144
1340.0, 0.025263172199215648
1341.0, 0.031047252779149274
1342.0, 0.027611054677218944
1343.0, 0.01984900228923178
1344.0, 0.03162830707744725
1345.0, 0.022821790492759626
1346.0, 0.01941177124488281
1347.0, 0.024072052783245746
1348.0, 0.01738887065241871
1349.0, 0.020241619644213157
1350.0, 0.016158917257640754
1351.0, 0.014103873174237192
1352.0, 0.01720294377474299
1353.0, 0.02065770434204753
1354.0, 0.021725391139473152
1355.0, 0.01638847707490195
1356.0, 0.01799899971815963
1357.0, 0.014856003817517699
1358.0, 0.004373439772106747
1359.0, 0.016229994474946174
1360.0, 0.03020941524706852
1361.0, 0.018661476422669736
1362.0, 0.024032738646745103
1363.0, 0.028888356334134817
1364.0, 0.002264129015610166
1365.0, 0.030934676891158724
1366.0, 0.010820611433415495
1367.0, 0.030354384540659737
1368.0, 0.015861392930640865
1369.0, 0.005186155115560101
1370.0, 0.002181607547971192
1371.0, 0.0016185639945087153
1372.0, 0.011348640811840343
1373.0, 0.015387676004900024
1374.0, 0.01705158004578188
1375.0, 0.023973158792538765
1376.0, 0.019874889145913288
1377.0, 0.01500363384381763
1378.0, 0.03175742102019573
1379.0, 0.029974998100022673
1380.0, 0.008396582698145213
1381.0, 0.009874515111780469
1382.0, 0.0026609753049513856
1383.0, 0.014501666419398467
1384.0, 0.021882367777194354
1385.0, 0.025251671545465006
1386.0, 0.020564888432399737
1387.0, 0.01499794055017122
1388.0, 0.021542087421946448
1389.0, 0.008989429435962266
1390.0, 0.01703811946510863
1391.0, 0.020025571483547326
1392.0, 0.01857474559671263
1393.0, 0.009676726973485457
1394.0, 0.0020304148974995035
1395.0, 0.004914253588443784
1396.0, 0.010994303739661376
1397.0, 0.018789461340353128
1398.0, 0.01990135995449013
1399.0, 0.013027211567028185
1400.0, 0.017067986221885493
1401.0, 0.004064710142317452
1402.0, 0.01717178938231669
1403.0, 0.01649847351487373
1404.0, 0.01849579691610619
1405.0, 0.012636383711267437
1406.0, 0.011036169739333787
1407.0, 0.01246332302401444
1408.0, 0.017325739110876696
1409.0, 0.00824550908828935
1410.0, 0.014065351649637065
1411.0, 0.010575348573626447
1412.0, 0.019167131904092236
1413.0, 0.021818320972670946
1414.0, 0.024739229340436722
1415.0, 0.02525301399697112
1416.0, 0.02176078762903489
1417.0, 0.02305910322596348
1418.0, 0.013735478644846304
1419.0, 0.02106594565643432
1420.0, 0.009348283054503689
1421.0, 0.03146548479109136
1422.0, 0.017010389009291423
1423.0, 0.01839211549417019
1424.0, 0.024193845109022494
1425.0, 0.021592592501244585
1426.0, 0.01588682073764666
1427.0, 0.031521296877432894
1428.0, 0.020662381608712994
1429.0, 0.030412204278110866
1430.0, 0.02516883008717296
1431.0, 0.023408970871801996
1432.0, 0.029816702310419125
1433.0, 0.024679088628723544
1434.0, 0.01896246189551047
1435.0, 0.023012179902352575
1436.0, 0.033359437076868045
1437.0, 0.04584538751375442
1438.0, 0.05390155587418982
1439.0, 0.04201745921969677
1440.0, 0.026646351339316178
1441.0, 0.04037781070199439
1442.0, 0.030907280704880455
1443.0, 0.06402431761477331
1444.0, 0.050227482310369144
1445.0, 0.045030506505209636
1446.0, 0.06286567095260703
1447.0, 0.05015126619210343
1448.0, 0.07472066051994153
1449.0, 0.07652474750742948
1450.0, 0.0769648714753577
1451.0, 0.050752170382368615
1452.0, 0.050340732986650254
1453.0, 0.055864093348681094
1454.0, 0.06019732207502799
1455.0, 0.06681501574335423
1456.0, 0.0669421453877921
1457.0, 0.06002652888433704
1458.0, 0.051745580806554406
1459.0, 0.049511974082566745
1460.0, 0.056139556282923976
1461.0, 0.06408035310390758
1462.0, 0.06136839952694824
1463.0, 0.04492594462485494
1464.0, 0.03383714901418802
1465.0, 0.043398051033141705
1466.0, 0.04527811876077638
1467.0, 0.04496277460986961
1468.0, 0.045315926110522854
1469.0, 0.03165046477069808
1470.0, 0.05109979182583807
1471.0, 0.029222556921670167
1472.0, 0.03517256339495416
1473.0, 0.03816605512618311
1474.0, 0.045982180557342114
1475.0, 0.03905187937383163
1476.0, 0.040814451048856566
1477.0, 0.04116502801113862
1478.0, 0.038490389490131796
1479.0, 0.04873072307885458
1480.0, 0.0374391208083576
1481.0, 0.025780480465668734
1482.0, 0.03378476709967153
1483.0, 0.03035805920776372
1484.0, 0.030967626942496287
1485.0, 0.035445436202939766
1486.0, 0.02970665461763557
1487.0, 0.024729504679630764
1488.0, 0.025651000261350067
1489.0, 0.03515328304438895
1490.0, 0.02644808452928129
1491.0, 0.024350829441038963
1492.0, 0.01936620507635323
1493.0, 0.010294766827410637
1494.0, 0.0060757057215977805
1495.0, 0.00290575329986378
1496.0, 0.00869670668604245
1497.0, 0.03472526266079978
1498.0, 0.01618794794707332
1499.0, 0.029544608720546553
1500.0, 0.01837517492280878
1501.0, 0.032498946528033014
1502.0, 0.018613577490419086
1503.0, 0.02793244619794336
1504.0, 0.024590821374230548
1505.0, 0.036456195333601435
1506.0, 0.028414412520074456
1507.0, 0.038406823680703236
1508.0, 0.035968035483758896
1509.0, 0.04097762432289012
1510.0, 0.03939808346764912
1511.0, 0.03306217845376479
1512.0, 0.03286887636760899
1513.0, 0.019880898618586496
1514.0, 0.013342033390082298
1515.0, 0.02683726703166159
1516.0, 0.02185839792091553
1517.0, 0.01928772854180622
1518.0, 0.037226540066540165
1519.0, 0.01844743677051228
1520.0, 0.0201403264759839
1521.0, 0.019018529336677893
1522.0, 0.03159593962651555
1523.0, 0.02778654749978881
1524.0, 0.007112029105166117
1525.0, 0.020338031113035445
1526.0, 0.008517710058377356
1527.0, 0.02133806820235739
1528.0, 0.03474739877105421
1529.0, 0.03268706094841499
1530.0, 0.023502907051571677
1531.0, 0.0070293359774572925
1532.0, 0.009286386873742865
1533.0, 0.011622671201453601
1534.0, 0.02530896417599465
1535.0, 0.03376743597382027
1536.0, 0.024656839900463353
1537.0, 0.017621172724610435
1538.0, 0.01939875082928079
1539.0, 0.016920577571034694
1540.0, 0.012443706706139524
1541.0, 0.009892740028434684
1542.0, 0.015577719707142704
1543.0, 0.012319512881842114
1544.0, 0.019348553229670832
1545.0, 0.018594037507587157
1546.0, 0.0160619029249794
1547.0, 0.01901616285437048
1548.0, 0.01073933352176223
1549.0, 0.018443279532358997
1550.0, 0.016786376094957593
1551.0, 0.026502302409620787
1552.0, 0.014150278214056077
1553.0, 0.01610893328886391
1554.0, 0.008168627605709475
1555.0, 0.002135961959311772
1556.0, 0.0037624664712075703
1557.0, 0.019754394416708836
1558.0, 0.016314695590414346
1559.0, 0.035803119266375756
1560.0, 0.029500157967483093
1561.0, 0.01973668109997694
1562.0, 0.028297635276182467
1563.0, 0.02042199170072575
1564.0, 0.012175410645295554
1565.0, 0.007293755317471502
1566.0, 0.023124514433220764
1567.0, 0.022163727541775206
1568.0, 0.003154197842331256
1569.0, 0.01536085085572659
1570.0, 0.003514827132110099
1571, 0.0
1572, 0.0
1573, 0.0
1574, 0.0
1575, 0.0
1576, 0.0
1577, 0.0
1578, 0.0
1579, 0.0
1580, 0.0
1581, 0.0
1582, 0.0
1583, 0.0
1584, 0.0
1585, 0.0
1586, 0.0
1587, 0.0
1588, 0.0
1589, 0.0
1590, 0.0
1591, 0.0
1592, 0.0
1593, 0.0
1594, 0.0
1595, 0.0
1596, 0.0
1597, 0.0
1598, 0.0
1599, 0.0
