30, 0.0
31, 0.0
32, 0.0
33, 0.0
34, 0.0
35, 0.0
36, 0.0
37, 0.0
38, 0.0
39, 0.0
40, 0.0
41, 0.0
42, 0.0
43, 0.0
44, 0.0
45, 0.0
46, 0.0
47, 0.0
48, 0.0
49, 0.0
50, 0.0
51, 0.0
52, 0.0
53, 0.0
54, 0.0
55, 0.0
56, 0.0
57, 0.0
58, 0.0
59, 0.0
60, 0.0
61, 0.0
62, 0.0
63, 0.0
64, 0.0
65, 0.0
66, 0.0
67, 0.0
68, 0.0
69, 0.0
70, 0.0
71, 0.0
72, 0.0
73, 0.0
74, 0.0
75, 0.0
76, 0.0
77, 0.0
78, 0.0
79, 0.0
80, 0.0
81, 0.0
82, 0.0
83, 0.0
84, 0.0
85, 0.0
86, 0.0
87, 0.0
88, 0.0
89, 0.0
90, 0.0
91, 0.0
92, 0.0
93, 0.0
94, 0.0
95, 0.0
96, 0.0
97, 0.0
98, 0.0
99, 0.0
100, 0.0
101, 0.0
102, 0.0
103, 0.0
104, 0.0
105, 0.0
106, 0.0
107, 0.0
108, 0.0
109, 0.0
110, 0.0
111, 0.0
112, 0.0
113, 0.0
114, 0.0
115, 0.0
116, 0.0
117, 0.0
118, 0.0
119, 0.0
120, 0.0
121, 0.0
122, 0.0
123, 0.0
124, 0.0
125, 0.0
126, 0.0
127, 0.0
128, 0.0
129, 0.0
130, 0.0
131, 0.0
132, 0.0
133, 0.0
134, 0.0
135, 0.0
136, 0.0
137, 0.0
138, 0.0
139, 0.0
140, 0.0
141, 0.0
142, 0.0
143, 0.0
144, 0.0
145, 0.0
146.0, 0.0003776872261099428
147.0, 0.0032802780560243633
148.0, 0.002180602942296656
149.0, 0.0034670849254699507
150.0, 0.0036975458534897507
151.0, 0.0012044963220776206
152.0, 0.005467311027871532
153.0, 0.004799448121818647
154.0, 0.004551886116893203
155.0, 0.0059487264762926075
156.0, 0.0038567226005196795
157.0, 0.003441424148428063
158.0, 0.004805255359234006
159.0, 0.005280796810492077
160.0, 0.002675387058278263
161.0, 0.0062625762712481955
162.0, 0.010313729525310492
163.0, 0.01234044289598171
164.0, 0.013043378618269071
165.0, 0.015710353827700994
166.0, 0.021263844386474946
167.0, 0.02418350890417033
168.0, 0.023810521744565934
169.0, 0.026642771409254164
170.0, 0.02445829643137352
171.0, 0.021313897303807203
172.0, 0.01792631663621277
173.0, 0.013777526760747163
174.0, 0.011748102935858923
175.0, 0.008105981285137499
176.0, 0.0056671362781118345
177.0, 0.0046460178432250875
178.0, 0.001165278943159426
179.0, 0.0009386494188297888
180.0, 0.0007817487281879028
181.0, 0.0008371252563288535
182.0, 0.0017272690680842945
183.0, 0.0004706196980237437
184.0, 0.000396895917456557
185.0, 0.0007171308863388155
186.0, 0.00020848244141249275
187.0, 0.001180402286712161
188.0, 0.0016987385006703016
189.0, 0.0013254818922981224
190.0, 0.005732146472304878
191.0, 0.006132927821691272
192.0, 0.01058767203581881
193.0, 0.012894411948734969
194.0, 0.013678077189673768
195.0, 0.017345422238918044
196.0, 0.02086814898372363
197.0, 0.02284865405167408
198.0, 0.025062961885958992
199.0, 0.029104530029409586
200.0, 0.03427323146338913
201.0, 0.033543190022741906
202.0, 0.03545485204880349
203.0, 0.04095904234933435
204.0, 0.043596867980245986
205.0, 0.04593790750297713
206.0, 0.050258488678410464
207.0, 0.053847427978863355
208.0, 0.055475298527936354
209.0, 0.060247785047023716
210.0, 0.06383129199494027
211.0, 0.06739346262025313
212.0, 0.07128816362928993
213.0, 0.07470413288851084
214.0, 0.08030275478693316
215.0, 0.08249397619393072
216.0, 0.0828623083509381
217.0, 0.08386485340336255
218.0, 0.08167930841875798
219.0, 0.07995019570898632
220.0, 0.07819976484379068
221.0, 0.07503901354063063
222.0, 0.06944841254102609
223.0, 0.0694077537920952
224.0, 0.06918433071536009
225.0, 0.07110658925269765
226.0, 0.07667382778289918
227.0, 0.07531945228886153
228.0, 0.07552561512459165
229.0, 0.07927816747888812
230.0, 0.08442136571238845
231.0, 0.08669179057982075
232.0, 0.08565781094283265
233.0, 0.09028892593644601
234.0, 0.09900450457508823
235.0, 0.10577398341975833
236.0, 0.10676004636258514
237.0, 0.11208679117457404
238.0, 0.11614982178413949
239.0, 0.11848980601806369
240.0, 0.12446181966852563
241.0, 0.12885618552019112
242.0, 0.13140464652707692
243.0, 0.13302999114045588
244.0, 0.1352492233987755
245.0, 0.13947466106336215
246.0, 0.139712066682277
247.0, 0.1393893416071129
248.0, 0.1395789438143936
249.0, 0.13854815859818265
250.0, 0.13249226532797062
251.0, 0.12799075226532644
252.0, 0.12241885823134921
253.0, 0.11430716593510488
254.0, 0.10955303887309777
255.0, 0.09885914023135159
256.0, 0.08988629465952319
257.0, 0.08487239458453145
258.0, 0.07921825143458786
259.0, 0.06711715483958117
260.0, 0.06138966632104079
261.0, 0.056232848898180005
262.0, 0.048013625998951974
263.0, 0.04247140792724582
264.0, 0.03703569368635063
265.0, 0.03220878852481449
266.0, 0.02912733661685986
267.0, 0.02756130098456133
268.0, 0.02235645693950054
269.0, 0.01719382142126642
270.0, 0.014859483365744745
271.0, 0.01290262505914384
272.0, 0.0070704637156265935
273.0, 0.006464989604811279
274.0, 0.005359616592158441
275.0, 0.00255805055706557
276.0, 0.00016048611019471305
277.0, 0.0009888659386334527
278.0, 0.002009194908441597
279.0, 0.0015452688489822142
280.0, 0.0007487539214457394
281.0, 0.0007505819968262727
282.0, 0.0025660185023345097
283.0, 0.0010669529981135616
284.0, 0.0007090406054519876
285.0, 0.0004349276539265538
286.0, 0.0017627940401809198
287.0, 0.0009889056383644724
288.0, 0.001084293320726197
289.0, 0.00048321012272313285
290.0, 0.0019594036592386426
291.0, 0.002437449268999304
292.0, 0.0023104151307896887
293.0, 0.0043186116544397
294.0, 0.005927749925175064
295.0, 0.004339903933910797
296.0, 0.0063185398924187055
297.0, 0.00949041965629883
298.0, 0.011132328707437982
299.0, 0.010462772310745152
300.0, 0.008941739046967876
301.0, 0.009898833264213735
302.0, 0.009733150901975502
303.0, 0.009365258757790465
304.0, 0.010949175294804879
305.0, 0.015208729201881837
306.0, 0.01695111620696788
307.0, 0.01620777568915557
308.0, 0.017402107925685383
309.0, 0.02135765565216925
310.0, 0.018766243603959842
311.0, 0.023273970555477058
312.0, 0.02724499796748576
313.0, 0.029486373353594206
314.0, 0.03510247341480062
315.0, 0.03985704747719856
316.0, 0.04473422931936544
317.0, 0.04768657728412187
318.0, 0.04896681743573705
319.0, 0.05168968937860006
320.0, 0.05261796019541188
321.0, 0.055526917530101506
322.0, 0.058503714073909224
323.0, 0.060523310413437864
324.0, 0.06536430411497551
325.0, 0.062377519374108764
326.0, 0.06097451878307207
327.0, 0.06226801733250667
328.0, 0.06234625954006014
329.0, 0.05990115199831788
330.0, 0.061727159467366455
331.0, 0.0633529851142098
332.0, 0.06237859496634776
333.0, 0.05928042963021749
334.0, 0.059216842266726015
335.0, 0.05792535340460737
336.0, 0.05724633751256228
337.0, 0.05638125153892599
338.0, 0.05117974900617435
339.0, 0.04862170243504648
340.0, 0.04637738654547503
341.0, 0.04308610159472285
342.0, 0.0392742909117402
343.0, 0.036548457704076755
344.0, 0.034700571750088026
345.0, 0.027321592290372683
346.0, 0.021361588608294818
347.0, 0.021970126176305147
348.0, 0.0204048879791087
349.0, 0.018943271704364252
350.0, 0.0162473942500672
351.0, 0.013690446526474841
352.0, 0.011754771383558928
353.0, 0.0066601603649123105
354.0, 0.007318053211640964
355.0, 0.007866583500545218
356.0, 0.00565171950228233
357.0, 0.0030184833700892745
358.0, 0.0031654242096556193
359.0, 0.002369438221302846
360.0, 0.0016735899189322277
361.0, 0.0009289391812589412
362.0, 0.0013155249066080237
363.0, 0.0054809839431315295
364.0, 0.004776462881819303
365.0, 0.0035483061656382572
366.0, 0.003472695649347888
367.0, 0.002179613597058761
368.0, 0.0020732461893428907
369.0, 0.0019055954723189205
370.0, 0.004066777354569564
371.0, 0.006888260950207942
372.0, 0.0046456570890503444
373.0, 0.0035662384347948557
374.0, 0.002004270564425854
375.0, 0.0005884445037107656
376.0, 0.0007487640426071882
377.0, 0.0034764154874533442
378.0, 0.004331838548617891
379.0, 0.00548867801533311
380.0, 0.006719765683230478
381.0, 0.008292621898605721
382.0, 0.011911518930718712
383.0, 0.014419867130168212
384.0, 0.016125283480931285
385.0, 0.01945740963662918
386.0, 0.024089971492908525
387.0, 0.025745969141424786
388.0, 0.028361248479551706
389.0, 0.03398017899177436
390.0, 0.03842755505137946
391.0, 0.0412756659633463
392.0, 0.04859727251457004
393.0, 0.052340780501128246
394.0, 0.05903979617200374
395.0, 0.06741455673602405
396.0, 0.07443876171446208
397.0, 0.080725301522099
398.0, 0.09140554581034137
399.0, 0.10166865294496583
400.0, 0.11114871261594807
401.0, 0.12165192894260078
402.0, 0.13569977510287418
403.0, 0.14951831100924823
404.0, 0.1638272676477525
405.0, 0.17562816240464735
406.0, 0.18582007072388126
407.0, 0.20258723210361657
408.0, 0.22028189786697258
409.0, 0.23342079370250288
410.0, 0.24749840259995312
411.0, 0.265910574136212
412.0, 0.28290915813276574
413.0, 0.2947151831155799
414.0, 0.3107927740817357
415.0, 0.3236367811282879
416.0, 0.33014421195689747
417.0, 0.34025879838618456
418.0, 0.34822237486768365
419.0, 0.34770180850663285
420.0, 0.3429148341344321
421.0, 0.33762987900413677
422.0, 0.3310105235479463
423.0, 0.3213236476714668
424.0, 0.3126271598804858
425.0, 0.298672065521618
426.0, 0.27911664746726533
427.0, 0.2627211498948454
428.0, 0.24672188050588206
429.0, 0.22979391539715177
430.0, 0.21453598426909296
431.0, 0.20013707089565846
432.0, 0.18366821794922777
433.0, 0.17158273373372848
434.0, 0.16209000352156136
435.0, 0.15495872752514495
436.0, 0.1497046026540367
437.0, 0.14483353284170758
438.0, 0.13851529179096514
439.0, 0.13482412056026244
440.0, 0.1351508787876082
441.0, 0.13565560306680663
442.0, 0.13234831725569288
443.0, 0.12934223522764124
444.0, 0.12830343945959757
445.0, 0.1228518143498296
446.0, 0.1161802844413106
447.0, 0.11327015677591716
448.0, 0.10804695313232718
449.0, 0.10615340152188851
450.0, 0.10350257896866243
451.0, 0.1002451323574726
452.0, 0.098350306522282
453.0, 0.09777392780873555
454.0, 0.09542477506119486
455.0, 0.09625962405614569
456.0, 0.09801944316088225
457.0, 0.09749916851819476
458.0, 0.09637132072313824
459.0, 0.09948138408714001
460.0, 0.09877566397248518
461.0, 0.10048005060868352
462.0, 0.10370930818044753
463.0, 0.09970434207789702
464.0, 0.09910747195404464
465.0, 0.0999607321984745
466.0, 0.09857839743610403
467.0, 0.09657182797141721
468.0, 0.09784118918628579
469.0, 0.10030856945719144
470.0, 0.09718966346533253
471.0, 0.09459547170117223
472.0, 0.0944326111112875
473.0, 0.09483614288666102
474.0, 0.09731288923592721
475.0, 0.0957385255340093
476.0, 0.092954909414761
477.0, 0.09112089436074004
478.0, 0.091662221695946
479.0, 0.0919414260344439
480.0, 0.08469595849096818
481.0, 0.0810744878134743
482.0, 0.08232095170021149
483.0, 0.08298344887000524
484.0, 0.07755136282138574
485.0, 0.07192306627800903
486.0, 0.06821184471305493
487.0, 0.0651167975496462
488.0, 0.062151863742465556
489.0, 0.058872421271463055
490.0, 0.05400520928277331
491.0, 0.050417356365351614
492.0, 0.04781622839600676
493.0, 0.0450878651480841
494.0, 0.041923170990518455
495.0, 0.0389537152531577
496.0, 0.037084349697542214
497.0, 0.036609113021774574
498.0, 0.03441872140387832
499.0, 0.030438693948041457
500.0, 0.028249518693768315
501.0, 0.02761803720259646
502.0, 0.02246793988448085
503.0, 0.0188457445586294
504.0, 0.01997168161801057
505.0, 0.022795169524327738
506.0, 0.020404543968998386
507.0, 0.015282325342314626
508.0, 0.00958437776734947
509.0, 0.007645007710105187
510.0, 0.009296036098628637
511.0, 0.007360081567014256
512.0, 0.005826540024528624
513.0, 0.005300827256878742
514.0, 0.004345526064752948
515.0, 0.00343964974365566
516.0, 0.003379448031668274
517.0, 0.0004445061041491026
518.0, 0.0024995562568758158
519.0, 0.004284932954021181
520.0, 0.0037119337972483244
521.0, 0.001036659120690284
522.0, 0.0003084943063785904
523.0, 0.0004915515486076757
524.0, 0.0012297444850889678
525.0, 0.001731802911958949
526.0, 0.0023235533477246216
527.0, 0.0033150108239887624
528.0, 0.0010584125144699592
529.0, 0.0017714051443358093
530.0, 0.0019066433575166575
531.0, 0.001434969154032886
532.0, 0.002950970739705963
533.0, 0.006905247244587104
534.0, 0.0006153386638548908
535.0, 0.0006592157156001631
536.0, 0.002063436069600862
537.0, 0.0010748522872184958
538.0, 0.0006873432655022478
539.0, 0.000675447739444408
540.0, 0.0008134923458545934
541.0, 0.0007912112974273667
542.0, 0.00038296738586250634
543.0, 0.00038079092226522235
544.0, 0.002622281210511688
545.0, 0.00020334050972620795
546.0, 0.0008250300491331915
547.0, 0.0014525648439390694
548.0, 0.00010003467561692638
549.0, 0.0009212827989699248
550.0, 0.0005301898672464986
551.0, 0.0018745509925955587
552.0, 0.0024763794913689593
553.0, 0.00307996941403355
554.0, 0.004012354660734193
555.0, 0.003865053275581897
556.0, 0.002409548376704934
557.0, 0.002822081675904057
558.0, 0.002941997221569036
559.0, 0.0029253861570270384
560.0, 0.004361539202521291
561.0, 0.0011871932964268288
562.0, 0.003633955751566937
563.0, 0.001652780488846128
564.0, 0.001009282051616942
565.0, 0.003940871155290863
566.0, 0.004220079438486797
567.0, 0.007757200216895725
568.0, 0.0056211624919033
569.0, 0.003845372360629087
570.0, 0.007204159171526686
571.0, 0.01143217515737504
572.0, 0.008463779785640405
573.0, 0.010672836068810958
574.0, 0.012892334732249208
575.0, 0.013083703517951264
576.0, 0.012002031713874201
577.0, 0.011290444145331402
578.0, 0.014752154364326435
579.0, 0.015940815221591322
580.0, 0.013485791685868026
581.0, 0.01658408143976048
582.0, 0.024410158384925464
583.0, 0.022412788177201784
584.0, 0.02386654486820108
585.0, 0.025528042739520987
586.0, 0.026980383857685114
587.0, 0.029367561944566814
588.0, 0.03342656702638607
589.0, 0.03819565903888298
590.0, 0.04000262742584994
591.0, 0.03866739926751022
592.0, 0.03995166216273725
593.0, 0.04548409727545231
594.0, 0.05050686163712691
595.0, 0.04984478065651363
596.0, 0.05581643392418939
597.0, 0.06221473119032357
598.0, 0.0639894187510374
599.0, 0.06294254813611416
600.0, 0.0635596371778231
601.0, 0.06632915672447996
602.0, 0.06867779470952448
603.0, 0.06892114141734698
604.0, 0.0685805582072179
605.0, 0.0681384550774458
606.0, 0.06507489092742756
607.0, 0.06280748950231964
608.0, 0.06452859725073432
609.0, 0.06548863933443978
610.0, 0.06229031238422784
611.0, 0.058942520453200295
612.0, 0.06307364874605
613.0, 0.06043102735632072
614.0, 0.06240922674797782
615.0, 0.059753672371563274
616.0, 0.05418478839129849
617.0, 0.0529763207060264
618.0, 0.04996314786750073
619.0, 0.0456299416914887
620.0, 0.04280908504832413
621.0, 0.03915728426849131
622.0, 0.03651461444099782
623.0, 0.036921757601145334
624.0, 0.032315449045072796
625.0, 0.03286144320716203
626.0, 0.02888458494643521
627.0, 0.026160126964270364
628.0, 0.02772654232034096
629.0, 0.028557978969981402
630.0, 0.026519567034379705
631.0, 0.026034352670613152
632.0, 0.02505804959117289
633.0, 0.022646489075883847
634.0, 0.021987833023917852
635.0, 0.025387075969861412
636.0, 0.026123007115551686
637.0, 0.025648507491212013
638.0, 0.02841878002083675
639.0, 0.030412169987803193
640.0, 0.029987121184229942
641.0, 0.03122726824184249
642.0, 0.03551914854247439
643.0, 0.03516283896098382
644.0, 0.03330718595346653
645.0, 0.03253567584735613
646.0, 0.03328130784190396
647.0, 0.03424566606952515
648.0, 0.03280092724852508
649.0, 0.033443753130214283
650.0, 0.03313734258114471
651.0, 0.03136582390169119
652.0, 0.02973524997907149
653.0, 0.028996050416854564
654.0, 0.02815750012365201
655.0, 0.022825046815779626
656.0, 0.022851086002826038
657.0, 0.02349247561280419
658.0, 0.02191294306765512
659.0, 0.020824655574006475
660.0, 0.017855338037405015
661.0, 0.01774440191162968
662.0, 0.014898645035081662
663.0, 0.012515524170159744
664.0, 0.012656760779170583
665.0, 0.012082169199260346
666.0, 0.009267866977869908
667.0, 0.007167187273710326
668.0, 0.008478296580870827
669.0, 0.00696332325645475
670.0, 0.003652588848995813
671.0, 0.004430361454024295
672.0, 0.006922331603256794
673.0, 0.005868639215190095
674.0, 0.004081822075347542
675.0, 0.0022962034038122936
676.0, 0.0016959267038323207
677.0, 0.0026977730337197046
678.0, 0.0026051998044392924
679.0, 0.0013703786768868415
680.0, 0.0011883997073688477
681.0, 0.002023592705056606
682.0, 0.0021455079438871816
683.0, 0.00232288692767411
684.0, 0.005778978964921343
685.0, 0.004441088056968704
686.0, 0.0039421552707208755
687.0, 0.0030511329029406465
688.0, 0.001431330540838524
689.0, 0.001371734452042497
690.0, 0.0036458763408912303
691.0, 0.001152494462753512
692.0, 0.0005898731626058282
693.0, 0.0020840137924000328
694.0, 0.0023722419144443117
695.0, 0.0014234821899475635
696.0, 0.0017233603744996214
697.0, 0.002778966141678698
698.0, 0.0006862594275244602
699.0, 0.0011481461172737964
700.0, 0.0008181991812147493
701.0, 0.003952295027256077
702.0, 0.004173909886585543
703.0, 0.003161903664745163
704.0, 0.0027924934841448324
705.0, 0.0009953926396355506
706.0, 0.0009533724348700964
707.0, 0.0016190072122758373
708.0, 0.0009392371082194946
709.0, 0.00015477390940143396
710.0, 0.0008728039644229516
711.0, 0.00176704083469632
712.0, 0.0024118944843848503
713.0, 0.002168525870401784
714.0, 0.0017013483681025145
715.0, 0.0007626667909605465
716.0, 0.00055637053610184
717.0, 0.0004015517218414058
718.0, 0.0008559479443687951
719.0, 0.002608779060933416
720.0, 0.0027526151758682548
721.0, 0.001102538616186682
722.0, 0.0011006600464354853
723.0, 0.005215103683342611
724.0, 0.002771148299917754
725.0, 0.0016213633945302518
726.0, 0.0028789525967459094
727.0, 0.0029166700642732223
728.0, 0.002543965181551471
729.0, 0.002554605541549162
730.0, 0.0019839881732405798
731.0, 0.002211210231033448
732.0, 0.003251715409741459
733.0, 0.00348683894827038
734.0, 0.001892168957491591
735.0, 0.0003741618008371401
736.0, 0.002297739981365425
737.0, 0.000647905380888465
738.0, 0.0012644016388219234
739.0, 0.001989734339719058
740.0, 0.0003341800182863059
741.0, 0.0005685317896907241
742.0, 0.0028724647837340437
743.0, 0.001393203148373911
744.0, 0.0013182564221717972
745.0, 0.002450581225598165
746.0, 0.0009121869216356096
747.0, 0.0011139877947334734
748.0, 0.0012957629181639262
749.0, 0.0024338065659514608
750.0, 0.001166809145662892
751.0, 0.0016071568754957917
752.0, 0.002217848621324946
753.0, 0.0024046667628775577
754.0, 0.004605124701390481
755.0, 0.004989543184437788
756.0, 0.004459403633177906
757.0, 0.003426945380988731
758.0, 0.0034436218934848495
759.0, 0.004621356983218932
760.0, 0.005418674304213268
761.0, 0.004608094846174983
762.0, 0.004119145932235741
763.0, 0.004395545674293618
764.0, 0.0041739582841660555
765.0, 0.0030880872529235443
766.0, 0.00285492333974604
767.0, 0.004426885717038764
768.0, 0.0037383567459514976
769.0, 0.005013569203882123
770.0, 0.0038061048528473316
771.0, 0.004222901054896208
772.0, 0.004827188893406254
773.0, 0.004013026947811821
774.0, 0.00472522147954671
775.0, 0.006849354934965163
776.0, 0.008134433147338421
777.0, 0.008586339366668102
778.0, 0.0071464241625285125
779.0, 0.003969604658127041
780.0, 0.002464821740452426
781.0, 0.005606789040643383
782.0, 0.0051827428801902485
783.0, 0.0078222851983421
784.0, 0.008362986812444023
785.0, 0.006378733023919686
786.0, 0.005062146903206239
787.0, 0.00597527836228592
788.0, 0.007610794085989728
789.0, 0.009989902951048811
790.0, 0.005937355052530261
791.0, 0.004749134245357244
792.0, 0.005829734908956873
793.0, 0.006636309695729871
794.0, 0.006292963281521395
795.0, 0.005162909786065534
796.0, 0.006476934658479086
797.0, 0.006638237710534942
798.0, 0.006061618902972483
799.0, 0.0072651769182184725
800.0, 0.008580081703977244
801.0, 0.007724011319407539
802.0, 0.0070690293726198275
803.0, 0.008291583107202165
804.0, 0.005102405835120864
805.0, 0.003707679043259168
806.0, 0.00613035436131105
807.0, 0.008586050941764704
808.0, 0.009233026415041194
809.0, 0.01257310079277072
810.0, 0.012298913562396542
811.0, 0.007491189142460955
812.0, 0.0058820799988984155
813.0, 0.003950540103485663
814.0, 0.0022538832311158863
815.0, 0.00453151657394013
816.0, 0.003928171892425983
817.0, 0.006548744763243715
818.0, 0.006497520711463569
819.0, 0.004781239277545145
820.0, 0.004899309337137008
821.0, 0.007176883764268519
822.0, 0.007910962130119142
823.0, 0.004530169138358578
824.0, 0.0028565224915890653
825.0, 0.007454410931818858
826.0, 0.009170437187811907
827.0, 0.006805367678380374
828.0, 0.005127756603229036
829.0, 0.005418281005462198
830.0, 0.003907514781424629
831.0, 0.005688601517651462
832.0, 0.0030898442564382374
833.0, 0.0043039797881897
834.0, 0.004480419066110308
835.0, 0.0036772931446520615
836.0, 0.005248568545721948
837.0, 0.0041327596990585365
838.0, 0.004603272399875672
839.0, 0.0067261040328581165
840.0, 0.005943653483176331
841.0, 0.00491583636058392
842.0, 0.0059197082801576385
843.0, 0.007027943737737682
844.0, 0.00567046448907968
845.0, 0.004236150305959295
846.0, 0.001575799977061815
847.0, 0.0029963723348139016
848.0, 0.0027410926702694585
849.0, 0.0023473644414445825
850.0, 0.004141067866229973
851.0, 0.004362540138750903
852.0, 0.00381121251984101
853.0, 0.004839828790625419
854.0, 0.0038216554379927586
855.0, 0.0036404895588121196
856.0, 0.005235738894502557
857.0, 0.0061014427312725905
858.0, 0.004147496186149427
859.0, 0.003296827646243201
860.0, 0.005440026259070582
861.0, 0.004554473688595483
862.0, 0.0032344935525510142
863.0, 0.003075102131515202
864.0, 0.0033146535434103574
865.0, 0.0027064893947168966
866.0, 0.0011768344500677594
867.0, 0.00020071899944575577
868.0, 0.002904213426818041
869.0, 0.002476994398728393
870.0, 0.0015320661687964333
871.0, 0.0017258366042523913
872.0, 0.0022938728253158887
873.0, 0.002116726603231847
874.0, 0.001542504219826346
875.0, 0.00397468233165473
876.0, 0.004404589056347666
877.0, 0.001411967100028054
878.0, 0.00024409248878792938
879.0, 0.00021114668330221386
880.0, 0.0006921875946499481
881.0, 0.000973622784931198
882.0, 0.0008411765990014796
883.0, 0.0009206832666590395
884.0, 0.0012340907846612225
885.0, 0.00033589790634742375
886.0, 0.00015729124695858254
887.0, 0.0014586644234940568
888.0, 0.0021308704111792447
889.0, 0.00029259074468037413
890.0, 0.00017718673075889797
891.0, 0.00011301506142173912
892.0, 0.0014345064413469632
893.0, 0.0013462721520600626
894.0, 0.000317223875052585
895.0, 0.0004343057067801106
896.0, 0.0008858889282550393
897.0, 0.0015007220288419242
898.0, 0.00032159784439626815
899.0, 0.001001755412051767
900.0, 0.001150127142268695
901.0, 0.003127632863877793
902.0, 0.0027275513968011166
903.0, 0.001529148151989993
904.0, 0.0023881231210907236
905.0, 0.003032575600286158
906.0, 0.003512209164269562
907.0, 0.0016250291822020359
908.0, 0.00041959938959816747
909.0, 0.0011851082874285066
910.0, 0.0013325052863920278
911.0, 0.0008304831174953109
912.0, 0.0016843645875990378
913.0, 0.0018404336862838618
914.0, 0.0002581142171388288
915.0, 0.002284799510111
916.0, 0.0013946775395792582
917.0, 0.0014490405833427714
918.0, 0.0012441993183363346
919.0, 0.0035574966156855397
920.0, 0.000862194185963272
921.0, 0.004592002908424422
922.0, 0.003408624013272229
923.0, 0.0005030961168572865
924.0, 2.4463997473403313e-05
925.0, 0.0020223191183022147
926.0, 0.0026137624477533617
927.0, 0.0021815450803930932
928.0, 0.0004469814247747666
929.0, 0.00048139593628906534
930.0, 0.0040833632228678375
931.0, 0.005820469071728685
932.0, 0.004299061122447293
933.0, 0.0020535347417211924
934.0, 0.002558137945563646
935.0, 0.006168978453242581
936.0, 0.006933249753558008
937.0, 0.005168221274390047
938.0, 0.007947361879480202
939.0, 0.006993082036297374
940.0, 0.003915856860018248
941.0, 0.004573480372724517
942.0, 0.006719966241125271
943.0, 0.005010093683158659
944.0, 0.005630033219972727
945.0, 0.008946449569571292
946.0, 0.009339791890314562
947.0, 0.010693630069036628
948.0, 0.009184457106054466
949.0, 0.008782003497467855
950.0, 0.01065690238877963
951.0, 0.010578846625302186
952.0, 0.009386329862986412
953.0, 0.014997331107988584
954.0, 0.014063576979966136
955.0, 0.012549467945066372
956.0, 0.012468641504733301
957.0, 0.014490986313592576
958.0, 0.01678620848897287
959.0, 0.019187554773353703
960.0, 0.023472021711126733
961.0, 0.023148955764778295
962.0, 0.025459287471874033
963.0, 0.02918090011388009
964.0, 0.032557007047128446
965.0, 0.03506218150218997
966.0, 0.03934859748858054
967.0, 0.048043719285735
968.0, 0.05853704863081011
969.0, 0.06545678528969612
970.0, 0.07756903775776096
971.0, 0.09631400810867322
972.0, 0.11498020909128176
973.0, 0.13732421927822286
974.0, 0.16874949983059448
975.0, 0.20302728153846444
976.0, 0.2365079293344728
977.0, 0.27917038977150194
978.0, 0.3304621813931172
979.0, 0.3849517770912994
980.0, 0.4558117617128229
981.0, 0.5367515219804875
982.0, 0.6277678145031623
983.0, 0.7247271015866709
984.0, 0.820022182263957
985.0, 0.9078217023716612
986.0, 0.9709609284485251
987.0, 0.9963758582667718
988.0, 0.9982935777728883
989.0, 0.9911352705439632
990.0, 0.9528626447335431
991.0, 0.8828008689730169
992.0, 0.7786469883426422
993.0, 0.64026336425148
994.0, 0.49681218161460045
995.0, 0.37428634482048645
996.0, 0.2757961043997769
997.0, 0.20011527107910007
998.0, 0.1506189065426905
999.0, 0.11761572816615322
1000.0, 0.092657312485748
1001.0, 0.07392377384687131
1002.0, 0.06164069868590016
1003.0, 0.05315787318979342
1004.0, 0.04395995599828974
1005.0, 0.03828334727800023
1006.0, 0.034517247323293664
1007.0, 0.028632374390803177
1008.0, 0.024920349641856087
1009.0, 0.021609862817150324
1010.0, 0.018097923593697066
1011.0, 0.01807624892568426
1012.0, 0.015935719720903477
1013.0, 0.01379181731539297
1014.0, 0.009495329935389435
1015.0, 0.00818865988183092
1016.0, 0.008271890668605748
1017.0, 0.007203739992888438
1018.0, 0.006326417102682278
1019.0, 0.005870883781249632
1020.0, 0.0039650808336991914
1021.0, 0.003326473297992163
1022.0, 0.004870321587554221
1023.0, 0.0016725910005186346
1024.0, 0.004353108964383611
1025.0, 0.0036503388313275627
1026.0, 0.0006663605429669946
1027.0, 0.0005341934752727337
1028.0, 0.0008291797756050548
1029.0, 0.0016357094911074164
1030.0, 0.002736703005595638
1031.0, 0.0008723151885158911
1032.0, 0.00047289456553108335
1033.0, 0.0021015311102307913
1034.0, 0.0018775254345009965
1035.0, 0.0020556516308643242
1036.0, 0.0012069406071945348
1037.0, 0.0010951201787086507
1038.0, 0.0007583002406411772
1039.0, 0.0016304744029407708
1040.0, 0.002402509273697522
1041.0, 0.002409864297062358
1042.0, 0.0024188898424693625
1043.0, 0.0003643864076935328
1044.0, 0.0026486731975273125
1045.0, 0.0033768332438164975
1046.0, 0.0021819939632166563
1047.0, 0.000938906156782346
1048.0, 0.0005517666847838325
1049.0, 0.0003095582767701439
1050.0, 0.0027119240686286055
1051.0, 0.005445357303510413
1052.0, 0.006263135821725923
1053.0, 0.0074624937388592895
1054.0, 0.010363321565789917
1055.0, 0.011414369678909823
1056.0, 0.012173135415569171
1057.0, 0.015859442283909123
1058.0, 0.01508334900021518
1059.0, 0.01668527705627706
1060.0, 0.0160127123440621
1061.0, 0.01877407210020069
1062.0, 0.021629748131660655
1063.0, 0.024007832112831126
1064.0, 0.025419208888778064
1065.0, 0.02712190832430131
1066.0, 0.028947918342442352
1067.0, 0.027945723570940793
1068.0, 0.029359735200245637
1069.0, 0.03110121463802312
1070.0, 0.03564704904266023
1071.0, 0.0386174000866855
1072.0, 0.04075494575738483
1073.0, 0.04461085658404547
1074.0, 0.04883697447193882
1075.0, 0.05182120236419093
1076.0, 0.055122281172660464
1077.0, 0.05876115200537303
1078.0, 0.05823498236853
1079.0, 0.061872996213884604
1080.0, 0.0590838077945185
1081.0, 0.05660487072355028
1082.0, 0.056427792032119485
1083.0, 0.05529970335553327
1084.0, 0.05218947765679014
1085.0, 0.05072257145083784
1086.0, 0.05156554702579725
1087.0, 0.04737868300433261
1088.0, 0.05097155443242149
1089.0, 0.04193294516743608
1090.0, 0.03576991783927043
1091.0, 0.034495802234895304
1092.0, 0.0333789407695708
1093.0, 0.03329254013998644
1094.0, 0.03609560099315292
1095.0, 0.037954943365834444
1096.0, 0.03807958646765705
1097.0, 0.04324533228116665
1098.0, 0.04549859807472749
1099.0, 0.04125248724860211
1100.0, 0.04145779698315406
1101.0, 0.03806030405591645
1102.0, 0.03573889521084373
1103.0, 0.03524563522266616
1104.0, 0.03451310467819134
1105.0, 0.03239290734122519
1106.0, 0.0315420887234169
1107.0, 0.03671461141754942
1108.0, 0.03927764483644767
1109.0, 0.036662255687020945
1110.0, 0.039752626204452426
1111.0, 0.04394709422294341
1112.0, 0.048293803259499536
1113.0, 0.05063597428117005
1114.0, 0.05552211575605025
1115.0, 0.061437537354694254
1116.0, 0.06470436614742515
1117.0, 0.07185719312568971
1118.0, 0.07828193640762778
1119.0, 0.08396440179678455
1120.0, 0.0934456888818856
1121.0, 0.10152758585063325
1122.0, 0.10877444183295588
1123.0, 0.11282606582336079
1124.0, 0.12220599531855021
1125.0, 0.1345516670982616
1126.0, 0.14218989942634394
1127.0, 0.1483200079826951
1128.0, 0.15553692198823166
1129.0, 0.1588608971523812
1130.0, 0.1563830984148949
1131.0, 0.1594428838786849
1132.0, 0.15396649623621633
1133.0, 0.14117449134398705
1134.0, 0.12795774697720852
1135.0, 0.11435005425963121
1136.0, 0.10066856717019937
1137.0, 0.08676727724403067
1138.0, 0.07232226584211889
1139.0, 0.06374770496043812
1140.0, 0.05425498318602224
1141.0, 0.045294659951581495
1142.0, 0.03959030822755952
1143.0, 0.03399377112433715
1144.0, 0.02771469224766325
1145.0, 0.023151540017906282
1146.0, 0.01864943682662812
1147.0, 0.01582166684819946
1148.0, 0.01657375134070186
1149.0, 0.01520404353474986
1150.0, 0.012422708287174504
1151.0, 0.011147014353605397
1152.0, 0.009536499986703332
1153.0, 0.009268185946397545
1154.0, 0.01198971138458024
1155.0, 0.010959491722250228
1156.0, 0.013014627645080112
1157.0, 0.014394975783892506
1158.0, 0.012150178155517182
1159.0, 0.012068157652473276
1160.0, 0.01522797644685228
1161.0, 0.01784231186983816
1162.0, 0.017272034164939026
1163.0, 0.017052113942108937
1164.0, 0.02226554182844721
1165.0, 0.02218079061994547
1166.0, 0.022918044390008562
1167.0, 0.024657558677100858
1168.0, 0.024322857045798497
1169.0, 0.023743777072286722
1170.0, 0.025007614469028043
1171.0, 0.02637694768635549
1172.0, 0.025777240421504356
1173.0, 0.02454039381019577
1174.0, 0.023162450680443723
1175.0, 0.01888705132292886
1176.0, 0.020173676316245764
1177.0, 0.018691300963146543
1178.0, 0.01586630449049399
1179.0, 0.010833254713212994
1180.0, 0.0077448716028845
1181.0, 0.0074283050885547465
1182.0, 0.006057803078201758
1183.0, 0.0052805126799042494
1184.0, 0.005458131918455506
1185.0, 0.002507058204675223
1186.0, 0.0032501869242361195
1187.0, 0.003358542675262425
1188.0, 0.0008235845879429393
1189.0, 0.00036287013517694207
1190.0, 0.0016501500223762065
1191.0, 0.0014885102976109814
1192.0, 0.0012674727786876957
1193.0, 0.0002416384984573574
1194.0, 0.001601855900689496
1195.0, 0.0002914714357466734
1196.0, 0.0010144687708465113
1197.0, 0.0012972903926567973
1198.0, 0.0012145488371662699
1199.0, 0.00025932220987132196
1200.0, 0.00020735971470360013
1201.0, 0.0007745696590553849
1202.0, 0.0017858018311519108
1203.0, 0.0022158775913553763
1204.0, 0.0009776903004594412
1205.0, 0.0016184926778782618
1206.0, 0.0016374319905711045
1207.0, 0.00300461139933295
1208.0, 0.0002641192093892636
1209.0, 0.0010755447569479027
1210.0, 0.00110316118435297
1211.0, 0.0020155196172592688
1212.0, 0.0005180817162526979
1213.0, 0.001697673806995545
1214.0, 0.0009139513837794992
1215.0, 0.0011994795345871224
1216.0, 0.0012075198192086109
1217.0, 0.0020743872521019856
1218.0, 0.0020330487070285095
1219.0, 0.002039523768397663
1220.0, 0.0007241027271490064
1221.0, 0.001103458010400046
1222.0, 0.002320886848932912
1223.0, 0.0036901626885237023
1224.0, 0.0011115508414130826
1225.0, 0.0035212928931921076
1226.0, 0.0009452713482471991
1227.0, 0.002306506211623675
1228.0, 0.0012418987937800098
1229.0, 0.0008743907292968406
1230.0, 0.0013506315430303565
1231.0, 0.0018713440558570183
1232.0, 0.004806782861288375
1233.0, 0.0030532297455146845
1234.0, 0.0026190518356425606
1235.0, 0.0027058664403468583
1236.0, 0.004943611570919634
1237.0, 0.001869013920681917
1238.0, 0.00016107922653589858
1239.0, 0.0023714220573044587
1240.0, 0.0026136615362353055
1241.0, 0.0023824671976367486
1242.0, 0.002121935620172651
1243.0, 0.000994036920888973
1244.0, 0.001163301890788215
1245.0, 0.002034612581428083
1246.0, 0.002295549364373476
1247.0, 0.005503686912939881
1248.0, 0.004662556406452147
1249.0, 0.005151206884671552
1250.0, 0.0024586502005910795
1251.0, 0.0035955141196891073
1252.0, 0.004697304722670409
1253.0, 0.005739967033630869
1254.0, 0.004863183282894381
1255.0, 0.0049825359739743
1256.0, 0.004510555111373233
1257.0, 0.0024658240313621474
1258.0, 0.0012829692961530896
1259.0, 0.0009866676732605802
1260.0, 0.0021076648677522338
1261.0, 0.00394798083600879
1262.0, 0.0028657860592490587
1263.0, 0.0037705647107106875
1264.0, 0.0013738216003237665
1265.0, 0.002867009238010625
1266.0, 0.0029831580213381162
1267.0, 0.0018102042812908328
1268.0, 0.0033725286186861653
1269.0, 0.004677607923796943
1270.0, 0.003552676006073877
1271.0, 0.003487100058992307
1272.0, 0.0037550341250728336
1273.0, 0.0025719088983239
1274.0, 0.00277524911190738
1275.0, 0.0027328290715478284
1276.0, 0.000816492860602274
1277.0, 0.0006414045262330851
1278.0, 0.0013497312501479517
1279.0, 0.0023733044669200782
1280.0, 0.003531791302236169
1281.0, 0.0014749241344729903
1282.0, 0.0014836641792899475
1283.0, 0.002051485265576332
1284.0, 0.0025558080325286158
1285.0, 0.0038933117132898846
1286.0, 0.004597243963777503
1287.0, 0.004519895238632096
1288.0, 0.004621989650302222
1289.0, 0.004911748656383252
1290.0, 0.003416704914158422
1291.0, 8.730576362167233e-05
1292.0, 0.0008779204214508496
1293.0, 0.0006489182237108467
1294.0, 0.0026547301047856516
1295.0, 0.0038799284314522836
1296.0, 0.0021553274615647277
1297.0, 0.00030513082775279646
1298.0, 0.004198303306686495
1299.0, 0.0047200789795134295
1300.0, 0.0023414100922365
1301.0, 0.0012281833382757654
1302.0, 6.121263735929137e-05
1303.0, 0.0031143498970660714
1304.0, 0.003508966548556997
1305, 0.0
1306, 0.0
1307, 0.0
1308, 0.0
1309, 0.0
1310, 0.0
1311, 0.0
1312, 0.0
1313, 0.0
1314, 0.0
1315, 0.0
1316, 0.0
1317, 0.0
1318, 0.0
1319, 0.0
1320, 0.0
1321, 0.0
1322, 0.0
1323, 0.0
1324, 0.0
1325, 0.0
1326, 0.0
1327, 0.0
1328, 0.0
1329, 0.0
1330, 0.0
1331, 0.0
1332, 0.0
1333, 0.0
1334, 0.0
1335, 0.0
1336, 0.0
1337, 0.0
1338, 0.0
1339, 0.0
1340, 0.0
1341, 0.0
1342, 0.0
1343, 0.0
1344, 0.0
1345, 0.0
1346, 0.0
1347, 0.0
1348, 0.0
1349, 0.0
1350, 0.0
1351, 0.0
1352, 0.0
1353, 0.0
1354, 0.0
1355, 0.0
1356, 0.0
1357, 0.0
1358, 0.0
1359, 0.0
1360, 0.0
1361, 0.0
1362, 0.0
1363, 0.0
1364, 0.0
1365, 0.0
1366, 0.0
1367, 0.0
1368, 0.0
1369, 0.0
1370, 0.0
1371, 0.0
1372, 0.0
1373, 0.0
1374, 0.0
1375, 0.0
1376, 0.0
1377, 0.0
1378, 0.0
1379, 0.0
1380, 0.0
1381, 0.0
1382, 0.0
1383, 0.0
1384, 0.0
1385, 0.0
1386, 0.0
1387, 0.0
1388, 0.0
1389, 0.0
1390, 0.0
1391, 0.0
1392, 0.0
1393, 0.0
1394, 0.0
1395, 0.0
1396, 0.0
1397, 0.0
1398, 0.0
1399, 0.0
1400, 0.0
1401, 0.0
1402, 0.0
1403, 0.0
1404, 0.0
1405, 0.0
1406, 0.0
1407, 0.0
1408, 0.0
1409, 0.0
1410, 0.0
1411, 0.0
1412, 0.0
1413, 0.0
1414, 0.0
1415, 0.0
1416, 0.0
1417, 0.0
1418, 0.0
1419, 0.0
1420, 0.0
1421, 0.0
1422, 0.0
1423, 0.0
1424, 0.0
1425, 0.0
1426, 0.0
1427, 0.0
1428, 0.0
1429, 0.0
1430, 0.0
1431, 0.0
1432, 0.0
1433, 0.0
1434, 0.0
1435, 0.0
1436, 0.0
1437, 0.0
1438, 0.0
1439, 0.0
1440, 0.0
1441, 0.0
1442, 0.0
1443, 0.0
1444, 0.0
1445, 0.0
1446, 0.0
1447, 0.0
1448, 0.0
1449, 0.0
1450, 0.0
1451, 0.0
1452, 0.0
1453, 0.0
1454, 0.0
1455, 0.0
1456, 0.0
1457, 0.0
1458, 0.0
1459, 0.0
1460, 0.0
1461, 0.0
1462, 0.0
1463, 0.0
1464, 0.0
1465, 0.0
1466, 0.0
1467, 0.0
1468, 0.0
1469, 0.0
1470, 0.0
1471, 0.0
1472, 0.0
1473, 0.0
1474, 0.0
1475, 0.0
1476, 0.0
1477, 0.0
1478, 0.0
1479, 0.0
1480, 0.0
1481, 0.0
1482, 0.0
1483, 0.0
1484, 0.0
1485, 0.0
1486, 0.0
1487, 0.0
1488, 0.0
1489, 0.0
1490, 0.0
1491, 0.0
1492, 0.0
1493, 0.0
1494, 0.0
1495, 0.0
1496, 0.0
1497, 0.0
1498, 0.0
1499, 0.0
1500, 0.0
1501, 0.0
1502, 0.0
1503, 0.0
1504, 0.0
1505, 0.0
1506, 0.0
1507, 0.0
1508, 0.0
1509, 0.0
1510, 0.0
1511, 0.0
1512, 0.0
1513, 0.0
1514, 0.0
1515, 0.0
1516, 0.0
1517, 0.0
1518, 0.0
1519, 0.0
1520, 0.0
1521, 0.0
1522, 0.0
1523, 0.0
1524, 0.0
1525, 0.0
1526, 0.0
1527, 0.0
1528, 0.0
1529, 0.0
1530, 0.0
1531, 0.0
1532, 0.0
1533, 0.0
1534, 0.0
1535, 0.0
1536, 0.0
1537, 0.0
1538, 0.0
1539, 0.0
1540, 0.0
1541, 0.0
1542, 0.0
1543, 0.0
1544, 0.0
1545, 0.0
1546, 0.0
1547, 0.0
1548, 0.0
1549, 0.0
1550, 0.0
1551, 0.0
1552, 0.0
1553, 0.0
1554, 0.0
1555, 0.0
1556, 0.0
1557, 0.0
1558, 0.0
1559, 0.0
1560, 0.0
1561, 0.0
1562, 0.0
1563, 0.0
1564, 0.0
1565, 0.0
1566, 0.0
1567, 0.0
1568, 0.0
1569, 0.0
1570, 0.0
1571, 0.0
1572, 0.0
1573, 0.0
1574, 0.0
1575, 0.0
1576, 0.0
1577, 0.0
1578, 0.0
1579, 0.0
1580, 0.0
1581, 0.0
1582, 0.0
1583, 0.0
1584, 0.0
1585, 0.0
1586, 0.0
1587, 0.0
1588, 0.0
1589, 0.0
1590, 0.0
1591, 0.0
1592, 0.0
1593, 0.0
1594, 0.0
1595, 0.0
1596, 0.0
1597, 0.0
1598, 0.0
1599, 0.0
