30, 0.0
31, 0.0
32, 0.0
33, 0.0
34, 0.0
35, 0.0
36, 0.0
37, 0.0
38, 0.0
39, 0.0
40, 0.0
41, 0.0
42, 0.0
43, 0.0
44, 0.0
45, 0.0
46, 0.0
47, 0.0
48, 0.0
49, 0.0
50, 0.0
51, 0.0
52, 0.0
53, 0.0
54.0, 0.00013057497454022895
55.0, 0.0015814080249871617
56.0, 0.002662360085344308
57.0, 0.004132780543301111
58.0, 0.005775357645635987
59.0, 0.007403280324258365
60.0, 0.01015679825446639
61.0, 0.010518334167495091
62.0, 0.008025212508070208
63.0, 0.004670903430451834
64.0, 0.002152463756381795
65.0, 0.0004564266447169557
66.0, 0.0014098828436765823
67.0, 0.002145078712296121
68.0, 0.002263768959860563
69.0, 0.0019572607729433115
70.0, 0.00196698862737944
71.0, 0.0021490960044217165
72.0, 0.004562764625930979
73.0, 0.008156332365515556
74.0, 0.011683974193852762
75.0, 0.01420198242404907
76.0, 0.021157234261635124
77.0, 0.02698361539660979
78.0, 0.035155120025455955
79.0, 0.04574031397041353
80.0, 0.05785404757003276
81.0, 0.07469252904431657
82.0, 0.09620744476657998
83.0, 0.11840377734888997
84.0, 0.14068224474435778
85.0, 0.16254968220429944
86.0, 0.1815625241207673
87.0, 0.20237433670356766
88.0, 0.2153470927074688
89.0, 0.2214731748735993
90.0, 0.2214192251042302
91.0, 0.21342061442183285
92.0, 0.2002642841581594
93.0, 0.18227776006882118
94.0, 0.16447679701237883
95.0, 0.14885324988631232
96.0, 0.13472972994373517
97.0, 0.12199581986300993
98.0, 0.11175238680885811
99.0, 0.10429942881675909
100.0, 0.09779648256498259
101.0, 0.09033286181463814
102.0, 0.08459188400578599
103.0, 0.08274001956707613
104.0, 0.08393073701431036
105.0, 0.08679744919362649
106.0, 0.09158612043814386
107.0, 0.10288840453478934
108.0, 0.09715014066885674
109.0, 0.1049001654696386
110.0, 0.10151219396353907
111.0, 0.08534679365399502
112.0, 0.0830545187696154
113.0, 0.08299539634310102
114.0, 0.0829234325677529
115.0, 0.08403124022590816
116.0, 0.08620132514987974
117.0, 0.08836559967265963
118.0, 0.08795696802122228
119.0, 0.08494161360684052
120.0, 0.08495337298667799
121.0, 0.08856471562629417
122.0, 0.09463190930576608
123.0, 0.10095976877777406
124.0, 0.109563817677924
125.0, 0.11565731522454369
126.0, 0.12439023875912561
127.0, 0.13694534746877915
128.0, 0.1490372081383212
129.0, 0.16494338043322584
130.0, 0.17548762024718875
131.0, 0.1772232005514917
132.0, 0.17121121941249945
133.0, 0.16106869933644144
134.0, 0.14933642234122682
135.0, 0.1445924440580146
136.0, 0.14022109776491515
137.0, 0.13739825382012294
138.0, 0.1372481131038239
139.0, 0.13704566833931514
140.0, 0.14346799522027606
141.0, 0.14877545406871964
142.0, 0.1566335128353901
143.0, 0.16807025930058433
144.0, 0.18017399494706707
145.0, 0.17751951603131522
146.0, 0.17449036810018706
147.0, 0.16883082760759976
148.0, 0.1636117215354247
149.0, 0.16285779178274903
150.0, 0.16554563427777794
151.0, 0.17350534963804048
152.0, 0.18424097192237837
153.0, 0.1999966213046201
154.0, 0.22199032568458457
155.0, 0.24884039324676793
156.0, 0.27864698245810704
157.0, 0.3146448154655059
158.0, 0.3550644633427274
159.0, 0.39814001984441527
160.0, 0.44339804276425326
161.0, 0.4997020925641669
162.0, 0.5467702337684365
163.0, 0.5849928686967976
164.0, 0.6038692301925128
165.0, 0.5963297475153742
166.0, 0.5673364110183133
167.0, 0.526483250248278
168.0, 0.486656122048834
169.0, 0.4449605097241283
170.0, 0.4028189360087158
171.0, 0.36554704495329887
172.0, 0.3343236830808344
173.0, 0.3009018119803338
174.0, 0.26812325342644894
175.0, 0.23726038944827238
176.0, 0.2090042819961232
177.0, 0.18403093919858188
178.0, 0.16484974299187222
179.0, 0.14795230398981388
180.0, 0.13401205328166624
181.0, 0.1226277892157695
182.0, 0.11227522594918239
183.0, 0.10577920332797543
184.0, 0.09786833189263631
185.0, 0.09277870145154736
186.0, 0.08971832775470062
187.0, 0.08717087782412547
188.0, 0.08781777044871165
189.0, 0.08589183351467755
190.0, 0.0845902058885813
191.0, 0.08621774142284684
192.0, 0.09083758976931627
193.0, 0.09603283384920631
194.0, 0.09779348739347633
195.0, 0.10371282485628716
196.0, 0.11085561014441807
197.0, 0.11818480219468588
198.0, 0.12460945188094229
199.0, 0.12643224935420871
200.0, 0.12700625883639957
201.0, 0.12558660866455837
202.0, 0.12174756898160216
203.0, 0.11486859997789078
204.0, 0.10447712024089893
205.0, 0.09500399592204262
206.0, 0.08890000020244657
207.0, 0.08199751726007355
208.0, 0.0750810946154311
209.0, 0.0703576821893289
210.0, 0.06923861477297563
211.0, 0.0688546612791273
212.0, 0.06721981314046127
213.0, 0.06513740927970887
214.0, 0.06454117657003565
215.0, 0.06741485651333837
216.0, 0.06936573123563229
217.0, 0.07060524980945843
218.0, 0.07403970025972066
219.0, 0.07766682791860069
220.0, 0.07991257745512151
221.0, 0.08310781329840632
222.0, 0.08445468355863478
223.0, 0.09545193067949162
224.0, 0.10418066285036025
225.0, 0.11055718790216823
226.0, 0.12196073260414997
227.0, 0.1374596838661349
228.0, 0.1556407688561371
229.0, 0.17639481861003767
230.0, 0.2015642420410531
231.0, 0.2326770723600511
232.0, 0.2701555548583803
233.0, 0.31309972226563904
234.0, 0.3639733651845803
235.0, 0.4132551587925251
236.0, 0.4639598232759273
237.0, 0.5200059130498794
238.0, 0.567680669899175
239.0, 0.5965681167003979
240.0, 0.6042989343196228
241.0, 0.5873327910682522
242.0, 0.545842488953249
243.0, 0.48483803436246337
244.0, 0.42162285051448817
245.0, 0.3586615531858674
246.0, 0.3002612695904441
247.0, 0.2515783583924937
248.0, 0.21284472225634743
249.0, 0.1747793667734894
250.0, 0.1500671831092191
251.0, 0.12377802372827658
252.0, 0.10400265419530033
253.0, 0.09086854783937368
254.0, 0.07990371960792314
255.0, 0.06830970009622954
256.0, 0.06379256150371415
257.0, 0.06127087098672881
258.0, 0.05752083844858416
259.0, 0.05391659785664816
260.0, 0.05498293155347521
261.0, 0.048106788989900846
262.0, 0.046373277473100744
263.0, 0.04465567089461627
264.0, 0.044223460730356094
265.0, 0.04600468543328488
266.0, 0.046972587936941305
267.0, 0.04848032734097956
268.0, 0.052463745148798986
269.0, 0.058282019887409185
270.0, 0.062636755887987
271.0, 0.06399239065092961
272.0, 0.0718858272158993
273.0, 0.07660470304483857
274.0, 0.077201449380347
275.0, 0.07991797535788568
276.0, 0.0844342236059526
277.0, 0.08600373881285772
278.0, 0.09668247295098693
279.0, 0.10697306987506106
280.0, 0.12092991447936853
281.0, 0.1388305673869879
282.0, 0.15993716978233244
283.0, 0.18342799377477736
284.0, 0.2116808146589472
285.0, 0.24088399870029575
286.0, 0.2762132578658971
287.0, 0.3147668995888496
288.0, 0.3524515590593136
289.0, 0.3897886167757633
290.0, 0.4159940126346819
291.0, 0.4226610869614993
292.0, 0.4123207033489064
293.0, 0.3882614817456914
294.0, 0.3538921976657788
295.0, 0.31220023016455645
296.0, 0.2741247623177885
297.0, 0.24043775067435255
298.0, 0.20864567510141854
299.0, 0.17901366482351683
300.0, 0.15401645145228565
301.0, 0.1330800399272084
302.0, 0.11602208942221705
303.0, 0.10229692943704859
304.0, 0.09077326274674133
305.0, 0.0808584074998935
306.0, 0.07273133999459389
307.0, 0.06469260692380527
308.0, 0.05927268989192001
309.0, 0.055693854229682316
310.0, 0.0532877118506623
311.0, 0.05224692901573147
312.0, 0.05413510193506739
313.0, 0.06002011915502655
314.0, 0.0627415203763325
315.0, 0.06884929898100858
316.0, 0.07782982423480675
317.0, 0.08729298965959202
318.0, 0.0975275931383519
319.0, 0.10795237501247243
320.0, 0.11771676717492123
321.0, 0.12825032963884994
322.0, 0.13924616949742513
323.0, 0.14962053636012979
324.0, 0.15897546648188693
325.0, 0.15640010848125904
326.0, 0.15630594759467822
327.0, 0.15957510170994538
328.0, 0.16328806875967092
329.0, 0.16447216803351258
330.0, 0.1683184833591611
331.0, 0.17858300727990034
332.0, 0.19127909388446504
333.0, 0.20888121640403243
334.0, 0.23087982957837788
335.0, 0.2555054547067366
336.0, 0.2908956944279673
337.0, 0.33414902449849765
338.0, 0.3801135849035777
339.0, 0.43275392414766567
340.0, 0.4940238194579492
341.0, 0.5619219254696163
342.0, 0.6302980937748508
343.0, 0.6955927891099365
344.0, 0.7556153964014392
345.0, 0.8071615197728771
346.0, 0.838953770840354
347.0, 0.8352873184834477
348.0, 0.8063359888403311
349.0, 0.7536507992034536
350.0, 0.6830690189549657
351.0, 0.6039783785876163
352.0, 0.5250120212824733
353.0, 0.45132301051274987
354.0, 0.3831905178487057
355.0, 0.32371645419259376
356.0, 0.26943473305531
357.0, 0.22354787100184645
358.0, 0.1868839263977289
359.0, 0.1557155221120032
360.0, 0.13135413364797638
361.0, 0.10926455382368665
362.0, 0.09153650715930733
363.0, 0.07679555011933646
364.0, 0.06328943158125813
365.0, 0.05044459825622984
366.0, 0.04157289960070815
367.0, 0.03236670793911477
368.0, 0.026285163674323927
369.0, 0.021776266311283057
370.0, 0.016648375096045852
371.0, 0.01004373612064986
372.0, 0.004211941025535406
373.0, 0.0028705221782721634
374.0, 0.002420743162529854
375.0, 0.004354871497479307
376.0, 0.008170293819762345
377.0, 0.009707786158769938
378.0, 0.010669209891163942
379.0, 0.010050788100142278
380.0, 0.009727938825927285
381.0, 0.009737502357459528
382.0, 0.009609190942433525
383.0, 0.008980235112779946
384.0, 0.009139480691804496
385.0, 0.008794362654395968
386.0, 0.008008788279490663
387.0, 0.008087052969076578
388.0, 0.00885152211382643
389.0, 0.008528969982081256
390.0, 0.008686174825770002
391.0, 0.0073175833030331
392.0, 0.00703700454521896
393.0, 0.007663119983853512
394.0, 0.008429318963802475
395.0, 0.008703487131480489
396.0, 0.0087778738362504
397.0, 0.008701857014884724
398.0, 0.00561682672911242
399.0, 0.005010002932209965
400.0, 0.007141788725484092
401.0, 0.006954973065058063
402.0, 0.0024635892341744246
403.0, 0.001967927793638675
404.0, 0.003322712622590264
405.0, 0.0059825153105647864
406.0, 0.009496043261325011
407.0, 0.013973147622017837
408.0, 0.02174315880812537
409.0, 0.027008316970658603
410.0, 0.03631295240364249
411.0, 0.047222783022740494
412.0, 0.058908517590498144
413.0, 0.07235293787405096
414.0, 0.08943590307373994
415.0, 0.10716075780436514
416.0, 0.1223418955975904
417.0, 0.14212024957127356
418.0, 0.16827785334815576
419.0, 0.19628554752833252
420.0, 0.21554796024115003
421.0, 0.2408542244729934
422.0, 0.2539818422149611
423.0, 0.26864434860371267
424.0, 0.28177816659365634
425.0, 0.290951661221275
426.0, 0.3053954766984826
427.0, 0.3334649798818532
428.0, 0.35497148334046097
429.0, 0.3803998959162795
430.0, 0.41082267892408564
431.0, 0.44172070760179527
432.0, 0.46577551883060114
433.0, 0.4792787840746136
434.0, 0.4840234260419819
435.0, 0.4791902336445806
436.0, 0.47762005735010354
437.0, 0.48461277721993373
438.0, 0.49729749148238406
439.0, 0.5196229652080847
440.0, 0.5530814316076702
441.0, 0.6097390325498658
442.0, 0.6704561805743469
443.0, 0.7391574234158451
444.0, 0.8231611066670892
445.0, 0.8926958827303549
446.0, 0.9563709910883957
447.0, 0.989877732355562
448.0, 0.9923604564960873
449.0, 0.9666661146776229
450.0, 0.9182201777274128
451.0, 0.8549387201691464
452.0, 0.7985709692420268
453.0, 0.744089899574206
454.0, 0.6828317620319547
455.0, 0.6192838881287569
456.0, 0.5550956291121848
457.0, 0.48649017336266553
458.0, 0.42600616076552467
459.0, 0.36254078021776887
460.0, 0.31558885439863255
461.0, 0.2723565722342164
462.0, 0.2319662077031263
463.0, 0.2019138610179204
464.0, 0.17322710631235586
465.0, 0.15339378415494145
466.0, 0.13519367594981252
467.0, 0.11995875113381775
468.0, 0.10750549107896017
469.0, 0.09815168283454785
470.0, 0.09440084057161338
471.0, 0.08792617492907366
472.0, 0.08146447749875131
473.0, 0.07859934513145031
474.0, 0.07757893945491375
475.0, 0.07719811346077693
476.0, 0.0785009177185709
477.0, 0.08099018152061145
478.0, 0.08523686977879102
479.0, 0.08996535502304638
480.0, 0.0967529190394427
481.0, 0.10530001972093239
482.0, 0.11445079025834372
483.0, 0.125215477665749
484.0, 0.14101971567613178
485.0, 0.15958142346644189
486.0, 0.18027689322757356
487.0, 0.20292108940042036
488.0, 0.2280496871695891
489.0, 0.256886101686856
490.0, 0.29067596054544903
491.0, 0.32286619438400754
492.0, 0.35798217630722634
493.0, 0.39325405504656064
494.0, 0.42360889769231724
495.0, 0.4456052656318406
496.0, 0.4634500659445713
497.0, 0.46827295922458556
498.0, 0.45504448762463945
499.0, 0.4345126174080636
500.0, 0.40918639864101713
501.0, 0.37986043723768903
502.0, 0.35178001538692727
503.0, 0.32135049536633814
504.0, 0.2990395287630808
505.0, 0.2788256833338545
506.0, 0.25910342967369066
507.0, 0.2369601412640907
508.0, 0.20984344759435417
509.0, 0.1843137673593728
510.0, 0.15926444191178854
511.0, 0.13540578452160668
512.0, 0.11377214882292098
513.0, 0.09786021891295825
514.0, 0.08801345722067552
515.0, 0.07791592314508017
516.0, 0.07214975143810956
517.0, 0.07146363578415432
518.0, 0.0718678186280171
519.0, 0.0721076089619984
520.0, 0.07096959120796073
521.0, 0.06772418180617075
522.0, 0.06462684790092162
523.0, 0.05920596605821742
524.0, 0.04811581869633303
525.0, 0.04082946319598909
526.0, 0.03595392222658111
527.0, 0.029438175419441513
528.0, 0.02166276799933732
529.0, 0.01605816840961454
530.0, 0.01339231743240366
531.0, 0.009839189161636345
532.0, 0.006191520340582277
533.0, 0.00283348489602841
534.0, 0.0004109813430157583
535.0, 0.002410926412215941
536.0, 0.004354331994829271
537.0, 0.005201479474789643
538.0, 0.005805833373287772
539.0, 0.005742935691832394
540.0, 0.004394004026684228
541.0, 0.001949724478428336
542.0, 0.0011722160831095247
543.0, 0.005475694163474537
544.0, 0.009299786881472918
545.0, 0.01275498879542724
546.0, 0.016752789926695846
547.0, 0.02255489894377584
548.0, 0.03128124576780008
549.0, 0.03966841707033794
550.0, 0.0514489141389681
551.0, 0.06842938068380487
552.0, 0.09008440879574492
553.0, 0.11541831307402363
554.0, 0.14546815986163866
555.0, 0.186419704495079
556.0, 0.22052498572277973
557.0, 0.26902595704392723
558.0, 0.32138073866687933
559.0, 0.3743968336539415
560.0, 0.4223942747483378
561.0, 0.45638723902789413
562.0, 0.4775354770745052
563.0, 0.4652107748217
564.0, 0.41923289949370823
565.0, 0.3545092652287756
566.0, 0.2889266243686921
567.0, 0.2330684601375848
568.0, 0.18586078307815074
569.0, 0.1537045842935115
570.0, 0.1253808958703601
571.0, 0.10826610416883371
572.0, 0.09559573821111925
573.0, 0.0872650682261742
574.0, 0.08526930735677984
575.0, 0.08423735776962368
576.0, 0.0880244828140754
577.0, 0.09263766598076228
578.0, 0.10271966499104421
579.0, 0.11323460888697956
580.0, 0.12272144469044283
581.0, 0.13344814985538483
582.0, 0.14426028085022222
583.0, 0.1528603435051647
584.0, 0.1645867869771819
585.0, 0.17736700745942394
586.0, 0.18837501114969427
587.0, 0.19889121144936012
588.0, 0.2117104527212084
589.0, 0.21952665885835435
590.0, 0.24426038360331773
591.0, 0.26761189540571373
592.0, 0.2859521634393753
593.0, 0.30280101651346186
594.0, 0.3183079068499817
595.0, 0.3264202885677125
596.0, 0.32521925172071303
597.0, 0.31709582933503144
598.0, 0.29973008946724566
599.0, 0.280577175977952
600.0, 0.26123906177361617
601.0, 0.24002410963553863
602.0, 0.21677616596002203
603.0, 0.2019828619738735
604.0, 0.1898617808476633
605.0, 0.18021678776580605
606.0, 0.17214495121754844
607.0, 0.1636479427688723
608.0, 0.1556078652201971
609.0, 0.1516638532100195
610.0, 0.14197880281097833
611.0, 0.13940499469926615
612.0, 0.13121084393839522
613.0, 0.12040777287679776
614.0, 0.10767605180229105
615.0, 0.09466203056244558
616.0, 0.0863607992926906
617.0, 0.07950167185870567
618.0, 0.06814158272276083
619.0, 0.05958051031290994
620.0, 0.05307839647638379
621.0, 0.04865529157539642
622.0, 0.04535873847981085
623.0, 0.040338096142701764
624.0, 0.03708177519342434
625.0, 0.0293451228474395
626.0, 0.027439443134798756
627.0, 0.025523022306728444
628.0, 0.021857544871565524
629.0, 0.018676608910014023
630.0, 0.01817160139432089
631.0, 0.015048729541968831
632.0, 0.013260508931921645
633.0, 0.012389397794196334
634.0, 0.012664415735272277
635.0, 0.013029601217195295
636.0, 0.012381223375184455
637.0, 0.01062580159197272
638.0, 0.00799897561531706
639.0, 0.0073506380368080744
640.0, 0.007548282152869709
641.0, 0.008994861151944618
642.0, 0.00938296069644583
643.0, 0.007633115957140915
644.0, 0.006172447616438839
645.0, 0.008325949453942641
646.0, 0.004677330467926398
647.0, 0.005765295717621245
648.0, 0.008170559877188045
649.0, 0.007924656492933384
650.0, 0.0056346682067221435
651.0, 0.005283448356504372
652.0, 0.004305343602390294
653.0, 0.006007544325534496
654.0, 0.0056297931762625
655.0, 0.005261220395491265
656.0, 0.004178963450731304
657.0, 0.003160317377596286
658.0, 0.003791444238927966
659.0, 0.0031016207573628433
660.0, 0.0031108971002269774
661.0, 0.002797344021994254
662.0, 0.0022090805620184283
663.0, 0.0035172059578037554
664.0, 0.0051168752520928725
665.0, 0.004331848541852689
666.0, 0.0037245080495281182
667.0, 0.0030596327816718176
668.0, 0.0025949360809350923
669.0, 0.002947413544699262
670.0, 0.004162068143729006
671.0, 0.006737167339175872
672.0, 0.00980722246034244
673.0, 0.010694233410877635
674.0, 0.01449035356917209
675.0, 0.016249991882979615
676.0, 0.017373535722281907
677.0, 0.01884597437091263
678.0, 0.02043772949929976
679.0, 0.021647436771230478
680.0, 0.023705041055953717
681.0, 0.03331672599716803
682.0, 0.03430631557416749
683.0, 0.03719970967114714
684.0, 0.03843134137938677
685.0, 0.039648835919172364
686.0, 0.04075655833183606
687.0, 0.039988402314705594
688.0, 0.04023206881520557
689.0, 0.0379943232873397
690.0, 0.02924351037178065
691.0, 0.025561312118043363
692.0, 0.023619916992436023
693.0, 0.020360755146490304
694.0, 0.016721029835006958
695.0, 0.015571302434765791
696.0, 0.013022102382399828
697.0, 0.011514202800715077
698.0, 0.009664666602140416
699.0, 0.008339171296218438
700.0, 0.0070856209672420616
701.0, 0.00605595259620449
702.0, 0.0059909478999813455
703.0, 0.0041690826273816615
704.0, 0.0035645356659748614
705.0, 0.005050623484499912
706.0, 0.002609410258824958
707.0, 0.0012717832872232578
708.0, 0.0018051577439799442
709.0, 0.0010049941716612468
710.0, 7.955647874591525e-05
711.0, 0.0011032222851964707
712.0, 0.0019155231506804721
713.0, 0.0017468009909307385
714.0, 0.0026187647296767327
715.0, 0.002463665158022616
716.0, 0.0008831148803139637
717.0, 0.001065734512808251
718.0, 0.0002903922119624472
719.0, 0.0005611195275697463
720.0, 0.0011449586472324447
721.0, 0.003262173450462186
722.0, 0.003459322866532642
723.0, 0.0025848520306361723
724.0, 0.003345083963523533
725.0, 0.0033336663587481947
726.0, 0.003915224293758507
727.0, 0.003595010312695662
728.0, 0.0037297480985967295
729.0, 0.002658091233083301
730.0, 0.0012994988907738436
731.0, 0.0007371063709105827
732.0, 0.0006566131506799639
733.0, 0.0009667841488946021
734.0, 0.0003089515986937964
735.0, 0.002046646367278054
736.0, 0.0014324405866475657
737.0, 0.0020910947124015357
738.0, 0.0031207502834625436
739.0, 0.0020464084296585336
740.0, 0.0011019100485475065
741.0, 0.0014978925575473813
742.0, 0.0011530810338806975
743.0, 0.0004459962031598963
744.0, 0.0014889123137334934
745.0, 0.0020816716672439717
746.0, 0.0016214023488001384
747.0, 0.0016853972064206817
748.0, 0.001997771066818566
749.0, 0.0028816181707553776
750.0, 0.0028012484557020014
751.0, 0.0016526720208912076
752.0, 0.0007407773580860822
753.0, 0.000703624963889501
754.0, 0.0011342920283320026
755.0, 0.0013788241055434063
756.0, 0.0021866000812910246
757.0, 0.001555817670616672
758.0, 0.0019128754079356291
759.0, 0.0018559185919311476
760.0, 0.0015987920219494058
761.0, 0.0010628241344240728
762.0, 0.0005620028509870185
763.0, 0.0012607372623143942
764.0, 0.0031011493716651193
765.0, 0.0014671844718862506
766.0, 0.0010108600116918364
767.0, 0.0006512325383750112
768.0, 0.0022382240225754225
769.0, 0.004339242110789512
770.0, 0.0043348599902439154
771.0, 0.002906375176554833
772.0, 0.0009741514732133389
773.0, 0.00042325902469906896
774.0, 0.001059511714345936
775.0, 0.00101839488006506
776.0, 0.001960084272256321
777.0, 0.003751468645687984
778.0, 0.004749597997018752
779.0, 0.005007063006356642
780.0, 0.002492216178752254
781.0, 0.002945007681872189
782.0, 0.0022982290663208804
783.0, 0.001750096057318021
784.0, 0.002124716043315592
785.0, 0.0035899677703262497
786.0, 0.005317131068759223
787.0, 0.005283771987522978
788.0, 0.0023585191535353484
789.0, 0.006410613543466687
790.0, 0.005282657067825917
791.0, 0.004646495890854169
792.0, 0.005438680313108346
793.0, 0.005782533782913268
794.0, 0.005230819969830716
795.0, 0.006507177026255529
796.0, 0.0067215651989082454
797.0, 0.006173476770142313
798.0, 0.006892788284978692
799.0, 0.0076672496296471765
800.0, 0.007748106954108207
801.0, 0.00745080067175566
802.0, 0.007069930691289677
803.0, 0.005877191353446182
804.0, 0.007180326625635499
805.0, 0.00903029340585279
806.0, 0.010256439342010813
807.0, 0.009969527652976868
808.0, 0.007766570190389463
809.0, 0.006737318879291454
810.0, 0.00882285612897301
811.0, 0.009485858231450074
812.0, 0.012910097376522628
813.0, 0.013222720992892288
814.0, 0.011100993117685821
815.0, 0.011077543816318472
816.0, 0.0113301562618084
817.0, 0.01254408133483045
818.0, 0.015511657497132446
819.0, 0.016337099086095448
820.0, 0.018127223837159825
821.0, 0.013426890273105764
822.0, 0.014626749405491666
823.0, 0.016046314321481306
824.0, 0.018182360307387662
825.0, 0.02011094235403634
826.0, 0.02023817406921594
827.0, 0.019785134709387205
828.0, 0.022168055215498493
829.0, 0.023950399605915003
830.0, 0.02448155227796061
831.0, 0.02642649607735919
832.0, 0.025964797742196295
833.0, 0.02476036257117234
834.0, 0.0249638727241953
835.0, 0.025404978325155092
836.0, 0.026906814412077838
837.0, 0.033099458471816376
838.0, 0.032857796744968144
839.0, 0.03412530033559587
840.0, 0.0376911115470792
841.0, 0.04006949165086955
842.0, 0.0397945716577182
843.0, 0.04078786606354443
844.0, 0.04811494643003776
845.0, 0.04667755878268565
846.0, 0.051082660294859174
847.0, 0.05451356542411536
848.0, 0.05986673542815137
849.0, 0.06608809625902874
850.0, 0.07080480354613175
851.0, 0.07470722245363166
852.0, 0.08079724099027565
853.0, 0.08374440834435433
854.0, 0.09197130999445699
855.0, 0.1003229484084481
856.0, 0.1101298925003539
857.0, 0.12012659302771074
858.0, 0.12972402072139158
859.0, 0.1400618284261334
860.0, 0.15249434715508955
861.0, 0.16571638521587048
862.0, 0.17658467318163049
863.0, 0.187071475468489
864.0, 0.20138548844654722
865.0, 0.21721187528479288
866.0, 0.23112993050185696
867.0, 0.24475323732235216
868.0, 0.26096291888258183
869.0, 0.27878763409890056
870.0, 0.29840371171913815
871.0, 0.3121814817018207
872.0, 0.33345483769770834
873.0, 0.34992617176174773
874.0, 0.3605907062131816
875.0, 0.3682465387097129
876.0, 0.3738638036360346
877.0, 0.37490507603230094
878.0, 0.3693964227809615
879.0, 0.3684851764443677
880.0, 0.3579413510394401
881.0, 0.34957452353085045
882.0, 0.34357938926440085
883.0, 0.3346931847457457
884.0, 0.3210283836682463
885.0, 0.3059492316966949
886.0, 0.292207127581991
887.0, 0.27310335466518704
888.0, 0.24795699103671182
889.0, 0.22906061346888057
890.0, 0.20923109610456345
891.0, 0.19068960941259072
892.0, 0.17535599153745807
893.0, 0.16088595825902827
894.0, 0.14740958187333153
895.0, 0.14063282105821215
896.0, 0.1345319997580622
897.0, 0.13244103663711776
898.0, 0.12485254555376987
899.0, 0.12035360110847798
900.0, 0.12048075670178213
901.0, 0.12043327223711107
902.0, 0.1201893151647606
903.0, 0.12204715037413334
904.0, 0.12229212723789351
905.0, 0.1250934046747879
906.0, 0.13066681485852877
907.0, 0.13183227495773617
908.0, 0.13439647087855444
909.0, 0.14038238010357545
910.0, 0.14433570264913578
911.0, 0.14436121493781892
912.0, 0.14342669156206428
913.0, 0.14000670713116126
914.0, 0.13059837532135943
915.0, 0.1253489859254815
916.0, 0.11847542910056173
917.0, 0.11105805301409231
918.0, 0.10073657104794942
919.0, 0.08963967181362616
920.0, 0.08068498272671619
921.0, 0.07328448967201821
922.0, 0.06483030516954671
923.0, 0.05899961439572943
924.0, 0.05102118704326798
925.0, 0.04599323249971469
926.0, 0.04292146372152165
927.0, 0.03903261381137443
928.0, 0.03486998384745779
929.0, 0.031296327344501315
930.0, 0.02840950393286213
931.0, 0.026985807229471016
932.0, 0.02350759977711222
933.0, 0.022109018995709294
934.0, 0.019089712633089423
935.0, 0.018385505702523394
936.0, 0.01777340744234571
937.0, 0.01638767182622799
938.0, 0.01577830294311648
939.0, 0.015511273606985353
940.0, 0.012070095419777252
941.0, 0.012329298417198832
942.0, 0.010423987381634631
943.0, 0.009547549466265947
944.0, 0.009564995357383027
945.0, 0.008681050886718092
946.0, 0.008730973397226113
947.0, 0.009507675309308348
948.0, 0.008802845783030623
949.0, 0.006559862932656071
950.0, 0.005232173536793155
951.0, 0.011142381898433246
952.0, 0.00723577950021247
953.0, 0.007761226098114773
954.0, 0.00626064037599878
955.0, 0.0068715248273813565
956.0, 0.008531780040519509
957.0, 0.00802729913417612
958.0, 0.006990568434540484
959.0, 0.0062612996950689465
960.0, 0.007283233228776906
961.0, 0.008419181171336838
962.0, 0.007897064668230562
963.0, 0.008459730746684591
964.0, 0.011303538377918627
965.0, 0.015194961675489905
966.0, 0.01641067816260177
967.0, 0.016353922670045144
968.0, 0.023254157834961466
969.0, 0.023242147298543177
970.0, 0.028650126858628503
971.0, 0.035506295011921186
972.0, 0.03954083531946562
973.0, 0.04664404906737662
974.0, 0.052347245426001866
975.0, 0.056033588445048334
976.0, 0.06018808170809075
977.0, 0.06288143525262033
978.0, 0.061732538171568936
979.0, 0.06086598333060419
980.0, 0.05354579931323684
981.0, 0.045817259786157104
982.0, 0.039600723708894794
983.0, 0.03456599186232843
984.0, 0.03070160313635669
985.0, 0.0269294711315882
986.0, 0.022497027404534364
987.0, 0.01919846939225098
988.0, 0.016943793327314494
989.0, 0.012164902125525144
990.0, 0.011252831850121508
991.0, 0.00935613541387941
992.0, 0.009896262489174561
993.0, 0.009142058203500392
994.0, 0.00711709698491417
995.0, 0.00760273008831094
996.0, 0.010257490402858753
997.0, 0.008821114742998725
998.0, 0.009659440491801558
999.0, 0.007907903822082335
1000.0, 0.006527258710055662
1001.0, 0.009091490151334447
1002.0, 0.010161525898209277
1003.0, 0.011726863954949795
1004.0, 0.013443383989301129
1005.0, 0.012618750276546834
1006.0, 0.0108567935132077
1007.0, 0.013053757178412579
1008.0, 0.010706150512019532
1009.0, 0.013448316536288554
1010.0, 0.015516621436269947
1011.0, 0.017532248356096545
1012.0, 0.020950234245048334
1013.0, 0.02479928165575892
1014.0, 0.02791359636302695
1015.0, 0.03022549346472811
1016.0, 0.03219055559174995
1017.0, 0.033963076845937926
1018.0, 0.035698337930299064
1019.0, 0.03588193743881556
1020.0, 0.035356483535512816
1021.0, 0.035284180126215335
1022.0, 0.03228385683106895
1023.0, 0.02854481745176066
1024.0, 0.027075786914443033
1025.0, 0.02658846924057781
1026.0, 0.02456446866458848
1027.0, 0.02474786077019985
1028.0, 0.028807043074692684
1029.0, 0.02545491491061967
1030.0, 0.030536297390492156
1031.0, 0.03010677112717087
1032.0, 0.029843991379325363
1033.0, 0.030627651269953104
1034.0, 0.032304809845407664
1035.0, 0.034998316009662134
1036.0, 0.0376328383520464
1037.0, 0.03911127330732618
1038.0, 0.03981948862473343
1039.0, 0.038501211210186743
1040.0, 0.039051844357166604
1041.0, 0.03918994469546574
1042.0, 0.03580837195008402
1043.0, 0.035011357533949954
1044.0, 0.03311376919818255
1045.0, 0.028841812910529573
1046.0, 0.02682942417735291
1047.0, 0.025519059707098602
1048.0, 0.025752313851544723
1049.0, 0.022353245195612655
1050.0, 0.02265457236286023
1051.0, 0.018040554926049
1052.0, 0.019991155133181848
1053.0, 0.020709024123111545
1054.0, 0.019074376483407186
1055.0, 0.019817137254872913
1056.0, 0.020725754379089974
1057.0, 0.016632083876931096
1058.0, 0.018406143592670003
1059.0, 0.020697952737277373
1060.0, 0.01955199430826733
1061.0, 0.018951030145616367
1062.0, 0.021292532588969248
1063.0, 0.01903909077310472
1064.0, 0.017773032860523622
1065.0, 0.02055796104137753
1066.0, 0.02240233592216817
1067.0, 0.02064713604746818
1068.0, 0.021451019347842146
1069.0, 0.023984596317828
1070.0, 0.027205639217098957
1071.0, 0.029448719527219187
1072.0, 0.03469092007774572
1073.0, 0.03682570337314067
1074.0, 0.04138569593158211
1075.0, 0.04518847141787186
1076.0, 0.050747168299488755
1077.0, 0.05878795681248689
1078.0, 0.06462569260777111
1079.0, 0.07320326368137732
1080.0, 0.08234473664896783
1081.0, 0.09575293724522656
1082.0, 0.09759678386202253
1083.0, 0.10359578582588072
1084.0, 0.1041185683960412
1085.0, 0.09945942112485509
1086.0, 0.09004881930861187
1087.0, 0.08045451258625316
1088.0, 0.0694837799377893
1089.0, 0.05284403433915351
1090.0, 0.043722447327158784
1091.0, 0.037534971895146804
1092.0, 0.03194183137403335
1093.0, 0.024661005259779958
1094.0, 0.021416236980861772
1095.0, 0.020149345730878808
1096.0, 0.01859727861827222
1097.0, 0.015593477153951048
1098.0, 0.01246141052283104
1099.0, 0.01085964309305143
1100.0, 0.010993879935800949
1101.0, 0.012205114841481755
1102.0, 0.009595929794206275
1103.0, 0.009697265513709008
1104.0, 0.005286188877303116
1105.0, 0.008486661561857657
1106.0, 0.0077598630661355715
1107.0, 0.008289632533321859
1108.0, 0.008569253413185755
1109.0, 0.008594954105046237
1110.0, 0.008679578690718188
1111.0, 0.007638971443319415
1112.0, 0.008610300327666435
1113.0, 0.008960056361370447
1114.0, 0.011908960164847823
1115.0, 0.010048362463815257
1116.0, 0.010490292149114086
1117.0, 0.01081206921284442
1118.0, 0.013271430689163314
1119.0, 0.013531670038998782
1120.0, 0.014357559106301291
1121.0, 0.016705201191896567
1122.0, 0.01709349794549882
1123.0, 0.01646571296688535
1124.0, 0.014440808669510165
1125.0, 0.013919225109801222
1126.0, 0.01105939996363181
1127.0, 0.011375074872253971
1128.0, 0.010885560772810336
1129.0, 0.00927182471471913
1130.0, 0.008114807082996622
1131.0, 0.006693336585878343
1132.0, 0.004960398158646769
1133.0, 0.003945263596904766
1134.0, 0.0031846607191254143
1135.0, 0.0012841040663841316
1136.0, 0.0004092935925771225
1137.0, 0.0016455098186538416
1138.0, 0.0005202482360445499
1139.0, 0.0013763770808424593
1140.0, 0.0004530647230475038
1141.0, 0.00017249438131963077
1142.0, 0.002132555788995036
1143.0, 0.0018583800224503703
1144.0, 0.0007736851836209026
1145.0, 0.001973443229593644
1146.0, 0.0018774555598708921
1147.0, 0.001127793292095817
1148.0, 0.0010079170469705306
1149.0, 0.0012119167345771727
1150.0, 0.0009215078046103714
1151.0, 0.0013918946864062208
1152.0, 0.002041605205367477
1153.0, 0.0025195136770737345
1154.0, 0.0023729887898692923
1155.0, 0.0026121797205264224
1156.0, 0.00332882535387081
1157.0, 0.002869469273777626
1158.0, 0.0014555637054189463
1159.0, 0.002122790152643708
1160.0, 0.0008345998528387862
1161.0, 0.000553864520508649
1162.0, 0.0010729655393994341
1163.0, 0.0022446828586694563
1164.0, 0.0022189673651399166
1165.0, 0.0008008739438001313
1166.0, 0.0004949076245663704
1167.0, 0.0011704389271396873
1168.0, 0.0009555969443080713
1169.0, 0.0006542003969389921
1170.0, 0.0016403922817304396
1171.0, 0.0013575388551710214
1172.0, 0.002882260011260887
1173.0, 0.0031324962951492755
1174.0, 0.001343632657163953
1175.0, 0.003064713959457515
1176.0, 0.00227218419416978
1177.0, 0.0016411808150145046
1178.0, 0.0008872690207315858
1179.0, 0.0010914487992643878
1180.0, 0.001278567799664762
1181.0, 0.0008205841849153453
1182.0, 0.0012582841779716827
1183.0, 0.002447230906074965
1184.0, 0.002740433116859265
1185.0, 0.001400129644838019
1186.0, 0.004013242791098685
1187.0, 0.0008222264973008627
1188.0, 0.0018824312885898846
1189.0, 0.0024076342502222943
1190.0, 0.002673421157546844
1191.0, 0.0012677624201802456
1192.0, 0.0002843670092021474
1193.0, 0.0004941289250207524
1194.0, 0.0004948874225178946
1195.0, 0.00035836630407036344
1196.0, 0.0007393343752592658
1197.0, 0.0018906839473525339
1198.0, 0.0012534167423906774
1199.0, 0.0025793351561893482
1200.0, 0.0010653113010120063
1201.0, 0.0013224068306395135
1202.0, 0.0011546658152486455
1203.0, 0.0016828426031736097
1204.0, 0.0018751901163954303
1205.0, 0.0012462301091668239
1206.0, 0.001121439996023317
1207.0, 0.0016575472654438692
1208.0, 0.0016571501067539456
1209.0, 0.002250294987444009
1210.0, 0.0038666218193062333
1211.0, 0.0025303209595655086
1212.0, 0.0017936778148897378
1213.0, 0.0018385890782955886
1214.0, 0.0012957902179142325
1215.0, 0.0012321665020185396
1216.0, 0.0006382218823582695
1217.0, 0.0005133456980812202
1218.0, 0.0020276719747520772
1219.0, 0.002259682561432211
1220.0, 0.0007395891937733971
1221.0, 0.0009347974075269043
1222.0, 0.0015151231458290539
1223.0, 0.0015913408057048161
1224.0, 0.0046935652855342675
1225.0, 0.0033314501269387656
1226.0, 0.005708352254385753
1227.0, 0.002768470781083096
1228.0, 0.0010035074346977722
1229.0, 0.002033670627671402
1230.0, 0.0011877578847947405
1231.0, 0.000153622834963944
1232.0, 0.00221252566644832
1233.0, 0.0034968996782495493
1234.0, 0.001700146786104449
1235.0, 0.002575927842852684
1236.0, 0.004684818839660119
1237.0, 0.0019764599075105986
1238.0, 0.0037572498862697987
1239.0, 0.0007425552033640686
1240.0, 0.0026461921891445957
1241.0, 0.004548237057035437
1242.0, 0.005998584689399514
1243.0, 0.003271551153469737
1244.0, 0.0011040241800016613
1245.0, 0.001505316494429573
1246.0, 0.002358265095650027
1247.0, 0.003045060290135073
1248.0, 0.004472916823435936
1249.0, 0.005473618376926683
1250.0, 0.0050891843683327906
1251.0, 0.005567049237951269
1252.0, 0.00374110245893177
1253.0, 0.004774184181036592
1254.0, 0.0038103872646974993
1255.0, 0.0017468704755256143
1256.0, 0.0019865221520159117
1257.0, 0.0011073358331762664
1258.0, 0.0011891868346761048
1259.0, 0.0012963520446349689
1260.0, 0.0021875513935750222
1261.0, 0.0023056748105959846
1262.0, 0.0007550000324979907
1263.0, 0.0021517270963274044
1264.0, 0.0049117250002368865
1265.0, 0.0031660371275361253
1266.0, 0.0021787867883682334
1267.0, 0.009179608098100483
1268.0, 0.005119582516894577
1269.0, 0.004297617867410101
1270.0, 0.0037507273628765323
1271.0, 0.004017666919245043
1272.0, 0.0054470107382144
1273.0, 0.006711260547261189
1274.0, 0.006191933843533442
1275.0, 0.004238384248091376
1276.0, 0.003751077166915062
1277.0, 0.0040690189150106955
1278.0, 0.0018704670214272196
1279.0, 0.002402447091412081
1280.0, 0.0033259656939719855
1281.0, 0.006510442165193538
1282.0, 0.0006878744110067714
1283.0, 0.005135497686152123
1284.0, 0.0043068337618060405
1285.0, 0.0019080015830132942
1286.0, 0.0008047899349127078
1287.0, 0.0040717452738038
1288.0, 0.0030215870582999196
1289.0, 0.0030637428871160724
1290.0, 0.005047069727060816
1291.0, 0.0037412646099981095
1292.0, 0.0024172743321818255
1293.0, 0.004375053650311336
1294.0, 0.005635489595591138
1295.0, 0.0038084935957668604
1296.0, 0.004298087600367274
1297.0, 0.004141870256376408
1298.0, 0.004463495607125914
1299.0, 0.0024288932617011786
1300.0, 0.003400577856629665
1301.0, 0.0022212078080637247
1302.0, 0.0023642589558680815
1303.0, 0.0031436279729362953
1304.0, 0.004347536910759304
1305.0, 0.004501038341226515
1306.0, 0.004107113717625821
1307.0, 0.0036130026066269346
1308.0, 0.002519967843781654
1309.0, 0.003200322241180521
1310.0, 0.0017908572151413284
1311.0, 0.0011875767130501043
1312.0, 0.004452215855059678
1313.0, 0.007422528125710207
1314.0, 0.006430587028289676
1315.0, 0.005763663109432688
1316.0, 0.00480929284896943
1317.0, 0.004397181298679955
1318.0, 0.00612933018601013
1319.0, 0.0056081814194676415
1320.0, 0.005100218916951486
1321.0, 0.00640898648267703
1322.0, 0.006674164478951828
1323.0, 0.004451310140468753
1324.0, 0.0020628371115985968
1325.0, 0.0019398055624050363
1326.0, 0.004270388971245905
1327.0, 0.005676090052241351
1328.0, 0.004771888589851389
1329.0, 0.006421442607465439
1330.0, 0.004772108501065575
1331.0, 0.006629493716656176
1332.0, 0.0032542394698679665
1333.0, 0.005124341632657371
1334.0, 0.0028080468789007215
1335.0, 0.002849724611579668
1336.0, 0.005012969080800333
1337.0, 0.0038767494067272735
1338.0, 0.002676952273940682
1339.0, 0.0041581010466001786
1340.0, 0.005138539366166451
1341.0, 0.0046148887505653565
1342.0, 0.002640557118458069
1343.0, 0.0015148925650501517
1344.0, 0.002161508619981122
1345.0, 0.002959191707572036
1346.0, 0.0018466675764879205
1347.0, 0.0024911622060837845
1348.0, 0.004703476184568938
1349.0, 0.0026924373819006983
1350.0, 0.003958322228662004
1351.0, 0.00428726093452578
1352.0, 0.004837815651040461
1353.0, 0.005043222801603946
1354.0, 0.004835948346813759
1355.0, 0.004032093566333988
1356.0, 0.00365530971451397
1357.0, 0.00399535370301927
1358.0, 0.003751436601955451
1359.0, 0.003797243117794276
1360.0, 0.0037390837239746127
1361.0, 0.003899005985589758
1362.0, 0.002562592869759218
1363.0, 0.002962886983542394
1364.0, 0.0032844880808613123
1365.0, 0.0030654165584755463
1366.0, 0.003490917034849974
1367.0, 0.0023320818376969506
1368.0, 0.003476594345170163
1369.0, 0.003039043094027034
1370.0, 0.0024636288919840515
1371.0, 0.00391436244110851
1372.0, 0.0029635644169540925
1373.0, 0.0036571947184425605
1374.0, 0.005733113512730162
1375.0, 0.0049008193754941755
1376.0, 0.004739913091510243
1377.0, 0.005058450971874276
1378.0, 0.004698000687513043
1379.0, 0.0037752375078710346
1380.0, 0.000954662838517781
1381.0, 0.0075265691416748015
1382.0, 0.001345472584301368
1383.0, 0.0025550999039110497
1384.0, 0.00420480481477099
1385.0, 0.003821568026092724
1386.0, 0.0040886477126133094
1387.0, 0.0050257917955707195
1388.0, 0.003513263331463789
1389.0, 0.003265635818769673
1390.0, 0.0028835450336577063
1391.0, 0.002383746232196838
1392.0, 0.001597307510034095
1393.0, 0.0018274121725977191
1394.0, 0.0032717582566859373
1395.0, 0.003706072372055854
1396.0, 0.003733953361761613
1397.0, 0.0020181324475346085
1398.0, 0.002038917107920219
1399.0, 0.0017297989734795225
1400.0, 0.0013216907754537235
1401.0, 0.001329257987015538
1402.0, 0.003748518377070226
1403.0, 0.00379591356584657
1404.0, 0.0038800710714989566
1405.0, 0.002098002577119517
1406.0, 0.000683878454516789
1407.0, 0.001998379781583917
1408.0, 0.003104580735103874
1409.0, 0.002226909641647878
1410.0, 0.0036058275252340284
1411.0, 0.004880585196850539
1412.0, 0.004754588758007757
1413.0, 0.0043635194795624685
1414.0, 0.004418227048285863
1415.0, 0.004149210461165141
1416.0, 0.0022068681996021623
1417.0, 0.0028360121684855334
1418.0, 0.0010222052496738228
1419.0, 0.0010424147348158529
1420.0, 0.0024018855334112087
1421.0, 0.0033719628590266663
1422.0, 0.002721511027972506
1423.0, 0.0017005024412394321
1424.0, 0.004411141532594233
1425.0, 0.001936017670587868
1426.0, 0.001073463881172593
1427.0, 0.003643044447029689
1428.0, 0.002903992796470826
1429.0, 0.002462591521742308
1430.0, 0.0029204274359811563
1431.0, 0.003408931089904711
1432.0, 0.005650603599732147
1433.0, 0.005416049427425909
1434.0, 0.0038499316764893047
1435.0, 0.005834834112470818
1436.0, 0.005523846960959255
1437.0, 0.0019168226589870027
1438.0, 0.004456242854567505
1439.0, 0.006987450763214182
1440.0, 0.0063843747745327365
1441.0, 0.0055956089141863076
1442.0, 0.010039164670326799
1443.0, 0.009849832423666459
1444.0, 0.007380023199795516
1445.0, 0.008361644784568908
1446.0, 0.011818222011449714
1447.0, 0.007486293855869691
1448.0, 0.008358089570683926
1449.0, 0.007556400382831646
1450.0, 0.0068479761251827986
1451.0, 0.007887001080560764
1452.0, 0.009422740202988241
1453.0, 0.010223643457299088
1454.0, 0.010013150832773198
1455.0, 0.009448230705218753
1456.0, 0.010041927562651523
1457.0, 0.012241506961455416
1458.0, 0.011550477236104235
1459.0, 0.009741501677938027
1460.0, 0.012093521572634611
1461.0, 0.010397081358374825
1462.0, 0.009276134054665947
1463.0, 0.008254373136393722
1464.0, 0.00938555349263644
1465.0, 0.01052845065170986
1466.0, 0.009325165032824505
1467.0, 0.008190619974208118
1468.0, 0.004794609071566574
1469.0, 0.005338657773192661
1470.0, 0.004067880698583441
1471.0, 0.005204375051229169
1472.0, 0.009457644558037593
1473.0, 0.006504456529673233
1474.0, 0.0032330248858829067
1475.0, 0.006547945541285351
1476.0, 0.007245673711513035
1477.0, 0.005280436463845276
1478.0, 0.007166653102424043
1479.0, 0.0067783136182707595
1480.0, 0.0061787617382323854
1481.0, 0.007996154371121361
1482.0, 0.006139981777793329
1483.0, 0.00371267521624923
1484.0, 0.004953557863338774
1485.0, 0.003758736838702072
1486.0, 0.0031786592154045903
1487.0, 0.00702571059181345
1488.0, 0.00450639374557425
1489.0, 0.0032901024426533936
1490.0, 0.004522120672506862
1491.0, 0.006521064766872955
1492.0, 0.00435952908270219
1493.0, 0.004703607099119071
1494.0, 0.003822531681710778
1495.0, 0.00099367094182864
1496.0, 0.004237810473998143
1497.0, 0.004661751478135714
1498.0, 0.0011651760533768244
1499.0, 0.002741394867938473
1500.0, 0.002831280425904103
1501.0, 0.003222051605392506
1502.0, 0.0027994314821800288
1503.0, 0.002965500239792531
1504.0, 0.0013797946048369092
1505.0, 0.003318410116660423
1506.0, 0.005782178185138791
1507.0, 0.0033184990513639764
1508.0, 0.0029161127770360507
1509.0, 0.004495243628643384
1510.0, 0.002280478338717323
1511.0, 0.0018895585231191456
1512.0, 0.0038098421226687223
1513.0, 0.0023894141328202646
1514.0, 0.0021084641398384446
1515.0, 0.0030189429859547165
1516.0, 0.0003227595750619231
1517.0, 0.0006387942670979834
1518.0, 0.0028159464090159463
1519.0, 0.003965112240076265
1520.0, 0.002788922182624845
1521.0, 0.0008603876868210626
1522.0, 0.0026466963338751615
1523.0, 0.0005471229145164516
1524.0, 0.0029099373849417166
1525.0, 0.00591758828391625
1526.0, 0.004471687353198264
1527.0, 0.005966759511646367
1528.0, 0.00645768753347155
1529.0, 0.005849076978552874
1530.0, 0.0025875169020749406
1531.0, 0.0006431361762541177
1532.0, 0.002637120002130152
1533.0, 0.0055281871236981745
1534.0, 0.004559103860041047
1535.0, 0.004197736103905378
1536.0, 0.004079826092861322
1537.0, 0.0050815892535140674
1538.0, 0.004244919673614422
1539.0, 0.002008961627169204
1540.0, 0.001395880797034211
1541.0, 0.001818427426881691
1542.0, 0.003896407186233282
1543.0, 0.004387887588523957
1544.0, 0.0033996212522219645
1545.0, 0.005473956419584831
1546.0, 0.0053975240902167125
1547.0, 0.0026793147986952644
1548.0, 0.004029621877321403
1549.0, 0.0031288851794670624
1550.0, 0.0034483151842634604
1551.0, 0.005249244163378464
1552.0, 0.0026780258341571866
1553.0, 0.0070054993969155205
1554.0, 0.005572939956805377
1555.0, 0.005948400888634055
1556.0, 0.0032401929007450335
1557.0, 0.003174232222749849
1558.0, 0.004919956623149224
1559.0, 0.0016048008415443628
1560.0, 0.0020829875915253995
1561.0, 0.0027009341694523795
1562.0, 0.0006257797252144136
1563.0, 0.0032302919738869877
1564.0, 0.0013490713919129408
1565.0, 0.0018264384494330822
1566.0, 0.002695326360083791
1567.0, 0.0037087991922388503
1568.0, 0.0032419537016434826
1569.0, 0.002091656189707283
1570.0, 0.0023591871939622217
1571.0, 0.001111866542600269
1572.0, 6.817436057543165e-06
1573, 0.0
1574, 0.0
1575, 0.0
1576, 0.0
1577, 0.0
1578, 0.0
1579, 0.0
1580, 0.0
1581, 0.0
1582, 0.0
1583, 0.0
1584, 0.0
1585, 0.0
1586, 0.0
1587, 0.0
1588, 0.0
1589, 0.0
1590, 0.0
1591, 0.0
1592, 0.0
1593, 0.0
1594, 0.0
1595, 0.0
1596, 0.0
1597, 0.0
1598, 0.0
1599, 0.0
