30, 0.0
31, 0.0
32, 0.0
33, 0.0
34, 0.0
35, 0.0
36, 0.0
37, 0.0
38, 0.0
39, 0.0
40, 0.0
41, 0.0
42, 0.0
43, 0.0
44, 0.0
45, 0.0
46, 0.0
47, 0.0
48, 0.0
49, 0.0
50, 0.0
51, 0.0
52, 0.0
53, 0.0
54, 0.0
55, 0.0
56, 0.0
57, 0.0
58, 0.0
59, 0.0
60, 0.0
61, 0.0
62, 0.0
63, 0.0
64, 0.0
65, 0.0
66, 0.0
67, 0.0
68, 0.0
69, 0.0
70, 0.0
71, 0.0
72, 0.0
73, 0.0
74, 0.0
75, 0.0
76, 0.0
77, 0.0
78, 0.0
79, 0.0
80, 0.0
81, 0.0
82, 0.0
83, 0.0
84, 0.0
85, 0.0
86, 0.0
87, 0.0
88, 0.0
89, 0.0
90, 0.0
91, 0.0
92, 0.0
93, 0.0
94, 0.0
95, 0.0
96, 0.0
97, 0.0
98, 0.0
99, 0.0
100, 0.0
101, 0.0
102, 0.0
103, 0.0
104, 0.0
105, 0.0
106, 0.0
107, 0.0
108, 0.0
109, 0.0
110, 0.0
111, 0.0
112, 0.0
113, 0.0
114, 0.0
115, 0.0
116, 0.0
117, 0.0
118, 0.0
119, 0.0
120, 0.0
121, 0.0
122, 0.0
123, 0.0
124, 0.0
125, 0.0
126, 0.0
127, 0.0
128, 0.0
129, 0.0
130, 0.0
131.0, 0.001112216639379051
132.0, 0.0061538214581113165
133.0, 0.012657303974278132
134.0, 0.020249914389473114
135.0, 0.030102760312583354
136.0, 0.040022403597182
137.0, 0.051686182724063875
138.0, 0.06354171198357224
139.0, 0.07249853155845813
140.0, 0.0833348490309577
141.0, 0.08472491503808158
142.0, 0.07927634032769384
143.0, 0.07399269319482486
144.0, 0.06635493218178115
145.0, 0.05990230213123576
146.0, 0.05519256588010135
147.0, 0.053109343402045955
148.0, 0.05204870050031424
149.0, 0.05078494042294528
150.0, 0.04930272784734191
151.0, 0.04683246422503042
152.0, 0.04200352121662673
153.0, 0.03791701440739961
154.0, 0.03393979917651642
155.0, 0.0311332385037777
156.0, 0.031279611265315345
157.0, 0.028536553839068828
158.0, 0.025411084153198305
159.0, 0.02250137499978965
160.0, 0.020562980056039144
161.0, 0.02285533941813596
162.0, 0.01991801922868461
163.0, 0.016025268986471827
164.0, 0.01511227977995496
165.0, 0.012366739154203544
166.0, 0.009443850955267162
167.0, 0.008413425815303641
168.0, 0.007574226489615239
169.0, 0.0046389204830920815
170.0, 0.004858451124203481
171.0, 0.002326138363239091
172.0, 0.0011281257383143537
173.0, 0.002217476580842126
174.0, 0.0017392769855220586
175.0, 0.0029845330182992785
176.0, 0.004341504095197105
177.0, 0.004320200408148852
178.0, 0.003664444194527441
179.0, 0.0024369967476181647
180.0, 0.0005171371058115071
181.0, 0.001824932328857139
182.0, 0.004017479537199455
183.0, 0.007206622649355154
184.0, 0.010512871969442592
185.0, 0.014129086084704572
186.0, 0.01806444526849335
187.0, 0.02126897344063645
188.0, 0.02725450575269203
189.0, 0.03519235859179137
190.0, 0.0440832615900381
191.0, 0.05433794883675686
192.0, 0.06891027467615751
193.0, 0.09158208780008341
194.0, 0.12232835928030837
195.0, 0.15942697144738718
196.0, 0.20121860986017825
197.0, 0.2344060300594996
198.0, 0.25775593037034816
199.0, 0.27274222297735906
200.0, 0.28142957533662294
201.0, 0.2976289676828712
202.0, 0.319085005845198
203.0, 0.34659570335853523
204.0, 0.38282439179922023
205.0, 0.41829898754686484
206.0, 0.4562664482031334
207.0, 0.4996661871983334
208.0, 0.5489369288707407
209.0, 0.603166432358101
210.0, 0.6657124504901798
211.0, 0.7427602112810463
212.0, 0.8265355764174525
213.0, 0.8963991055957214
214.0, 0.9806393678752848
215.0, 0.991725968683446
216.0, 0.8925265330092741
217.0, 0.7038039168484762
218.0, 0.5123259525840287
219.0, 0.36568188523811024
220.0, 0.2707214114887735
221.0, 0.21515975984367633
222.0, 0.18015418117713297
223.0, 0.15918132933106272
224.0, 0.1447746269896893
225.0, 0.134808317848628
226.0, 0.12784933682807062
227.0, 0.12012409153699717
228.0, 0.11365804594968554
229.0, 0.10925269997150494
230.0, 0.10744261908754835
231.0, 0.10874232720414365
232.0, 0.10928073108960279
233.0, 0.11029122870459294
234.0, 0.11271954861869662
235.0, 0.11612697771354555
236.0, 0.11678883891599219
237.0, 0.11936128599354362
238.0, 0.12249732382734548
239.0, 0.12525185353149007
240.0, 0.12803462140812047
241.0, 0.12921656612371413
242.0, 0.13018044829130945
243.0, 0.1303846142271037
244.0, 0.1284257509815544
245.0, 0.12337221635237446
246.0, 0.11846909787924954
247.0, 0.11374251047252416
248.0, 0.1078708711209845
249.0, 0.10035085222347277
250.0, 0.09527093455525767
251.0, 0.08795771348148017
252.0, 0.08221389941770592
253.0, 0.0793862994525826
254.0, 0.07247372625543459
255.0, 0.06640302091463245
256.0, 0.06122328297104598
257.0, 0.05697348640106008
258.0, 0.053548336394244486
259.0, 0.04905433549781597
260.0, 0.04391064792723601
261.0, 0.039935899460813946
262.0, 0.036745035894129724
263.0, 0.032307915235947116
264.0, 0.02978461301549422
265.0, 0.027421260480631364
266.0, 0.025252555460092217
267.0, 0.023405934240773175
268.0, 0.020557486170750216
269.0, 0.019329024510615463
270.0, 0.017903600482610887
271.0, 0.016413609217970488
272.0, 0.015965875853735486
273.0, 0.013829991882812455
274.0, 0.011722421929129222
275.0, 0.010643406980611017
276.0, 0.010449525216906652
277.0, 0.010116199393320912
278.0, 0.0085451522266122
279.0, 0.0072487945425619696
280.0, 0.006370682167634725
281.0, 0.005543682943332244
282.0, 0.005156048035730885
283.0, 0.004269744302229302
284.0, 0.0030909835328037745
285.0, 0.0021376796956190046
286.0, 0.0016750832283249186
287.0, 0.0013347771482321786
288.0, 0.0014664375529259356
289.0, 0.0010400026363659362
290.0, 0.0001484357902941375
291.0, 0.0007487730253401294
292.0, 0.0005933411557245208
293.0, 0.0004715740009785598
294.0, 0.00022123722894973127
295.0, 9.426586701790098e-05
296.0, 0.0007816746232899964
297.0, 0.0004366947143312198
298.0, 0.0005407389646868303
299.0, 0.0007609291581051345
300.0, 0.00020311339605636147
301.0, 0.0006679606205174098
302.0, 0.0009008012370571293
303.0, 0.00030391964953660293
304.0, 0.0004424849395579104
305.0, 0.0005635358417965138
306.0, 0.0007015202900010912
307.0, 0.0001498737242088584
308.0, 0.0007293717529919128
309.0, 0.00037584881224756855
310.0, 0.0004286717058984404
311.0, 0.0003801164736347478
312.0, 0.000920477838118653
313.0, 0.0011427133983687905
314.0, 0.0009525492529386621
315.0, 0.0022380111119507957
316.0, 0.001657997111688998
317.0, 0.0015142374147186601
318.0, 0.0019271974399450793
319.0, 0.0016553748403845508
320.0, 0.0011624702333591394
321.0, 0.0006186408528046338
322.0, 0.0007218132134318978
323.0, 0.0012930453005680835
324.0, 0.0017070613228979208
325.0, 0.0014772850597856457
326.0, 0.0015053789491678668
327.0, 0.001474473267461537
328.0, 0.0011725962916713725
329.0, 0.0008066272933887352
330.0, 0.0014901967159257337
331.0, 0.0016899693652439158
332.0, 0.0014715754543034234
333.0, 0.0012446376430478975
334.0, 0.0012093863079429468
335.0, 0.0013149954464418891
336.0, 0.0013300031255039885
337.0, 0.001414480795950993
338.0, 0.001416043093105143
339.0, 0.000748397670454321
340.0, 0.001192714194502736
341.0, 0.001222419690120864
342.0, 0.0009296104432987706
343.0, 0.0010619901105964706
344.0, 0.0011723877276409891
345.0, 0.0010278416898684452
346.0, 0.0004911093877078836
347.0, 4.036148090151861e-05
348.0, 8.467473539007881e-05
349.0, 0.00010336989134231829
350.0, 0.0006912387080597326
351.0, 0.000639032461815415
352.0, 0.0005330981428103488
353.0, 0.0012082551219573113
354.0, 0.0011357738861569743
355.0, 0.0001464587577063145
356.0, 9.73733739586574e-05
357.0, 0.00043486979838900606
358.0, 0.0002172019684067987
359.0, 0.00024545151072291024
360.0, 0.00017409245612505503
361.0, 0.0002470195320591178
362.0, 0.00039498075545011454
363.0, 0.0006844204593715851
364.0, 0.0003054286323524065
365.0, 0.0003494420640907328
366.0, 0.00010949221893820981
367.0, 0.0008506909645169791
368.0, 0.00020169771998735633
369.0, 0.0007746416577657949
370.0, 0.000484008880261093
371.0, 0.00017588275689363323
372.0, 9.133168195935644e-05
373.0, 0.00038436058204932246
374.0, 0.0007410202906022269
375.0, 0.0009140079883289719
376.0, 0.00045055810961516036
377.0, 0.00043961110491657593
378.0, 0.0009424057769286485
379.0, 0.00047038938851841057
380.0, 0.0011481822058168312
381.0, 0.0017874674061712024
382.0, 0.0018463952670636987
383.0, 0.0019935649856528425
384.0, 0.002935658290649736
385.0, 0.0025818691153020453
386.0, 0.002853746141445512
387.0, 0.0038908266277579364
388.0, 0.004618120533386209
389.0, 0.004745706933313794
390.0, 0.005307015710161296
391.0, 0.005952355888715376
392.0, 0.0063309528299839695
393.0, 0.006255631319517701
394.0, 0.0056114433102745515
395.0, 0.0060416030475602765
396.0, 0.006979867291015435
397.0, 0.008101507949410336
398.0, 0.009259296865814925
399.0, 0.009970880631815365
400.0, 0.009730533783957412
401.0, 0.010361618287285082
402.0, 0.011430868271059985
403.0, 0.011746414221213195
404.0, 0.011121926842643492
405.0, 0.011319266267348657
406.0, 0.011659490280839707
407.0, 0.012038608772740836
408.0, 0.012227141258326156
409.0, 0.011737522718027337
410.0, 0.01158352386752592
411.0, 0.011084486128321185
412.0, 0.01013098697613057
413.0, 0.009263894844010261
414.0, 0.008857572675959952
415.0, 0.007946376363877301
416.0, 0.0074857135620996
417.0, 0.0074102779688804314
418.0, 0.007072996619534965
419.0, 0.006105334078358349
420.0, 0.005253195529178099
421.0, 0.004998439043543429
422.0, 0.004553663616093377
423.0, 0.0038665295631179764
424.0, 0.0032271993252604605
425.0, 0.0028726865755257167
426.0, 0.0032107443999583743
427.0, 0.0027868103203136803
428.0, 0.0024337581360756523
429.0, 0.0026941470159660874
430.0, 0.002386762768650454
431.0, 0.0020507779090813043
432.0, 0.001961400707651013
433.0, 0.0016878071416507314
434.0, 0.0014804719916591406
435.0, 0.0018830262258154754
436.0, 0.0012364456736872658
437.0, 0.00209156189816125
438.0, 0.002409257109009893
439.0, 0.0017465847902641636
440.0, 0.0015052945047121786
441.0, 0.0010446143756633745
442.0, 0.0005215128342495964
443.0, 0.0009353978422719726
444.0, 0.0014242461367579148
445.0, 0.0009297899760279071
446.0, 0.0012358840242730547
447.0, 0.0013861556719700538
448.0, 0.0010872159862763302
449.0, 0.0012532676566514383
450.0, 0.0014697857421308812
451.0, 0.0006896976292707676
452.0, 0.001380936607488842
453.0, 0.0006591014875140528
454.0, 0.0003061606827217308
455.0, 0.00013572619461356527
456.0, 0.0008258297753704394
457.0, 0.0007357873597594169
458.0, 0.0007533214513304514
459.0, 0.0006178366011413242
460.0, 0.0004146011257265949
461.0, 0.0007047633768528438
462.0, 0.001576621231237189
463.0, 0.0011440819517241376
464.0, 0.0006076645990283226
465.0, 0.000870866511388992
466.0, 0.0012612774503326062
467.0, 0.0009535925522979046
468.0, 0.0009289087743727347
469.0, 0.0004630428537093433
470.0, 0.0006898414255474241
471.0, 0.0008621439874850748
472.0, 0.0003807732506703424
473.0, 0.0010444575286639344
474.0, 0.0007316709324188069
475.0, 0.0002891257859083975
476.0, 0.00039110987787905607
477.0, 0.00029899757992061696
478.0, 0.0007923478763521871
479.0, 0.0001882976347699779
480.0, 0.0001349540915089359
481.0, 0.00015516229949205212
482.0, 0.00045783794705873504
483.0, 0.00029225690806215223
484.0, 0.00048383799329873947
485.0, 0.00046452064071478505
486.0, 0.000432469648249732
487.0, 0.0006137571320664227
488.0, 0.00018872822359440296
489.0, 0.00022484905497285063
490.0, 0.0004890750933032682
491.0, 0.0004521472731764275
492.0, 0.0003366118853186756
493.0, 0.0005226177109399841
494.0, 0.00023991981191373335
495.0, 0.0009798049708807722
496.0, 0.0010500411719244762
497.0, 0.0008646793841840611
498.0, 0.0009632649919805337
499.0, 0.0010859614003392393
500.0, 0.0007785699537189822
501.0, 0.0015769196945999335
502.0, 0.0015196341822774652
503.0, 0.0012564170338307322
504.0, 0.0013633213495652262
505.0, 0.0016565470984337227
506.0, 0.0014490380422695261
507.0, 0.0018712304923774509
508.0, 0.0025250751896082387
509.0, 0.0027473334843210093
510.0, 0.0024233161886158742
511.0, 0.0020824795301548457
512.0, 0.0025796767211395126
513.0, 0.0030950393547648247
514.0, 0.003210939257575839
515.0, 0.003830691674978391
516.0, 0.004654122873031312
517.0, 0.004151910879017803
518.0, 0.005627986775766011
519.0, 0.005064180657780197
520.0, 0.005785972936078229
521.0, 0.0076693601029946155
522.0, 0.008163026158276172
523.0, 0.007899091359744677
524.0, 0.009049690644915379
525.0, 0.010037550557308568
526.0, 0.011095287310721642
527.0, 0.01238426072787201
528.0, 0.013672798320071637
529.0, 0.016025030804178816
530.0, 0.01758162657573165
531.0, 0.019324736876156146
532.0, 0.021362054165077533
533.0, 0.02338706543021193
534.0, 0.025654858128164884
535.0, 0.029030887806799997
536.0, 0.03151743856578398
537.0, 0.03482927487979291
538.0, 0.03834318962661068
539.0, 0.04092902380795967
540.0, 0.04378232497317089
541.0, 0.046437635512052405
542.0, 0.05045377709639888
543.0, 0.05380612474350597
544.0, 0.05593060164009537
545.0, 0.05854995345098998
546.0, 0.062458109451318286
547.0, 0.06391105048847655
548.0, 0.06479286759749044
549.0, 0.0664622783353478
550.0, 0.06777641106351817
551.0, 0.06710353400880952
552.0, 0.06512759425026438
553.0, 0.06288490036244535
554.0, 0.059979743694507745
555.0, 0.056928947809465634
556.0, 0.054022353969176186
557.0, 0.050689915962594284
558.0, 0.04684510940756808
559.0, 0.04383685985630019
560.0, 0.04191754532256661
561.0, 0.038993222250558984
562.0, 0.03581895551844442
563.0, 0.0341192473052497
564.0, 0.030444344774371166
565.0, 0.029739884511593893
566.0, 0.02839342433115794
567.0, 0.026010065356549802
568.0, 0.024042676662063278
569.0, 0.02280324674983685
570.0, 0.021965570945706333
571.0, 0.0209593911804257
572.0, 0.0190120027041112
573.0, 0.018349431585423542
574.0, 0.01831038140586623
575.0, 0.01660399221495673
576.0, 0.016704433356176655
577.0, 0.014648056612747337
578.0, 0.013888011825022162
579.0, 0.013460907333640453
580.0, 0.012022315227144042
581.0, 0.011126832559129744
582.0, 0.01135385970630083
583.0, 0.011308054576987995
584.0, 0.010543235809852732
585.0, 0.009856554568403552
586.0, 0.00939573007702682
587.0, 0.0086846148691027
588.0, 0.00814346632190422
589.0, 0.008126461971577672
590.0, 0.007665792334732993
591.0, 0.006892003560988124
592.0, 0.0064047667449494364
593.0, 0.006333052255214882
594.0, 0.005819799616455871
595.0, 0.005731423811961369
596.0, 0.00551891933108845
597.0, 0.004836435117913711
598.0, 0.004545411365698066
599.0, 0.004990610329591804
600.0, 0.004906587449653733
601.0, 0.004393669587850733
602.0, 0.004144491947446945
603.0, 0.0039207364503471755
604.0, 0.0035131243608550987
605.0, 0.003121306573988206
606.0, 0.0031764810046644564
607.0, 0.0035816611689506225
608.0, 0.0032307559171355677
609.0, 0.002173524728550534
610.0, 0.0017349531824469668
611.0, 0.00207966799631705
612.0, 0.0017981156732382857
613.0, 0.0017104323324729396
614.0, 0.0013384124070010101
615.0, 0.0012191002793473361
616.0, 0.0015281095310347333
617.0, 0.0017438045608489938
618.0, 0.0011809660242135828
619.0, 0.0003204244335198237
620.0, 0.0008200036959719154
621.0, 0.0007632074603716632
622.0, 0.0005523460049150452
623.0, 0.0006199191187460031
624.0, 0.0001985217606765332
625.0, 0.0001291898540360084
626.0, 0.0004367740581797592
627.0, 6.930776589052657e-05
628.0, 0.0004807769727434418
629.0, 0.0011987575345973433
630.0, 0.0006111143591315467
631.0, 0.0007502557323819114
632.0, 0.0001605308622766893
633.0, 0.00038514843066196435
634.0, 0.0002932129185663694
635.0, 0.0002030225878880003
636.0, 0.0004062353925351346
637.0, 0.0004442135630693646
638.0, 0.0004852026557840076
639.0, 0.00034256570352566044
640.0, 1.6462264761720624e-05
641.0, 0.00011353926377519883
642.0, 9.865989115784103e-05
643.0, 0.0005511172014158867
644.0, 0.00015891973038902982
645.0, 0.0001433494151884098
646.0, 0.0001401481757929685
647.0, 0.0002493475226264906
648.0, 0.0004953335227702204
649.0, 0.00028827217116360847
650.0, 0.0001697367621836688
651.0, 7.582835622373074e-05
652.0, 2.0093591045601312e-05
653.0, 3.5532423087357694e-05
654.0, 0.00010102009152584676
655.0, 0.0001861897014423183
656.0, 0.00014506837609585914
657.0, 0.00024481821394752143
658.0, 0.00016057090724195335
659.0, 0.00037265921684760683
660.0, 0.0002751676759655951
661.0, 0.00010548641408688319
662.0, 0.00010623674156012527
663.0, 0.0003023291852788491
664.0, 0.0005488855718138684
665.0, 0.00024458692477494107
666.0, 0.0002692847233907584
667.0, 0.00038791161383271497
668.0, 0.0004775432523693172
669.0, 0.0006916649746315743
670.0, 0.0006459475022793813
671.0, 7.222918496230799e-05
672.0, 0.00041067757311388775
673.0, 0.0011484671007346756
674.0, 0.0010686416146230612
675.0, 0.0006287625268981919
676.0, 0.0008317674345552075
677.0, 0.001060133367875681
678.0, 0.0010181897890809445
679.0, 0.0011611615913094697
680.0, 0.0014931786378178243
681.0, 0.0018567367775380434
682.0, 0.0021559414464197377
683.0, 0.0021804826426243757
684.0, 0.001725973644460436
685.0, 0.0026424630517901
686.0, 0.002575987278369524
687.0, 0.00196641591062286
688.0, 0.002118274386558071
689.0, 0.0023962189010557767
690.0, 0.0017040184785513054
691.0, 0.0024566028835414228
692.0, 0.001974042999033243
693.0, 0.002877773979820422
694.0, 0.002598380593026631
695.0, 0.0013101049795786273
696.0, 0.0013690637427255308
697.0, 0.002034336916529607
698.0, 0.0018418851381328503
699.0, 0.002193209454197028
700.0, 0.0018571606242481528
701.0, 0.0016738476655655918
702.0, 0.001971410759022062
703.0, 0.0016316308167539314
704.0, 0.0010594216226000204
705.0, 0.0013768454781239502
706.0, 0.001557943917724824
707.0, 0.0015738080751336292
708.0, 0.0012814758431697526
709.0, 0.0008992850596838433
710.0, 0.0008731203837922987
711.0, 0.0011885384228830715
712.0, 0.0012580054924568713
713.0, 0.0008587552627538436
714.0, 0.0010204361338679324
715.0, 0.0011643083611760112
716.0, 0.0005864161648572636
717.0, 0.0002124704966789827
718.0, 0.000979656817736394
719.0, 0.000464447049087063
720.0, 0.0006801410695877753
721.0, 0.0011894069420587499
722.0, 0.0008158344935538857
723.0, 7.789468773396855e-05
724.0, 0.00035926880191689605
725.0, 0.000822371608794535
726.0, 0.0007343839509738211
727.0, 0.0008463177085738351
728.0, 0.0006374584443679177
729.0, 0.00039370029718988243
730.0, 0.0007694614394019283
731.0, 0.0013131623465914987
732.0, 0.0008821854981685321
733.0, 0.000702512278978784
734.0, 0.0013075261351444209
735.0, 0.0011652642374133766
736.0, 0.0007069216704043498
737.0, 0.0005933849886142007
738.0, 0.0006785090258356189
739.0, 0.0005469986384891002
740.0, 0.00021280337120025127
741.0, 0.00014714664224662846
742.0, 7.0822485067322e-05
743.0, 0.0003156015311186676
744.0, 0.0007205690401017786
745.0, 0.0006299647714811006
746.0, 0.0003027492319018332
747.0, 0.0007595183814389737
748.0, 0.0005226121115240486
749.0, 0.0005494043974190342
750.0, 0.0003101843309862274
751.0, 0.00022464631838596517
752.0, 0.0008585910110533642
753.0, 0.0016155158016119306
754.0, 0.000653562190867231
755.0, 0.00030923938862729397
756.0, 0.00013924873260893857
757.0, 0.0005047644444646296
758.0, 0.0010813721193510767
759.0, 0.0010366249187836818
760.0, 0.0005322527072561243
761.0, 0.0004718453785325816
762.0, 0.00014030004226867234
763.0, 5.154691271307035e-05
764.0, 0.0005912060127986929
765.0, 0.0013455221372094507
766.0, 0.0007688706352627445
767.0, 0.00019302630701972348
768.0, 0.001048889781257799
769.0, 0.00016734579420633666
770.0, 0.0002689688458389302
771.0, 0.00019536049710779864
772.0, 0.00017567514545704474
773.0, 0.00014432470462632092
774.0, 0.00019409265458673717
775.0, 0.0002055007081720779
776.0, 0.0007055687733214012
777.0, 0.0010403034929035986
778.0, 7.704253503867608e-05
779.0, 0.0001600924989905371
780.0, 0.0005423642428967259
781.0, 0.00040159722773877257
782.0, 0.00021942427159524962
783.0, 0.0004424143672258032
784.0, 0.0006424824751194974
785.0, 0.0006804596942782574
786.0, 0.00036801566888537137
787.0, 5.422030607980838e-05
788.0, 0.00046996378595360515
789.0, 0.0009833435188257465
790.0, 0.0010018474417665653
791.0, 0.0012881880008091102
792.0, 0.00148904241515293
793.0, 0.0012589929752611125
794.0, 0.0003088302815530717
795.0, 6.052573255864823e-05
796.0, 0.0006103192414655023
797.0, 0.0010366219650254532
798.0, 0.0009613401664986378
799.0, 0.0007560944574394846
800.0, 0.0006609842872006357
801.0, 0.000994259344047978
802.0, 0.0010191148422689243
803.0, 0.0008040367461517409
804.0, 0.0009711629818638233
805.0, 0.0008118745964485167
806.0, 0.00017730447642402958
807.0, 0.00015082749443554106
808.0, 2.6939163930656858e-05
809.0, 0.0003464857950942442
810.0, 0.0009338814304390553
811.0, 0.0006531622014716729
812.0, 0.0002963510978459588
813.0, 0.0005560653648430078
814.0, 0.0010337206737574683
815.0, 0.0012070606353644557
816.0, 0.000430692948316255
817.0, 0.000864206352931973
818.0, 0.00177966824875373
819.0, 0.0011555268514509354
820.0, 0.000615008943194823
821.0, 0.000957303753788569
822.0, 0.0011203144848372126
823.0, 0.0009633899539711585
824.0, 0.0003144594061928801
825.0, 0.0008487574186670595
826.0, 0.0005547920215934841
827.0, 0.0004607037699442976
828.0, 0.0004200093000445575
829.0, 0.0005857868194192911
830.0, 0.0009699882670657966
831.0, 0.0007394411413810495
832.0, 0.0005283966790968879
833.0, 0.0006877494001442236
834.0, 0.0006540965047150431
835.0, 0.0006611058794446523
836.0, 0.00044477170154529034
837.0, 0.0005479363411264467
838.0, 0.0008621124611277531
839.0, 0.0004466385753049065
840.0, 4.956908732791455e-05
841.0, 0.0006264432201618482
842.0, 0.0005761912441753587
843.0, 0.0011644018288081062
844.0, 0.000996992639841995
845.0, 0.0008000283651759645
846.0, 0.001083501578157564
847.0, 0.0009432501559668228
848.0, 0.0005897912876806624
849.0, 0.0005290133566911966
850.0, 0.00157205017204046
851.0, 0.0011475045068692585
852.0, 0.0014279955898240007
853.0, 0.0012308024625175642
854.0, 0.0010878835009851154
855.0, 0.0018227135479681024
856.0, 0.001770385249899714
857.0, 0.0006864099793463943
858.0, 0.00015373621186725125
859.0, 0.0011973491149815147
860.0, 0.0014394421914136815
861.0, 0.0009645174678940924
862.0, 0.0007933325628978846
863.0, 0.0010947607062546775
864.0, 0.001091850708239724
865.0, 0.0006613057281141604
866.0, 0.0012415282382585852
867.0, 0.0005602709317883384
868.0, 0.00011166432697607666
869.0, 9.841739208126333e-05
870.0, 0.0004382682666309146
871.0, 0.0008925606479152464
872.0, 0.0012462055742973868
873.0, 0.0010428961590602493
874.0, 0.0007170462374882943
875.0, 0.00047278127685150437
876.0, 3.661432261594311e-05
877.0, 0.000419306285547621
878.0, 0.0008459629622542178
879.0, 0.0003996534608006917
880.0, 0.0003165221823800521
881.0, 0.0006520052383250152
882.0, 0.00045023286211679625
883.0, 0.0008590385598459479
884.0, 0.00021060934272774593
885.0, 0.00028546388467840943
886.0, 0.0006416056865036795
887.0, 0.00033727191515969075
888.0, 2.904367957642506e-05
889.0, 0.0001295775552485662
890.0, 0.0006177082932403272
891.0, 0.0009233663331969449
892.0, 0.0008950798441572673
893.0, 0.0009156478109429057
894.0, 0.0005427181137690302
895.0, 0.0007465807622151165
896.0, 0.00029467959163045573
897.0, 0.000513241730258564
898.0, 0.0005282687145031951
899.0, 0.00015432047551757153
900.0, 0.0004005362538076148
901.0, 0.00022980374451976642
902.0, 0.0004423807704275903
903.0, 8.078557389715242e-05
904.0, 0.00048517334960848716
905.0, 0.0005917382415895664
906.0, 0.00034884486236508674
907.0, 0.0005648011914064874
908.0, 0.0009872347844161577
909.0, 0.0005933315475197897
910.0, 5.8444678859909e-05
911.0, 0.0004680963353648081
912.0, 0.0001755044820944894
913.0, 0.0009187629272339858
914.0, 0.0009486406201892814
915.0, 0.000726582976358792
916.0, 0.000870958919891649
917.0, 0.0009953424051625686
918.0, 0.0008173927242140968
919.0, 0.00025000870898317975
920.0, 8.43402564309085e-05
921.0, 0.0009238291635596644
922.0, 0.0005153922210236535
923.0, 0.0008536816152294075
924.0, 0.0004984507242900559
925.0, 0.00023040765968826313
926.0, 0.0001999984512491381
927.0, 4.4587896402870794e-05
928.0, 4.58017978488418e-05
929.0, 0.00012292524823644417
930.0, 0.000397158295809476
931.0, 0.000263720389689847
932.0, 0.0001823545835388197
933.0, 0.0008035116437426143
934.0, 0.0007298660480545058
935.0, 0.0006488113346623198
936.0, 0.0006693730391302635
937.0, 0.0004162355817597779
938.0, 0.00039589504347644364
939.0, 0.0002895527454136744
940.0, 0.0005551920785018647
941.0, 0.0011518930855348168
942.0, 0.0004661656992358342
943.0, 6.309866229276024e-05
944.0, 0.0002195156034983936
945.0, 0.00043298793291911817
946.0, 0.00031329017076586844
947.0, 0.0002913015227778646
948.0, 0.0004908615972232894
949.0, 6.493025601734887e-05
950.0, 0.0003733382969683802
951.0, 0.0004770635658206815
952.0, 0.0010717024747049003
953.0, 0.0008459161003332095
954.0, 0.0004199547326775324
955.0, 0.0005961970246293306
956.0, 0.000607033012957606
957.0, 0.0002487186940571819
958.0, 0.0005028741139856448
959.0, 0.0004577457692253945
960.0, 0.0005560241503042802
961.0, 0.0005518915818981395
962.0, 0.0007155201987318389
963.0, 0.0003641917752822295
964.0, 0.0007014808325188413
965.0, 0.0002004772999461306
966.0, 0.0007117703119424636
967.0, 0.0015169555594385566
968.0, 0.00014792777700304498
969.0, 0.0004931003986910798
970.0, 0.0006497499760875527
971.0, 0.000407215609256573
972.0, 0.000488910362395468
973.0, 0.0009028883642573934
974.0, 0.0006296520727173393
975.0, 6.97998842163476e-05
976.0, 6.0124864535259465e-05
977.0, 0.0006739946073222601
978.0, 0.0008805013253212512
979.0, 0.00014664359614429507
980.0, 0.0006770814574193273
981.0, 0.0008082871599757077
982.0, 0.0004767100618749718
983.0, 1.516075900451782e-05
984.0, 0.0003805400177848452
985.0, 0.0006355425711194894
986.0, 0.0005095469197252237
987.0, 0.00039352279535158076
988.0, 0.000329251429497428
989.0, 0.00035446619785504003
990.0, 0.0005309948404306035
991.0, 0.0006082327255930542
992.0, 0.0005013617204542869
993.0, 0.000616183661241704
994.0, 0.0005766861256577776
995.0, 0.0005881653853631623
996.0, 0.0006679116825353431
997.0, 0.0005341650007605606
998.0, 0.0005907635392721498
999.0, 0.0009852622267568236
1000.0, 0.001036832089009297
1001.0, 0.0007910742119162398
1002.0, 0.0008414754734559624
1003.0, 0.00013431970469960137
1004.0, 0.0003348331702625385
1005.0, 0.0008060011892873488
1006.0, 0.0010160494109054587
1007.0, 0.0007410490247520925
1008.0, 0.0003884176674573897
1009.0, 0.0003636019362650051
1010.0, 0.0004630959464685952
1011.0, 0.00019093685299192747
1012.0, 0.0001313814889443064
1013.0, 0.0005765302228530462
1014.0, 0.0005901413867210101
1015.0, 0.000823085112077731
1016.0, 0.0005257171420266736
1017.0, 0.0006244782008667773
1018.0, 6.165963578712397e-05
1019.0, 0.0006903762643652085
1020.0, 0.000911670663633784
1021.0, 0.00039063341867124664
1022.0, 0.0004640966306695282
1023.0, 0.0002612381240403472
1024.0, 0.0004769197600619621
1025.0, 0.0002323739520648227
1026.0, 0.0006850035713498147
1027.0, 0.0014268247240920655
1028.0, 0.0005724939833190537
1029.0, 0.00011553474673133269
1030.0, 0.0005745760593973403
1031.0, 0.00022876542293800807
1032.0, 0.0006453515357108658
1033.0, 0.0008981726996707753
1034.0, 9.982397833407602e-05
1035.0, 0.0004738198043141937
1036.0, 0.0008780743575171463
1037.0, 0.0003456453894149856
1038.0, 0.000845220668175511
1039.0, 0.0006651909362083768
1040.0, 0.0006105000741219502
1041.0, 0.00037737859907115503
1042.0, 0.00045817811286238416
1043.0, 0.0006325134097033761
1044.0, 0.00043732125513513243
1045.0, 0.000509727544272406
1046.0, 0.0009773994496368866
1047.0, 0.0006824544827661431
1048.0, 0.0005099132553330316
1049.0, 0.00011389123808176982
1050.0, 0.0005901282315105177
1051.0, 0.0008492124107111108
1052.0, 0.0004921056714023932
1053.0, 7.41591166084941e-05
1054.0, 0.0001411823344121662
1055.0, 0.0005514974658916111
1056.0, 0.00013013558781319246
1057.0, 0.0002085999396517614
1058.0, 0.0006860816863076572
1059.0, 0.0008482621214188895
1060.0, 0.0010279204204328987
1061.0, 0.0006231864575660118
1062.0, 0.0006740786375478365
1063.0, 0.0006439548412224907
1064.0, 0.00037408799838181965
1065.0, 0.0005872747640039632
1066.0, 0.0009537743173829258
1067.0, 0.0008801337572405404
1068.0, 0.0004734686809696911
1069.0, 0.0009159774975603111
1070.0, 0.0011225854664614102
1071.0, 0.0005154515285250104
1072.0, 0.0005824898418920194
1073.0, 0.0008928643127292318
1074.0, 0.00032781843153635294
1075.0, 0.0011995024167567574
1076.0, 0.0012486383409404658
1077.0, 0.0012800183867489616
1078.0, 0.000989750731671275
1079.0, 0.0008067918342245477
1080.0, 0.0009478844071101098
1081.0, 0.0006048295447591012
1082.0, 0.0009885272916836526
1083.0, 0.00048617165289163754
1084.0, 0.00036120574907286615
1085.0, 0.001294607217261465
1086.0, 0.0010965116985403333
1087.0, 0.0009477484248030091
1088.0, 0.0009860901386570969
1089.0, 0.0010681036525298333
1090.0, 0.0008985960633761148
1091.0, 0.0008910930517606139
1092.0, 0.0009519319333705269
1093.0, 0.0010663854975573575
1094.0, 0.0019165483004627707
1095.0, 0.00145412367591915
1096.0, 0.0005074545795372777
1097.0, 0.0005976464424054366
1098.0, 0.0010752341448735455
1099.0, 0.0012287671166402066
1100.0, 0.0014041034280517924
1101.0, 0.0012448716072039191
1102.0, 8.855435060352133e-05
1103.0, 0.0012466338421509434
1104.0, 0.0013048107429358905
1105.0, 0.0015533358699944154
1106.0, 0.0011322330883622887
1107.0, 0.0007928558790965842
1108.0, 0.0009998616131025636
1109.0, 0.0011667512178237024
1110.0, 0.0008642207673297274
1111.0, 0.0006275149279955595
1112.0, 0.0006709769712852749
1113.0, 0.0007022833979164439
1114.0, 0.0008566010679669716
1115.0, 0.0011902419772334104
1116.0, 0.0008907498062679914
1117.0, 0.0008871560508216347
1118.0, 0.0003978037828384152
1119.0, 8.31803361942339e-05
1120.0, 0.00012368228434012305
1121.0, 0.0015328555415780373
1122.0, 0.0012860945341980287
1123.0, 0.0009705204786169895
1124.0, 0.0004152093231740095
1125.0, 0.000369573832754849
1126.0, 0.0005356147508372901
1127.0, 0.0007350959156196405
1128.0, 0.0009515313200652703
1129.0, 0.0005005448824260213
1130.0, 0.0004957220165493569
1131.0, 0.0009137943012949882
1132.0, 0.00114597818732875
1133.0, 0.0008021442267300226
1134.0, 0.0008714961294652089
1135.0, 0.00048142498907665114
1136.0, 8.063553846903046e-05
1137.0, 0.00018676491634181947
1138.0, 0.0005430422671441718
1139.0, 0.0003793291772038924
1140.0, 0.0002835565263632672
1141.0, 0.0003075764729335096
1142.0, 0.0005871441434335755
1143.0, 0.0008555266896744198
1144.0, 0.0006095836504250071
1145.0, 0.0005071743827617593
1146.0, 0.0005384527397141971
1147.0, 0.0003565867266753432
1148.0, 0.0006922914171247633
1149.0, 0.0005269032073559231
1150.0, 0.0010236456919355443
1151.0, 0.0010031841187656551
1152.0, 0.0010254649237679127
1153.0, 0.0008978405351060656
1154.0, 0.00046365715240397873
1155.0, 0.000581583415938381
1156.0, 0.00045264749233091316
1157.0, 0.0006536903318583941
1158.0, 0.0004928863673393657
1159.0, 4.7995340647047995e-05
1160.0, 0.0002370706378150841
1161.0, 0.000632241439673297
1162.0, 0.0007677045681801421
1163.0, 0.0008656958731546921
1164.0, 0.000741457383281443
1165.0, 0.0007651181314068284
1166.0, 0.0007371841329199114
1167.0, 0.0008814319636670471
1168.0, 0.0005894339570198962
1169.0, 0.001535693167589875
1170.0, 0.000152458406528269
1171.0, 0.000405052980782169
1172.0, 0.000531101614614964
1173.0, 0.0005002284208134554
1174.0, 0.0007180159085217781
1175.0, 0.001028773635212169
1176.0, 0.0007236658033223292
1177.0, 0.00011868790223448523
1178.0, 4.434150701857909e-05
1179.0, 0.0004674496658035012
1180.0, 0.0007562412835222174
1181.0, 0.0007496530848064279
1182.0, 0.0005411068699125668
1183.0, 0.0004492709572196638
1184.0, 0.00021817879699834677
1185.0, 0.0010303695967477592
1186.0, 0.0011152310483967477
1187.0, 0.0002127081954221297
1188.0, 0.0005805766659342925
1189.0, 0.0002033201752163698
1190.0, 0.00023770055548892133
1191.0, 0.00029881543862620097
1192.0, 0.0006916786410313349
1193.0, 0.0005851320894696375
1194.0, 0.0005476253550742474
1195.0, 0.0002508384976136844
1196.0, 0.0003112793803400834
1197.0, 0.0007456850205664095
1198.0, 0.00028723392961329803
1199.0, 4.5832625006395763e-05
1200.0, 0.00039689584043404145
1201.0, 0.0006887397648508976
1202.0, 0.0005607220251064726
1203.0, 0.0008380631613444916
1204.0, 0.0005584420955295691
1205.0, 0.00028281890304414646
1206.0, 0.0003477517436638368
1207.0, 0.0003608262402008916
1208.0, 0.0004568083678706603
1209.0, 0.00022662315834365016
1210.0, 0.0004406277785575467
1211.0, 8.825593373885395e-05
1212.0, 0.00028548401473490933
1213.0, 0.0007254797004975021
1214.0, 0.0008434347657647907
1215.0, 0.0009304564089055712
1216.0, 0.0009811464387334307
1217.0, 0.0011494034650943539
1218.0, 0.0011131786948544778
1219.0, 0.000922276411627722
1220.0, 0.0008888175771895673
1221.0, 0.0002498478238400598
1222.0, 0.0007362282385794145
1223.0, 0.00043778834363651
1224.0, 0.0002499022834813191
1225.0, 0.0003156968361226175
1226.0, 0.0005847363228976445
1227.0, 2.9652456496979862e-05
1228.0, 0.000693403235503744
1229.0, 0.0007095223598175266
1230.0, 0.0004763527916136503
1231.0, 0.0007873946957628301
1232.0, 0.0003738705068457761
1233.0, 9.105892870291363e-05
1234.0, 0.00019623044792359707
1235.0, 0.00033875356888566315
1236.0, 0.0006994614238428455
1237.0, 0.0002441202808241556
1238.0, 0.00041806954915513816
1239.0, 0.0009332131466662974
1240.0, 0.00021975954758526948
1241.0, 7.801856160332855e-05
1242.0, 0.0003329017195350087
1243.0, 0.0010988806112821237
1244.0, 0.0008393860859970981
1245.0, 0.00018106765389491164
1246.0, 0.0009564003830380956
1247.0, 0.0007395886609950027
1248.0, 0.00020370039118147162
1249.0, 0.0004903113364422526
1250.0, 0.0007629429614988442
1251.0, 0.00028692095112572264
1252.0, 0.000588924088359092
1253.0, 0.0006425883024410335
1254.0, 0.0006097646063292705
1255.0, 0.0007200219941687326
1256.0, 0.0010937232867718999
1257.0, 0.0011093005994724987
1258.0, 0.0009630492831119786
1259.0, 0.0010392948573233296
1260.0, 0.0008207393414578859
1261.0, 0.0011458630020608194
1262.0, 0.0008098081956235046
1263.0, 0.0004211765461304444
1264.0, 0.0009306176545155147
1265.0, 0.0009747863033819522
1266.0, 0.0006431798915508412
1267.0, 0.0008138785390522156
1268.0, 0.000588900875830481
1269.0, 0.0002452155695047278
1270.0, 0.00018277471366862625
1271.0, 0.0009103789075388759
1272.0, 0.0006991027615716678
1273.0, 0.00037183899262513957
1274.0, 0.00138411828580312
1275.0, 0.0010824001871560308
1276.0, 7.258562568882086e-05
1277.0, 0.0010399893051225432
1278.0, 0.0013566144343973596
1279.0, 0.00047430720783998566
1280.0, 0.00024351561689747977
1281.0, 0.00022666206820663297
1282.0, 1.7804653931094253e-05
1283.0, 0.0003545728150593027
1284.0, 0.000397030430855949
1285.0, 0.0005919203188740474
1286.0, 0.00010072190205730181
1287, 0.0
1288, 0.0
1289, 0.0
1290, 0.0
1291, 0.0
1292, 0.0
1293, 0.0
1294, 0.0
1295, 0.0
1296, 0.0
1297, 0.0
1298, 0.0
1299, 0.0
1300, 0.0
1301, 0.0
1302, 0.0
1303, 0.0
1304, 0.0
1305, 0.0
1306, 0.0
1307, 0.0
1308, 0.0
1309, 0.0
1310, 0.0
1311, 0.0
1312, 0.0
1313, 0.0
1314, 0.0
1315, 0.0
1316, 0.0
1317, 0.0
1318, 0.0
1319, 0.0
1320, 0.0
1321, 0.0
1322, 0.0
1323, 0.0
1324, 0.0
1325, 0.0
1326, 0.0
1327, 0.0
1328, 0.0
1329, 0.0
1330, 0.0
1331, 0.0
1332, 0.0
1333, 0.0
1334, 0.0
1335, 0.0
1336, 0.0
1337, 0.0
1338, 0.0
1339, 0.0
1340, 0.0
1341, 0.0
1342, 0.0
1343, 0.0
1344, 0.0
1345, 0.0
1346, 0.0
1347, 0.0
1348, 0.0
1349, 0.0
1350, 0.0
1351, 0.0
1352, 0.0
1353, 0.0
1354, 0.0
1355, 0.0
1356, 0.0
1357, 0.0
1358, 0.0
1359, 0.0
1360, 0.0
1361, 0.0
1362, 0.0
1363, 0.0
1364, 0.0
1365, 0.0
1366, 0.0
1367, 0.0
1368, 0.0
1369, 0.0
1370, 0.0
1371, 0.0
1372, 0.0
1373, 0.0
1374, 0.0
1375, 0.0
1376, 0.0
1377, 0.0
1378, 0.0
1379, 0.0
1380, 0.0
1381, 0.0
1382, 0.0
1383, 0.0
1384, 0.0
1385, 0.0
1386, 0.0
1387, 0.0
1388, 0.0
1389, 0.0
1390, 0.0
1391, 0.0
1392, 0.0
1393, 0.0
1394, 0.0
1395, 0.0
1396, 0.0
1397, 0.0
1398, 0.0
1399, 0.0
1400, 0.0
1401, 0.0
1402, 0.0
1403, 0.0
1404, 0.0
1405, 0.0
1406, 0.0
1407, 0.0
1408, 0.0
1409, 0.0
1410, 0.0
1411, 0.0
1412, 0.0
1413, 0.0
1414, 0.0
1415, 0.0
1416, 0.0
1417, 0.0
1418, 0.0
1419, 0.0
1420, 0.0
1421, 0.0
1422, 0.0
1423, 0.0
1424, 0.0
1425, 0.0
1426, 0.0
1427, 0.0
1428, 0.0
1429, 0.0
1430, 0.0
1431, 0.0
1432, 0.0
1433, 0.0
1434, 0.0
1435, 0.0
1436, 0.0
1437, 0.0
1438, 0.0
1439, 0.0
1440, 0.0
1441, 0.0
1442, 0.0
1443, 0.0
1444, 0.0
1445, 0.0
1446, 0.0
1447, 0.0
1448, 0.0
1449, 0.0
1450, 0.0
1451, 0.0
1452, 0.0
1453, 0.0
1454, 0.0
1455, 0.0
1456, 0.0
1457, 0.0
1458, 0.0
1459, 0.0
1460, 0.0
1461, 0.0
1462, 0.0
1463, 0.0
1464, 0.0
1465, 0.0
1466, 0.0
1467, 0.0
1468, 0.0
1469, 0.0
1470, 0.0
1471, 0.0
1472, 0.0
1473, 0.0
1474, 0.0
1475, 0.0
1476, 0.0
1477, 0.0
1478, 0.0
1479, 0.0
1480, 0.0
1481, 0.0
1482, 0.0
1483, 0.0
1484, 0.0
1485, 0.0
1486, 0.0
1487, 0.0
1488, 0.0
1489, 0.0
1490, 0.0
1491, 0.0
1492, 0.0
1493, 0.0
1494, 0.0
1495, 0.0
1496, 0.0
1497, 0.0
1498, 0.0
1499, 0.0
1500, 0.0
1501, 0.0
1502, 0.0
1503, 0.0
1504, 0.0
1505, 0.0
1506, 0.0
1507, 0.0
1508, 0.0
1509, 0.0
1510, 0.0
1511, 0.0
1512, 0.0
1513, 0.0
1514, 0.0
1515, 0.0
1516, 0.0
1517, 0.0
1518, 0.0
1519, 0.0
1520, 0.0
1521, 0.0
1522, 0.0
1523, 0.0
1524, 0.0
1525, 0.0
1526, 0.0
1527, 0.0
1528, 0.0
1529, 0.0
1530, 0.0
1531, 0.0
1532, 0.0
1533, 0.0
1534, 0.0
1535, 0.0
1536, 0.0
1537, 0.0
1538, 0.0
1539, 0.0
1540, 0.0
1541, 0.0
1542, 0.0
1543, 0.0
1544, 0.0
1545, 0.0
1546, 0.0
1547, 0.0
1548, 0.0
1549, 0.0
1550, 0.0
1551, 0.0
1552, 0.0
1553, 0.0
1554, 0.0
1555, 0.0
1556, 0.0
1557, 0.0
1558, 0.0
1559, 0.0
1560, 0.0
1561, 0.0
1562, 0.0
1563, 0.0
1564, 0.0
1565, 0.0
1566, 0.0
1567, 0.0
1568, 0.0
1569, 0.0
1570, 0.0
1571, 0.0
1572, 0.0
1573, 0.0
1574, 0.0
1575, 0.0
1576, 0.0
1577, 0.0
1578, 0.0
1579, 0.0
1580, 0.0
1581, 0.0
1582, 0.0
1583, 0.0
1584, 0.0
1585, 0.0
1586, 0.0
1587, 0.0
1588, 0.0
1589, 0.0
1590, 0.0
1591, 0.0
1592, 0.0
1593, 0.0
1594, 0.0
1595, 0.0
1596, 0.0
1597, 0.0
1598, 0.0
1599, 0.0
