30, 0.0
31, 0.0
32, 0.0
33, 0.0
34, 0.0
35, 0.0
36, 0.0
37, 0.0
38, 0.0
39, 0.0
40, 0.0
41, 0.0
42, 0.0
43, 0.0
44, 0.0
45, 0.0
46, 0.0
47, 0.0
48, 0.0
49, 0.0
50, 0.0
51, 0.0
52, 0.0
53, 0.0
54, 0.0
55, 0.0
56, 0.0
57, 0.0
58, 0.0
59, 0.0
60, 0.0
61, 0.0
62, 0.0
63, 0.0
64, 0.0
65, 0.0
66, 0.0
67, 0.0
68, 0.0
69, 0.0
70, 0.0
71, 0.0
72, 0.0
73, 0.0
74, 0.0
75, 0.0
76, 0.0
77, 0.0
78, 0.0
79, 0.0
80, 0.0
81, 0.0
82, 0.0
83, 0.0
84, 0.0
85, 0.0
86, 0.0
87, 0.0
88, 0.0
89, 0.0
90, 0.0
91, 0.0
92, 0.0
93, 0.0
94, 0.0
95, 0.0
96, 0.0
97, 0.0
98.0, 0.0011861988862440177
99.0, 0.0038962124513563746
100.0, 0.0075063192610282
101.0, 0.006559418646260596
102.0, 0.0034394515279569746
103.0, 0.0007960567672188259
104.0, 0.0009402132673654456
105.0, 0.002436788505575332
106.0, 0.00508397591984736
107.0, 0.009008783105359327
108.0, 0.006868734103052075
109.0, 0.003150082310190954
110.0, 0.0017137907482313837
111.0, 0.0008155427473462563
112.0, 0.0014622393281568682
113.0, 0.004189679319451604
114.0, 0.01160076339586464
115.0, 0.021201980636763422
116.0, 0.032731058400451395
117.0, 0.04639864732963084
118.0, 0.05359070821520742
119.0, 0.051922307493567056
120.0, 0.04510756879271883
121.0, 0.043545479287103415
122.0, 0.04036804180159479
123.0, 0.036788600788173934
124.0, 0.03332762132899097
125.0, 0.03527624412395444
126.0, 0.03783191608495161
127.0, 0.04200155747658612
128.0, 0.050114601606213637
129.0, 0.055947174350295927
130.0, 0.06594332108046984
131.0, 0.08053669165529125
132.0, 0.0877934129112928
133.0, 0.10015591030785069
134.0, 0.11515870168551276
135.0, 0.13097907144977958
136.0, 0.15410936571029193
137.0, 0.17810685209889124
138.0, 0.20256553024065876
139.0, 0.2286957151781484
140.0, 0.24296659630958398
141.0, 0.2514646967939537
142.0, 0.2566154589273527
143.0, 0.2592109516724017
144.0, 0.263294085308137
145.0, 0.2683360818212247
146.0, 0.27313846101713407
147.0, 0.27813127789818204
148.0, 0.2812121403845507
149.0, 0.2822884174525193
150.0, 0.2906590869422211
151.0, 0.2959016370476729
152.0, 0.2992991263798018
153.0, 0.30189666125125825
154.0, 0.3100720709762303
155.0, 0.31452919502147064
156.0, 0.3156468283307606
157.0, 0.3207931534666964
158.0, 0.32851926304004314
159.0, 0.3354022526989833
160.0, 0.3394087917190346
161.0, 0.34644172252256944
162.0, 0.35483535074466516
163.0, 0.364467377192903
164.0, 0.37541214050454463
165.0, 0.38306058076862737
166.0, 0.3922369765011226
167.0, 0.40398701616608323
168.0, 0.4156895152271748
169.0, 0.4294459114227054
170.0, 0.4450176330230998
171.0, 0.4625858220623017
172.0, 0.4844851340302302
173.0, 0.5066312628508427
174.0, 0.52912309032299
175.0, 0.5536650408378009
176.0, 0.5782264753252524
177.0, 0.5914691881755904
178.0, 0.5880790250803486
179.0, 0.5822442066924731
180.0, 0.5584557072944817
181.0, 0.5244379509850854
182.0, 0.48934165051035344
183.0, 0.46071624627218627
184.0, 0.4375176675285949
185.0, 0.4191251493490847
186.0, 0.4030399959228122
187.0, 0.3901765669227642
188.0, 0.37853388141847777
189.0, 0.367131447600498
190.0, 0.36158560980565785
191.0, 0.36119072775208566
192.0, 0.3614003403683972
193.0, 0.3530888423682493
194.0, 0.3463155354131874
195.0, 0.338830154128314
196.0, 0.33108499238065475
197.0, 0.33029216780037907
198.0, 0.3229679009418212
199.0, 0.31821255961448
200.0, 0.3229119099205196
201.0, 0.3223434429964335
202.0, 0.3252683899033904
203.0, 0.3307407603215609
204.0, 0.3364371986220281
205.0, 0.3536469856139282
206.0, 0.3746652523640197
207.0, 0.3973494908546085
208.0, 0.417810882978204
209.0, 0.45026401986830455
210.0, 0.48910364069955675
211.0, 0.5310618735474685
212.0, 0.5778175555168709
213.0, 0.6339655470684616
214.0, 0.6934555009358929
215.0, 0.741824338170386
216.0, 0.769993879977724
217.0, 0.7823282967463396
218.0, 0.7780601582811902
219.0, 0.7456253174783082
220.0, 0.6974511058916263
221.0, 0.6428198586289215
222.0, 0.5876106613739691
223.0, 0.5432391466621855
224.0, 0.49913181845644683
225.0, 0.4588013527932269
226.0, 0.43141516293086396
227.0, 0.4043050503842498
228.0, 0.3836458489956304
229.0, 0.3699829141067095
230.0, 0.35725404115313725
231.0, 0.3520053060236937
232.0, 0.35155475986698503
233.0, 0.35479195622701903
234.0, 0.3528065969832349
235.0, 0.35013164023876353
236.0, 0.34209635849507386
237.0, 0.3193323006581297
238.0, 0.28356591344055354
239.0, 0.24298308509256156
240.0, 0.19873992776969646
241.0, 0.15007288017994097
242.0, 0.11262236095665559
243.0, 0.08447496472257712
244.0, 0.0653906344639863
245.0, 0.0503545593530488
246.0, 0.036895660719603415
247.0, 0.025602160569102497
248.0, 0.017604934522760646
249.0, 0.010966310268731363
250.0, 0.004862256303638756
251.0, 0.0008879445745023171
252.0, 0.004853968881096539
253.0, 0.008199383414904027
254.0, 0.01068608503784615
255.0, 0.012067958659092996
256.0, 0.010922747424481372
257.0, 0.012382473491315975
258.0, 0.012981610321998882
259.0, 0.009904195306625722
260.0, 0.005368769346898894
261.0, 0.004198634373702453
262.0, 0.006947135606708892
263.0, 0.01512999278777466
264.0, 0.02724144957195002
265.0, 0.04118553783189345
266.0, 0.057439858205187065
267.0, 0.08021300481631542
268.0, 0.10922096553911215
269.0, 0.14097848549497893
270.0, 0.17404024435894436
271.0, 0.20574244281032655
272.0, 0.22543853702521466
273.0, 0.23361728391351463
274.0, 0.2289747826285753
275.0, 0.2123639394371735
276.0, 0.19429692194468712
277.0, 0.17453035130572633
278.0, 0.15073426301834636
279.0, 0.12798584315537903
280.0, 0.10987943288625436
281.0, 0.09662679776264126
282.0, 0.08482192253793416
283.0, 0.07647684636531972
284.0, 0.06954545999214877
285.0, 0.06314556276830292
286.0, 0.05730354354379507
287.0, 0.05600619637617503
288.0, 0.05681206626801107
289.0, 0.05738430029589675
290.0, 0.05963593353307949
291.0, 0.06608209847116857
292.0, 0.07565534407970388
293.0, 0.08595103129366428
294.0, 0.09989979928969403
295.0, 0.11474724900203553
296.0, 0.13100061236408014
297.0, 0.1541798832173978
298.0, 0.1673446218721685
299.0, 0.17226579535143147
300.0, 0.16914403633436847
301.0, 0.15726925877356002
302.0, 0.13740647824942967
303.0, 0.11656573857189509
304.0, 0.10091084137673072
305.0, 0.08677350002557119
306.0, 0.07720551968587458
307.0, 0.07023555438584138
308.0, 0.0624232948366314
309.0, 0.0550764123828683
310.0, 0.04921862258826837
311.0, 0.04409136865250265
312.0, 0.03643124696433874
313.0, 0.032913915905547514
314.0, 0.026699324163675542
315.0, 0.01628712638787238
316.0, 0.00743011362825869
317.0, 0.004308635977897314
318.0, 0.003569716921452857
319.0, 0.0033818353411686278
320.0, 0.0025677734644446674
321.0, 0.008119118647710796
322.0, 0.018240233092832726
323.0, 0.03140585208191273
324.0, 0.046605736501257766
325.0, 0.06196707197528775
326.0, 0.07802736586842828
327.0, 0.09624604161672144
328.0, 0.10803619682530322
329.0, 0.12191874707252821
330.0, 0.13952430354309198
331.0, 0.1621371057655618
332.0, 0.17503412567842963
333.0, 0.18296164021441225
334.0, 0.18749854072079689
335.0, 0.1906096467361972
336.0, 0.19347270226324606
337.0, 0.19982623717759765
338.0, 0.21224588725231971
339.0, 0.23712461537285157
340.0, 0.2674992836328681
341.0, 0.306284957911095
342.0, 0.35722904864652205
343.0, 0.41640113149052443
344.0, 0.4810137328108183
345.0, 0.5543172730349711
346.0, 0.6430516734030063
347.0, 0.776471694720952
348.0, 0.9043447248165368
349.0, 0.9938691662113432
350.0, 0.963367505571263
351.0, 0.819546039142756
352.0, 0.6575622799897712
353.0, 0.5061832553748299
354.0, 0.4046564433573376
355.0, 0.3454512513365426
356.0, 0.30551119981276165
357.0, 0.27708248655216183
358.0, 0.26141276704967137
359.0, 0.2534871210055163
360.0, 0.25157833399458873
361.0, 0.2550111644855857
362.0, 0.26379152060395206
363.0, 0.2720405385477903
364.0, 0.28137197966339583
365.0, 0.29343570608245706
366.0, 0.30348383010566776
367.0, 0.3110645998173662
368.0, 0.3175111243250028
369.0, 0.32475791268332177
370.0, 0.33179198465121057
371.0, 0.3422233752467462
372.0, 0.3546987686789895
373.0, 0.3656116144837607
374.0, 0.36958144332328174
375.0, 0.3734641717288534
376.0, 0.3761208067041526
377.0, 0.36956979227642717
378.0, 0.3683795789642405
379.0, 0.3652080021103143
380.0, 0.3592736598949027
381.0, 0.3568177577811747
382.0, 0.35722041073975186
383.0, 0.35723717125293347
384.0, 0.35634569540763406
385.0, 0.3614963619790737
386.0, 0.36621207192831506
387.0, 0.3725120072416567
388.0, 0.3812869055209802
389.0, 0.3864292842629331
390.0, 0.39178794812526
391.0, 0.3986537405728771
392.0, 0.4080994083806876
393.0, 0.4172880232799684
394.0, 0.42783279898351145
395.0, 0.43748136784507724
396.0, 0.44366856314514924
397.0, 0.45760246020448286
398.0, 0.4552170950262147
399.0, 0.4425282672614821
400.0, 0.42900647168360106
401.0, 0.40324142766859666
402.0, 0.37963653545216164
403.0, 0.3595492409488956
404.0, 0.34378582088285187
405.0, 0.32839633662096196
406.0, 0.31316686240029795
407.0, 0.2990789231620336
408.0, 0.28892796408630844
409.0, 0.28109832149115005
410.0, 0.27771912767291695
411.0, 0.2778361445614064
412.0, 0.27680562698890643
413.0, 0.27947080671506
414.0, 0.2898872627843896
415.0, 0.30740119431871915
416.0, 0.32404791556657914
417.0, 0.3448934364195824
418.0, 0.36330982881629237
419.0, 0.37729501253160985
420.0, 0.3879326231173998
421.0, 0.38845450729331354
422.0, 0.3807551371789654
423.0, 0.3678436973619052
424.0, 0.37071239917209453
425.0, 0.3689224522207505
426.0, 0.36481098976668647
427.0, 0.3597425611362847
428.0, 0.35707706838068687
429.0, 0.3491731372869775
430.0, 0.3343205452619848
431.0, 0.31190178714990163
432.0, 0.29449732258971395
433.0, 0.2782920520962594
434.0, 0.26203090378548527
435.0, 0.2450133814875775
436.0, 0.23314625476478384
437.0, 0.2263571754503174
438.0, 0.2234140701302604
439.0, 0.2233858397757883
440.0, 0.22450453781089805
441.0, 0.22565496749916927
442.0, 0.22784063965968418
443.0, 0.23205087855652703
444.0, 0.24092566636297097
445.0, 0.2455079073238955
446.0, 0.24873898930020272
447.0, 0.2538554069208149
448.0, 0.2587710483628521
449.0, 0.2602566933678975
450.0, 0.2578190652708022
451.0, 0.2507821944788201
452.0, 0.2383446013586918
453.0, 0.21603636048791136
454.0, 0.18245508304215638
455.0, 0.13544289845922228
456.0, 0.09796351578716736
457.0, 0.06577380650399803
458.0, 0.039547999321312116
459.0, 0.020798889368011574
460.0, 0.012599120117541704
461.0, 0.006463757907120824
462.0, 0.0026467931066404466
463.0, 0.0023607055160432483
464.0, 0.0047276020033299206
465.0, 0.006797646457057139
466.0, 0.00807431104414867
467.0, 0.008021531246318912
468.0, 0.008799920780777772
469.0, 0.009519838300437553
470.0, 0.009896336131357196
471.0, 0.009542858851398195
472.0, 0.009569495668895627
473.0, 0.008759403848062721
474.0, 0.007582972459381557
475.0, 0.00696098609370995
476.0, 0.006912389594463479
477.0, 0.007224976367514689
478.0, 0.006999516708103104
479.0, 0.004734643488530982
480.0, 0.0040887020558701154
481.0, 0.003101951920853154
482.0, 0.0021617467751667424
483.0, 0.0021463882316343818
484.0, 0.0015638700275538541
485.0, 0.0009167147733722779
486.0, 0.00036185348875790425
487.0, 9.684779671742262e-05
488.0, 0.00025000851847924415
489.0, 0.0008665213051029627
490.0, 0.0016580326417229882
491.0, 0.002182353672598226
492.0, 0.0025521728984070615
493.0, 0.0026843859162869136
494.0, 0.0031634129741904982
495.0, 0.004850248135219462
496.0, 0.005231908747294912
497.0, 0.004628710220471105
498.0, 0.004536312150921532
499.0, 0.006957203754932507
500.0, 0.009265774002761726
501.0, 0.010331761450818636
502.0, 0.010376908096164017
503.0, 0.00971113321878664
504.0, 0.011874176262370723
505.0, 0.01345654193125007
506.0, 0.015527968895851157
507.0, 0.019349795903442622
508.0, 0.020302471012585265
509.0, 0.021906557815564026
510.0, 0.024627701237998987
511.0, 0.02887635687933022
512.0, 0.03262996982368525
513.0, 0.03594139229706744
514.0, 0.03946010603085562
515.0, 0.04365456370768426
516.0, 0.04494713972961522
517.0, 0.047374752742919156
518.0, 0.04900536381501235
519.0, 0.04839484676292162
520.0, 0.046048474569121436
521.0, 0.043852502384211456
522.0, 0.04159356108667375
523.0, 0.038975580727072905
524.0, 0.033970183997689044
525.0, 0.029795468149599196
526.0, 0.02575098209221342
527.0, 0.021636570942717072
528.0, 0.0190878993319088
529.0, 0.017123380772436716
530.0, 0.015126702719167965
531.0, 0.012876944170316191
532.0, 0.010752126200872014
533.0, 0.00912342596419521
534.0, 0.007016272123228947
535.0, 0.004306296870877836
536.0, 0.0021743433968327407
537.0, 0.001317601721624855
538.0, 0.0017299598883552627
539.0, 0.0027872562415223023
540.0, 0.002078098977705219
541.0, 0.002213982461792261
542.0, 0.0021533915103991454
543.0, 0.0016184922431292958
544.0, 0.00045458103868865993
545.0, 0.0019253678226089162
546.0, 0.002622488410383574
547.0, 0.0025170736835170952
548.0, 0.0027550793370813855
549.0, 0.004417193899724302
550.0, 0.006424464119208013
551.0, 0.008355213758403235
552.0, 0.00968265496728515
553.0, 0.00960152631858348
554.0, 0.009419836783111214
555.0, 0.009312732525125328
556.0, 0.009406237492919507
557.0, 0.011673243966526775
558.0, 0.012797836931137323
559.0, 0.013880086602391154
560.0, 0.015983976627183462
561.0, 0.015826293641041184
562.0, 0.015712468400329582
563.0, 0.016313819448576027
564.0, 0.017887640818317962
565.0, 0.017125192655098532
566.0, 0.01980887757729692
567.0, 0.021956183571591008
568.0, 0.02205238119247612
569.0, 0.02467911430724052
570.0, 0.026668844997199494
571.0, 0.027555413948417647
572.0, 0.027867214736794103
573.0, 0.03095679755719061
574.0, 0.03224736775587424
575.0, 0.032456173912509864
576.0, 0.03267284316085878
577.0, 0.03572855803351256
578.0, 0.03810384423734852
579.0, 0.04052857874082326
580.0, 0.04301234430803719
581.0, 0.04532445595758
582.0, 0.046676269631668266
583.0, 0.04837659324834113
584.0, 0.05039658886069162
585.0, 0.052527938827527584
586.0, 0.05451472854352784
587.0, 0.056894140196512274
588.0, 0.060191212004369936
589.0, 0.06480722621187206
590.0, 0.06782221060760359
591.0, 0.07214609152194426
592.0, 0.076881424761327
593.0, 0.08140700992364328
594.0, 0.08559074508112306
595.0, 0.09174818229432463
596.0, 0.09685840452153327
597.0, 0.10062448879456776
598.0, 0.10850028269754884
599.0, 0.11533838724816776
600.0, 0.12252962971736607
601.0, 0.13077570045136575
602.0, 0.14108132495974648
603.0, 0.1565783591961282
604.0, 0.1698419278313793
605.0, 0.18194753732696065
606.0, 0.19720766303016926
607.0, 0.21055580491143996
608.0, 0.21925145426288623
609.0, 0.2255563238768539
610.0, 0.2324827472561363
611.0, 0.23339662716506634
612.0, 0.2385468084530672
613.0, 0.24654332436490337
614.0, 0.25594120875785836
615.0, 0.2631329070782401
616.0, 0.26540317499909266
617.0, 0.26051018810591653
618.0, 0.24672515515563376
619.0, 0.22048946898199312
620.0, 0.18753694705291382
621.0, 0.15792945870575015
622.0, 0.13483128252660956
623.0, 0.11933429691675611
624.0, 0.10649650650336996
625.0, 0.1010700502839594
626.0, 0.1000585525553538
627.0, 0.09705645724126002
628.0, 0.10651432733680777
629.0, 0.11183441595130718
630.0, 0.11511695493024286
631.0, 0.11975222790953607
632.0, 0.13747186705378264
633.0, 0.1450250373455047
634.0, 0.15599072789431465
635.0, 0.17718692647180062
636.0, 0.196191435403733
637.0, 0.21538617489601822
638.0, 0.22396712015785508
639.0, 0.22178129502057356
640.0, 0.2217298224583484
641.0, 0.21278705232849504
642.0, 0.1999671282457657
643.0, 0.18242788152992775
644.0, 0.15694870646437242
645.0, 0.13224413228573137
646.0, 0.10894024671905225
647.0, 0.08876960751306001
648.0, 0.07350579933527979
649.0, 0.0648899410788203
650.0, 0.06325802162024245
651.0, 0.06550980527589356
652.0, 0.07008089680483458
653.0, 0.07984860279201722
654.0, 0.0898581394870464
655.0, 0.10091976671667034
656.0, 0.11343673115082462
657.0, 0.12785296139754626
658.0, 0.1461985163837981
659.0, 0.16689260428969327
660.0, 0.19085733437623495
661.0, 0.2198693577669763
662.0, 0.2557801369972264
663.0, 0.29333010596283154
664.0, 0.3367517658286288
665.0, 0.389066311573663
666.0, 0.4395810762947818
667.0, 0.5040091928610901
668.0, 0.5589435662421095
669.0, 0.5923585494365691
670.0, 0.5993109981803665
671.0, 0.5670802517722279
672.0, 0.518305201691657
673.0, 0.4653610389697728
674.0, 0.42429801645010407
675.0, 0.38740358389994367
676.0, 0.360684675475553
677.0, 0.34182964780054825
678.0, 0.3273132043198622
679.0, 0.3123399274903287
680.0, 0.300464385565159
681.0, 0.29113314692036185
682.0, 0.28407924221347314
683.0, 0.27991093973340264
684.0, 0.27537716761452685
685.0, 0.2690976465243032
686.0, 0.2623166486605424
687.0, 0.25906850541170634
688.0, 0.25131555794098154
689.0, 0.2490340703228115
690.0, 0.24692661122813628
691.0, 0.23767399422227378
692.0, 0.22711394425885528
693.0, 0.21481909977814212
694.0, 0.20455300452315445
695.0, 0.19640261087484248
696.0, 0.17710933217907104
697.0, 0.1618944266164573
698.0, 0.14324473645675628
699.0, 0.12186479560513751
700.0, 0.10447663181047065
701.0, 0.08888599684553553
702.0, 0.07602162140544902
703.0, 0.06587015991960109
704.0, 0.05817808839714013
705.0, 0.05224333827154728
706.0, 0.04788066060182812
707.0, 0.04427541411115915
708.0, 0.0406514593739347
709.0, 0.03541005365584159
710.0, 0.034768095278875505
711.0, 0.03315891310270069
712.0, 0.030885031266758275
713.0, 0.03118027099724374
714.0, 0.029370565251934592
715.0, 0.028243418125083415
716.0, 0.02746975838937421
717.0, 0.026532390971134235
718.0, 0.024731612913744892
719.0, 0.024184576230368737
720.0, 0.022820995852843022
721.0, 0.020456136984784757
722.0, 0.019627816251956684
723.0, 0.01899173018703248
724.0, 0.018097036572844203
725.0, 0.017488329229201804
726.0, 0.018058082222080416
727.0, 0.01615644310738621
728.0, 0.015270472267304212
729.0, 0.015105061952852345
730.0, 0.015079092548480784
731.0, 0.01290834205075129
732.0, 0.011600798188651276
733.0, 0.010513935824043863
734.0, 0.009565525160980966
735.0, 0.008975292032125423
736.0, 0.008984825288410332
737.0, 0.00911908981712313
738.0, 0.00894015013751296
739.0, 0.008236567522944114
740.0, 0.00947255059482073
741.0, 0.007209525000264905
742.0, 0.006075638021170506
743.0, 0.006987081881614818
744.0, 0.0064582240461711245
745.0, 0.0074083055783921966
746.0, 0.007004601040191778
747.0, 0.005177273660261135
748.0, 0.0025357845490831827
749.0, 0.0052547393241765585
750.0, 0.0033585344064031145
751.0, 0.0019670216010894315
752.0, 0.0032591648993944857
753.0, 0.003592263444625014
754.0, 0.0046325863928513185
755.0, 0.005340286067576545
756.0, 0.004746440282361203
757.0, 0.0016536445089323625
758.0, 0.0037185405922903515
759.0, 0.0028179763176501213
760.0, 0.001551247526583005
761.0, 0.001630427473352309
762.0, 0.0014418356820024756
763.0, 0.002144780935404433
764.0, 0.0018839521844784364
765.0, 0.0008251804244467566
766.0, 0.00028489472865870174
767.0, 0.0028856873389472544
768.0, 0.0019721250469686815
769.0, 0.0008409280859729909
770.0, 0.0019575196893236615
771.0, 0.0014615042934448333
772.0, 0.0006918939914506749
773.0, 0.00023639887633038903
774.0, 0.0003588316453331718
775.0, 0.0012379689750703785
776.0, 0.0004517040409385676
777.0, 0.001167827983764825
778.0, 0.0019430410981229164
779.0, 0.0014363302312557617
780.0, 0.0005383175245402422
781.0, 0.0013212345601261951
782.0, 0.0013735530205439663
783.0, 0.0007369126897000852
784.0, 0.0013322656625135865
785.0, 0.0005356011648576555
786.0, 0.0011073914702066487
787.0, 0.0013957440778380673
788.0, 0.00018477457673576143
789.0, 0.0011042312404545408
790.0, 0.0006212963832360474
791.0, 0.00033574669890528103
792.0, 0.00044227659340056953
793.0, 0.00021951645942302217
794.0, 0.0009962033828399424
795.0, 0.0014637770369309456
796.0, 0.0012298298664367633
797.0, 0.00028234592083085697
798.0, 0.0004615971623000868
799.0, 0.0009961077315119137
800.0, 0.0009216214381733735
801.0, 0.0005866514983645562
802.0, 0.0012801530095458622
803.0, 0.0003458010597745357
804.0, 0.0005147253598573874
805.0, 0.00150318256008126
806.0, 0.002533321210745622
807.0, 0.0007691991076658469
808.0, 0.0002593595699498705
809.0, 0.0013050432013123933
810.0, 0.002336907615803154
811.0, 0.00054640714572889
812.0, 0.001526649758864239
813.0, 0.0009530665307869002
814.0, 0.00018590818617767398
815.0, 0.0001526044840266859
816.0, 0.0009257502508498696
817.0, 0.0012719448178829034
818.0, 0.000938043902398634
819.0, 0.0007833179867155648
820.0, 0.0019552609799301313
821.0, 0.0011523545829302219
822.0, 0.0006171677947966781
823.0, 0.00036416735903230235
824.0, 0.0005074778158970513
825.0, 0.0014234944173660907
826.0, 0.0005774638386105084
827.0, 0.0005079501221069492
828.0, 0.0007920891778248261
829.0, 0.0007028110988250805
830.0, 0.0008222465779433929
831.0, 0.0004953426876271929
832.0, 0.0007523288613696731
833.0, 0.0013621798006382467
834.0, 0.000968300007154006
835.0, 0.00026042045711726226
836.0, 0.0003240432907985234
837.0, 0.0004616008526881011
838.0, 0.00021568828248057968
839.0, 0.00036358402087264847
840.0, 0.001575543772028884
841.0, 0.0015243852566940322
842.0, 0.0005829514603466496
843.0, 0.00014142865245317333
844.0, 0.0005550957938474007
845.0, 0.003489716330084754
846.0, 0.0038024819126239884
847.0, 0.0008416212170461964
848.0, 0.0012192046705785471
849.0, 0.0009463230461902112
850.0, 0.0025002925817166357
851.0, 0.003416682111692358
852.0, 0.0014470291016398244
853.0, 0.001056437548926798
854.0, 0.0009625395537506904
855.0, 0.0013033706257944086
856.0, 0.001852497987435678
857.0, 0.0020953195192714405
858.0, 0.0008552633295589734
859.0, 0.0006153335985573396
860.0, 0.0008697611492540458
861.0, 0.0011688061269533477
862.0, 0.0011595325071658794
863.0, 0.00108743759949254
864.0, 0.00090760543033828
865.0, 0.0006069939025878714
866.0, 0.0002869793086089893
867.0, 0.0011969267769089088
868.0, 0.00169278651014238
869.0, 0.001159232416210616
870.0, 0.00041880779750359424
871.0, 0.0015456476424396417
872.0, 0.0022118778900079537
873.0, 0.0018593441893944025
874.0, 0.0017919795168808144
875.0, 0.002194729657979912
876.0, 0.00036842457177782377
877.0, 0.0013539929476466526
878.0, 0.001533408313586983
879.0, 0.0015704184360897473
880.0, 0.0025234446312306148
881.0, 0.0020685632075082877
882.0, 0.0009762604027823351
883.0, 0.0006603838169255661
884.0, 0.00109049787624835
885.0, 0.0013722658875840643
886.0, 0.0023393753157285755
887.0, 0.0011176239609426003
888.0, 0.0019283319030267989
889.0, 0.004926079194414876
890.0, 0.0026005904821318863
891.0, 0.0026161251834169253
892.0, 0.0038864520626943344
893.0, 0.0039287254944632395
894.0, 0.001498598749028401
895.0, 0.002855327532596443
896.0, 0.0034674311354123953
897.0, 0.003089220152656339
898.0, 0.003330179464246336
899.0, 0.006282190211023579
900.0, 0.005420405436602377
901.0, 0.0043937072145713825
902.0, 0.004191177431266321
903.0, 0.004988942719945894
904.0, 0.006213982955289238
905.0, 0.005846120411516334
906.0, 0.006395315504472561
907.0, 0.006454296526851945
908.0, 0.005537395123527983
909.0, 0.005731904198143991
910.0, 0.004447134820176926
911.0, 0.004096450578724737
912.0, 0.004001711961350562
913.0, 0.00355708722639497
914.0, 0.005978006816953692
915.0, 0.006698142497079256
916.0, 0.006995773669339442
917.0, 0.006773240363273871
918.0, 0.00557209491423157
919.0, 0.006168682816612517
920.0, 0.005900962528731251
921.0, 0.006315579791987287
922.0, 0.0069168265535497694
923.0, 0.0052749962248159815
924.0, 0.0068848523836830796
925.0, 0.0074098268309846504
926.0, 0.007538800212193667
927.0, 0.007581776542544993
928.0, 0.006909535836177134
929.0, 0.008649566757959262
930.0, 0.00836168904548776
931.0, 0.007995985304978576
932.0, 0.008913678172420789
933.0, 0.007502600876383216
934.0, 0.006681008047908907
935.0, 0.007595134727936419
936.0, 0.007675712988603858
937.0, 0.004539109695647443
938.0, 0.005775796717191721
939.0, 0.006046996234414472
940.0, 0.005584464423590506
941.0, 0.005065759326624788
942.0, 0.005430288750276258
943.0, 0.0068387672556626386
944.0, 0.005694313333580753
945.0, 0.004915026156067686
946.0, 0.005407068392515863
947.0, 0.006534095534335393
948.0, 0.005820552804933846
949.0, 0.00548292543657214
950.0, 0.004801081643600781
951.0, 0.0043677613775727694
952.0, 0.006963860646930443
953.0, 0.005896384385086186
954.0, 0.004526505220755766
955.0, 0.0045767733068995346
956.0, 0.005964943513192343
957.0, 0.004385838716566671
958.0, 0.005142024768069985
959.0, 0.0032903390833071496
960.0, 0.002820460887681204
961.0, 0.005935744726590067
962.0, 0.003318379350772489
963.0, 0.003302776549300574
964.0, 0.0037597158468858152
965.0, 0.004209880907837066
966.0, 0.004490495403813628
967.0, 0.004398133731387625
968.0, 0.005639643596800839
969.0, 0.005200162167090769
970.0, 0.0044135490030964356
971.0, 0.005483799960002351
972.0, 0.0038149785884903573
973.0, 0.0038337139772980076
974.0, 0.004729961209921761
975.0, 0.005510129982952944
976.0, 0.005117878186101613
977.0, 0.004867314928183696
978.0, 0.004696475302353335
979.0, 0.0049604804790952806
980.0, 0.005027105350852167
981.0, 0.003644873628938141
982.0, 0.003000404284119833
983.0, 0.005598938196471313
984.0, 0.005802385334014479
985.0, 0.004175638145776117
986.0, 0.006705697755278776
987.0, 0.007560029344131617
988.0, 0.006556180697352848
989.0, 0.006434961527114569
990.0, 0.006983866970979299
991.0, 0.004632941535438275
992.0, 0.0050904645529120714
993.0, 0.005747981619274998
994.0, 0.005988813384760523
995.0, 0.006196367831572195
996.0, 0.008129304746109574
997.0, 0.01149485105636858
998.0, 0.011503845921428205
999.0, 0.011295337770336308
1000.0, 0.011806004797098774
1001.0, 0.010017311825456782
1002.0, 0.00960092692330237
1003.0, 0.00968046764168451
1004.0, 0.008447568110550299
1005.0, 0.006703327982665198
1006.0, 0.010160895790983332
1007.0, 0.00831691972083534
1008.0, 0.0071709420614317395
1009.0, 0.007526687833966354
1010.0, 0.00914766210028545
1011.0, 0.010479879387351211
1012.0, 0.010084998618682152
1013.0, 0.00861718061704066
1014.0, 0.008414210656207784
1015.0, 0.009712824555788337
1016.0, 0.008242082773455254
1017.0, 0.008710326857287955
1018.0, 0.009424952519843438
1019.0, 0.008491341482472606
1020.0, 0.006513100633364629
1021.0, 0.00932340384440855
1022.0, 0.009733590213217664
1023.0, 0.009078829649563686
1024.0, 0.009058771449223001
1025.0, 0.010032008955158366
1026.0, 0.009655944377585287
1027.0, 0.008662969021983708
1028.0, 0.008922311018908592
1029.0, 0.00912153151798062
1030.0, 0.009288598679945581
1031.0, 0.01244229723943451
1032.0, 0.01078450618560312
1033.0, 0.01009087519163962
1034.0, 0.011566863277252244
1035.0, 0.013554318313443814
1036.0, 0.009895194415651197
1037.0, 0.008904809173597934
1038.0, 0.010265829987870673
1039.0, 0.012232532612117255
1040.0, 0.013422006998678952
1041.0, 0.013049589705470198
1042.0, 0.010727212674165286
1043.0, 0.010375059467505771
1044.0, 0.010232695730134926
1045.0, 0.009865512680768842
1046.0, 0.01072779418414034
1047.0, 0.008744371767888006
1048.0, 0.00895535358740934
1049.0, 0.009476731533788349
1050.0, 0.00904186446245423
1051.0, 0.00717340015174264
1052.0, 0.00830097053705428
1053.0, 0.008839950311767092
1054.0, 0.008257883459910558
1055.0, 0.007304509469830101
1056.0, 0.00768947844725922
1057.0, 0.007923053572574248
1058.0, 0.008773072323682646
1059.0, 0.008393246022891997
1060.0, 0.007283675703988596
1061.0, 0.007280857742165971
1062.0, 0.007692056218396011
1063.0, 0.009026505678160147
1064.0, 0.009645330612831356
1065.0, 0.009131418885179592
1066.0, 0.007777888646020604
1067.0, 0.006860682882292897
1068.0, 0.008475254747395026
1069.0, 0.00827465985446172
1070.0, 0.007131232398073785
1071.0, 0.0075582158336942
1072.0, 0.01147525876588197
1073.0, 0.008911179468308056
1074.0, 0.009079560513856838
1075.0, 0.010058034809455003
1076.0, 0.008887714648291684
1077.0, 0.007956331359182077
1078.0, 0.006442175674129326
1079.0, 0.0063845673862892235
1080.0, 0.006737886669968458
1081.0, 0.006182687347518116
1082.0, 0.0037657546720054726
1083.0, 0.006976848050197045
1084.0, 0.007485472135213444
1085.0, 0.006734893173445034
1086.0, 0.00607611874979838
1087.0, 0.005559596342358024
1088.0, 0.0046891053301648
1089.0, 0.004209381708273037
1090.0, 0.004794341054075998
1091.0, 0.005417880418762488
1092.0, 0.003658194225403016
1093.0, 0.004297973554422899
1094.0, 0.003045669013856273
1095.0, 0.0027607798604111617
1096.0, 0.0029782662456949304
1097.0, 0.0018667872984863894
1098.0, 0.004222963303979839
1099.0, 0.0045281187161783825
1100.0, 0.004244413826701233
1101.0, 0.0036719076737854956
1102.0, 0.00300409268357356
1103.0, 0.003811204218669068
1104.0, 0.0038752783512114616
1105.0, 0.0022046728958920445
1106.0, 0.001609496237070988
1107.0, 0.003304459975577452
1108.0, 0.002404576186337141
1109.0, 0.0013782662733453064
1110.0, 0.002223680479432025
1111.0, 0.0037049653752739236
1112.0, 0.004019559413843448
1113.0, 0.0010521600518471588
1114.0, 0.00274757441104845
1115.0, 0.0041956373194405065
1116.0, 0.006905652072858825
1117.0, 0.011201254852020838
1118.0, 0.01548418468192574
1119.0, 0.0037911943151994
1120.0, 0.0014177775685571571
1121.0, 0.0030598807540036807
1122.0, 0.0072577718410297845
1123.0, 0.012908221995213102
1124.0, 0.012795906331806819
1125.0, 0.010064488250758095
1126.0, 0.006834380536213431
1127.0, 0.004940906014851216
1128.0, 0.004712183248178194
1129.0, 0.0028618004076013796
1130.0, 0.0024104810115413012
1131.0, 0.002603668563261657
1132.0, 0.0018595098955326917
1133.0, 0.00032899141188566267
1134.0, 0.0002638665636061127
1135.0, 0.00014963756489933504
1136.0, 0.002259759721217982
1137.0, 0.0020258109769657885
1138.0, 0.0008716693894086818
1139.0, 0.002660062307926041
1140.0, 0.0014170624686873242
1141.0, 0.0016665418924311692
1142.0, 0.0014650543137365148
1143.0, 0.0015258357079425144
1144.0, 0.0023409953034596
1145.0, 0.001477960187462169
1146.0, 0.0033518659061143536
1147.0, 0.0023094864573530594
1148.0, 0.0007969699892852945
1149.0, 0.00032736669097396446
1150.0, 1.335106761409347e-05
1151.0, 0.00016542436015700866
1152.0, 0.00033578889170202375
1153.0, 0.001133453344977711
1154.0, 0.0019221016359448843
1155.0, 0.0016502882559204578
1156.0, 0.001985500002001452
1157.0, 0.0008573943072706842
1158.0, 0.0003555653181327152
1159.0, 0.0014434721870585983
1160.0, 0.003636467882061818
1161.0, 0.003402403121026804
1162.0, 0.0009320710441387325
1163.0, 0.0014045036014510596
1164.0, 0.002258584136963042
1165.0, 0.002010537183416224
1166.0, 0.0011580139055788388
1167.0, 0.0012521225967829473
1168.0, 0.001676335476296046
1169.0, 0.001982057791479902
1170.0, 0.002689412799793316
1171.0, 0.004026636304844195
1172.0, 0.0026180259110242183
1173.0, 0.0029052915869449305
1174.0, 0.002492383986916636
1175.0, 0.0033644024260624395
1176.0, 0.005219618938647787
1177.0, 0.0027932758373157493
1178.0, 0.0017070138401527805
1179.0, 0.0033210011392573154
1180.0, 0.0039192344281123205
1181.0, 0.0031300094234408752
1182.0, 0.002636524765480099
1183.0, 0.0009613996880118374
1184.0, 0.003051122139169609
1185.0, 0.0031874830166878135
1186.0, 0.002730085657682047
1187.0, 0.0036368749502191638
1188.0, 0.005190885883687359
1189.0, 0.002165579711972712
1190.0, 0.0026403430167032805
1191.0, 0.002883263812987912
1192.0, 0.002694329938161718
1193.0, 0.00456977844034711
1194.0, 0.0016582332142422403
1195.0, 0.003283200257428845
1196.0, 0.003239823496039553
1197.0, 0.0031422172359656863
1198.0, 0.004628384517396035
1199.0, 0.0031319535810765764
1200.0, 0.0041417663482316465
1201.0, 0.0037440834659633404
1202.0, 0.0037474936092891493
1203.0, 0.004482792696349899
1204.0, 0.0047321556251059506
1205.0, 0.005404534730083447
1206.0, 0.004949592573684244
1207.0, 0.0043921352848115
1208.0, 0.003361957620124272
1209.0, 0.0020975813464922215
1210.0, 0.003545704304405676
1211.0, 0.0039477629432735336
1212.0, 0.003056823506081806
1213.0, 0.0030383261460378997
1214.0, 0.0038771163809306433
1215.0, 0.0038280179497104483
1216.0, 0.004515483563144726
1217.0, 0.004874048866991237
1218.0, 0.005180736038275408
1219.0, 0.005054049330345283
1220.0, 0.004343779202255516
1221.0, 0.0037854231550545985
1222.0, 0.003191334215503366
1223.0, 0.002120416011583234
1224.0, 0.002522097885652707
1225.0, 0.004680983389174168
1226.0, 0.007187094406168951
1227.0, 0.006027192341849012
1228.0, 0.0020377355111997914
1229.0, 0.0020710375450262307
1230.0, 0.004082260485240368
1231.0, 0.004810269130661
1232.0, 0.0024062058542809292
1233.0, 0.0037952483695828892
1234.0, 0.003932474878441349
1235.0, 0.003411740258216194
1236.0, 0.002832861241882328
1237.0, 0.003161062590913394
1238.0, 0.007128465460431272
1239.0, 0.0036432857184825846
1240.0, 0.004213488267035036
1241.0, 0.005831651544756428
1242.0, 0.005627008673330942
1243.0, 0.003331635001690479
1244.0, 0.003565519243242253
1245.0, 0.0026500787715265798
1246.0, 0.003436402339303972
1247.0, 0.004594248241340909
1248.0, 0.003976452672026874
1249.0, 0.0007704298154713961
1250.0, 0.004921114934916714
1251.0, 0.005391558629579882
1252.0, 0.00379162612835272
1253.0, 0.002210336480832798
1254.0, 0.0022115899926243915
1255.0, 0.003030514560451182
1256.0, 0.0009637036963446691
1257.0, 0.0010817590560820074
1258.0, 0.0028900523262674954
1259.0, 0.0045844900314063654
1260.0, 0.004133482737532309
1261.0, 0.0022941567242666812
1262.0, 0.0019503066091244958
1263.0, 0.0017093345626780798
1264.0, 0.0026540172660470406
1265.0, 0.004517691673654801
1266.0, 0.0021574878868010055
1267.0, 0.0024446437790846954
1268.0, 0.0035925739285054756
1269.0, 0.0030347795577580702
1270.0, 0.001369756035849564
1271.0, 0.0011480740819567424
1272.0, 0.004629381569486091
1273.0, 0.002762514566783157
1274.0, 0.0025276492071351787
1275.0, 0.0033410591516621884
1276.0, 0.0041266062329395285
1277.0, 0.004288762792480974
1278.0, 0.0029479205653522977
1279.0, 0.003873790077532698
1280.0, 0.004565586714359931
1281.0, 0.0039359360032071005
1282.0, 0.002723189332559449
1283.0, 0.0037696785758238815
1284.0, 0.002306751759681533
1285.0, 0.0030502476897035463
1286.0, 0.002459263849909442
1287.0, 0.0010248406524360452
1288.0, 0.000923432347429657
1289.0, 0.004054064696876816
1290.0, 0.0009360082267148564
1291.0, 0.002108967274868945
1292.0, 0.002327813644186765
1293.0, 0.0009435545097866902
1294.0, 0.0007832129291326622
1295.0, 0.004646021859730078
1296.0, 0.001851143966589252
1297.0, 0.001540995124247687
1298.0, 0.002644481709065393
1299.0, 0.0031859837656422504
1300.0, 0.00189761178072198
1301.0, 0.00045316992195282085
1302.0, 0.000850520890809543
1303.0, 0.000523470130405239
1304.0, 0.000310500951445199
1305.0, 0.0009548440750160353
1306.0, 0.002151076917535118
1307.0, 0.0021825177037981774
1308.0, 0.002168579705545352
1309.0, 0.0011930039948304617
1310.0, 0.001206351811059006
1311.0, 0.002374721260206358
1312.0, 0.001046935371455494
1313.0, 0.0022412078021910708
1314.0, 0.0033998527304793078
1315.0, 0.003420148322716235
1316.0, 0.0026383747367744043
1317.0, 0.0017041962153160096
1318.0, 0.0007219269948660694
1319.0, 0.0017045678713577639
1320.0, 0.0018125433313779117
1321.0, 0.0021392920302892382
1322.0, 0.0028413280840246928
1323.0, 0.0034434882679202127
1324.0, 0.0031149017138601656
1325.0, 0.004325371856211596
1326.0, 0.0034319151168435806
1327.0, 0.002008451394385191
1328.0, 0.0009548985990545007
1329.0, 0.0005782117634104723
1330.0, 0.0010566014828045352
1331.0, 0.0013610759932237186
1332.0, 0.0014830734198768704
1333.0, 0.002580824856758233
1334.0, 0.002743975857993231
1335.0, 0.0002639709302379251
1336.0, 0.0014804025672015804
1337.0, 0.0020693071585954712
1338.0, 0.000893296554310648
1339.0, 0.0006855962048537644
1340.0, 0.0018268699863435538
1341.0, 0.0027340430266498492
1342.0, 0.0019328462729093815
1343.0, 0.0004735382193900606
1344.0, 0.0005725945444037469
1345.0, 0.0022698343537387224
1346.0, 0.003656928499331498
1347.0, 0.003048179350107157
1348.0, 0.0051253118000103666
1349.0, 0.003112968812102189
1350.0, 0.0025040003446562325
1351.0, 0.0041611647421533554
1352.0, 0.0057539559119819
1353.0, 0.004602287115845287
1354.0, 0.0055278700884567825
1355.0, 0.0038922808020939678
1356.0, 0.0030700841147740495
1357.0, 0.005166309948953774
1358.0, 0.006995405363047172
1359.0, 0.004533543113630292
1360.0, 0.006849501597154035
1361.0, 0.007877123310745221
1362.0, 0.005611708167702489
1363.0, 0.004816462756350781
1364.0, 0.006130958278918554
1365.0, 0.007045071103535173
1366.0, 0.00711665019874911
1367.0, 0.0076321858773840115
1368.0, 0.00740873485122914
1369.0, 0.007440868378070062
1370.0, 0.007256973154697618
1371.0, 0.006086155282473692
1372.0, 0.0059950254782983325
1373.0, 0.004868886865431654
1374.0, 0.005254368475453413
1375.0, 0.0063962697922881825
1376.0, 0.006906769824556354
1377.0, 0.005886914232567942
1378.0, 0.004436533780436572
1379.0, 0.004483810673370672
1380.0, 0.006260480402073158
1381.0, 0.005868900699928194
1382.0, 0.00512193362744136
1383.0, 0.006242802313011444
1384.0, 0.004967830078613338
1385.0, 0.0060033009516474115
1386.0, 0.004939900109326587
1387.0, 0.004799486862214109
1388.0, 0.004787300538291737
1389.0, 0.004509125774055445
1390.0, 0.007346246123343141
1391.0, 0.006516444117566002
1392.0, 0.0053018448160621805
1393.0, 0.005730790779178944
1394.0, 0.006235467074969275
1395.0, 0.005747238818813453
1396.0, 0.005748963387736468
1397.0, 0.005445505799795469
1398.0, 0.01145976169893047
1399.0, 0.012969430837556356
1400.0, 0.012117190106725398
1401.0, 0.01080118485548765
1402.0, 0.007558686808050704
1403.0, 0.008382409397635448
1404.0, 0.007043386739108029
1405.0, 0.007322170367037273
1406.0, 0.007358672139359522
1407.0, 0.00596197804443615
1408.0, 0.004032361690249146
1409.0, 0.005035040757898939
1410.0, 0.005792398199893213
1411.0, 0.0055726496021291745
1412.0, 0.0056664339103270804
1413.0, 0.005795769536443802
1414.0, 0.005258755190513573
1415.0, 0.005582014001069894
1416.0, 0.004521613745899764
1417.0, 0.0049239115712768
1418.0, 0.005026047341198654
1419.0, 0.005553929211810116
1420.0, 0.006770356900837768
1421.0, 0.005941716631437098
1422.0, 0.005230414632890089
1423.0, 0.003585348326825796
1424.0, 0.0056156399408884596
1425.0, 0.0075511705508498625
1426.0, 0.0067433791435125914
1427.0, 0.005266242656479009
1428.0, 0.0036831699584708288
1429.0, 0.004434159184946527
1430.0, 0.0036634332354370017
1431.0, 0.0025070198375915886
1432.0, 0.0022963858491744475
1433.0, 0.0034036246481466705
1434.0, 0.004963095738212386
1435.0, 0.004780064547854927
1436.0, 0.006124371278055585
1437.0, 0.0067109868849505655
1438.0, 0.005923611309382997
1439.0, 0.004984884623518769
1440.0, 0.006252426497403245
1441.0, 0.0052579029153225505
1442.0, 0.006885387350016547
1443.0, 0.00708894125792652
1444.0, 0.006963811061420991
1445.0, 0.007091776565272255
1446.0, 0.005749433797523534
1447.0, 0.006778205431902923
1448.0, 0.011105147395968072
1449.0, 0.010934543962365484
1450.0, 0.006696996432464934
1451.0, 0.004569736156343796
1452.0, 0.008956607777396536
1453.0, 0.007184500020736489
1454.0, 0.006678135503889826
1455.0, 0.006861362544807354
1456.0, 0.006941760459286529
1457.0, 0.007209273644098113
1458.0, 0.008424294062704238
1459.0, 0.010724979795596055
1460.0, 0.006695576813734585
1461.0, 0.007717252960463008
1462.0, 0.0041849481623954955
1463.0, 0.003128952733930995
1464.0, 0.00667653252493158
1465.0, 0.00839299473813664
1466.0, 0.003509075454486771
1467.0, 0.0063973166194465445
1468.0, 0.00503831373728609
1469.0, 0.003224915455488862
1470.0, 0.0032022234254414765
1471.0, 0.005245643395600736
1472.0, 0.008432699745075782
1473.0, 0.0014665023944863604
1474.0, 0.005442919538364672
1475.0, 0.0072537580452154875
1476.0, 0.006383942157937253
1477.0, 0.00431863225106496
1478.0, 0.0020687187924157404
1479.0, 0.005853935484192073
1480.0, 0.0031236167566420234
1481.0, 0.006805114402607011
1482.0, 0.007108026317952511
1483.0, 0.006377258992083721
1484.0, 0.008213797626171004
1485.0, 0.004379057415442253
1486.0, 0.005497207339372717
1487.0, 0.003906498655477286
1488.0, 0.0029853199430445246
1489.0, 0.0028721608357289334
1490.0, 0.0032131158808704646
1491.0, 0.003919693019766663
1492.0, 0.004762737832218366
1493.0, 0.007247891689757837
1494.0, 0.007246524656606058
1495.0, 0.005286744186855187
1496.0, 0.004520480115353683
1497.0, 0.0052928787426961155
1498.0, 0.0030739212928605334
1499.0, 0.008542260408436224
1500.0, 0.0023581804789312827
1501.0, 0.002514512911438388
1502.0, 0.0026559157294212717
1503.0, 0.0015573932591094806
1504.0, 0.0030462504748097257
1505.0, 0.004097964566478079
1506.0, 0.005957002762912693
1507.0, 0.006136530531978857
1508.0, 0.005453371156709462
1509.0, 0.004726054415083016
1510.0, 0.0042329666431000085
1511.0, 0.0038064171443626922
1512.0, 0.004328604634092382
1513.0, 0.005322853162257602
1514.0, 0.0034865791327088128
1515.0, 0.002923738708303931
1516.0, 0.0034247086922274514
1517.0, 0.002657847452820288
1518, 0.0
1519, 0.0
1520, 0.0
1521, 0.0
1522, 0.0
1523, 0.0
1524, 0.0
1525, 0.0
1526, 0.0
1527, 0.0
1528, 0.0
1529, 0.0
1530, 0.0
1531, 0.0
1532, 0.0
1533, 0.0
1534, 0.0
1535, 0.0
1536, 0.0
1537, 0.0
1538, 0.0
1539, 0.0
1540, 0.0
1541, 0.0
1542, 0.0
1543, 0.0
1544, 0.0
1545, 0.0
1546, 0.0
1547, 0.0
1548, 0.0
1549, 0.0
1550, 0.0
1551, 0.0
1552, 0.0
1553, 0.0
1554, 0.0
1555, 0.0
1556, 0.0
1557, 0.0
1558, 0.0
1559, 0.0
1560, 0.0
1561, 0.0
1562, 0.0
1563, 0.0
1564, 0.0
1565, 0.0
1566, 0.0
1567, 0.0
1568, 0.0
1569, 0.0
1570, 0.0
1571, 0.0
1572, 0.0
1573, 0.0
1574, 0.0
1575, 0.0
1576, 0.0
1577, 0.0
1578, 0.0
1579, 0.0
1580, 0.0
1581, 0.0
1582, 0.0
1583, 0.0
1584, 0.0
1585, 0.0
1586, 0.0
1587, 0.0
1588, 0.0
1589, 0.0
1590, 0.0
1591, 0.0
1592, 0.0
1593, 0.0
1594, 0.0
1595, 0.0
1596, 0.0
1597, 0.0
1598, 0.0
1599, 0.0
