30, 0.0
31, 0.0
32, 0.0
33, 0.0
34, 0.0
35, 0.0
36, 0.0
37, 0.0
38, 0.0
39, 0.0
40, 0.0
41, 0.0
42, 0.0
43, 0.0
44, 0.0
45, 0.0
46, 0.0
47, 0.0
48, 0.0
49, 0.0
50, 0.0
51, 0.0
52, 0.0
53, 0.0
54, 0.0
55, 0.0
56, 0.0
57, 0.0
58, 0.0
59, 0.0
60, 0.0
61, 0.0
62, 0.0
63, 0.0
64, 0.0
65, 0.0
66, 0.0
67, 0.0
68, 0.0
69, 0.0
70, 0.0
71, 0.0
72, 0.0
73, 0.0
74, 0.0
75, 0.0
76, 0.0
77, 0.0
78, 0.0
79.0, 1.4691244364696229e-05
80.0, 0.00032727091169867836
81.0, 0.0009888506862878947
82.0, 0.001320828107601609
83.0, 0.00024053201040638876
84.0, 0.00018885988790169877
85.0, 0.0001643258346118622
86.0, 5.41247680694492e-05
87.0, 0.0003170538429133951
88.0, 0.000328393709721681
89.0, 0.00033638076638859576
90.0, 0.0005628774780515719
91.0, 0.0006573740248912918
92.0, 0.0011132291836084107
93.0, 0.001797650570434845
94.0, 0.0019762730191089685
95.0, 0.002279857704157394
96.0, 0.002606449971874699
97.0, 0.0029057465373810323
98.0, 0.003298011892481794
99.0, 0.003466794777087365
100.0, 0.0035027677625523346
101.0, 0.00361067190344463
102.0, 0.0036568347050656277
103.0, 0.003761351337119385
104.0, 0.003945635023768818
105.0, 0.003850687501464202
106.0, 0.0044833872383218095
107.0, 0.005270782478995863
108.0, 0.005474852394283291
109.0, 0.005911997867798498
110.0, 0.006204679830047306
111.0, 0.006308686059677594
112.0, 0.006295605799343354
113.0, 0.006603754568087433
114.0, 0.007552170253429239
115.0, 0.009493839655432969
116.0, 0.008619688301866272
117.0, 0.008215194534130336
118.0, 0.008468722083045775
119.0, 0.009655348281489454
120.0, 0.008967692090838112
121.0, 0.00858396647269004
122.0, 0.009249495809600269
123.0, 0.00963701481819041
124.0, 0.00994627523351778
125.0, 0.01041874813280928
126.0, 0.011457868277378323
127.0, 0.011657615069450821
128.0, 0.011715684805596033
129.0, 0.011877801140402327
130.0, 0.013065863366245762
131.0, 0.013966459675497997
132.0, 0.014852234255914679
133.0, 0.015904946653991482
134.0, 0.016098423850219246
135.0, 0.017999816019421692
136.0, 0.020632476218687648
137.0, 0.021297641281616122
138.0, 0.024003612217750974
139.0, 0.02660201337873104
140.0, 0.02859335533616151
141.0, 0.03222268295691572
142.0, 0.034457767995272115
143.0, 0.03584478039534031
144.0, 0.03680203867203038
145.0, 0.038040822393037355
146.0, 0.037886865962112555
147.0, 0.03713728686759828
148.0, 0.03997426713663736
149.0, 0.040362530308850376
150.0, 0.03988331909386947
151.0, 0.03921036518424419
152.0, 0.041010346828898744
153.0, 0.040953649524042506
154.0, 0.04051499135187073
155.0, 0.04212689921044794
156.0, 0.04215615208077333
157.0, 0.04277308585609395
158.0, 0.043972251954029706
159.0, 0.043265534208098574
160.0, 0.04377548736692427
161.0, 0.04500230735533353
162.0, 0.04673787810271069
163.0, 0.044739125112400226
164.0, 0.04570249764724794
165.0, 0.04802568846448045
166.0, 0.04815136387801787
167.0, 0.048504618642083885
168.0, 0.04971946062289435
169.0, 0.05172663947398574
170.0, 0.05243436895900807
171.0, 0.055483621416132216
172.0, 0.05806507653989355
173.0, 0.05793556644124006
174.0, 0.06069253405636318
175.0, 0.06259641379654318
176.0, 0.0643458395630734
177.0, 0.06805388637691889
178.0, 0.07040618780037426
179.0, 0.0723095332494461
180.0, 0.07388448070424322
181.0, 0.07420539569194773
182.0, 0.06944273781759301
183.0, 0.06428884876173357
184.0, 0.06255084820741404
185.0, 0.058210783755022116
186.0, 0.05470100358532858
187.0, 0.05259725880563548
188.0, 0.053268974066731443
189.0, 0.049277737959262415
190.0, 0.04740738560523565
191.0, 0.04867359244192443
192.0, 0.04558192931022208
193.0, 0.0456568619598554
194.0, 0.046109501004360995
195.0, 0.044840805146011346
196.0, 0.043474572802683145
197.0, 0.04297444156485868
198.0, 0.04265340964786468
199.0, 0.04087745706903888
200.0, 0.04050655764390718
201.0, 0.04021495999973393
202.0, 0.03991158123552048
203.0, 0.04110213852282029
204.0, 0.0415693552399861
205.0, 0.04190784872565265
206.0, 0.04248487552774739
207.0, 0.04371096851330852
208.0, 0.04469740464565055
209.0, 0.04662441396671782
210.0, 0.05188084030269986
211.0, 0.052912240056332785
212.0, 0.05665393384513808
213.0, 0.06327906224368653
214.0, 0.06773723812678654
215.0, 0.0742032528745005
216.0, 0.08110036625434372
217.0, 0.08761374844851953
218.0, 0.0904063658615639
219.0, 0.0914829709025407
220.0, 0.09101565462309044
221.0, 0.08894828392854424
222.0, 0.08531597032154073
223.0, 0.07939024427207435
224.0, 0.0719175880171209
225.0, 0.06548306843612572
226.0, 0.061549379900845885
227.0, 0.05742357066228826
228.0, 0.052604268825544725
229.0, 0.05124882166843895
230.0, 0.04771080791545606
231.0, 0.04472542798650049
232.0, 0.04458127309083837
233.0, 0.04383798869606113
234.0, 0.043396172191912316
235.0, 0.04357283391246695
236.0, 0.04506654141359624
237.0, 0.04328856870684802
238.0, 0.042281775789136916
239.0, 0.041786037436588944
240.0, 0.03669815538428382
241.0, 0.03136209955437026
242.0, 0.025973315566231687
243.0, 0.02060908186981391
244.0, 0.015090163581016667
245.0, 0.012092116628871144
246.0, 0.009838497993670507
247.0, 0.006505487454181084
248.0, 0.005372110785405283
249.0, 0.004424146831484366
250.0, 0.003508487471010778
251.0, 0.002570684969788298
252.0, 0.001514107501330266
253.0, 0.0006747030046391345
254.0, 0.00018114561108851542
255.0, 0.0003594545893191221
256.0, 0.0008931078884521521
257.0, 0.0011552596116001317
258.0, 0.0008411503628053532
259.0, 0.0013159825683706791
260.0, 0.0016180852291026373
261.0, 0.001672872265182958
262.0, 0.0013571611484665836
263.0, 0.0016586557088841723
264.0, 0.0015233171170857677
265.0, 0.0012163644116672712
266.0, 0.0015685434682399543
267.0, 0.0008642896452042713
268.0, 0.00047508752972667205
269.0, 0.0006751890400191573
270.0, 0.0013343871333992298
271.0, 0.003637211150887148
272.0, 0.005492444256096271
273.0, 0.00600118460067464
274.0, 0.007723671339615467
275.0, 0.008282491224068154
276.0, 0.00815784553200702
277.0, 0.007735209698771914
278.0, 0.006952713983640776
279.0, 0.005643176590005134
280.0, 0.004458359262021704
281.0, 0.004749478010649849
282.0, 0.00359480688714558
283.0, 0.002606745661073455
284.0, 0.002103694805090677
285.0, 0.0023840966309788382
286.0, 0.002426378985698486
287.0, 0.0025528871457198747
288.0, 0.002797032976665931
289.0, 0.0023409817483438095
290.0, 0.0034793961171632666
291.0, 0.004857296127240817
292.0, 0.005599544190929163
293.0, 0.0070758938379069675
294.0, 0.009006790227919004
295.0, 0.011285495158259348
296.0, 0.013812654870370498
297.0, 0.01918202879460251
298.0, 0.023512619692491465
299.0, 0.026950100101865108
300.0, 0.030479212979468154
301.0, 0.03204317033033591
302.0, 0.03136159544417626
303.0, 0.028841544779299073
304.0, 0.026664979289017857
305.0, 0.022591916473816566
306.0, 0.019788899923599848
307.0, 0.019159508647816854
308.0, 0.016920079857920104
309.0, 0.01599898686894294
310.0, 0.015111312528532523
311.0, 0.013426278598578393
312.0, 0.013587131526686709
313.0, 0.013561785064513653
314.0, 0.012567257194810562
315.0, 0.009548786984814038
316.0, 0.007050581730131896
317.0, 0.005073078607984866
318.0, 0.0034558956085690455
319.0, 0.0019047813272629072
320.0, 0.00207224962460083
321.0, 0.0020546080697412886
322.0, 0.0018972995743273817
323.0, 0.002838229015199729
324.0, 0.003706217579128088
325.0, 0.004941505679128134
326.0, 0.006866422545297329
327.0, 0.01075195677637688
328.0, 0.014824836044584302
329.0, 0.0194100724685371
330.0, 0.02456764822667243
331.0, 0.028280422666039164
332.0, 0.031805065859418495
333.0, 0.035208517491296686
334.0, 0.03853484574756283
335.0, 0.04039852252605045
336.0, 0.041805956106471975
337.0, 0.042784034027677054
338.0, 0.043331077386234824
339.0, 0.04667768601520324
340.0, 0.051848135231712056
341.0, 0.059497771895177694
342.0, 0.07134897177829631
343.0, 0.09072432706326215
344.0, 0.12026649122632493
345.0, 0.1648006962692367
346.0, 0.23980443598741596
347.0, 0.37241473295382777
348.0, 0.5574596778679282
349.0, 0.7792710370470285
350.0, 0.9618425531371616
351.0, 0.9850745488887352
352.0, 0.8865066498586879
353.0, 0.6854861961453242
354.0, 0.47036763879180316
355.0, 0.33080268226832843
356.0, 0.23621598985414585
357.0, 0.17207366023455373
358.0, 0.14072069178513505
359.0, 0.11750657762411645
360.0, 0.10067931410226456
361.0, 0.08918429135324539
362.0, 0.08301911686671984
363.0, 0.07661491444290931
364.0, 0.07169818096697077
365.0, 0.07044179208037196
366.0, 0.06626571631488343
367.0, 0.06364422215943769
368.0, 0.06191779257910681
369.0, 0.05972080419979827
370.0, 0.05769063094922279
371.0, 0.057313357574379685
372.0, 0.05747332597430571
373.0, 0.05527569731360931
374.0, 0.055380880703727646
375.0, 0.054930947168376806
376.0, 0.05381133971686899
377.0, 0.053086434232775766
378.0, 0.05318052811674877
379.0, 0.05296500433602046
380.0, 0.05260565772245225
381.0, 0.054059870561982686
382.0, 0.052849243521344146
383.0, 0.0514871535104522
384.0, 0.05098837305027149
385.0, 0.052730499429832864
386.0, 0.052000061929210056
387.0, 0.052289817046691826
388.0, 0.05462403647956786
389.0, 0.05414287140423323
390.0, 0.05522580245461875
391.0, 0.05610053927451754
392.0, 0.055863549525066794
393.0, 0.05598143696819527
394.0, 0.05724480083849946
395.0, 0.05835596672494687
396.0, 0.05847171067295512
397.0, 0.06034650128470591
398.0, 0.060819750919373895
399.0, 0.06022224439983924
400.0, 0.05880463917768017
401.0, 0.05800404667764952
402.0, 0.05475873209432148
403.0, 0.051391358621823306
404.0, 0.05049873359328371
405.0, 0.04681507305573473
406.0, 0.044068324684840884
407.0, 0.04201843361505634
408.0, 0.04024525334166401
409.0, 0.038546016801393836
410.0, 0.037751056361490024
411.0, 0.037498551719681035
412.0, 0.03716943546256794
413.0, 0.037011670505823484
414.0, 0.03756531437629506
415.0, 0.038615919935742225
416.0, 0.0397065768093302
417.0, 0.04340806860622569
418.0, 0.045909937158933295
419.0, 0.0479186775484079
420.0, 0.051879461258478754
421.0, 0.05070614310727345
422.0, 0.050387264787614405
423.0, 0.050895418667425
424.0, 0.05015456437622183
425.0, 0.047671996898756536
426.0, 0.04689405653893177
427.0, 0.04701508823677931
428.0, 0.044136594063486745
429.0, 0.04457271301893218
430.0, 0.04366710840930992
431.0, 0.040959237039891266
432.0, 0.03769464142400614
433.0, 0.036931286260557646
434.0, 0.03430221930814766
435.0, 0.03040304757386271
436.0, 0.030613932912541345
437.0, 0.028905855424812926
438.0, 0.027484613415521216
439.0, 0.02687074431373919
440.0, 0.02712125846571743
441.0, 0.026723943112033393
442.0, 0.027023611105772914
443.0, 0.028033033277244768
444.0, 0.02840232896500841
445.0, 0.028597146560820748
446.0, 0.028956540957874654
447.0, 0.029624971808844273
448.0, 0.030837978276581447
449.0, 0.031357346107223454
450.0, 0.031418195338139006
451.0, 0.030987847638487945
452.0, 0.029636196506469537
453.0, 0.028790985786778602
454.0, 0.02607751862912283
455.0, 0.021390875862093716
456.0, 0.017432293679683887
457.0, 0.01189625055293977
458.0, 0.007457546432145441
459.0, 0.004730907833279704
460.0, 0.002934673865522098
461.0, 0.0017648353728258487
462.0, 0.0010159352443696208
463.0, 0.0006165059615823132
464.0, 0.0004965589673300245
465.0, 0.00046502144917767203
466.0, 0.0006207257228932362
467.0, 0.0009134327524948003
468.0, 0.0009946731476822514
469.0, 0.0011158999261750506
470.0, 0.0013225629240423257
471.0, 0.0015523066679762336
472.0, 0.00149023299796802
473.0, 0.00114345395751567
474.0, 0.0009432301240038127
475.0, 0.0008862239221168533
476.0, 0.0005220337065168797
477.0, 0.00046047308256707425
478.0, 0.0002992337135956171
479.0, 0.0001127106508189693
480.0, 0.0005169031270755403
481.0, 0.0004837241416131331
482.0, 0.000557472024642956
483.0, 0.0007241327113956609
484.0, 0.0005472862959486648
485.0, 0.00021475179506455337
486.0, 0.0001266520045106109
487.0, 0.00028786678875444854
488.0, 0.0004883933802532104
489.0, 0.0002052364301832571
490.0, 9.547077649412382e-05
491.0, 0.0002027421666841055
492.0, 0.0003514643939020213
493.0, 0.00034414622916798687
494.0, 0.00033539744965062964
495.0, 0.0003464951401042967
496.0, 0.00037521149891228624
497.0, 0.00014012266032277949
498.0, 0.00046498707343236976
499.0, 0.0009055677752841521
500.0, 0.0003897742210272048
501.0, 0.000925494487738025
502.0, 0.0009738125995684575
503.0, 0.0008046741285793272
504.0, 0.0011106989925137086
505.0, 0.000841606141583988
506.0, 0.0009213107678643875
507.0, 0.0013831089074184486
508.0, 0.0021939997281357586
509.0, 0.0018128668452255573
510.0, 0.001948438294408483
511.0, 0.002504379072272796
512.0, 0.0032876061328361516
513.0, 0.002955675441847658
514.0, 0.003279777678479626
515.0, 0.003768363299069373
516.0, 0.00392205040988606
517.0, 0.004639326088631539
518.0, 0.004907087073660431
519.0, 0.004860925228999689
520.0, 0.0046598872469604
521.0, 0.005350189478348307
522.0, 0.004484512618986251
523.0, 0.00374629605535337
524.0, 0.004061879601991091
525.0, 0.0033020077904557616
526.0, 0.0029599653758967744
527.0, 0.002916927570085327
528.0, 0.002933257842732351
529.0, 0.0015874508409939436
530.0, 0.0015578964331660183
531.0, 0.0013175588000282148
532.0, 0.000544808597369659
533.0, 0.0008082941046858949
534.0, 0.0008117789301879174
535.0, 0.0005788315263103699
536.0, 0.00026849301331131474
537.0, 0.0004779620056034105
538.0, 0.00042364732613446186
539.0, 0.00025601037485663893
540.0, 8.850523941374856e-05
541.0, 0.00014996955220831874
542.0, 0.0003407081845634084
543.0, 0.0003144007185912644
544.0, 0.0001498796449091785
545.0, 0.00011722407652424834
546.0, 0.0006501075354400827
547.0, 0.0005125423333707531
548.0, 9.566153404817419e-05
549.0, 0.00015967924895877577
550.0, 0.00036709970561503875
551.0, 0.00028237932937099605
552.0, 0.0002984514403049578
553.0, 0.0008600023660180259
554.0, 0.0011839419881652293
555.0, 0.0014800046351463477
556.0, 0.001674725446026919
557.0, 0.0017185329450176432
558.0, 0.0017765942350667246
559.0, 0.0016948495390139834
560.0, 0.0016455525176236245
561.0, 0.0017069230122389427
562.0, 0.0016956700021076641
563.0, 0.0018090740658590766
564.0, 0.0017236750556892636
565.0, 0.0014799232022970335
566.0, 0.0019223723156059616
567.0, 0.002010952229171899
568.0, 0.0023526926485925217
569.0, 0.002851330638691654
570.0, 0.002691582318987225
571.0, 0.0026617401853106844
572.0, 0.002964436113730914
573.0, 0.0033393689911422877
574.0, 0.003178938557882524
575.0, 0.003777300619295567
576.0, 0.004047481515970925
577.0, 0.004138218082735904
578.0, 0.004380555641738293
579.0, 0.004819090903508238
580.0, 0.0049032550189506054
581.0, 0.004999554571510398
582.0, 0.0054286142504380895
583.0, 0.005387335075349369
584.0, 0.005250513177448625
585.0, 0.005631472352274654
586.0, 0.006615830105386703
587.0, 0.005717003289999613
588.0, 0.006214622070691298
589.0, 0.0069505691016739975
590.0, 0.007482797601711748
591.0, 0.007856749527989502
592.0, 0.00838992742769267
593.0, 0.008521072797303835
594.0, 0.008651918758760813
595.0, 0.010206964414214582
596.0, 0.01069653303421807
597.0, 0.010864168222340917
598.0, 0.011405260595471908
599.0, 0.013294233142508344
600.0, 0.012983893161635446
601.0, 0.014381164590102061
602.0, 0.016117793370428384
603.0, 0.016702839987884972
604.0, 0.018583161513007974
605.0, 0.02051144061493284
606.0, 0.021768699149635595
607.0, 0.022133430265860735
608.0, 0.023558429704323532
609.0, 0.024398775256875574
610.0, 0.025353232157713294
611.0, 0.026554998074540394
612.0, 0.027466122419539028
613.0, 0.026710708811270804
614.0, 0.028139256764595402
615.0, 0.030411597360780897
616.0, 0.028671590635564893
617.0, 0.02928099862642166
618.0, 0.028851389457889506
619.0, 0.026513803260967826
620.0, 0.021598522305595527
621.0, 0.019206189316249934
622.0, 0.015846867978421633
623.0, 0.012916841814330143
624.0, 0.011455459380407533
625.0, 0.010531476874033002
626.0, 0.009585256798589308
627.0, 0.009449747523216746
628.0, 0.010080296070839271
629.0, 0.009450232152141433
630.0, 0.010323497462872606
631.0, 0.011284566000737399
632.0, 0.011965754702774882
633.0, 0.012288932751724511
634.0, 0.014843906183873594
635.0, 0.017093337070007802
636.0, 0.019199580516842393
637.0, 0.021720929520619513
638.0, 0.023347232790563784
639.0, 0.023538451011381932
640.0, 0.023384284876297363
641.0, 0.02341926798489537
642.0, 0.020162856437980804
643.0, 0.019123251067685223
644.0, 0.01749361328947038
645.0, 0.014463034674305777
646.0, 0.011483117002729647
647.0, 0.00998257531112267
648.0, 0.008624362234777484
649.0, 0.0075650070250895905
650.0, 0.0076690901641983614
651.0, 0.007457315006183413
652.0, 0.007654599557702232
653.0, 0.008658735632034974
654.0, 0.010715304377450642
655.0, 0.010454944226280394
656.0, 0.012298272675467646
657.0, 0.014500996355223063
658.0, 0.016169028077060103
659.0, 0.018223073804502683
660.0, 0.021447046292813472
661.0, 0.02445433571303615
662.0, 0.02752116723951653
663.0, 0.03250328075625083
664.0, 0.03691294364428552
665.0, 0.04236994638632732
666.0, 0.04908025680491679
667.0, 0.05700720818401519
668.0, 0.061224710975507
669.0, 0.06568640682443887
670.0, 0.06780577898438457
671.0, 0.06564422657834808
672.0, 0.05808592861908801
673.0, 0.05352216212428037
674.0, 0.0486346571275647
675.0, 0.043440713502457054
676.0, 0.04163735440991674
677.0, 0.03923788793156132
678.0, 0.03715411613060114
679.0, 0.035403799804119965
680.0, 0.0338151015300648
681.0, 0.031958507071721994
682.0, 0.03145796645004319
683.0, 0.030808460698613382
684.0, 0.029157604715059723
685.0, 0.029138621429639733
686.0, 0.02903392705179907
687.0, 0.02776842370554001
688.0, 0.025894622240909052
689.0, 0.026309476808863207
690.0, 0.025346849472605622
691.0, 0.0250586064268046
692.0, 0.024975379035540413
693.0, 0.024062272743013702
694.0, 0.021985452632697834
695.0, 0.020928476154252033
696.0, 0.019648808773111447
697.0, 0.01745568374428781
698.0, 0.015590498876123
699.0, 0.014033323500524577
700.0, 0.012261520826357536
701.0, 0.010303880114104946
702.0, 0.008652827403757921
703.0, 0.0077829267423823
704.0, 0.006611164846067884
705.0, 0.005614889860288948
706.0, 0.005417169620275652
707.0, 0.004495469499132838
708.0, 0.00427378864140037
709.0, 0.004092189964057635
710.0, 0.003673321875679859
711.0, 0.003458437670247724
712.0, 0.0032212857526339863
713.0, 0.002876414198152751
714.0, 0.0026883496091417527
715.0, 0.003196023304949419
716.0, 0.002708036146350694
717.0, 0.0023004868982447104
718.0, 0.0022352146062604404
719.0, 0.0025601703866866094
720.0, 0.0018829184692559704
721.0, 0.0023141187393238317
722.0, 0.0025759448610870616
723.0, 0.0022273988973306367
724.0, 0.0013894290923328837
725.0, 0.0019140755396126292
726.0, 0.0016210131518130347
727.0, 0.0011137297709262887
728.0, 0.00146439564509339
729.0, 0.0015616446831859846
730.0, 0.0012604961460740457
731.0, 0.0012969412549767314
732.0, 0.0017334142911950364
733.0, 0.0008904500944798854
734.0, 0.0008631735947716529
735.0, 0.0011120036508839434
736.0, 0.0011177871354474517
737.0, 0.00017848814503718298
738.0, 0.0010819727397447503
739.0, 0.00103100039424582
740.0, 0.0005881726263624874
741.0, 0.0003567483469752347
742.0, 0.0011341189810591013
743.0, 0.0005457366759954816
744.0, 0.0007179085292955257
745.0, 0.0014827937997107547
746.0, 0.0009913108587199324
747.0, 0.0005897269711731223
748.0, 0.0007993247226054406
749.0, 0.0009394795270316573
750.0, 0.0004795919174354562
751.0, 0.0011203904692998075
752.0, 0.0010225881312194824
753.0, 0.0007218393047591551
754.0, 0.0005808768686310639
755.0, 0.0010574066134094932
756.0, 0.0003454842288235318
757.0, 0.0005094021632507878
758.0, 0.0007728889157477945
759.0, 0.00012229013638789024
760.0, 0.00012011731686571573
761.0, 0.0003573008200288781
762.0, 0.0003323446349290582
763.0, 0.00012676510697882026
764.0, 0.0007668499420742141
765.0, 0.0007061023216912448
766.0, 0.00044946596288879996
767.0, 0.0004106409055776146
768.0, 0.0009359867422696565
769.0, 0.00026686744133003204
770.0, 0.000679719079536177
771.0, 0.0008007089569294076
772.0, 0.00027682625885011613
773.0, 0.0002592934880891283
774.0, 0.0007903981919382963
775.0, 0.0006515724538686326
776.0, 0.0003982324295521973
777.0, 0.0009028721213715709
778.0, 0.0006794121577958858
779.0, 0.00032121051593529893
780.0, 0.0005398431518612945
781.0, 0.0011409607954436874
782.0, 0.00015140326151198572
783.0, 0.00027231331939575924
784.0, 0.0006449274954186771
785.0, 0.0007704472731997734
786.0, 0.00027519332732378913
787.0, 0.0012038487877867332
788.0, 0.0007138902765112746
789.0, 0.00021545459188458975
790.0, 0.00024146376583575113
791.0, 0.0003203467953961095
792.0, 0.0005134766542657223
793.0, 0.0005789375622972746
794.0, 0.000462620570480863
795.0, 0.00016892658104958376
796.0, 8.3060688524665e-05
797.0, 0.00036692668931876684
798.0, 0.000479495793577514
799.0, 0.00043686168055460586
800.0, 0.0009432601466383464
801.0, 0.0005731903972876634
802.0, 0.00029291924833069736
803.0, 0.00039448400692408615
804.0, 0.0009474774199934175
805.0, 0.0006922050341378978
806.0, 0.0008171183261930212
807.0, 0.0006901217184479405
808.0, 0.0003282647069873856
809.0, 0.0002824960787295269
810.0, 0.00034133362207465435
811.0, 0.0002301977745199369
812.0, 0.0001834558438050077
813.0, 0.0003399806068606699
814.0, 0.00023881493275820198
815.0, 0.00011470856352115674
816.0, 0.0004698685593077532
817.0, 0.000916784322652757
818.0, 0.0005411911158517772
819.0, 0.0011167853727211579
820.0, 0.0008554799455349915
821.0, 0.00040767491930784904
822.0, 0.00032703032791610103
823.0, 0.001134137838107409
824.0, 0.00041810483723046907
825.0, 0.0001791986217683985
826.0, 0.00048178684044780033
827.0, 0.0009049461064214335
828.0, 0.0006945993152477419
829.0, 0.0009824013231972768
830.0, 0.0008191108982518124
831.0, 0.0002032976326503844
832.0, 0.0003730294374316851
833.0, 0.001027289294208604
834.0, 0.0009438152019613026
835.0, 0.0006505958923730019
836.0, 0.0006585107833495262
837.0, 0.00015489855414113624
838.0, 0.0007110287258487352
839.0, 0.000898759665711682
840.0, 0.000617725396344227
841.0, 0.00045829379468004976
842.0, 0.0008991103241946288
843.0, 0.0006581224371090403
844.0, 0.00060412998307201
845.0, 0.0010414796132319532
846.0, 0.0009232922137633018
847.0, 0.0003501480123092554
848.0, 0.0006480821544635951
849.0, 0.0010263718011116266
850.0, 0.000421721136885293
851.0, 0.00041403182629054443
852.0, 0.00020030911450637088
853.0, 6.503023911295592e-05
854.0, 0.0001074440809752767
855.0, 0.00030727439850402
856.0, 0.00048238400365993936
857.0, 0.000256785301424388
858.0, 0.0003010244717348261
859.0, 0.0007929977126637099
860.0, 0.00012260457606493063
861.0, 0.0005306289652342727
862.0, 0.000882408964885418
863.0, 0.000878500999689841
864.0, 0.0004898345439112132
865.0, 0.001035693113959254
866.0, 0.00047725818709011417
867.0, 0.0002244487231828925
868.0, 0.0004917887564515608
869.0, 0.0004290083589313289
870.0, 0.00020706012909052734
871.0, 0.0004149505468847326
872.0, 0.0007594652066441219
873.0, 0.000957312073822735
874.0, 0.0008110877463283349
875.0, 0.0011837876184391423
876.0, 0.000745588235165401
877.0, 0.00020593830467529809
878.0, 0.0006247613017650928
879.0, 0.0003817953810614027
880.0, 0.0004321654252047768
881.0, 0.0009275408974104684
882.0, 0.001406106010993381
883.0, 0.0007907706671269082
884.0, 0.0007133434112222991
885.0, 0.0006885668329143089
886.0, 0.0005036920932111995
887.0, 0.00024973275775731573
888.0, 0.0007808480687996448
889.0, 0.0006649676366074315
890.0, 0.00031493198899565513
891.0, 0.00027174116792028134
892.0, 0.0008248253236609615
893.0, 0.000207992561917661
894.0, 0.0008733346167180097
895.0, 0.0011486172930573102
896.0, 0.0008046212487710553
897.0, 0.00026421856850692566
898.0, 0.0006440048146588502
899.0, 0.0007209889786792121
900.0, 0.0012257564170890605
901.0, 0.0018909666847423125
902.0, 0.0010756572122662407
903.0, 0.0008770164343352871
904.0, 0.0014141779867626108
905.0, 0.0013651565618082856
906.0, 0.00026996369044901406
907.0, 0.0006195686611859545
908.0, 0.0010930817380846356
909.0, 0.001058586472634923
910.0, 0.0009722856250124612
911.0, 0.001347310600346829
912.0, 0.001054207443062297
913.0, 0.0014651699991841804
914.0, 0.0016225142639703235
915.0, 0.0013348467003101295
916.0, 0.0008017709105493787
917.0, 0.0016396299954367412
918.0, 0.001268944172338904
919.0, 0.0008804296507270186
920.0, 0.000988595612014291
921.0, 0.0014654991388937074
922.0, 0.0005560081030750613
923.0, 0.0013134510376616416
924.0, 0.0018685214799884055
925.0, 0.0012480754956984935
926.0, 0.0009989014794061471
927.0, 0.0017094047414343686
928.0, 0.0013578137046113812
929.0, 0.000967215379363179
930.0, 0.0014412762341561207
931.0, 0.0008163707557870204
932.0, 0.0008012761967763527
933.0, 0.0013580073317989592
934.0, 0.0017420738499076517
935.0, 0.0011678236255479489
936.0, 0.001629050442793452
937.0, 0.001310077023074478
938.0, 0.0010140448998820109
939.0, 0.001310362230983014
940.0, 0.0026206052060294364
941.0, 0.0009637070165613177
942.0, 0.0007570846090459016
943.0, 0.0013328032466757762
944.0, 0.0018389978592852768
945.0, 0.0010552766534737564
946.0, 0.0006157623606194015
947.0, 0.0007492458476351005
948.0, 0.0010118521318581428
949.0, 0.0011382521381326164
950.0, 0.0012097736074383482
951.0, 0.0007326836710245544
952.0, 0.000926127783339583
953.0, 0.0011653682406419707
954.0, 0.0009846028268285145
955.0, 0.0009625733825549176
956.0, 0.0019209002312560867
957.0, 0.0012159912765327293
958.0, 0.0004470031439681357
959.0, 0.001249751058168931
960.0, 0.0012784666057609993
961.0, 0.0007703453965481957
962.0, 0.0007769861523916122
963.0, 0.000840669157801131
964.0, 0.00031584785356784066
965.0, 0.0011980907490185238
966.0, 0.0016567747851110658
967.0, 0.0012191881573805523
968.0, 0.00047587978028151726
969.0, 0.00048036113691283253
970.0, 0.0007767273671119363
971.0, 0.0004354116281727765
972.0, 0.0005898924587735265
973.0, 0.0009381838228042222
974.0, 0.00027405341951339956
975.0, 0.0008090823952964565
976.0, 0.000957641807554249
977.0, 0.0007522559530466809
978.0, 0.0006615329818928127
979.0, 0.001606168336396272
980.0, 0.0006913452745708093
981.0, 0.0006040911282406588
982.0, 0.0008283705689439851
983.0, 0.0008975159308543905
984.0, 0.0003929013137339514
985.0, 0.0010491108432283697
986.0, 0.0008760532182123125
987.0, 0.0005922718141097014
988.0, 0.0006923451828110518
989.0, 0.001226627364828372
990.0, 0.0006267471324359075
991.0, 0.0009862044674106502
992.0, 0.0012750111395266437
993.0, 0.0008967743886351703
994.0, 0.0004215980063938897
995.0, 0.0009578059913804521
996.0, 0.0008183377500051654
997.0, 0.0007087780791164339
998.0, 0.0010842424682419695
999.0, 0.0013663112551773955
1000.0, 0.0007813375353417616
1001.0, 0.001052493210145355
1002.0, 0.0014455663589957263
1003.0, 0.0011977468919158072
1004.0, 0.00010144328596031001
1005.0, 0.001426964472404521
1006.0, 0.0009517222456252414
1007.0, 0.0005767893124500629
1008.0, 0.0017315489434460822
1009.0, 0.0020550396693184317
1010.0, 0.0011981650631200278
1011.0, 0.0011677533316493277
1012.0, 0.0012579307330957377
1013.0, 0.0008724720888823893
1014.0, 0.001071234853513508
1015.0, 0.0019835848423505344
1016.0, 0.0013394891035605752
1017.0, 0.0007018066577144015
1018.0, 0.0013030678178112647
1019.0, 0.0012343245528022289
1020.0, 0.0007855384278036981
1021.0, 0.001131040571076053
1022.0, 0.0013929002357503536
1023.0, 0.0009122018925765737
1024.0, 0.0008855747901324781
1025.0, 0.001595034654624068
1026.0, 0.0014172610921966403
1027.0, 0.0012540504339468924
1028.0, 0.0016191512362248794
1029.0, 0.00040361119529839216
1030.0, 0.0008696846342557758
1031.0, 0.0011590442042747448
1032.0, 0.0008435711174759778
1033.0, 0.0002673569538936047
1034.0, 0.001562300712193558
1035.0, 0.0012199115292641286
1036.0, 0.000759803496566308
1037.0, 0.000778314608803953
1038.0, 0.0012799684968800142
1039.0, 0.0009738035163073896
1040.0, 0.0010536714879394872
1041.0, 0.0015851488262587775
1042.0, 0.001385617222604345
1043.0, 0.0004982398154132219
1044.0, 0.0022750856659891996
1045.0, 0.0013721813848638325
1046.0, 0.0011443802490238074
1047.0, 0.001426100485853505
1048.0, 0.0015640015827831704
1049.0, 0.0005073496637508786
1050.0, 0.0009356934607952965
1051.0, 0.0009400749176585694
1052.0, 0.0006727883629692263
1053.0, 0.0006201814017378607
1054.0, 0.0016251324327981585
1055.0, 0.0007460816454201129
1056.0, 0.0006556568019377421
1057.0, 0.0010651987812759034
1058.0, 0.0014387625403933383
1059.0, 0.0010793244344759916
1060.0, 0.0008388006352598892
1061.0, 0.001062101938671482
1062.0, 0.0009019566708538779
1063.0, 0.0007430498534943792
1064.0, 0.002138766957506034
1065.0, 0.0006933158138148637
1066.0, 0.000558007256754059
1067.0, 0.001082645016503569
1068.0, 0.00132922526315626
1069.0, 0.00033538287738265563
1070.0, 0.0013425062364695623
1071.0, 0.0005892679561632602
1072.0, 0.0005636237072890306
1073.0, 0.0012727239800983542
1074.0, 0.0014304508824136497
1075.0, 0.0004555113686041809
1076.0, 0.0010382562167753247
1077.0, 0.001223899512526642
1078.0, 0.0008360454882952
1079.0, 0.0004990522608433936
1080.0, 0.0016631996261632733
1081.0, 0.0014348788413820505
1082.0, 0.0015364611944867768
1083.0, 0.0016819305842375822
1084.0, 0.0013209172955486184
1085.0, 0.0008266783069603557
1086.0, 0.001249296107596074
1087.0, 0.0009267825042184181
1088.0, 0.00041598488423986817
1089.0, 0.0005530180129029655
1090.0, 0.0020439819947328268
1091.0, 0.000780643317055103
1092.0, 0.000967744694898619
1093.0, 0.0013488417556884902
1094.0, 0.000968731012009197
1095.0, 4.1876291813258064e-05
1096.0, 0.001198037631427511
1097.0, 0.001129903453336384
1098.0, 0.0008057996719278074
1099.0, 0.0008905880719834424
1100.0, 0.001569529662081627
1101.0, 0.0009870833355556967
1102.0, 0.0009867964700412762
1103.0, 0.0007847414077898817
1104.0, 0.0003803588627030823
1105.0, 0.0002700697400557533
1106.0, 0.0012819753764502216
1107.0, 0.0007440158029516666
1108.0, 0.000739089496563747
1109.0, 0.0013422041518935857
1110.0, 0.001771471893547848
1111.0, 0.0004058062322357907
1112.0, 0.0007207635216531444
1113.0, 0.0007383655136247889
1114.0, 0.0004289061557097854
1115.0, 0.0001724609610616356
1116.0, 0.0005064139149578003
1117.0, 0.0002919146125799383
1118.0, 0.00034242420295124503
1119.0, 0.0006763408982228039
1120.0, 0.0009270970470161627
1121.0, 0.00032351528287426906
1122.0, 0.0012058221617443148
1123.0, 0.001163558804651555
1124.0, 0.0006321345249048287
1125.0, 0.00046492278482266415
1126.0, 0.001465588037470449
1127.0, 0.00025766082865385706
1128.0, 0.0006448938903032554
1129.0, 0.0011623384559462024
1130.0, 0.0010289754403102753
1131.0, 0.0002704538066721587
1132.0, 0.0015623023545801784
1133.0, 0.0006927871278413402
1134.0, 0.00017892899720247873
1135.0, 0.00041603767657200075
1136.0, 0.0009431473199038205
1137.0, 0.00022887815728656811
1138.0, 0.0010504970244387209
1139.0, 0.0010919089332548863
1140.0, 0.0007610390879504966
1141.0, 0.0007920552679400255
1142.0, 0.001930397636877149
1143.0, 0.0003721338414593668
1144.0, 9.563257397081362e-05
1145.0, 0.0009545592473750628
1146.0, 0.0014475991354601042
1147.0, 0.00016938531480015055
1148.0, 0.0011188637851165624
1149.0, 0.0011498174400421573
1150.0, 0.0005549511992078159
1151.0, 0.0006824927025613041
1152.0, 0.0017392420194519888
1153.0, 0.00017770034579496572
1154.0, 0.00026245169170949705
1155.0, 0.0008419675066252305
1156.0, 0.0009413323744666602
1157.0, 0.0007929899937970747
1158.0, 0.0019070409578068773
1159.0, 0.0010647302992399417
1160.0, 0.00042331652825981433
1161.0, 0.000986504271339876
1162.0, 0.0014569517808810345
1163.0, 0.00016366336242540868
1164.0, 0.0007872959563320773
1165.0, 0.0012678712002703496
1166.0, 0.0009766176050490867
1167.0, 0.000672852751625876
1168.0, 0.0008496521177306557
1169.0, 0.000680978683930286
1170.0, 0.00016304120495276513
1171.0, 0.0011811479177645929
1172.0, 0.0012274252831812496
1173.0, 0.0002972779205723401
1174.0, 0.0007970106411639268
1175.0, 0.0010227446578976133
1176.0, 0.0008090527140100074
1177.0, 0.0008796537711111735
1178.0, 0.0011744772201870912
1179.0, 0.001294725709873282
1180.0, 0.0007317310234960661
1181.0, 0.0008734152414367356
1182.0, 0.0009116726294397455
1183.0, 0.0009736495147292529
1184.0, 0.0011947807907575281
1185.0, 0.0015331164106752422
1186.0, 0.0004093527103947542
1187.0, 0.0013694196311352148
1188.0, 0.0012934200755642005
1189.0, 0.0003674366136804947
1190.0, 0.00048286097475438354
1191.0, 0.0016283617438394332
1192.0, 0.0008046552220762869
1193.0, 0.0009022175932714575
1194.0, 0.001747670640497752
1195.0, 0.0021778855212094684
1196.0, 0.00037980392413872535
1197.0, 0.0017452635272377781
1198.0, 0.0013732559547378338
1199.0, 0.0006466264571839457
1200.0, 0.0008216089485783274
1201.0, 0.0023278808438855544
1202.0, 0.0011498522191076056
1203.0, 0.001067068892433143
1204.0, 0.0015012628467361273
1205.0, 0.001245125712293264
1206.0, 0.0003605153580628044
1207.0, 0.0021540248654766786
1208.0, 0.0016932614935433387
1209.0, 0.0011124064261077054
1210.0, 0.0011990950898722983
1211.0, 0.0016813009629797727
1212.0, 0.0015898856495947169
1213.0, 0.0011387071426526793
1214.0, 0.0014129608463506827
1215.0, 0.0008130165109180513
1216.0, 0.0007055134119199603
1217.0, 0.001742308913354502
1218.0, 0.0011165443164289233
1219.0, 0.0009153676164545989
1220.0, 0.0013153471508924835
1221.0, 0.0011723357627353471
1222.0, 0.0008219982601913618
1223.0, 0.0015138718160333025
1224.0, 0.002112428098455965
1225.0, 0.0011073473602328946
1226.0, 0.0008963391555332015
1227.0, 0.001325190256983092
1228.0, 0.0015904957543567571
1229.0, 0.0008923915804305528
1230.0, 0.0022237952553452174
1231.0, 0.001370156545111436
1232.0, 0.0007470414183383525
1233.0, 0.0012001725784344382
1234.0, 0.0020666923747475383
1235.0, 0.0009488787063952438
1236.0, 0.0017007898106145228
1237.0, 0.0016165057363623267
1238.0, 0.0013679020150526079
1239.0, 0.0016584861887220552
1240.0, 0.0022342014308380054
1241.0, 0.0012002245866202697
1242.0, 0.0011536209341722465
1243.0, 0.0014282817049388681
1244.0, 0.001277886679730693
1245.0, 0.0006180793334014076
1246.0, 0.0019405994318456325
1247.0, 0.001481644476361023
1248.0, 0.001209390127036505
1249.0, 0.001832856152209896
1250.0, 0.002569163952328472
1251.0, 0.0015598712878085055
1252.0, 0.0009891699428764837
1253.0, 0.0016716490551158848
1254.0, 0.0012658869781976946
1255.0, 0.0008770983682611754
1256.0, 0.0016082250246985765
1257.0, 0.002163676199449205
1258.0, 0.001019584331762545
1259.0, 0.0012519451016026531
1260.0, 0.0015430933554817145
1261.0, 0.0014855518158377289
1262.0, 0.0014181847332494718
1263.0, 0.0017848257944151633
1264.0, 0.0006596952682942843
1265.0, 0.0016284878092049275
1266.0, 0.0026939791034962103
1267.0, 0.0024116174752916177
1268.0, 0.0012906221939505236
1269.0, 0.0015416495892367492
1270.0, 0.0013224088677200037
1271.0, 0.0011673876348359787
1272.0, 0.0016210146941765655
1273.0, 0.0023049826355109786
1274.0, 0.0007537568600420587
1275.0, 0.0005796920486086707
1276.0, 0.0019662394555223376
1277.0, 0.00167597680558542
1278.0, 0.0006341708097908398
1279.0, 0.0014944911471624247
1280.0, 0.001844467575916661
1281.0, 0.0007758297597932177
1282.0, 0.0015956656745111859
1283.0, 0.0015101787726887789
1284.0, 0.0002829328393128475
1285.0, 0.0009655808425582936
1286.0, 0.0020278251631205006
1287.0, 0.0008139478129087949
1288.0, 0.0012020270804891104
1289.0, 0.0018109129230403419
1290.0, 0.0014127126284755383
1291.0, 0.0016202516304665206
1292.0, 0.0023545169148339582
1293.0, 0.0012693536713545065
1294.0, 0.0005390209200623072
1295.0, 0.0009776725441282977
1296.0, 0.0018982049010359565
1297.0, 0.0002959861491481332
1298.0, 0.0008537981166753107
1299.0, 0.0015724608351695732
1300.0, 0.0011989273238771662
1301.0, 0.0007841777517008047
1302.0, 0.001977062609791917
1303.0, 0.0011895069699909373
1304.0, 0.0005220861762593077
1305.0, 0.0011217105799131613
1306.0, 0.0013025463795814235
1307.0, 0.0007842917882900323
1308.0, 0.001050163667290432
1309.0, 0.0020910534521644416
1310.0, 0.0008516357310586707
1311.0, 0.0013363258743397059
1312.0, 0.0017173995906812909
1313.0, 0.0007687654691300067
1314.0, 0.0002231621189627464
1315.0, 0.0018976224197481276
1316.0, 0.0015296034402499114
1317.0, 0.0010923067158965865
1318.0, 0.0013595862149946378
1319.0, 0.001809403797641048
1320.0, 0.00031279100841754735
1321.0, 0.0014700191348701289
1322.0, 0.0021853664199054513
1323.0, 0.0013508823244920006
1324.0, 0.0008446874608740895
1325.0, 0.0020507073744023864
1326.0, 0.0011120592299047084
1327.0, 0.0003625654930862297
1328.0, 0.0013969341751558489
1329.0, 0.001477161646732231
1330.0, 0.0009212622295707249
1331.0, 0.001462641923661264
1332.0, 0.0024678094757318463
1333.0, 0.0007444278632242217
1334.0, 0.0010099974729740817
1335.0, 0.001261198531583653
1336.0, 0.0009481116080714861
1337.0, 0.0009599237122107558
1338.0, 0.0015965785825884692
1339.0, 0.0015618892688059071
1340.0, 0.0009664261585879005
1341.0, 0.001581881100924631
1342.0, 0.0021805581932178406
1343.0, 0.0001308459656579067
1344.0, 0.0011787687279141248
1345.0, 0.0019207308465016607
1346.0, 0.0013339055118905072
1347.0, 0.0014524009477832932
1348.0, 0.002254952038629151
1349.0, 0.0015902951936865879
1350.0, 0.00047271379843417147
1351.0, 0.0014429828555420892
1352.0, 0.001471758716568422
1353.0, 0.0014925241844123977
1354.0, 0.002103256876861683
1355.0, 0.0025669209741423444
1356.0, 0.0009054961128217507
1357.0, 0.0015126008967711788
1358.0, 0.002090299548653666
1359.0, 0.0017460298905506784
1360.0, 0.0011450220809753448
1361.0, 0.0019828019700944785
1362.0, 0.0018617918559682097
1363.0, 0.000688649947061365
1364.0, 0.001771456436147044
1365.0, 0.0020123219697552094
1366.0, 0.0006527296162369822
1367.0, 0.0010016312268464511
1368.0, 0.0019944271769781878
1369.0, 0.0007193044975566759
1370.0, 0.001435164827273176
1371.0, 0.002459399096116689
1372.0, 0.0021531078353148898
1373.0, 0.0009820366082233826
1374.0, 0.0032122956763090517
1375.0, 0.00152410603212507
1376.0, 0.0008772135805889475
1377.0, 0.0019174618682778568
1378.0, 0.0027761378140996385
1379.0, 0.0009159873194806927
1380.0, 0.0026461798629340808
1381.0, 0.0025821916089158064
1382.0, 0.001297008178401758
1383.0, 0.00181524641289257
1384.0, 0.0032870580447746196
1385.0, 0.0015610832518824307
1386.0, 0.0014989864370325223
1387.0, 0.002376263416348777
1388.0, 0.0018346020318650877
1389.0, 0.001247412197935177
1390.0, 0.0016050829499899958
1391.0, 0.002465357553000039
1392.0, 0.0010367337917976467
1393.0, 0.0013821852232532785
1394.0, 0.0023874105672363156
1395.0, 0.001850597135706325
1396.0, 0.0011508954157812778
1397.0, 0.002940453866624268
1398.0, 0.0016525612003006527
1399.0, 0.0012110845600679738
1400.0, 0.002509255651109948
1401.0, 0.002248741560942836
1402.0, 0.0009705392194458785
1403.0, 0.0014399650509583574
1404.0, 0.0034510279876735434
1405.0, 0.0011749746784409224
1406.0, 0.0018460201404904713
1407.0, 0.002656323306764824
1408.0, 0.002011465995457598
1409.0, 0.0007128605532714879
1410.0, 0.002680893409191855
1411.0, 0.002156972692759935
1412.0, 0.001449274356092736
1413.0, 0.0022516267678376694
1414.0, 0.0026871184678787367
1415.0, 0.0015183561337258492
1416.0, 0.0018767584436418033
1417.0, 0.002728580030871106
1418.0, 0.0014443334158747683
1419.0, 0.0017727963159030306
1420.0, 0.002287455336602051
1421.0, 0.00150568832124105
1422.0, 0.0006799824381605076
1423.0, 0.002157228512051936
1424.0, 0.0021904874649112684
1425.0, 0.0015940074069443141
1426.0, 0.0021825361059294906
1427.0, 0.003022131174135386
1428.0, 0.0011509808584251884
1429.0, 0.0012464352505713039
1430.0, 0.0027408665095437603
1431.0, 0.0015900793530410715
1432.0, 0.001760623543515319
1433.0, 0.0031768146616133657
1434.0, 0.0025354603087986826
1435.0, 0.00012973061094267014
1436.0, 0.0030454210770194464
1437.0, 0.0024622680213009654
1438.0, 0.0013394858729852523
1439.0, 0.0018147226592073666
1440.0, 0.0032571667290634087
1441.0, 0.001176296132684265
1442.0, 0.0020532920696240574
1443.0, 0.00291499316663275
1444.0, 0.002388815574212328
1445.0, 0.0022576961919082376
1446.0, 0.003382433407341614
1447.0, 0.0035544701830171658
1448.0, 0.0012370819439210085
1449.0, 0.003377411249722727
1450.0, 0.002947304419242043
1451.0, 0.001820805095801423
1452.0, 0.0026227663549663973
1453.0, 0.005299511426556672
1454.0, 0.00294691097992682
1455.0, 0.001922368654543781
1456.0, 0.003817040961365503
1457.0, 0.002915803497503443
1458.0, 0.0014429036984797716
1459.0, 0.003508391336987449
1460.0, 0.003963460982576707
1461.0, 0.002348261057071096
1462.0, 0.004112491906478341
1463.0, 0.003998722473220377
1464.0, 0.002639480661248122
1465.0, 0.0023839258913412814
1466.0, 0.0038959530582455297
1467.0, 0.0019419222717120082
1468.0, 0.0019388207355203358
1469.0, 0.0036011148181507614
1470.0, 0.0030861419802390728
1471.0, 0.0017382527018726592
1472.0, 0.0036637824920789245
1473.0, 0.003098477584585849
1474.0, 0.0008567567441522793
1475.0, 0.0029318133249639855
1476.0, 0.0032692573611381986
1477.0, 0.0016987271392943344
1478.0, 0.0014056874178532159
1479.0, 0.004410335507475149
1480.0, 0.0028196117683872233
1481.0, 0.002015135804775287
1482.0, 0.003505756796608598
1483.0, 0.0031380232844632917
1484.0, 0.00118193529678626
1485.0, 0.0026214585405377423
1486.0, 0.003411340497768264
1487.0, 0.0015560329526219834
1488.0, 0.0022436887286880433
1489.0, 0.0028900926345762083
1490.0, 0.002002485304218098
1491.0, 0.0008491553777943163
1492.0, 0.0036182401556099303
1493.0, 0.0019136781430611764
1494.0, 0.0011037956691350975
1495.0, 0.002691004404303097
1496.0, 0.0025289741898159943
1497.0, 0.0006133770109270889
1498.0, 0.0020168165118890176
1499.0, 0.0032642068830439257
1500.0, 0.0012386979841796683
1501.0, 0.001775887034266853
1502.0, 0.0027180894218565444
1503.0, 0.0020499284763995647
1504.0, 0.0006725872123261797
1505.0, 0.003623571478658003
1506.0, 0.0021999472615997755
1507.0, 0.000631131930248144
1508.0, 0.0016772222398809679
1509.0, 0.0016759676916428602
1510.0, 1.7364133325383497e-06
1511, 0.0
1512, 0.0
1513, 0.0
1514, 0.0
1515, 0.0
1516, 0.0
1517, 0.0
1518, 0.0
1519, 0.0
1520, 0.0
1521, 0.0
1522, 0.0
1523, 0.0
1524, 0.0
1525, 0.0
1526, 0.0
1527, 0.0
1528, 0.0
1529, 0.0
1530, 0.0
1531, 0.0
1532, 0.0
1533, 0.0
1534, 0.0
1535, 0.0
1536, 0.0
1537, 0.0
1538, 0.0
1539, 0.0
1540, 0.0
1541, 0.0
1542, 0.0
1543, 0.0
1544, 0.0
1545, 0.0
1546, 0.0
1547, 0.0
1548, 0.0
1549, 0.0
1550, 0.0
1551, 0.0
1552, 0.0
1553, 0.0
1554, 0.0
1555, 0.0
1556, 0.0
1557, 0.0
1558, 0.0
1559, 0.0
1560, 0.0
1561, 0.0
1562, 0.0
1563, 0.0
1564, 0.0
1565, 0.0
1566, 0.0
1567, 0.0
1568, 0.0
1569, 0.0
1570, 0.0
1571, 0.0
1572, 0.0
1573, 0.0
1574, 0.0
1575, 0.0
1576, 0.0
1577, 0.0
1578, 0.0
1579, 0.0
1580, 0.0
1581, 0.0
1582, 0.0
1583, 0.0
1584, 0.0
1585, 0.0
1586, 0.0
1587, 0.0
1588, 0.0
1589, 0.0
1590, 0.0
1591, 0.0
1592, 0.0
1593, 0.0
1594, 0.0
1595, 0.0
1596, 0.0
1597, 0.0
1598, 0.0
1599, 0.0
