30, 0.0
31, 0.0
32, 0.0
33, 0.0
34, 0.0
35, 0.0
36, 0.0
37, 0.0
38, 0.0
39, 0.0
40, 0.0
41, 0.0
42, 0.0
43, 0.0
44, 0.0
45, 0.0
46, 0.0
47, 0.0
48, 0.0
49, 0.0
50, 0.0
51, 0.0
52, 0.0
53, 0.0
54, 0.0
55, 0.0
56, 0.0
57, 0.0
58, 0.0
59, 0.0
60, 0.0
61, 0.0
62, 0.0
63, 0.0
64, 0.0
65, 0.0
66, 0.0
67, 0.0
68, 0.0
69, 0.0
70, 0.0
71, 0.0
72, 0.0
73, 0.0
74, 0.0
75, 0.0
76, 0.0
77, 0.0
78, 0.0
79, 0.0
80, 0.0
81, 0.0
82, 0.0
83, 0.0
84, 0.0
85, 0.0
86, 0.0
87, 0.0
88, 0.0
89, 0.0
90, 0.0
91, 0.0
92, 0.0
93, 0.0
94, 0.0
95, 0.0
96, 0.0
97, 0.0
98, 0.0
99, 0.0
100, 0.0
101, 0.0
102, 0.0
103, 0.0
104, 0.0
105, 0.0
106, 0.0
107, 0.0
108, 0.0
109, 0.0
110, 0.0
111, 0.0
112, 0.0
113, 0.0
114, 0.0
115, 0.0
116, 0.0
117, 0.0
118, 0.0
119.0, 9.129814041766043e-05
120.0, 0.0009288957589283473
121.0, 0.004895581521544132
122.0, 0.022564793534501554
123.0, 0.06704335310264045
124.0, 0.0664481964182111
125.0, 0.07494535433773104
126.0, 0.0944535565195058
127.0, 0.10918761003432001
128.0, 0.11959111524188185
129.0, 0.13688113598105586
130.0, 0.17056996257586596
131.0, 0.16637452743220593
132.0, 0.18363401042833502
133.0, 0.21671124843077033
134.0, 0.2311984085339631
135.0, 0.2545915095268135
136.0, 0.27983198244597657
137.0, 0.3035010161873593
138.0, 0.31502622412093967
139.0, 0.3387434978384156
140.0, 0.35966476794618757
141.0, 0.33057849745879503
142.0, 0.3423250250454214
143.0, 0.35257576858737855
144.0, 0.3449564987293167
145.0, 0.31096505054170853
146.0, 0.31210738164655377
147.0, 0.32120182316171175
148.0, 0.2845699170309717
149.0, 0.29878479540981184
150.0, 0.3027436181015353
151.0, 0.2826744869391992
152.0, 0.27998479442425556
153.0, 0.2679199814015113
154.0, 0.2542186455403166
155.0, 0.24875108776919838
156.0, 0.24705294661587973
157.0, 0.248661287578856
158.0, 0.25453527766476974
159.0, 0.272289131347537
160.0, 0.2907141950861057
161.0, 0.31624817234072633
162.0, 0.35598841448562474
163.0, 0.38789572270892403
164.0, 0.40759689631485185
165.0, 0.41731157155640414
166.0, 0.4253129831354595
167.0, 0.4181657361200404
168.0, 0.41824228650711764
169.0, 0.4373259306746066
170.0, 0.43229412283783686
171.0, 0.4043246899171356
172.0, 0.36544002487062227
173.0, 0.3402546195208307
174.0, 0.3032304862214945
175.0, 0.2764233373565375
176.0, 0.264924545383626
177.0, 0.24679728877068663
178.0, 0.2315417148270535
179.0, 0.21201843541717255
180.0, 0.17834157868857092
181.0, 0.15616423250812125
182.0, 0.1477024227948561
183.0, 0.14711315280413112
184.0, 0.12059144080499312
185.0, 0.11942837336970262
186.0, 0.1183339794129007
187.0, 0.10178259066110432
188.0, 0.09910235865396497
189.0, 0.09260405846817893
190.0, 0.08233624010665513
191.0, 0.0687184996233029
192.0, 0.05281993019420808
193.0, 0.04063113642326443
194.0, 0.033519687132124894
195.0, 0.020971642414202726
196.0, 0.016065679257287226
197.0, 0.012337895951021784
198.0, 0.002331948771602038
199.0, 0.0019678813818888316
200.0, 0.003947025326747223
201.0, 0.00761060338291205
202.0, 0.014104632906767334
203.0, 0.010700893166841625
204.0, 0.007983314378447116
205.0, 0.011593120078333274
206.0, 0.005137940933914493
207.0, 0.01176838103394925
208.0, 0.02161850707767402
209.0, 0.015109527695389046
210.0, 0.013449172777712865
211.0, 0.01339620858139694
212.0, 0.013714620114305265
213.0, 0.009177123596440104
214.0, 0.008720235953465095
215.0, 0.007589428810714673
216.0, 0.001781609879551655
217.0, 0.004022065105371901
218.0, 0.004644756254874899
219.0, 0.0037574156762399027
220.0, 0.0028614590334854976
221.0, 0.00489422017387714
222.0, 0.008175098747584873
223.0, 0.012088211879231385
224.0, 0.014014504470005965
225.0, 0.013994649606723041
226.0, 0.011333296029962976
227.0, 0.004683485820818086
228.0, 0.013960318262582552
229.0, 0.011474565002900177
230.0, 0.006899756981735044
231.0, 0.04498226240700631
232.0, 0.031003078603538566
233.0, 0.020067584817113373
234.0, 0.03276849815710744
235.0, 0.05232004313915793
236.0, 0.06809830966558668
237.0, 0.08155365069922663
238.0, 0.09400288026913443
239.0, 0.12208413386074601
240.0, 0.14326158071658798
241.0, 0.15784837359424636
242.0, 0.17603877215274308
243.0, 0.2189533595060434
244.0, 0.253914220141053
245.0, 0.26916915283655346
246.0, 0.3202890549448172
247.0, 0.3647782805312734
248.0, 0.40917802672684955
249.0, 0.46172614756060615
250.0, 0.5156214800816757
251.0, 0.5603389312437804
252.0, 0.5971678247419299
253.0, 0.6340254982489623
254.0, 0.6288294997978485
255.0, 0.6036739195714551
256.0, 0.5672676575070807
257.0, 0.5540402840014423
258.0, 0.5059483342835515
259.0, 0.4517887453441261
260.0, 0.42199511235200016
261.0, 0.3758469209458597
262.0, 0.32155946256422285
263.0, 0.2744174446008386
264.0, 0.2812601975862858
265.0, 0.2584657280843602
266.0, 0.2395191329874303
267.0, 0.23082372380539687
268.0, 0.1897036660211379
269.0, 0.1920004370003123
270.0, 0.20111551488542778
271.0, 0.1878751013229581
272.0, 0.1704772228949307
273.0, 0.16234710995485574
274.0, 0.16027843961653387
275.0, 0.15710374861659784
276.0, 0.15147522606554722
277.0, 0.13913537213948624
278.0, 0.12274739480290205
279.0, 0.12533932211032986
280.0, 0.12147297177600179
281.0, 0.11216361260959098
282.0, 0.09785322585116618
283.0, 0.10621673208856716
284.0, 0.09281013876047411
285.0, 0.08113942587713868
286.0, 0.10478382381491383
287.0, 0.08663254416480536
288.0, 0.07225927447779755
289.0, 0.06804851817566683
290.0, 0.08045097583079042
291.0, 0.06842276084443195
292.0, 0.071763563645412
293.0, 0.09849874138268758
294.0, 0.08944455546292097
295.0, 0.08553318858547915
296.0, 0.08620121376859712
297.0, 0.09159306705928283
298.0, 0.10970642222093849
299.0, 0.10948939921864718
300.0, 0.10232840321769396
301.0, 0.10922356491221578
302.0, 0.09954306206870447
303.0, 0.08397915194991545
304.0, 0.06994625158487615
305.0, 0.08264934414873346
306.0, 0.0622231276641471
307.0, 0.047989599420524796
308.0, 0.052572409292775325
309.0, 0.04368417541226512
310.0, 0.045937138794771765
311.0, 0.045100357489868674
312.0, 0.029017291806511178
313.0, 0.02420066736345704
314.0, 0.01789456615608592
315.0, 0.015546162699265184
316.0, 0.028335735072878742
317.0, 0.023170504388804174
318.0, 0.03097756573815017
319.0, 0.046486436848049366
320.0, 0.03186766683048043
321.0, 0.043948990606093676
322.0, 0.05999484336340101
323.0, 0.06990293252067863
324.0, 0.04661877801172943
325.0, 0.05667146386583835
326.0, 0.06662354629902721
327.0, 0.05346325140991473
328.0, 0.09088005380615287
329.0, 0.09962083667148529
330.0, 0.09870515416344586
331.0, 0.11443637465965788
332.0, 0.14747834953741895
333.0, 0.15930977360009574
334.0, 0.162715292609199
335.0, 0.20305771714050058
336.0, 0.2165737073063417
337.0, 0.21879167078620826
338.0, 0.2195805252430949
339.0, 0.25705952545953936
340.0, 0.26119631134015037
341.0, 0.26594511127319337
342.0, 0.2861450719337302
343.0, 0.3077382427164727
344.0, 0.3454421654156111
345.0, 0.3872809175747305
346.0, 0.4233705392873094
347.0, 0.4850420514609698
348.0, 0.5499239259832676
349.0, 0.6133602568741241
350.0, 0.6683370528951932
351.0, 0.7457670882016658
352.0, 0.7771254297179722
353.0, 0.7746917973228798
354.0, 0.7920102536123073
355.0, 0.7652809531005406
356.0, 0.7035005996847857
357.0, 0.6188898096656751
358.0, 0.5694968661925437
359.0, 0.48619782051979216
360.0, 0.4221614079386388
361.0, 0.39552880273590807
362.0, 0.34315603951705304
363.0, 0.2886950832225941
364.0, 0.2439040637358552
365.0, 0.2178425210265859
366.0, 0.20908450085240937
367.0, 0.19557444905168067
368.0, 0.17420628062267465
369.0, 0.14042785521569273
370.0, 0.13718183046695537
371.0, 0.12400839271375431
372.0, 0.10265745752025954
373.0, 0.08043360118269331
374.0, 0.08540116245883575
375.0, 0.07259504172241496
376.0, 0.04681218567379334
377.0, 0.04366444818101893
378.0, 0.040481359745617326
379.0, 0.038127990747637584
380.0, 0.03549424975885829
381.0, 0.025151115052919913
382.0, 0.014932515753222792
383.0, 0.018508574685638463
384.0, 0.03724020455852562
385.0, 0.021355621251881063
386.0, 0.026389549976092466
387.0, 0.03378025885249016
388.0, 0.03211018329228271
389.0, 0.02160791447739894
390.0, 0.023150274159416184
391.0, 0.0246348939647556
392.0, 0.014651260548036456
393.0, 0.008786058407225406
394.0, 0.010387144203498965
395.0, 0.016673684076014435
396.0, 0.023999716559866904
397.0, 0.013576432909847344
398.0, 0.010526834455215722
399.0, 0.014530169064655325
400.0, 0.021918734124150997
401.0, 0.010787432019862911
402.0, 0.00948435054445932
403.0, 0.015957384185567247
404.0, 0.013486844143653236
405.0, 0.017599664844007632
406.0, 0.016476144187137234
407.0, 0.011652754664237083
408.0, 0.020336807537907443
409.0, 0.009747210703580872
410.0, 0.0100387852736265
411.0, 0.023879754423819195
412.0, 0.009176515515500564
413.0, 0.01034052518986503
414.0, 0.009802546530278766
415.0, 0.001858293635405383
416.0, 0.003831848423574457
417.0, 0.009218897061354144
418.0, 0.011256592868560397
419.0, 0.00720903154944555
420.0, 0.0190272896314026
421.0, 0.041187159257092
422.0, 0.05860939061316915
423.0, 0.06051887257475132
424.0, 0.07819887668998315
425.0, 0.09390859627192646
426.0, 0.10916035822589744
427.0, 0.1253863406390623
428.0, 0.15320708263504468
429.0, 0.15746594229515393
430.0, 0.15461264307603903
431.0, 0.16499165853620376
432.0, 0.19511665387838853
433.0, 0.193258958476823
434.0, 0.17754929869111902
435.0, 0.17768170015835938
436.0, 0.1874302593017245
437.0, 0.2056889235518794
438.0, 0.22778371455626342
439.0, 0.24551309151164044
440.0, 0.24314945736860863
441.0, 0.2876429434598711
442.0, 0.3534233000051196
443.0, 0.36969444189854245
444.0, 0.40691417433223126
445.0, 0.4637040214423919
446.0, 0.5302466717241882
447.0, 0.5817451333122852
448.0, 0.694792898765343
449.0, 0.8058226722797279
450.0, 0.8886729499854814
451.0, 0.8947189342187609
452.0, 0.9623872690337101
453.0, 0.9803244643200695
454.0, 0.9525913664492631
455.0, 0.9718734148967391
456.0, 0.8861468408208243
457.0, 0.799016362586963
458.0, 0.7396342530223203
459.0, 0.7280782449226014
460.0, 0.6398308571730749
461.0, 0.568137051820048
462.0, 0.5278551643066568
463.0, 0.4751381364826414
464.0, 0.432007009322071
465.0, 0.4094239878312171
466.0, 0.4001283504019074
467.0, 0.3517938364183918
468.0, 0.35934394705491646
469.0, 0.36972910873757875
470.0, 0.36605856437995377
471.0, 0.34715102355829097
472.0, 0.3589258326655059
473.0, 0.3570051045808863
474.0, 0.3316970355698416
475.0, 0.3128791576747832
476.0, 0.3175260666414932
477.0, 0.3260781760812719
478.0, 0.3305192292496384
479.0, 0.3233864934750528
480.0, 0.3140678357142906
481.0, 0.3244396039038873
482.0, 0.350166166363441
483.0, 0.317973557703906
484.0, 0.329095961263532
485.0, 0.3311191013076284
486.0, 0.31708744010791917
487.0, 0.35567115036568825
488.0, 0.3486125950398246
489.0, 0.3272166040682736
490.0, 0.3083963473033206
491.0, 0.3264205251228803
492.0, 0.2901597734943001
493.0, 0.2643632713043025
494.0, 0.26631221707148667
495.0, 0.2696344136005013
496.0, 0.23606279460191426
497.0, 0.23542368094355562
498.0, 0.2724125625349859
499.0, 0.25495460405154996
500.0, 0.2674873087837392
501.0, 0.2620333409763383
502.0, 0.23630156685708678
503.0, 0.246914030533384
504.0, 0.27210541417760836
505.0, 0.2684491111519435
506.0, 0.2462116938290677
507.0, 0.2982483591352722
508.0, 0.2947810974857667
509.0, 0.28250778891232325
510.0, 0.2752949844418659
511.0, 0.28148806490142914
512.0, 0.27891108355758365
513.0, 0.2885774489274112
514.0, 0.3042744960539594
515.0, 0.29123533087330844
516.0, 0.30247589527987323
517.0, 0.29535250082020803
518.0, 0.27761779760876154
519.0, 0.29271480756269824
520.0, 0.29606876652811703
521.0, 0.27977186682950494
522.0, 0.2573800783209133
523.0, 0.26359345342204243
524.0, 0.22308037129993613
525.0, 0.19788315399355572
526.0, 0.20441259776062098
527.0, 0.26104306605147154
528.0, 0.25061365621359216
529.0, 0.2345986906286048
530.0, 0.2177796365555915
531.0, 0.19879259054991036
532.0, 0.19385481856517398
533.0, 0.1619816567017211
534.0, 0.13190033475616134
535.0, 0.14555793607727333
536.0, 0.10578347520308008
537.0, 0.09054098266719561
538.0, 0.0758489154479568
539.0, 0.03322121474044844
540.0, 0.06174140601540634
541.0, 0.04394261069229581
542.0, 0.01944081451049962
543.0, 0.022118604455571997
544.0, 0.006340685006929256
545.0, 0.027273128858927267
546.0, 0.03796558294337449
547.0, 0.010371886413213502
548.0, 0.009104261528011873
549.0, 0.015708762024723707
550.0, 0.014416221753848461
551.0, 0.0006180349862411503
552.0, 0.006882396208614269
553.0, 0.01443823579900166
554.0, 0.019200558477608248
555.0, 0.022618564890613237
556.0, 0.04160968819449355
557.0, 0.030868858960614587
558.0, 0.034469145508066734
559.0, 0.05862410616385817
560.0, 0.0771363016064219
561.0, 0.07482491409631946
562.0, 0.08429557352790756
563.0, 0.1065359479693496
564.0, 0.12621405257116877
565.0, 0.15366196594484485
566.0, 0.20596336949705102
567.0, 0.27176218965706295
568.0, 0.3253790890904173
569.0, 0.41983549922514535
570.0, 0.49284041281001917
571.0, 0.5361438385716046
572.0, 0.5448957594446504
573.0, 0.5330509716766904
574.0, 0.4632127053287241
575.0, 0.3845399017345173
576.0, 0.3431500027958234
577.0, 0.2787517205423876
578.0, 0.20610123579000533
579.0, 0.16092150413131076
580.0, 0.15782081961210553
581.0, 0.09745451334776102
582.0, 0.08655907086914244
583.0, 0.0798987423527265
584.0, 0.061658518743906265
585.0, 0.05916264028295414
586.0, 0.07464321101258421
587.0, 0.08163287649693608
588.0, 0.07626448586572067
589.0, 0.07219519232705769
590.0, 0.07063284727152823
591.0, 0.07855003406458491
592.0, 0.08989540000160391
593.0, 0.08873955622072319
594.0, 0.09170376385471758
595.0, 0.11416785318921403
596.0, 0.13737030991071728
597.0, 0.13319261324005835
598.0, 0.14812104069703397
599.0, 0.15741527129675728
600.0, 0.16511394929618547
601.0, 0.17523010486464602
602.0, 0.1839042787586405
603.0, 0.1995863861453296
604.0, 0.21163221997227413
605.0, 0.2162005081111658
606.0, 0.2315248020078043
607.0, 0.22985187108551322
608.0, 0.22845786385493116
609.0, 0.22784524484070323
610.0, 0.20565663784284094
611.0, 0.1976044158204609
612.0, 0.18700527423074406
613.0, 0.16951722013211806
614.0, 0.14288528453795285
615.0, 0.13582210836998754
616.0, 0.1320625782063669
617.0, 0.12120167248002411
618.0, 0.09148920166745181
619.0, 0.08911714810381387
620.0, 0.103979788095893
621.0, 0.09552233192133833
622.0, 0.039599982168706305
623.0, 0.062448596300949
624.0, 0.05365061686701408
625.0, 0.04111352431679698
626.0, 0.03790705880233404
627.0, 0.041195243114039395
628.0, 0.025853862891720134
629.0, 0.028401894705116542
630.0, 0.04585738536772324
631.0, 0.043130455438808286
632.0, 0.020053212034831035
633.0, 0.009985729634721836
634.0, 0.0115678624674205
635.0, 0.01635292725469151
636.0, 0.03734745878643705
637.0, 0.02426084226064356
638.0, 0.01041464922144155
639.0, 0.023152143937856955
640.0, 0.018919960661828484
641.0, 0.019233047409864635
642.0, 0.016335499180653718
643.0, 0.011857506136822396
644.0, 0.033186379436563905
645.0, 0.019326819744663798
646.0, 0.006429496904844369
647.0, 0.003658561443163672
648.0, 0.01155286234192155
649.0, 0.03876817957741382
650.0, 0.05008053263056313
651.0, 0.040543177196851715
652.0, 0.009478644145659292
653.0, 0.04740046781990109
654.0, 0.04094398386832528
655.0, 0.04009212532991996
656.0, 0.0725783359533247
657.0, 0.066779380946437
658.0, 0.05741021254143661
659.0, 0.05808376487314005
660.0, 0.06927777660722473
661.0, 0.07554043079708914
662.0, 0.059409876166582797
663.0, 0.05493196351337196
664.0, 0.06243727906930087
665.0, 0.0732278485879152
666.0, 0.0619838399516664
667.0, 0.047079463601622976
668.0, 0.044089521605692725
669.0, 0.06300802547522719
670.0, 0.06926625691102839
671.0, 0.04771276462472611
672.0, 0.03319800210511861
673.0, 0.034934640177713416
674.0, 0.029100785241119594
675.0, 0.052000111822817885
676.0, 0.0546987784907443
677.0, 0.04225734096564689
678.0, 0.04094760130138794
679.0, 0.026518940398059826
680.0, 0.019745913942664953
681.0, 0.018598469824825544
682.0, 0.019900171143467007
683.0, 0.018637640210174982
684.0, 0.026602649484925297
685.0, 0.038798620829789236
686.0, 0.05209895522452465
687.0, 0.06288688954801053
688.0, 0.04732435468428666
689.0, 0.03215424156929888
690.0, 0.03308545705346077
691.0, 0.06809498569837932
692.0, 0.04398535015296944
693.0, 0.049231184908138874
694.0, 0.05351888040049471
695.0, 0.034386795105932566
696.0, 0.03607468503020429
697.0, 0.03776078598513169
698.0, 0.05207937613721987
699.0, 0.0636581390924775
700.0, 0.009226199439312553
701.0, 0.03502897320604037
702.0, 0.040804476705524166
703.0, 0.036130650537544315
704.0, 0.05127996535462239
705.0, 0.049354820786969414
706.0, 0.02938135786667735
707.0, 0.019979197070541514
708.0, 0.03096357429546814
709.0, 0.012921642735906598
710.0, 0.01623794817780292
711.0, 0.015538063598055927
712.0, 0.014065053246822983
713.0, 0.03292186829455605
714.0, 0.010979816195528621
715.0, 0.001699330409267888
716.0, 0.006865955262876063
717.0, 0.022060796708852314
718.0, 0.014389806579999288
719.0, 0.03170736983214569
720.0, 0.04131513592060171
721.0, 0.03209895302975487
722.0, 0.011513769008412122
723.0, 0.0276329276847692
724.0, 0.030859563421585023
725.0, 0.02113192045783431
726.0, 0.00821639480842232
727.0, 0.017285788219159347
728.0, 0.02521864407468318
729.0, 0.0234756938305536
730.0, 0.011526458187908824
731.0, 0.009959981961568692
732.0, 0.021589965516800678
733.0, 0.024942144653785685
734.0, 0.021935222609033512
735.0, 0.023767724721267487
736.0, 0.008491259241319767
737.0, 0.01212846485854074
738.0, 0.023244528074719627
739.0, 0.02928440350902532
740.0, 0.007932999138161246
741.0, 0.01516938087320079
742.0, 0.023197262586130953
743.0, 0.022386016379749952
744.0, 0.008628005292671971
745.0, 0.018225039807295975
746.0, 0.020720391801493085
747.0, 0.01800402239830822
748.0, 0.014236172016800157
749.0, 0.018779599676585112
750.0, 0.028229612406605965
751.0, 0.028634093021689948
752.0, 0.021529952996947554
753.0, 0.02148905558611148
754.0, 0.014260743983631544
755.0, 0.017566727072696055
756.0, 0.01676618095817664
757.0, 0.002492820305282443
758.0, 0.029448966889890488
759.0, 0.021609598129535387
760.0, 0.012505687326109634
761.0, 0.012956736914101373
762.0, 0.020544551661869744
763.0, 0.030988903897354255
764.0, 0.029680389677628337
765.0, 0.025326405609164975
766.0, 0.027161110520151622
767.0, 0.033210774097650504
768.0, 0.01856062574388
769.0, 0.005744687993863774
770.0, 0.008697784750926411
771.0, 0.04208463814218303
772.0, 0.02370273345521363
773.0, 0.011726148117301459
774.0, 0.01621562932633682
775.0, 0.03566874059443341
776.0, 0.012597733786032772
777.0, 0.008092097614687401
778.0, 0.007996828237747793
779.0, 0.010494994057317582
780.0, 0.021119817966092778
781.0, 0.02439929988100044
782.0, 0.02217353116157388
783.0, 0.027155522792585665
784.0, 0.04437431386866893
785.0, 0.04121216133513857
786.0, 0.04186148670538823
787.0, 0.029108048504363434
788.0, 0.018594121472783512
789.0, 0.04600917597496969
790.0, 0.02958009856837538
791.0, 0.03316413431105891
792.0, 0.04329637628432827
793.0, 0.04518309924349176
794.0, 0.014351656164578924
795.0, 0.008720941545710409
796.0, 0.007059070823290427
797.0, 0.017031116989754402
798.0, 0.05216364487933493
799.0, 0.027446995186918607
800.0, 0.012950293493241498
801.0, 0.016101505276468947
802.0, 0.02778507293179138
803.0, 0.0060694101775823316
804.0, 0.043018690572795754
805.0, 0.042399986005024023
806.0, 0.025791659938345476
807.0, 0.02687272955004299
808.0, 0.025421199596084944
809.0, 0.03723747007992383
810.0, 0.058050698580247216
811.0, 0.07225169538927995
812.0, 0.04901872613384768
813.0, 0.05394175245787708
814.0, 0.0536214536838088
815.0, 0.036275381315320286
816.0, 0.010085442327241782
817.0, 0.05987988368531574
818.0, 0.06296515689226001
819.0, 0.06621682347415209
820.0, 0.058956133387083554
821.0, 0.015559930660269342
822.0, 0.02310298860974471
823.0, 0.05035715543067186
824.0, 0.05396248218157397
825.0, 0.030738759083874523
826.0, 0.03211770439797499
827.0, 0.0492148776760858
828.0, 0.04945712745904867
829.0, 0.044692282633966886
830.0, 0.04506862860417027
831.0, 0.023301989532493052
832.0, 0.027114078972653482
833.0, 0.03877631776460232
834.0, 0.045969221560118186
835.0, 0.03679986870381208
836.0, 0.061329309153581674
837.0, 0.06769411060749315
838.0, 0.06323748080429718
839.0, 0.056140657365499745
840.0, 0.0590628192153937
841.0, 0.0803876759939047
842.0, 0.07055047531333677
843.0, 0.05578686563200801
844.0, 0.06658991283759325
845.0, 0.10662507349045654
846.0, 0.1299804304562372
847.0, 0.11286520603564601
848.0, 0.09548896741970529
849.0, 0.15026689307853366
850.0, 0.15782400576006766
851.0, 0.1711332768948605
852.0, 0.2091203999834607
853.0, 0.2591499995141148
854.0, 0.25716838658231184
855.0, 0.30307696727784905
856.0, 0.31445927256360473
857.0, 0.319932625577856
858.0, 0.34454764162037393
859.0, 0.35830084633645254
860.0, 0.3524602286503747
861.0, 0.35016165522957915
862.0, 0.3481774628250109
863.0, 0.33684143309570846
864.0, 0.3366639474984446
865.0, 0.34186210877890666
866.0, 0.3236728355735114
867.0, 0.29250332000217993
868.0, 0.295164208877841
869.0, 0.3325126232422553
870.0, 0.3304299119971959
871.0, 0.33234645533574636
872.0, 0.3559934239113365
873.0, 0.35736757961336924
874.0, 0.39191847549945363
875.0, 0.3935755512021988
876.0, 0.4079938628611513
877.0, 0.46916579851115736
878.0, 0.4503612623540744
879.0, 0.4452618781688896
880.0, 0.4745231135334911
881.0, 0.49715723824649466
882.0, 0.4527022310572745
883.0, 0.42517442243798703
884.0, 0.417042987636662
885.0, 0.41013355242175886
886.0, 0.38952347365599843
887.0, 0.3397704027279897
888.0, 0.3188522611564209
889.0, 0.2869202923323435
890.0, 0.2621040234834442
891.0, 0.25154493769423136
892.0, 0.24204110147582666
893.0, 0.22804857750520413
894.0, 0.2262831751945998
895.0, 0.21287069982402856
896.0, 0.18153373731867373
897.0, 0.20926869676252108
898.0, 0.18546860907034762
899.0, 0.15605689238768433
900.0, 0.15221925357877866
901.0, 0.19007153862996537
902.0, 0.185228454024513
903.0, 0.16115888250861385
904.0, 0.16879381857429265
905.0, 0.18157128129250436
906.0, 0.14250479729518264
907.0, 0.14385151180438313
908.0, 0.17429945215471374
909.0, 0.195254506362413
910.0, 0.19795626194205032
911.0, 0.19623187506528122
912.0, 0.17587519628693604
913.0, 0.2103526051717396
914.0, 0.22779211872278804
915.0, 0.20756605346487345
916.0, 0.19960180833462196
917.0, 0.1797333343291963
918.0, 0.16369456153092202
919.0, 0.15832567671563202
920.0, 0.1566097372871672
921.0, 0.11892020041699383
922.0, 0.10679309930073849
923.0, 0.08893909854188804
924.0, 0.09064245442201001
925.0, 0.11487554138953157
926.0, 0.059452795418170196
927.0, 0.08732177524111519
928.0, 0.0822331489486184
929.0, 0.07145683441197366
930.0, 0.08936769111650092
931.0, 0.0516310087957194
932.0, 0.04595633861696157
933.0, 0.041148055823369056
934.0, 0.04113347143439873
935.0, 0.051858973608864684
936.0, 0.009242926744329819
937.0, 0.021279954091725034
938.0, 0.027065075724504353
939.0, 0.02954280690423281
940.0, 0.05218863750365639
941.0, 0.04422531889495652
942.0, 0.052587342327108266
943.0, 0.03495390617870906
944.0, 0.00850714689792587
945.0, 0.020631564751131946
946.0, 0.023614922530084938
947.0, 0.02781309880910654
948.0, 0.023242650253831133
949.0, 0.01653480332037894
950.0, 0.02556930808196255
951.0, 0.021891251440020104
952.0, 0.03322999675766279
953.0, 0.030523184861390818
954.0, 0.01567996741888158
955.0, 0.01701644000458818
956.0, 0.005925620079318022
957.0, 0.003041327359945274
958.0, 0.008445666353582203
959.0, 0.01709158632746865
960.0, 0.018494764772619222
961.0, 0.02620463376594512
962.0, 0.04560310825332287
963.0, 0.035975972842657716
964.0, 0.0046264491970626105
965.0, 0.013951981307023076
966.0, 0.007795734551095307
967.0, 0.02550903195926251
968.0, 0.045933062495819764
969.0, 0.04863965185484738
970.0, 0.013990770306629405
971.0, 0.07500314055815085
972.0, 0.06539360338100453
973.0, 0.02990833809807518
974.0, 0.01412910500756797
975.0, 0.061229976734170785
976.0, 0.080568866165761
977.0, 0.08327805341995784
978.0, 0.09523750831058674
979.0, 0.10884272861767902
980.0, 0.07419160106916464
981.0, 0.12463793280370902
982.0, 0.16033530153060227
983.0, 0.15651926028600907
984.0, 0.14370352594698743
985.0, 0.21606855600282848
986.0, 0.17165464384898596
987.0, 0.14578423430028223
988.0, 0.14546850636226813
989.0, 0.14765090739545136
990.0, 0.09880087137532728
991.0, 0.10339918064308606
992.0, 0.1152100210943153
993.0, 0.10554708760747952
994.0, 0.08702191330408413
995.0, 0.10972092613161147
996.0, 0.04666785438241241
997.0, 0.06312202990826135
998.0, 0.07553935049558402
999.0, 0.061348644554953355
1000.0, 0.04826940447478595
1001.0, 0.07670262591721524
1002.0, 0.079247185160689
1003.0, 0.08130145518383597
1004.0, 0.08234838767464185
1005.0, 0.06716436755167922
1006.0, 0.06404700966224873
1007.0, 0.05587658939932938
1008.0, 0.04939685954275625
1009.0, 0.046894491772160755
1010.0, 0.048013422251324545
1011.0, 0.04966041203630771
1012.0, 0.048710856065354184
1013.0, 0.05818998400036801
1014.0, 0.07509145003955243
1015.0, 0.08961111859120752
1016.0, 0.0912445694595639
1017.0, 0.07135190241556123
1018.0, 0.06884497500142335
1019.0, 0.05861050157838243
1020.0, 0.022878633574081417
1021.0, 0.07038991607736933
1022.0, 0.06365321027812139
1023.0, 0.07879910337165565
1024.0, 0.09444493381395483
1025.0, 0.08651019667427726
1026.0, 0.0834497863695578
1027.0, 0.08619345789296654
1028.0, 0.10446689621256056
1029.0, 0.1146845940004202
1030.0, 0.1051543953803723
1031.0, 0.09792110145000238
1032.0, 0.09904238789714559
1033.0, 0.09154794471588028
1034.0, 0.08113629810999189
1035.0, 0.0850987176971114
1036.0, 0.1342326888754873
1037.0, 0.0939334218023262
1038.0, 0.1252904285686229
1039.0, 0.1322042675395039
1040.0, 0.11200072383198469
1041.0, 0.14162448506592534
1042.0, 0.10835711232174192
1043.0, 0.129277284688236
1044.0, 0.12984385363307685
1045.0, 0.10946726248913158
1046.0, 0.10643722680652111
1047.0, 0.14143264415517293
1048.0, 0.11632233837187445
1049.0, 0.11343259198736123
1050.0, 0.12559005269989468
1051.0, 0.12423699420617194
1052.0, 0.11320101942827217
1053.0, 0.07666027088642964
1054.0, 0.08387109306922871
1055.0, 0.10313789401052724
1056.0, 0.10744600114288412
1057.0, 0.12346719391332496
1058.0, 0.06277153514941225
1059.0, 0.07785357955545981
1060.0, 0.1066258244627323
1061.0, 0.10792896123403133
1062.0, 0.08912512103359226
1063.0, 0.12264188692410033
1064.0, 0.09630781853687964
1065.0, 0.09176608675869996
1066.0, 0.09892217927368618
1067.0, 0.055751575366225076
1068.0, 0.07821884041769019
1069.0, 0.07956512503525734
1070.0, 0.0706847599307679
1071.0, 0.06712343234257989
1072.0, 0.07964591337341931
1073.0, 0.08939306366816008
1074.0, 0.07210626674894136
1075.0, 0.07683709964645348
1076.0, 0.0918590530398448
1077.0, 0.09735656045163486
1078.0, 0.07844790089869502
1079.0, 0.1315456395679985
1080.0, 0.10630321046353783
1081.0, 0.10530287572062168
1082.0, 0.14841712815844138
1083.0, 0.15891450837524046
1084.0, 0.14162018917961697
1085.0, 0.17540620273039834
1086.0, 0.2046912480716898
1087.0, 0.22090048356196074
1088.0, 0.23746172683649827
1089.0, 0.256884263620317
1090.0, 0.2441665510247341
1091.0, 0.22790083585053048
1092.0, 0.24330025340456377
1093.0, 0.2847728869543076
1094.0, 0.24670960465572886
1095.0, 0.24828875563139274
1096.0, 0.2159187998566397
1097.0, 0.1975140753476657
1098.0, 0.1947123270155129
1099.0, 0.15672959051808388
1100.0, 0.12026708452271144
1101.0, 0.1443934707073678
1102.0, 0.12863694521909894
1103.0, 0.10087290703273466
1104.0, 0.12769225003285944
1105.0, 0.17284392908090104
1106.0, 0.25797722361432296
1107.0, 0.21298408178776151
1108.0, 0.15552814308324553
1109.0, 0.15864078033917048
1110.0, 0.11736747887240621
1111.0, 0.1798215306491739
1112.0, 0.18511013330301637
1113.0, 0.17194284435139184
1114.0, 0.16867314936164218
1115.0, 0.18227169511420754
1116.0, 0.13942117226701964
1117.0, 0.16716398829180357
1118.0, 0.192777525183858
1119.0, 0.20675199672796749
1120.0, 0.20872648747897946
1121.0, 0.17074166216627626
1122.0, 0.10556219153154495
1123.0, 0.07782534469729127
1124.0, 0.08289024577956186
1125.0, 0.08576442116831426
1126.0, 0.037758040296562434
1127.0, 0.08972397471539321
1128.0, 0.0458569837184255
1129.0, 0.02825848310514565
1130.0, 0.03858905429051439
1131.0, 0.03593653803461685
1132.0, 0.004466581828769817
1133.0, 0.03663688465536573
1134.0, 0.04959922670740565
1135.0, 0.04384592885950594
1136.0, 0.04657653228458115
1137.0, 0.10028796505508565
1138.0, 0.1203220993673476
1139.0, 0.07435383707778352
1140.0, 0.06491107747079305
1141.0, 0.06583235539703972
1142.0, 0.03216883765526833
1143.0, 0.08449148872742548
1144.0, 0.0675787445359443
1145.0, 0.07565212048252369
1146.0, 0.0967404835833881
1147.0, 0.10946959790654544
1148.0, 0.09983345389094041
1149.0, 0.09057298567037633
1150.0, 0.09878917412630653
1151.0, 0.09123963684052527
1152.0, 0.07871270303137759
1153.0, 0.08362872100186342
1154.0, 0.10093912902622425
1155.0, 0.0854042288956561
1156.0, 0.09578827877515383
1157.0, 0.10384696953585651
1158.0, 0.07918236543774063
1159.0, 0.014474830222514154
1160.0, 0.12496044672442863
1161.0, 0.08822658487827331
1162.0, 0.07945307183815674
1163.0, 0.08173801156918317
1164.0, 0.05023782372232307
1165.0, 0.04935100292976395
1166.0, 0.06533445420365633
1167.0, 0.05109620483833787
1168.0, 0.031556287725509946
1169.0, 0.03428209635129272
1170.0, 0.0680572042273693
1171.0, 0.011908763701327749
1172.0, 0.04958523899035913
1173.0, 0.05307389905660117
1174.0, 0.03140399408230364
1175.0, 0.020870673886585624
1176.0, 0.04511307748376352
1177.0, 0.02015338340123473
1178.0, 0.015791592305024336
1179.0, 0.008742617969394087
1180, 0.0
1181, 0.0
1182, 0.0
1183, 0.0
1184, 0.0
1185, 0.0
1186, 0.0
1187, 0.0
1188, 0.0
1189, 0.0
1190, 0.0
1191, 0.0
1192, 0.0
1193, 0.0
1194, 0.0
1195, 0.0
1196, 0.0
1197, 0.0
1198, 0.0
1199, 0.0
1200, 0.0
1201, 0.0
1202, 0.0
1203, 0.0
1204, 0.0
1205, 0.0
1206, 0.0
1207, 0.0
1208, 0.0
1209, 0.0
1210, 0.0
1211, 0.0
1212, 0.0
1213, 0.0
1214, 0.0
1215, 0.0
1216, 0.0
1217, 0.0
1218, 0.0
1219, 0.0
1220, 0.0
1221, 0.0
1222, 0.0
1223, 0.0
1224, 0.0
1225, 0.0
1226, 0.0
1227, 0.0
1228, 0.0
1229, 0.0
1230, 0.0
1231, 0.0
1232, 0.0
1233, 0.0
1234, 0.0
1235, 0.0
1236, 0.0
1237, 0.0
1238, 0.0
1239, 0.0
1240, 0.0
1241, 0.0
1242, 0.0
1243, 0.0
1244, 0.0
1245, 0.0
1246, 0.0
1247, 0.0
1248, 0.0
1249, 0.0
1250, 0.0
1251, 0.0
1252, 0.0
1253, 0.0
1254, 0.0
1255, 0.0
1256, 0.0
1257, 0.0
1258, 0.0
1259, 0.0
1260, 0.0
1261, 0.0
1262, 0.0
1263, 0.0
1264, 0.0
1265, 0.0
1266, 0.0
1267, 0.0
1268, 0.0
1269, 0.0
1270, 0.0
1271, 0.0
1272, 0.0
1273, 0.0
1274, 0.0
1275, 0.0
1276, 0.0
1277, 0.0
1278, 0.0
1279, 0.0
1280, 0.0
1281, 0.0
1282, 0.0
1283, 0.0
1284, 0.0
1285, 0.0
1286, 0.0
1287, 0.0
1288, 0.0
1289, 0.0
1290, 0.0
1291, 0.0
1292, 0.0
1293, 0.0
1294, 0.0
1295, 0.0
1296, 0.0
1297, 0.0
1298, 0.0
1299, 0.0
1300, 0.0
1301, 0.0
1302, 0.0
1303, 0.0
1304, 0.0
1305, 0.0
1306, 0.0
1307, 0.0
1308, 0.0
1309, 0.0
1310, 0.0
1311, 0.0
1312, 0.0
1313, 0.0
1314, 0.0
1315, 0.0
1316, 0.0
1317, 0.0
1318, 0.0
1319, 0.0
1320, 0.0
1321, 0.0
1322, 0.0
1323, 0.0
1324, 0.0
1325, 0.0
1326, 0.0
1327, 0.0
1328, 0.0
1329, 0.0
1330, 0.0
1331, 0.0
1332, 0.0
1333, 0.0
1334, 0.0
1335, 0.0
1336, 0.0
1337, 0.0
1338, 0.0
1339, 0.0
1340, 0.0
1341, 0.0
1342, 0.0
1343, 0.0
1344, 0.0
1345, 0.0
1346, 0.0
1347, 0.0
1348, 0.0
1349, 0.0
1350, 0.0
1351, 0.0
1352, 0.0
1353, 0.0
1354, 0.0
1355, 0.0
1356, 0.0
1357, 0.0
1358, 0.0
1359, 0.0
1360, 0.0
1361, 0.0
1362, 0.0
1363, 0.0
1364, 0.0
1365, 0.0
1366, 0.0
1367, 0.0
1368, 0.0
1369, 0.0
1370, 0.0
1371, 0.0
1372, 0.0
1373, 0.0
1374, 0.0
1375, 0.0
1376, 0.0
1377, 0.0
1378, 0.0
1379, 0.0
1380, 0.0
1381, 0.0
1382, 0.0
1383, 0.0
1384, 0.0
1385, 0.0
1386, 0.0
1387, 0.0
1388, 0.0
1389, 0.0
1390, 0.0
1391, 0.0
1392, 0.0
1393, 0.0
1394, 0.0
1395, 0.0
1396, 0.0
1397, 0.0
1398, 0.0
1399, 0.0
1400, 0.0
1401, 0.0
1402, 0.0
1403, 0.0
1404, 0.0
1405, 0.0
1406, 0.0
1407, 0.0
1408, 0.0
1409, 0.0
1410, 0.0
1411, 0.0
1412, 0.0
1413, 0.0
1414, 0.0
1415, 0.0
1416, 0.0
1417, 0.0
1418, 0.0
1419, 0.0
1420, 0.0
1421, 0.0
1422, 0.0
1423, 0.0
1424, 0.0
1425, 0.0
1426, 0.0
1427, 0.0
1428, 0.0
1429, 0.0
1430, 0.0
1431, 0.0
1432, 0.0
1433, 0.0
1434, 0.0
1435, 0.0
1436, 0.0
1437, 0.0
1438, 0.0
1439, 0.0
1440, 0.0
1441, 0.0
1442, 0.0
1443, 0.0
1444, 0.0
1445, 0.0
1446, 0.0
1447, 0.0
1448, 0.0
1449, 0.0
1450, 0.0
1451, 0.0
1452, 0.0
1453, 0.0
1454, 0.0
1455, 0.0
1456, 0.0
1457, 0.0
1458, 0.0
1459, 0.0
1460, 0.0
1461, 0.0
1462, 0.0
1463, 0.0
1464, 0.0
1465, 0.0
1466, 0.0
1467, 0.0
1468, 0.0
1469, 0.0
1470, 0.0
1471, 0.0
1472, 0.0
1473, 0.0
1474, 0.0
1475, 0.0
1476, 0.0
1477, 0.0
1478, 0.0
1479, 0.0
1480, 0.0
1481, 0.0
1482, 0.0
1483, 0.0
1484, 0.0
1485, 0.0
1486, 0.0
1487, 0.0
1488, 0.0
1489, 0.0
1490, 0.0
1491, 0.0
1492, 0.0
1493, 0.0
1494, 0.0
1495, 0.0
1496, 0.0
1497, 0.0
1498, 0.0
1499, 0.0
1500, 0.0
1501, 0.0
1502, 0.0
1503, 0.0
1504, 0.0
1505, 0.0
1506, 0.0
1507, 0.0
1508, 0.0
1509, 0.0
1510, 0.0
1511, 0.0
1512, 0.0
1513, 0.0
1514, 0.0
1515, 0.0
1516, 0.0
1517, 0.0
1518, 0.0
1519, 0.0
1520, 0.0
1521, 0.0
1522, 0.0
1523, 0.0
1524, 0.0
1525, 0.0
1526, 0.0
1527, 0.0
1528, 0.0
1529, 0.0
1530, 0.0
1531, 0.0
1532, 0.0
1533, 0.0
1534, 0.0
1535, 0.0
1536, 0.0
1537, 0.0
1538, 0.0
1539, 0.0
1540, 0.0
1541, 0.0
1542, 0.0
1543, 0.0
1544, 0.0
1545, 0.0
1546, 0.0
1547, 0.0
1548, 0.0
1549, 0.0
1550, 0.0
1551, 0.0
1552, 0.0
1553, 0.0
1554, 0.0
1555, 0.0
1556, 0.0
1557, 0.0
1558, 0.0
1559, 0.0
1560, 0.0
1561, 0.0
1562, 0.0
1563, 0.0
1564, 0.0
1565, 0.0
1566, 0.0
1567, 0.0
1568, 0.0
1569, 0.0
1570, 0.0
1571, 0.0
1572, 0.0
1573, 0.0
1574, 0.0
1575, 0.0
1576, 0.0
1577, 0.0
1578, 0.0
1579, 0.0
1580, 0.0
1581, 0.0
1582, 0.0
1583, 0.0
1584, 0.0
1585, 0.0
1586, 0.0
1587, 0.0
1588, 0.0
1589, 0.0
1590, 0.0
1591, 0.0
1592, 0.0
1593, 0.0
1594, 0.0
1595, 0.0
1596, 0.0
1597, 0.0
1598, 0.0
1599, 0.0
