30, 0.0
31, 0.0
32, 0.0
33, 0.0
34, 0.0
35, 0.0
36, 0.0
37, 0.0
38, 0.0
39, 0.0
40, 0.0
41, 0.0
42, 0.0
43, 0.0
44, 0.0
45, 0.0
46, 0.0
47, 0.0
48, 0.0
49, 0.0
50, 0.0
51, 0.0
52, 0.0
53, 0.0
54, 0.0
55, 0.0
56, 0.0
57, 0.0
58, 0.0
59, 0.0
60, 0.0
61, 0.0
62, 0.0
63, 0.0
64, 0.0
65, 0.0
66, 0.0
67, 0.0
68, 0.0
69, 0.0
70, 0.0
71, 0.0
72, 0.0
73, 0.0
74, 0.0
75, 0.0
76, 0.0
77, 0.0
78, 0.0
79, 0.0
80, 0.0
81, 0.0
82, 0.0
83, 0.0
84, 0.0
85, 0.0
86, 0.0
87, 0.0
88, 0.0
89, 0.0
90, 0.0
91, 0.0
92, 0.0
93, 0.0
94, 0.0
95, 0.0
96, 0.0
97, 0.0
98, 0.0
99, 0.0
100, 0.0
101, 0.0
102, 0.0
103, 0.0
104, 0.0
105, 0.0
106, 0.0
107, 0.0
108, 0.0
109, 0.0
110, 0.0
111, 0.0
112, 0.0
113, 0.0
114, 0.0
115, 0.0
116.0, 5.599816787724224e-05
117.0, 9.347857626820658e-05
118.0, 0.00014605875946889296
119.0, 0.0007658676490324393
120.0, 0.0003101142442347238
121.0, 0.0005643684422738486
122.0, 0.0013981339726394679
123.0, 0.0023022286829182453
124.0, 0.0025356157259638977
125.0, 0.0030546492779209753
126.0, 0.0034060652971928326
127.0, 0.0037070722213359197
128.0, 0.004020336145720718
129.0, 0.004268061240424884
130.0, 0.00568494479204828
131.0, 0.006413032519312418
132.0, 0.007092355191015283
133.0, 0.007682825244812017
134.0, 0.007547134313831468
135.0, 0.0077856690278203244
136.0, 0.007515979909967564
137.0, 0.007223175797155297
138.0, 0.00706570155909794
139.0, 0.007026020704164119
140.0, 0.0071666355419214844
141.0, 0.007654907536922492
142.0, 0.008052979162484904
143.0, 0.007998123824551596
144.0, 0.007464408393015312
145.0, 0.007775195093982568
146.0, 0.007454205402416554
147.0, 0.008032213932997205
148.0, 0.008642385493244246
149.0, 0.008394004505409135
150.0, 0.007249035800118066
151.0, 0.007837619107388144
152.0, 0.007401055877084666
153.0, 0.006189332275841934
154.0, 0.005177665158601654
155.0, 0.005889320953030879
156.0, 0.004469330198049834
157.0, 0.004580104939864302
158.0, 0.0038450865975436337
159.0, 0.0027284655423794393
160.0, 0.0031733048281088983
161.0, 0.001937787339930266
162.0, 0.002693909637179509
163.0, 0.00311831758219391
164.0, 0.002703488907549923
165.0, 0.0018613142986029967
166.0, 0.0022115142683660776
167.0, 0.00189002414522616
168.0, 0.0012770163744517846
169.0, 0.001049587899213575
170.0, 0.0012786237781472016
171.0, 0.0007441856978959165
172.0, 0.0011870899426428205
173.0, 0.0006048768808639157
174.0, 0.00023172795492388117
175.0, 0.0003274008596020727
176.0, 0.00013558802528874383
177.0, 0.0004461594503062451
178.0, 0.0008448077597862521
179.0, 0.0005543489322976713
180.0, 0.00048034026509151845
181.0, 0.00153266348008818
182.0, 0.0004098298032859059
183.0, 0.0005041906777155704
184.0, 0.00044502920075011006
185.0, 0.0007520292772876954
186.0, 0.0018209064047626676
187.0, 0.003005046757918541
188.0, 0.0024315790720562933
189.0, 0.0029770126764731724
190.0, 0.0037564568547349747
191.0, 0.004438930639631554
192.0, 0.0053702540030903575
193.0, 0.005461677225003075
194.0, 0.006444466540103464
195.0, 0.006928393000384276
196.0, 0.007255741592660668
197.0, 0.008284801509864962
198.0, 0.009835515117071024
199.0, 0.009445210308396774
200.0, 0.009977888417060658
201.0, 0.010703968004967352
202.0, 0.01109203830476722
203.0, 0.011975083229919045
204.0, 0.013291705028401641
205.0, 0.013771986504126218
206.0, 0.013659124098189573
207.0, 0.013327133359676105
208.0, 0.013074186033674544
209.0, 0.011924801176806533
210.0, 0.011535713106811313
211.0, 0.010586488250841786
212.0, 0.009598854993992269
213.0, 0.009158925965367059
214.0, 0.00857642970057448
215.0, 0.009626258313793514
216.0, 0.009721812169639816
217.0, 0.00998931303461062
218.0, 0.01043233570014771
219.0, 0.009857516177973712
220.0, 0.01219994122823749
221.0, 0.013553442614135443
222.0, 0.014417151548762556
223.0, 0.01608553896961531
224.0, 0.019313574159152486
225.0, 0.021707759186165052
226.0, 0.026778489082107594
227.0, 0.031874508865106885
228.0, 0.03653142850949498
229.0, 0.0412783079596711
230.0, 0.047434496436162016
231.0, 0.051738271953146925
232.0, 0.05667328974602088
233.0, 0.06400304936952908
234.0, 0.07363749370101043
235.0, 0.08401730736781964
236.0, 0.09128442096224239
237.0, 0.09639728849044185
238.0, 0.09785514942498906
239.0, 0.09375568076699001
240.0, 0.08406675065275135
241.0, 0.07122389925704156
242.0, 0.05634673721682797
243.0, 0.04225419659810141
244.0, 0.031383941597065236
245.0, 0.024230270581600637
246.0, 0.019812191894919614
247.0, 0.015516971761652457
248.0, 0.01322665013959694
249.0, 0.012665108558844437
250.0, 0.012567543747955875
251.0, 0.011886020811622055
252.0, 0.010336653759881466
253.0, 0.013043311514951883
254.0, 0.013595778820228999
255.0, 0.01451424756917125
256.0, 0.015362910576533184
257.0, 0.015355485533193854
258.0, 0.01672379810626248
259.0, 0.01704439466361194
260.0, 0.017043698759527603
261.0, 0.015853999480028205
262.0, 0.01419586220818097
263.0, 0.01418634597100974
264.0, 0.014160864006357961
265.0, 0.014246167903957142
266.0, 0.015508766768003734
267.0, 0.01679590360430246
268.0, 0.01741801802338951
269.0, 0.019416362124388856
270.0, 0.02067900058914307
271.0, 0.02250548679706496
272.0, 0.02435566371225114
273.0, 0.02646916754111742
274.0, 0.029057864710331827
275.0, 0.02813999904356363
276.0, 0.029031484116640596
277.0, 0.026949374570468445
278.0, 0.0235251982678465
279.0, 0.02036263702807954
280.0, 0.017071403196416996
281.0, 0.012801837646747576
282.0, 0.009607508110009022
283.0, 0.0076757212261282055
284.0, 0.00641014039866405
285.0, 0.0052539397100005835
286.0, 0.0049459249330048105
287.0, 0.004406250496473419
288.0, 0.0053995788922539196
289.0, 0.006145780218643322
290.0, 0.006820450829908148
291.0, 0.009017238966581916
292.0, 0.010131449153152198
293.0, 0.01120063651886735
294.0, 0.01228872603476997
295.0, 0.013865383204011823
296.0, 0.01583370886861672
297.0, 0.01713492920047227
298.0, 0.01797917650675049
299.0, 0.0200433759250102
300.0, 0.021259804139857206
301.0, 0.02088482579762624
302.0, 0.019444993427020867
303.0, 0.019260499849605848
304.0, 0.015694938667423015
305.0, 0.01456590559056348
306.0, 0.013643019494949914
307.0, 0.012069084224581254
308.0, 0.010737701137409126
309.0, 0.012112966425727744
310.0, 0.013672817845283335
311.0, 0.016800830543351478
312.0, 0.019254842452228988
313.0, 0.020670649388823396
314.0, 0.023543764197556622
315.0, 0.027591146733631507
316.0, 0.03090517956681651
317.0, 0.035438825955547815
318.0, 0.04078307158976387
319.0, 0.04604492564905404
320.0, 0.05089639698882441
321.0, 0.055395988339201986
322.0, 0.059993401484630345
323.0, 0.06365533738811906
324.0, 0.06559419928810029
325.0, 0.06604667510810393
326.0, 0.06774991354992776
327.0, 0.0703814582650784
328.0, 0.07622202611217925
329.0, 0.08323594955443724
330.0, 0.0912636762339644
331.0, 0.10109404061816553
332.0, 0.11047760743391073
333.0, 0.11944552479200418
334.0, 0.13062557567933192
335.0, 0.14254774970853495
336.0, 0.15498925509146297
337.0, 0.16931271712296575
338.0, 0.18554548808181853
339.0, 0.1988494279584435
340.0, 0.2110218515614883
341.0, 0.22156419228703628
342.0, 0.22681225244543002
343.0, 0.22076787476478532
344.0, 0.20863032208417023
345.0, 0.18973282095988697
346.0, 0.1668693764966248
347.0, 0.1438785625304305
348.0, 0.12255440065392013
349.0, 0.10082688950678748
350.0, 0.0842955376312735
351.0, 0.07079199682410477
352.0, 0.060115715199062954
353.0, 0.05081339719056659
354.0, 0.04278585350626465
355.0, 0.03960535550469529
356.0, 0.03378286855976501
357.0, 0.028933289389998697
358.0, 0.026395877966179666
359.0, 0.024186643666916998
360.0, 0.020700062303167673
361.0, 0.019184706850534
362.0, 0.017103000419907755
363.0, 0.015632578128577504
364.0, 0.01479098493886358
365.0, 0.01431329620394111
366.0, 0.013976458372540473
367.0, 0.01408021864097321
368.0, 0.013936337327014759
369.0, 0.013128880122030501
370.0, 0.012413452085632742
371.0, 0.012266809933283135
372.0, 0.012872831955286912
373.0, 0.01427434067362333
374.0, 0.014742685623619578
375.0, 0.016255825725657258
376.0, 0.016802596995481724
377.0, 0.017151567386252908
378.0, 0.019056323691223363
379.0, 0.020717512819358203
380.0, 0.021432718680147015
381.0, 0.021161553452764065
382.0, 0.02170622659147835
383.0, 0.02192088653310044
384.0, 0.020055886379222593
385.0, 0.019664630607981487
386.0, 0.017613154967256333
387.0, 0.015726945506028902
388.0, 0.014127207555781085
389.0, 0.012591577131689508
390.0, 0.010880715094313046
391.0, 0.009237975326823026
392.0, 0.008910756013851703
393.0, 0.008902660732739215
394.0, 0.009022146753416838
395.0, 0.008701365079888161
396.0, 0.007783947903572845
397.0, 0.008244570009374275
398.0, 0.008674382713071164
399.0, 0.007484066526415712
400.0, 0.007082807058359821
401.0, 0.007358799913186862
402.0, 0.006961932321420572
403.0, 0.005912062771166743
404.0, 0.0057861409776028125
405.0, 0.006197099906334457
406.0, 0.00559884286239079
407.0, 0.004058215230155207
408.0, 0.002769573046173211
409.0, 0.0033126035979944143
410.0, 0.0033775549376999954
411.0, 0.0038349237015766775
412.0, 0.004385116505629156
413.0, 0.00468262549884257
414.0, 0.0047625368359983065
415.0, 0.005380600041267759
416.0, 0.004121946140471271
417.0, 0.0034292116337241063
418.0, 0.0035645286951987696
419.0, 0.0030595820942019535
420.0, 0.0016530269489618526
421.0, 0.0019331181730799438
422.0, 0.0007871927787915839
423.0, 0.0010697381469316277
424.0, 0.001019268343354582
425.0, 0.0011104053968249805
426.0, 0.0015359078851495944
427.0, 0.0012845116351110088
428.0, 0.0001889162948104095
429.0, 0.0010847936122341418
430.0, 0.0011413953587066368
431.0, 0.0008165050302955444
432.0, 0.0008461609153698859
433.0, 0.0012362721371681894
434.0, 0.0005124835561584912
435.0, 0.0007589044345782743
436.0, 0.0004951207760456336
437.0, 0.00018428178806369712
438.0, 0.00011841240142322263
439.0, 0.00026841772459223784
440.0, 0.0008200543964864034
441.0, 0.00033683992210995146
442.0, 0.0010251848415302406
443.0, 0.0008459867455703142
444.0, 0.0001313893621796683
445.0, 0.00015691660097937786
446.0, 0.00044492844318881825
447.0, 0.000507489269735413
448.0, 0.0003218192439711545
449.0, 0.0009930871986830556
450.0, 0.001491699976247336
451.0, 0.001323710405978426
452.0, 0.0022467840950945216
453.0, 0.0032478511042943275
454.0, 0.0027653409148162117
455.0, 0.0030388889965572694
456.0, 0.0028232416212656776
457.0, 0.0026207469543091536
458.0, 0.004772815985193518
459.0, 0.0038805053666680555
460.0, 0.003828709148044384
461.0, 0.0032617584001048802
462.0, 0.003531429196966798
463.0, 0.004038117201873916
464.0, 0.0034651779168169998
465.0, 0.004079331906488739
466.0, 0.005683964357939476
467.0, 0.005415642970412403
468.0, 0.005169527262017252
469.0, 0.005760459675856896
470.0, 0.006876355990336181
471.0, 0.00747501990992031
472.0, 0.008089371691624964
473.0, 0.006532693557583119
474.0, 0.005152319574723305
475.0, 0.004487485036690218
476.0, 0.0041650572807806225
477.0, 0.003449497394909048
478.0, 0.002019965466969126
479.0, 0.0015860173243313694
480.0, 0.0014808104273758315
481.0, 0.001103187145055737
482.0, 0.0008186607554095226
483.0, 0.001015807131852257
484.0, 0.00018600609636028548
485.0, 0.00027253186190844323
486.0, 0.00025063049799208307
487.0, 0.0001614614271676958
488.0, 0.00027580346452252947
489.0, 0.0005461926046067854
490.0, 0.00041974650434582414
491.0, 0.0004661261449455595
492.0, 0.0006890731473612395
493.0, 0.0007121595301288131
494.0, 0.0007845867741140154
495.0, 0.0007459529437674509
496.0, 0.0003443962551420993
497.0, 0.0006897979440015622
498.0, 0.0011929766146486253
499.0, 0.0011789306097443571
500.0, 0.0007765916157080594
501.0, 0.00043039046026416527
502.0, 0.0003369253444452385
503.0, 0.00012553184291961872
504.0, 0.000668848053796586
505.0, 0.0007298170586991658
506.0, 0.0005403012545673364
507.0, 0.00034295944560130953
508.0, 0.0005113844724604972
509.0, 0.0010836534461422878
510.0, 0.00047318221159579416
511.0, 0.0008361755569152179
512.0, 0.0008413159371621261
513.0, 0.001169803912729239
514.0, 0.0017953251644978168
515.0, 0.0022576938598806015
516.0, 0.0022007698511824175
517.0, 0.002878199659647188
518.0, 0.0027643505067626783
519.0, 0.003565126821003287
520.0, 0.004532634847225755
521.0, 0.0046993398026264725
522.0, 0.004051037497591081
523.0, 0.004712770015766765
524.0, 0.006660753358993772
525.0, 0.007917966929516011
526.0, 0.007847448005653953
527.0, 0.008181036623080425
528.0, 0.009127600146786088
529.0, 0.008365963145541866
530.0, 0.010155620730388247
531.0, 0.010034170846703125
532.0, 0.011764843930842341
533.0, 0.01331284188130127
534.0, 0.014779125012142184
535.0, 0.017047864513038486
536.0, 0.018388811371737188
537.0, 0.020605985914506204
538.0, 0.02265670532959637
539.0, 0.02430422817784827
540.0, 0.025049179711011695
541.0, 0.025012398340509653
542.0, 0.024340889629490742
543.0, 0.020439931531730522
544.0, 0.017566509027409333
545.0, 0.016060750787462833
546.0, 0.014264711816524764
547.0, 0.012610436821676847
548.0, 0.011801099479653007
549.0, 0.011359723665849428
550.0, 0.01048512181436404
551.0, 0.010537549263033229
552.0, 0.009795916127767515
553.0, 0.009580080813404997
554.0, 0.009513191774155898
555.0, 0.008738139335216041
556.0, 0.00824667676547011
557.0, 0.007141427410853003
558.0, 0.007214341635055619
559.0, 0.006890999008828696
560.0, 0.005732716942495578
561.0, 0.005216135657729754
562.0, 0.0064653357520923025
563.0, 0.005375176060835202
564.0, 0.00651168930475907
565.0, 0.00594718939517559
566.0, 0.005523634145072591
567.0, 0.005627842824872854
568.0, 0.006132513748754221
569.0, 0.006757555315283968
570.0, 0.0064351691224818364
571.0, 0.006496729998972128
572.0, 0.006191215511175559
573.0, 0.0069548997123253815
574.0, 0.007571723180961779
575.0, 0.007289354708539237
576.0, 0.007376377885034416
577.0, 0.006607111439273763
578.0, 0.008295660521972446
579.0, 0.008127809648445068
580.0, 0.007856690105067654
581.0, 0.007277772104030766
582.0, 0.006346941456620328
583.0, 0.007129581502427311
584.0, 0.007558884886310761
585.0, 0.007081505178264192
586.0, 0.006208554430326348
587.0, 0.005762979392129954
588.0, 0.005418071256112614
589.0, 0.004922838038506218
590.0, 0.005444994366429064
591.0, 0.006044787598829058
592.0, 0.005528511828913557
593.0, 0.005234010060795072
594.0, 0.005204185117513882
595.0, 0.005206976610653795
596.0, 0.005125663641564911
597.0, 0.0050874198035356895
598.0, 0.004014598074833414
599.0, 0.004996864328754922
600.0, 0.005597100177321011
601.0, 0.005987049953116818
602.0, 0.0058671817601081725
603.0, 0.005081640885094772
604.0, 0.005174093044327279
605.0, 0.004273278515660303
606.0, 0.006337099211796832
607.0, 0.005421294430447424
608.0, 0.005133938634296616
609.0, 0.006032456340302901
610.0, 0.006073824749964339
611.0, 0.00608990794301085
612.0, 0.006689684711901456
613.0, 0.007173812748918609
614.0, 0.006900204936748632
615.0, 0.006445164989209227
616.0, 0.006263720383151701
617.0, 0.006760481513769385
618.0, 0.008583232156030018
619.0, 0.008571783100653941
620.0, 0.009013952497631374
621.0, 0.010027296987044724
622.0, 0.010419567180957833
623.0, 0.010776249615444359
624.0, 0.011694360444483003
625.0, 0.011324572924772298
626.0, 0.01164515405059395
627.0, 0.013638857968619444
628.0, 0.013299337603210747
629.0, 0.013624257057878337
630.0, 0.014339666154195269
631.0, 0.014373050104888766
632.0, 0.015707493512276082
633.0, 0.016442123583262924
634.0, 0.017112745916055234
635.0, 0.016611356830498233
636.0, 0.017891292835063247
637.0, 0.019752776966144133
638.0, 0.020935042083286892
639.0, 0.023339174413753674
640.0, 0.024994274298061316
641.0, 0.026842510400291907
642.0, 0.029420345065103725
643.0, 0.032718059500181945
644.0, 0.03610410569064222
645.0, 0.039759378360005634
646.0, 0.0445781328033333
647.0, 0.048871810667516356
648.0, 0.054183612804244836
649.0, 0.062285537699284334
650.0, 0.07008529027577631
651.0, 0.08060877052261152
652.0, 0.09547289705391789
653.0, 0.11195951974911024
654.0, 0.12604079228219345
655.0, 0.1460906358013623
656.0, 0.1731871174708632
657.0, 0.19644132375833462
658.0, 0.22044023263802698
659.0, 0.24515972426773558
660.0, 0.2673494931294926
661.0, 0.29046276683792766
662.0, 0.30637827869527845
663.0, 0.31711401904527514
664.0, 0.32020930055070523
665.0, 0.312312632135579
666.0, 0.29293778630868733
667.0, 0.267363285413298
668.0, 0.24528186927719728
669.0, 0.22809969738667613
670.0, 0.21447756332879742
671.0, 0.20354235108374433
672.0, 0.20239667054843946
673.0, 0.20774683214845513
674.0, 0.2171302323274747
675.0, 0.23329999338324078
676.0, 0.25660503937455775
677.0, 0.281822921634233
678.0, 0.311196642631441
679.0, 0.34652579093933933
680.0, 0.3797418510763393
681.0, 0.4097962392849383
682.0, 0.4394903522129762
683.0, 0.46449087551849316
684.0, 0.48045556425593483
685.0, 0.47981665096852943
686.0, 0.46669565008606473
687.0, 0.4382313056963615
688.0, 0.397561413304894
689.0, 0.35001216975023475
690.0, 0.2998781695187455
691.0, 0.2539080434177271
692.0, 0.2111375347283004
693.0, 0.1753890497167304
694.0, 0.14723236770338963
695.0, 0.12242585867420692
696.0, 0.10118080493107393
697.0, 0.08638954616985882
698.0, 0.07584036568088152
699.0, 0.06585808781089786
700.0, 0.05662513822151422
701.0, 0.0490251311321069
702.0, 0.04287896909235013
703.0, 0.038128996169036956
704.0, 0.03447796960775979
705.0, 0.03138008709659397
706.0, 0.029156347202547655
707.0, 0.025530688063578243
708.0, 0.024323273208757528
709.0, 0.02242669844481477
710.0, 0.02031718125997052
711.0, 0.01830652511183161
712.0, 0.016586670898801673
713.0, 0.016421691104082255
714.0, 0.0157846916275295
715.0, 0.014802662991500569
716.0, 0.013909198947894181
717.0, 0.012990626866469804
718.0, 0.011877708229918432
719.0, 0.010708183606895232
720.0, 0.009806462231486766
721.0, 0.009041533995045202
722.0, 0.007533686284645095
723.0, 0.008143828890885512
724.0, 0.007651574690738065
725.0, 0.007249957874940928
726.0, 0.006804902674217894
727.0, 0.005793733860136665
728.0, 0.005019848999461352
729.0, 0.0052860759685697
730.0, 0.00522070443759614
731.0, 0.005672113826005425
732.0, 0.005273096468437217
733.0, 0.0042133406076446216
734.0, 0.004070600282962974
735.0, 0.004703698961894107
736.0, 0.0028460517631810718
737.0, 0.004588370913828114
738.0, 0.004272668706591702
739.0, 0.0032038822331745638
740.0, 0.0025158432622138555
741.0, 0.002459937320599411
742.0, 0.0025726424329853424
743.0, 0.0022269365984532445
744.0, 0.0013573896998105553
745.0, 0.0012703668593365325
746.0, 0.002188488522697855
747.0, 0.0017487775686118845
748.0, 0.0017540574448650832
749.0, 0.002295517111908868
750.0, 0.0023439217239042106
751.0, 0.001436538440046289
752.0, 0.0008944260107530176
753.0, 0.0017639948118074648
754.0, 0.0020449081548118506
755.0, 0.0022723102034142516
756.0, 0.0024488204607362673
757.0, 0.0023262273941280554
758.0, 0.002090637028498968
759.0, 0.0020508689342224103
760.0, 0.001023935226625316
761.0, 0.000616108237714754
762.0, 0.0005808194148447047
763.0, 0.000343806979924724
764.0, 0.00038915358060147683
765.0, 0.0005802432689673524
766.0, 0.0008084446221718634
767.0, 0.001123048559663292
768.0, 0.00011175284002119172
769.0, 2.6177450541521744e-05
770.0, 5.6391700852461985e-05
771.0, 0.001394666275335836
772.0, 0.0014385854031901694
773.0, 0.0007077801386566871
774.0, 0.00045846131034631696
775.0, 0.0004000838555726777
776.0, 0.0015213126542062698
777.0, 0.000245899983681255
778.0, 0.0009925250030493845
779.0, 0.0009335433886426106
780.0, 0.00038297312907883426
781.0, 0.00018818863666676897
782.0, 0.0003534544421792082
783.0, 0.00032013219633964294
784.0, 0.0008788209353655125
785.0, 0.0009007394123389063
786.0, 0.0007421494184163998
787.0, 0.0003335790364082341
788.0, 0.00030592881486364137
789.0, 0.0006207109134734783
790.0, 0.0006309659083026892
791.0, 4.363602195527326e-05
792.0, 6.704796243182492e-05
793.0, 0.0006325338151665031
794.0, 0.00019480084641424893
795.0, 0.00020331192602707503
796.0, 0.00015669082386718744
797.0, 0.00011608599086402189
798.0, 0.00024398566024339097
799.0, 0.0003561491701412668
800.0, 0.00020415881743619625
801.0, 0.0003638924373495983
802.0, 0.0008098123327799705
803.0, 0.0011695588558851963
804.0, 0.0007494971417364275
805.0, 0.0005577773053822652
806.0, 0.0007425791284743564
807.0, 0.000606845941158595
808.0, 0.00038915731352007053
809.0, 0.0004958872613458503
810.0, 0.0012657944888076898
811.0, 0.0008639663073863319
812.0, 0.001368116257233128
813.0, 0.0013597413593518732
814.0, 0.0007206405831777729
815.0, 0.0005696983767724549
816.0, 0.0009626868307478021
817.0, 0.00040315221082172015
818.0, 0.0006624763383172062
819.0, 0.00046401887069345783
820.0, 0.00046040813934946273
821.0, 0.0007543677936243493
822.0, 0.000677912196518873
823.0, 0.0005946406866501703
824.0, 0.0012977288313867164
825.0, 0.0008177272932906627
826.0, 0.0003968367882331232
827.0, 0.0003260765812483587
828.0, 0.00034813761571925856
829.0, 0.00016235023521906047
830.0, 0.00025701403909843886
831.0, 0.00045598155412083954
832.0, 0.00025667964523149654
833.0, 8.127726354088363e-05
834.0, 0.0004276580243440329
835.0, 0.001682763544600026
836.0, 0.0005092618598555242
837.0, 0.0013125798743843027
838.0, 0.002212595729679223
839.0, 0.002300711201015527
840.0, 0.0016220674603542107
841.0, 0.0006355392404838682
842.0, 0.002197105597115754
843.0, 0.001064938355980636
844.0, 0.002216959289487634
845.0, 0.0015081389002452534
846.0, 0.0018849082064176805
847.0, 0.00306293149528874
848.0, 0.002739573845588181
849.0, 0.001391125621281896
850.0, 0.003116577128665752
851.0, 0.0032265806461014616
852.0, 0.0037604410774127917
853.0, 0.0047399875481705725
854.0, 0.004961014056539287
855.0, 0.005492950364709628
856.0, 0.005676198477914166
857.0, 0.005320141077936652
858.0, 0.00540292930220803
859.0, 0.005480676452901506
860.0, 0.006458344421237848
861.0, 0.004986281571627739
862.0, 0.005640219255449345
863.0, 0.004861594563297142
864.0, 0.003393281326227588
865.0, 0.0026349268335562623
866.0, 0.0028548723390693456
867.0, 0.0032262485948294168
868.0, 0.002353264216398825
869.0, 0.002207521421602073
870.0, 0.0007705070435360764
871.0, 0.0015983762856646433
872.0, 0.0015618673617728666
873.0, 0.0009778578288170549
874.0, 0.0008672301426153068
875.0, 0.00097345966119059
876.0, 0.0006958581744290846
877.0, 0.0014601740035837159
878.0, 0.001780824932195201
879.0, 0.001985449248525417
880.0, 0.002589026650129138
881.0, 0.0024243173349674917
882.0, 0.001943879572813169
883.0, 0.0019881085318561825
884.0, 0.001898347624127866
885.0, 0.00031313634875089155
886.0, 0.0015953281143615385
887.0, 0.002100448505242578
888.0, 0.0021222086084508335
889.0, 0.0013681734378085267
890.0, 0.0012436320408768479
891.0, 0.0016298155704415345
892.0, 0.001756754598725775
893.0, 0.00180407164766655
894.0, 0.002864687352930512
895.0, 0.0036245125487848304
896.0, 0.003720692454782084
897.0, 0.0032892410712882392
898.0, 0.002462414885874819
899.0, 0.0017957942741985632
900.0, 0.002032103196797709
901.0, 0.002433486314410315
902.0, 0.002023661765852832
903.0, 0.0019453867919712216
904.0, 0.0019527746801039515
905.0, 0.002086107482635439
906.0, 0.002828363075470686
907.0, 0.003985873492195441
908.0, 0.00464773265934262
909.0, 0.00429763161579294
910.0, 0.0033271192837564163
911.0, 0.0033817777399016416
912.0, 0.005702275480856385
913.0, 0.005288876673160612
914.0, 0.006077938287294722
915.0, 0.006554356716257136
916.0, 0.007508576877210502
917.0, 0.007581091489498497
918.0, 0.007322009470713074
919.0, 0.007951712432475307
920.0, 0.009403053657692626
921.0, 0.010290022284710876
922.0, 0.010647424774072581
923.0, 0.01160494607274996
924.0, 0.013025224663955443
925.0, 0.015211737786090153
926.0, 0.017301823142413037
927.0, 0.020566477061431505
928.0, 0.023857331715798204
929.0, 0.026738653421613117
930.0, 0.031147576275798422
931.0, 0.034819752488212063
932.0, 0.03826173087802906
933.0, 0.04449354348421736
934.0, 0.046219926117584374
935.0, 0.04928443221014806
936.0, 0.05293406781394327
937.0, 0.05483694934617046
938.0, 0.054985721534377155
939.0, 0.054116777695998416
940.0, 0.05052410778866495
941.0, 0.046822115922071375
942.0, 0.0442728801446895
943.0, 0.039753189800803626
944.0, 0.035591949438675906
945.0, 0.032454676699403315
946.0, 0.02932556859262516
947.0, 0.026220880621288592
948.0, 0.023338752152407258
949.0, 0.020049814986639086
950.0, 0.018540184954318674
951.0, 0.017785365086423286
952.0, 0.016624812470495416
953.0, 0.01665921606379262
954.0, 0.015673451494176007
955.0, 0.014674164851572068
956.0, 0.014282411393144291
957.0, 0.013520911149836284
958.0, 0.012067572687505088
959.0, 0.011972788840729255
960.0, 0.011455684391420735
961.0, 0.01256774693124851
962.0, 0.012019457827417757
963.0, 0.012328280874840856
964.0, 0.012254669964806657
965.0, 0.011907362964142826
966.0, 0.012067788030685367
967.0, 0.012435386060183334
968.0, 0.012532264452218129
969.0, 0.014449053193905947
970.0, 0.014253335445868102
971.0, 0.015306997810690136
972.0, 0.01646426115954313
973.0, 0.017322860481403135
974.0, 0.017166131725172732
975.0, 0.01762069456372216
976.0, 0.018622270207012823
977.0, 0.019416596100224004
978.0, 0.021204342537732034
979.0, 0.022046159575874275
980.0, 0.023097708567960902
981.0, 0.02480999773034551
982.0, 0.026160589259954875
983.0, 0.028698111583461864
984.0, 0.03221569178028531
985.0, 0.035427195544293376
986.0, 0.037831937669302367
987.0, 0.0414870031780759
988.0, 0.04855439820215393
989.0, 0.05272733995797133
990.0, 0.05694960568560481
991.0, 0.0647462151163387
992.0, 0.07549997874192343
993.0, 0.08524654067407345
994.0, 0.09598004659832257
995.0, 0.11006666459555678
996.0, 0.12742192557103996
997.0, 0.14876601247457347
998.0, 0.17756620200701068
999.0, 0.21054741087313705
1000.0, 0.24746019842949807
1001.0, 0.294855963737953
1002.0, 0.3595756316191292
1003.0, 0.4329210981208265
1004.0, 0.5155954572342123
1005.0, 0.6065308151188064
1006.0, 0.7020743821489407
1007.0, 0.7979337547398736
1008.0, 0.8865170216647812
1009.0, 0.95394116729845
1010.0, 0.9981011219499838
1011.0, 0.9908874740401947
1012.0, 0.9432413932377929
1013.0, 0.8581337187273003
1014.0, 0.7502867912615645
1015.0, 0.6375585479229944
1016.0, 0.5359725912295077
1017.0, 0.45196120447858357
1018.0, 0.38291366295533424
1019.0, 0.33412881105926545
1020.0, 0.2992945655476412
1021.0, 0.2722183553825826
1022.0, 0.2525889647518171
1023.0, 0.23515147802667663
1024.0, 0.22095235883285935
1025.0, 0.210122678106719
1026.0, 0.20375686986032224
1027.0, 0.20005611877595078
1028.0, 0.19440880698666274
1029.0, 0.1883070535715761
1030.0, 0.1803670009685703
1031.0, 0.17059749373407487
1032.0, 0.163184491930096
1033.0, 0.15326617404048695
1034.0, 0.14011470208009447
1035.0, 0.12787669942771565
1036.0, 0.11690399454579434
1037.0, 0.10564898609540407
1038.0, 0.09485617840441689
1039.0, 0.08594694536647893
1040.0, 0.07677020608161884
1041.0, 0.06993137105550248
1042.0, 0.06252929094688124
1043.0, 0.05724234537996595
1044.0, 0.05053395535241032
1045.0, 0.0448131984684737
1046.0, 0.04009081841831084
1047.0, 0.03656047183014069
1048.0, 0.03375911808993995
1049.0, 0.03003888091503061
1050.0, 0.027005607453562373
1051.0, 0.02486756255636384
1052.0, 0.021934210315404927
1053.0, 0.021189444589829576
1054.0, 0.02039619225873889
1055.0, 0.017365209216186728
1056.0, 0.016710419975007752
1057.0, 0.016933680127132297
1058.0, 0.015607082838599188
1059.0, 0.01357333509632936
1060.0, 0.012054538511434006
1061.0, 0.011911104503810404
1062.0, 0.010734544328474746
1063.0, 0.009853312260200312
1064.0, 0.009307251283548547
1065.0, 0.009053960112026176
1066.0, 0.008570944659527043
1067.0, 0.008627367204359002
1068.0, 0.008062832088848703
1069.0, 0.006267239552665503
1070.0, 0.005180230259557093
1071.0, 0.006180658969527854
1072.0, 0.00624862977241316
1073.0, 0.0048702960069892855
1074.0, 0.005154432394917111
1075.0, 0.005254005693446702
1076.0, 0.0057592330755597545
1077.0, 0.00594247449484127
1078.0, 0.004709323226738023
1079.0, 0.0034121905842301545
1080.0, 0.0033829783336814787
1081.0, 0.004192645140616196
1082.0, 0.005049595444470878
1083.0, 0.005107788239253469
1084.0, 0.0035299421759639182
1085.0, 0.0045881906283303416
1086.0, 0.0025241160564474594
1087.0, 0.0031708584750743383
1088.0, 0.0032423481708883026
1089.0, 0.002323197673967427
1090.0, 0.0029075353784218127
1091.0, 0.0029482018634019408
1092.0, 0.001689292559618397
1093.0, 0.003434633876573436
1094.0, 0.0018107493687317122
1095.0, 0.003273626218936663
1096.0, 0.0026161899353971843
1097.0, 0.0029779311900342037
1098.0, 0.0018532929589857735
1099.0, 0.0010639706185598425
1100.0, 0.002502612563419488
1101.0, 0.003147683078191882
1102.0, 0.0022657413589493858
1103.0, 0.002132155351434503
1104.0, 0.002303804598120552
1105.0, 0.0005778628607209065
1106.0, 0.001966681154204146
1107.0, 0.0013083978006518174
1108.0, 0.0024381308617518263
1109.0, 0.001842846271118947
1110.0, 0.0024710829333492025
1111.0, 0.0029771868319319033
1112.0, 0.003135134063701744
1113.0, 0.0032775033698084306
1114.0, 0.003458192577556068
1115.0, 0.003717658479530268
1116.0, 0.004000919134246848
1117.0, 0.003637694203533741
1118.0, 0.00389660811848261
1119.0, 0.0019906318500847106
1120.0, 0.004087736784766716
1121.0, 0.0034523793185008878
1122.0, 0.002849757246111263
1123.0, 0.003586348677963812
1124.0, 0.0034854717721315514
1125.0, 0.002635127189405204
1126.0, 0.0025156798450422656
1127.0, 0.0027076195854927455
1128.0, 0.00273374918227781
1129.0, 0.0026360129469212637
1130.0, 0.0030718067434835263
1131.0, 0.0027887105031470685
1132.0, 0.002865348030800935
1133.0, 0.003480932656078415
1134.0, 0.003964223625860686
1135.0, 0.0033558122788671456
1136.0, 0.0031098187780848724
1137.0, 0.0023895006903393956
1138.0, 0.0012357795055147045
1139.0, 0.0018195428835408693
1140.0, 0.0009024712467680482
1141.0, 0.0004899848833693457
1142.0, 0.00044251052088365366
1143.0, 0.0023829745868768504
1144.0, 0.002220090194279579
1145.0, 0.0015944384181244462
1146.0, 0.0010806906705924226
1147.0, 0.0012052816306558345
1148.0, 0.0015996351445959356
1149.0, 0.001371598707388459
1150.0, 0.0010781345703822834
1151.0, 0.0014228358118883904
1152.0, 0.0004978773252371426
1153.0, 0.00033600359999068715
1154.0, 0.00042997799080985946
1155.0, 0.0014340625274550842
1156.0, 0.0007018899305915405
1157.0, 0.0012263088835040984
1158.0, 0.0016547372469616674
1159.0, 0.0008412406660849622
1160.0, 0.00030970146201155413
1161.0, 0.0010645568799154451
1162.0, 0.001398732808936886
1163.0, 0.0005414992462049952
1164.0, 0.0011286612334968414
1165.0, 0.001609370376264456
1166.0, 0.0009938106645393722
1167.0, 0.0027744750472053752
1168.0, 0.0012136734914742864
1169.0, 0.00037188572459331164
1170.0, 0.0008556879314271585
1171.0, 0.0013973620444998809
1172.0, 0.0008830977450520667
1173.0, 0.0009206119759818982
1174.0, 0.001322005322298818
1175.0, 0.0006946869419675385
1176.0, 0.0005214532342782681
1177.0, 0.0010663415069452314
1178.0, 0.0008757479052379673
1179.0, 0.0006191563129639388
1180.0, 0.0008014288539000049
1181.0, 0.00025136300499409606
1182.0, 0.0008963970748971234
1183.0, 0.0011015852681669446
1184.0, 0.0018188728403392082
1185.0, 0.0011695296054073509
1186.0, 0.00012548198082043012
1187.0, 0.0002805684689636894
1188.0, 0.0003703895890567039
1189.0, 0.0001625009133696878
1190.0, 0.0005453066531930083
1191.0, 0.001055115110686301
1192.0, 8.66000880632411e-05
1193.0, 0.0016871873331235775
1194.0, 0.0004064076115882567
1195.0, 0.0011074226212892204
1196.0, 0.0016607510341915422
1197.0, 0.0010320030279504192
1198.0, 0.0005183505163862374
1199.0, 0.0005379487518206279
1200.0, 0.0006719301730003329
1201.0, 0.0008838849949391706
1202.0, 0.0008892083621401474
1203.0, 0.0006110586926092414
1204.0, 0.00020936561089412005
1205.0, 0.001063455526723507
1206.0, 0.000684679264697105
1207.0, 0.00015758488808849562
1208.0, 0.000345198693971354
1209.0, 0.00025996760007986324
1210.0, 0.0006346341799837964
1211.0, 0.000544239123439858
1212.0, 0.00047474773965804735
1213.0, 0.0009920855353073472
1214.0, 0.0008828814653049576
1215.0, 3.282194811917402e-05
1216.0, 0.0002619104795681243
1217.0, 0.00146310965511198
1218.0, 0.0011233811268266671
1219.0, 0.000231354797374934
1220.0, 0.000643385037007026
1221.0, 0.000656500229779217
1222.0, 0.001756338241436319
1223.0, 0.0012119219508883946
1224.0, 0.0007796380637860232
1225.0, 0.0009875800193997158
1226.0, 0.0010690985913983197
1227.0, 0.0008560621259677541
1228.0, 0.0007761634334158465
1229.0, 0.0016028542532284659
1230.0, 0.0009769754991902108
1231.0, 0.0018863488344915285
1232.0, 0.0010234057014578443
1233.0, 0.0005922427913502716
1234.0, 0.000967919685133485
1235.0, 0.0015156671093057952
1236.0, 0.002184741104672749
1237.0, 0.0009805859026159566
1238.0, 0.00032337072812380313
1239.0, 0.00096464126921052
1240.0, 0.0010820267361825514
1241.0, 0.0007429779047902128
1242.0, 0.0010297218095264094
1243.0, 0.0007628805342852043
1244.0, 0.001229288652741436
1245.0, 0.0005441690409787416
1246.0, 0.0009102166240061296
1247.0, 0.00016154892746366226
1248.0, 0.0004065216147144293
1249.0, 0.00042971956747380466
1250.0, 0.0003787907915070159
1251.0, 0.0001627544981354887
1252.0, 0.0005492433028442497
1253.0, 0.0010417373810540477
1254.0, 0.0012905754977565486
1255.0, 0.0017631475678794503
1256.0, 0.001994120677554033
1257.0, 0.0014456659638165314
1258.0, 0.0008362519216724301
1259.0, 0.0012931401374274842
1260.0, 0.0014779132295227346
1261.0, 0.0012080605743078048
1262.0, 0.0012010888187549064
1263.0, 0.0008983450806669451
1264.0, 0.0016184474091822834
1265.0, 0.0012404072586223356
1266.0, 0.0014901773248407906
1267.0, 0.002322286859258484
1268.0, 0.002165948435965089
1269.0, 0.0018576965218657692
1270.0, 0.002624396652230208
1271.0, 0.003053293965680358
1272.0, 0.002914309602049303
1273.0, 0.001974055470254398
1274.0, 0.0021908823360706803
1275.0, 0.0023193861907511186
1276.0, 0.0034127522116438385
1277.0, 0.002969276599274147
1278.0, 0.0030067304339294583
1279.0, 0.0020116799364896945
1280.0, 0.0021451209822181097
1281.0, 0.0025984123710817513
1282.0, 0.0021619374113759885
1283.0, 0.0014279210439938999
1284.0, 0.0017568291867488942
1285.0, 0.0026854941999426753
1286.0, 0.00229654317873637
1287.0, 0.0036610392891899225
1288.0, 0.0034759940091610114
1289.0, 0.0016971863919295962
1290.0, 0.003388130563087929
1291.0, 0.003251320467864324
1292.0, 0.002358006679464878
1293.0, 0.0028499658372377113
1294.0, 0.004237125360791192
1295.0, 0.00503703597277793
1296.0, 0.003938640474556358
1297.0, 0.0026565069952251253
1298.0, 0.003298520306674243
1299.0, 0.0035842637335154626
1300.0, 0.0024456809432306455
1301.0, 0.003633170415777835
1302.0, 0.0022577826212526477
1303.0, 0.0013063639545632033
1304.0, 0.00228491905665198
1305.0, 0.003506765033876921
1306.0, 0.004260053314224939
1307.0, 0.0040267008379814406
1308.0, 0.004666284357366909
1309.0, 0.0037573248034828656
1310.0, 0.00337947351812894
1311.0, 0.0037204451833762675
1312.0, 0.0041935357013216734
1313.0, 0.004473799580652627
1314.0, 0.004057314381293887
1315.0, 0.0029996420358436946
1316.0, 0.0023491112449823587
1317.0, 0.0024613017121652755
1318.0, 0.0027317596810885964
1319.0, 0.0038881215928118183
1320.0, 0.0030017626249683733
1321.0, 0.0032224107235422515
1322.0, 0.002808361048962553
1323.0, 0.003157507992146342
1324.0, 0.0030409260257169488
1325.0, 0.00250068712507004
1326.0, 0.0024178508939195482
1327.0, 0.002443543998157567
1328.0, 0.0022514057195390106
1329.0, 0.0021769484757330057
1330.0, 0.0018455932198738687
1331.0, 0.001386377681531424
1332.0, 0.0017149794840333828
1333.0, 0.001627781515743737
1334.0, 0.001854405270717139
1335.0, 0.0033395307472914495
1336.0, 0.0010682609243821653
1337.0, 0.003625832298815846
1338.0, 0.0016759656721827632
1339.0, 0.0028121984417921325
1340.0, 0.0018178805846704846
1341.0, 0.0018986388312021653
1342.0, 0.0007925742050512648
1343.0, 0.0005910910888106025
1344.0, 0.0008410279026919204
1345.0, 0.0011064520870048278
1346.0, 0.0020641476802178054
1347.0, 0.002887756027254289
1348.0, 0.0021479334230877487
1349.0, 0.0012081390916188059
1350.0, 0.00245669745033579
1351.0, 0.0019188844160131667
1352.0, 0.002416442904340695
1353.0, 0.0015230891609696563
1354.0, 0.0017252483112620979
1355.0, 0.0031581210994407753
1356.0, 0.0021992870901710667
1357.0, 0.002209464194495996
1358.0, 0.0028627191420195356
1359.0, 0.0027314922975811935
1360.0, 0.002490432050254861
1361.0, 0.00328133985362663
1362.0, 0.002625946950894602
1363.0, 0.0014156268634144516
1364.0, 0.001380552569851411
1365.0, 0.0014819126440743526
1366.0, 0.002371635994907305
1367.0, 0.0019069515491772337
1368.0, 0.001276269057428174
1369.0, 0.0024353705183602315
1370.0, 0.0012732860428129758
1371.0, 0.003764593214325756
1372.0, 0.0019309348076160344
1373.0, 0.0023831662880578267
1374.0, 0.0014621548039455276
1375.0, 0.00108366395139711
1376.0, 0.0013645430126679407
1377.0, 0.0018878552925408042
1378.0, 0.0015041340158032871
1379.0, 0.0016821625544048704
1380.0, 0.0026972803506475317
1381.0, 0.002771361079828064
1382.0, 0.0023165238653938885
1383.0, 0.002627517028593492
1384.0, 0.002409546334735457
1385.0, 0.0016954990181557218
1386.0, 0.0012719591087387281
1387.0, 0.0020983521675992742
1388.0, 0.0013095538967044529
1389.0, 0.0015197991527698277
1390.0, 0.003079885318308124
1391.0, 0.0016689944817036306
1392.0, 0.001329654693445683
1393.0, 0.0011728729462477537
1394.0, 0.000362901428272928
1395.0, 0.0002686629225536889
1396.0, 0.0009410845310511281
1397.0, 0.0009065771492602847
1398.0, 0.0014975378497758423
1399.0, 0.002479613572206122
1400.0, 0.003036409404547323
1401.0, 0.0035755374754861233
1402.0, 0.002805508497006083
1403.0, 0.0018354362229207825
1404.0, 0.0015992574835530214
1405.0, 0.0009535093968136073
1406.0, 0.000903752952445469
1407.0, 0.002027132832368812
1408.0, 0.0004762689319948955
1409.0, 0.0010783109872070304
1410.0, 0.0003961512626439379
1411.0, 0.001362454417926453
1412.0, 0.0010803876192160308
1413.0, 0.002196712195078794
1414.0, 0.001889423389584198
1415.0, 0.0007319587867653733
1416.0, 0.001121266909972499
1417.0, 0.001376875216106157
1418.0, 0.0015514314544716697
1419.0, 0.0021328684887909387
1420.0, 0.0022541885888191795
1421.0, 0.0025131271793466365
1422.0, 0.0014383451337763027
1423.0, 0.0007068233730984602
1424.0, 0.00239026883579456
1425.0, 0.001379640361282179
1426.0, 0.0012275655358954848
1427.0, 0.001522814380052636
1428.0, 0.0009238897567730637
1429.0, 0.0007770733919182785
1430.0, 0.0004228463240577346
1431.0, 0.00182125877161693
1432.0, 0.002472732960985813
1433.0, 0.0021389796459807212
1434.0, 0.001685618350051002
1435.0, 0.0024099020638260757
1436.0, 0.0020865199348608114
1437.0, 0.0017950332956959364
1438.0, 0.0023293808636969523
1439.0, 0.003376851467490069
1440.0, 0.004405409434135712
1441.0, 0.003511311183025346
1442.0, 0.0028095252849118487
1443.0, 0.004230781336282483
1444.0, 0.005582789952223756
1445.0, 0.003823757328978626
1446.0, 0.004956887526118977
1447.0, 0.006782147558911355
1448.0, 0.005190509919130067
1449.0, 0.004082404454447967
1450.0, 0.003872534829307163
1451.0, 0.0041006803939668685
1452.0, 0.004410366362405891
1453.0, 0.004053205278533963
1454.0, 0.0035440877286234415
1455.0, 0.004254976603605677
1456.0, 0.004537688279647863
1457.0, 0.005389472352683571
1458.0, 0.005410746154867517
1459.0, 0.004829833920621109
1460.0, 0.004883476262861273
1461.0, 0.004389809851854885
1462.0, 0.003556372554589617
1463.0, 0.0034475954641310625
1464.0, 0.004007358965440238
1465.0, 0.0029440953829976387
1466.0, 0.003119055219216876
1467.0, 0.003987255175579384
1468.0, 0.0030600381401028045
1469.0, 0.0038558173067174935
1470.0, 0.001255845902925259
1471.0, 0.0033741525912617133
1472.0, 0.002053207039174422
1473.0, 0.0021071021588963085
1474.0, 0.0008956040203701819
1475.0, 0.002138117515081164
1476.0, 0.0025701580220346162
1477.0, 0.0030213502473645597
1478.0, 0.002690225995067147
1479.0, 0.002528119180160086
1480.0, 0.002462560252337274
1481.0, 0.003018571863517833
1482.0, 0.0030168470553848512
1483.0, 0.0019412458040053416
1484.0, 0.0029491708556877187
1485.0, 0.004373911507299398
1486.0, 0.0028813100927001832
1487.0, 0.0015960940033921882
1488.0, 0.0016725235026938206
1489.0, 0.00319269469807416
1490.0, 0.002426479298075553
1491.0, 0.0011963881843395007
1492.0, 0.0014540607749561176
1493.0, 0.0005074996127955242
1494.0, 0.001483317501888618
1495.0, 0.0009302461377952115
1496.0, 0.0005818995263688583
1497.0, 0.001697222501539447
1498.0, 0.0012547541739996902
1499.0, 0.0009893398181923404
1500.0, 0.0008175633480088034
1501.0, 0.0013115664836743958
1502.0, 0.0012827185297905898
1503.0, 0.0006802423473777231
1504.0, 0.0011017944834724738
1505.0, 0.0014100836678999033
1506.0, 0.0013218923138871696
1507.0, 0.0021126652993127327
1508.0, 0.0028144116531911598
1509.0, 0.002865853930902097
1510.0, 0.0023888211507077355
1511.0, 0.0023724840934750487
1512.0, 0.0020794097235101484
1513.0, 0.0009387684991859396
1514.0, 0.0025092903467685015
1515.0, 0.0017449873126452677
1516.0, 0.001999076568830869
1517.0, 0.000483727696935589
1518.0, 0.0015177512604482453
1519.0, 0.0008314721533801944
1520.0, 0.0024142327265581224
1521.0, 0.0019271657902245453
1522.0, 0.0009891882927839629
1523.0, 0.0019885497168298425
1524.0, 0.0017743073186298715
1525.0, 0.001573427798729853
1526.0, 0.002520452780977587
1527.0, 0.003495222220082337
1528.0, 0.0035243263804548832
1529.0, 0.001772603618834994
1530.0, 0.001490181325662001
1531.0, 0.002875618290955669
1532.0, 0.002193048256326537
1533.0, 0.00117878976551757
1534.0, 0.001718972806550269
1535.0, 0.0013533991237234028
1536.0, 0.001212840088448524
1537.0, 0.0016992606965783687
1538.0, 0.0009468825631933593
1539.0, 0.002733309793385324
1540.0, 0.0009810742028244163
1541.0, 0.0016731789409328934
1542.0, 0.0019655428365892855
1543.0, 0.003859841983868176
1544.0, 0.0022603564146364587
1545.0, 0.0010768878884446207
1546.0, 0.0011926970348814854
1547.0, 0.003310624501810967
1548.0, 0.0023588681723557855
1549.0, 0.002751662098273875
1550.0, 0.002358657868050637
1551.0, 0.0024803169693837722
1552.0, 0.0013731283879906116
1553.0, 0.0028051448869324267
1554.0, 0.0036101526040133083
1555.0, 0.0027864657476373354
1556.0, 0.0018558432013754498
1557.0, 0.002337454306291253
1558.0, 0.0029008638690852903
1559.0, 0.002898202666928762
1560.0, 0.0032329615302426284
1561.0, 0.0020595403158809485
1562.0, 0.0009023837774191744
1563.0, 0.001737422019082458
1564, 0.0
1565, 0.0
1566, 0.0
1567, 0.0
1568, 0.0
1569, 0.0
1570, 0.0
1571, 0.0
1572, 0.0
1573, 0.0
1574, 0.0
1575, 0.0
1576, 0.0
1577, 0.0
1578, 0.0
1579, 0.0
1580, 0.0
1581, 0.0
1582, 0.0
1583, 0.0
1584, 0.0
1585, 0.0
1586, 0.0
1587, 0.0
1588, 0.0
1589, 0.0
1590, 0.0
1591, 0.0
1592, 0.0
1593, 0.0
1594, 0.0
1595, 0.0
1596, 0.0
1597, 0.0
1598, 0.0
1599, 0.0
