30, 0.0
31, 0.0
32, 0.0
33, 0.0
34, 0.0
35, 0.0
36, 0.0
37, 0.0
38, 0.0
39, 0.0
40, 0.0
41, 0.0
42, 0.0
43, 0.0
44, 0.0
45, 0.0
46, 0.0
47, 0.0
48, 0.0
49, 0.0
50, 0.0
51, 0.0
52, 0.0
53, 0.0
54, 0.0
55, 0.0
56, 0.0
57, 0.0
58, 0.0
59, 0.0
60, 0.0
61, 0.0
62, 0.0
63, 0.0
64, 0.0
65, 0.0
66, 0.0
67, 0.0
68, 0.0
69, 0.0
70, 0.0
71, 0.0
72, 0.0
73, 0.0
74, 0.0
75, 0.0
76, 0.0
77, 0.0
78, 0.0
79, 0.0
80, 0.0
81, 0.0
82, 0.0
83, 0.0
84, 0.0
85, 0.0
86, 0.0
87, 0.0
88, 0.0
89, 0.0
90, 0.0
91, 0.0
92, 0.0
93, 0.0
94, 0.0
95, 0.0
96, 0.0
97, 0.0
98, 0.0
99, 0.0
100, 0.0
101, 0.0
102, 0.0
103, 0.0
104, 0.0
105, 0.0
106, 0.0
107, 0.0
108, 0.0
109, 0.0
110, 0.0
111, 0.0
112, 0.0
113, 0.0
114, 0.0
115, 0.0
116, 0.0
117, 0.0
118, 0.0
119, 0.0
120, 0.0
121, 0.0
122, 0.0
123, 0.0
124, 0.0
125, 0.0
126, 0.0
127, 0.0
128, 0.0
129, 0.0
130, 0.0
131, 0.0
132, 0.0
133, 0.0
134, 0.0
135, 0.0
136, 0.0
137, 0.0
138, 0.0
139, 0.0
140, 0.0
141, 0.0
142, 0.0
143, 0.0
144, 0.0
145, 0.0
146, 0.0
147, 0.0
148, 0.0
149, 0.0
150, 0.0
151, 0.0
152, 0.0
153, 0.0
154, 0.0
155, 0.0
156, 0.0
157, 0.0
158, 0.0
159, 0.0
160, 0.0
161, 0.0
162, 0.0
163, 0.0
164, 0.0
165, 0.0
166, 0.0
167, 0.0
168, 0.0
169, 0.0
170, 0.0
171, 0.0
172, 0.0
173, 0.0
174, 0.0
175, 0.0
176, 0.0
177, 0.0
178, 0.0
179, 0.0
180, 0.0
181, 0.0
182, 0.0
183, 0.0
184, 0.0
185, 0.0
186, 0.0
187, 0.0
188, 0.0
189, 0.0
190, 0.0
191, 0.0
192, 0.0
193, 0.0
194, 0.0
195, 0.0
196, 0.0
197, 0.0
198, 0.0
199, 0.0
200, 0.0
201, 0.0
202, 0.0
203.0, 0.004224461908461188
204.0, 0.0016458992774585322
205.0, 0.002559946349612169
206.0, 0.0033876008021483496
207.0, 0.003836680833555301
208.0, 0.0002889707475281412
209.0, 0.0033579445702134076
210.0, 0.007706241844132625
211.0, 0.004821540960414578
212.0, 0.005826039055702921
213.0, 0.010863055549028488
214.0, 0.009710845631987229
215.0, 0.004278317325351769
216.0, 0.007179250829172109
217.0, 0.017313553357198253
218.0, 0.023186842648792404
219.0, 0.023473106930179295
220.0, 0.027189524972243678
221.0, 0.03657041088593416
222.0, 0.04286939468043967
223.0, 0.04833235305640364
224.0, 0.051767071536067626
225.0, 0.04687863447808982
226.0, 0.038023250950688224
227.0, 0.04554406095415244
228.0, 0.04870160728592233
229.0, 0.04841250603349227
230.0, 0.051383990498258474
231.0, 0.06004607690122667
232.0, 0.0657751139297191
233.0, 0.06978840737721301
234.0, 0.07384209219372344
235.0, 0.07703930318219752
236.0, 0.07702359772072515
237.0, 0.0836556198570414
238.0, 0.07727269644357271
239.0, 0.07626440834704011
240.0, 0.09455105192024248
241.0, 0.103302633628144
242.0, 0.1165846493517385
243.0, 0.10833601763685398
244.0, 0.09418589181690289
245.0, 0.10411011159807876
246.0, 0.10915182095676361
247.0, 0.10807633217079271
248.0, 0.10633105915343478
249.0, 0.10471709249995254
250.0, 0.10124611850760128
251.0, 0.1009998816358602
252.0, 0.10352789466790573
253.0, 0.10396472507737112
254.0, 0.1011114882491879
255.0, 0.09788371321213177
256.0, 0.0882079622106451
257.0, 0.0969435291573868
258.0, 0.10478418390963207
259.0, 0.10081118644849899
260.0, 0.11439747616739249
261.0, 0.11205973561073974
262.0, 0.1106927288174547
263.0, 0.11080708537743252
264.0, 0.10590599250036845
265.0, 0.10451129982783366
266.0, 0.09046003887340154
267.0, 0.09137702099008829
268.0, 0.10241065338531503
269.0, 0.10427906955553999
270.0, 0.10623842388995058
271.0, 0.10302789890251253
272.0, 0.11336492321842491
273.0, 0.13066107853934672
274.0, 0.1323300025167178
275.0, 0.12975455765473326
276.0, 0.11810241753906954
277.0, 0.119757660250236
278.0, 0.1366397450221734
279.0, 0.14098127698699062
280.0, 0.14111999838534572
281.0, 0.1447562073570938
282.0, 0.15102863732793953
283.0, 0.15618304011798528
284.0, 0.15673307530096853
285.0, 0.15507190213705593
286.0, 0.15201731801497073
287.0, 0.1552979529658202
288.0, 0.1629820081710069
289.0, 0.16170403457334404
290.0, 0.16179462403938025
291.0, 0.14419116174187785
292.0, 0.12518358612842456
293.0, 0.11851948769673161
294.0, 0.1138234349359141
295.0, 0.09816640909507399
296.0, 0.08220871179219164
297.0, 0.07962265778677154
298.0, 0.08602694479367992
299.0, 0.07699349304241462
300.0, 0.07448689681983443
301.0, 0.06537035566790955
302.0, 0.05681934164440929
303.0, 0.058379883811916736
304.0, 0.060605936414915046
305.0, 0.07019221362957956
306.0, 0.07087413026773094
307.0, 0.06352980158745546
308.0, 0.05962189727574969
309.0, 0.06647028622375538
310.0, 0.05674798793593739
311.0, 0.04978187378190971
312.0, 0.04491058501170769
313.0, 0.03594829409509198
314.0, 0.03597153411499323
315.0, 0.026183947025036035
316.0, 0.029326077816266206
317.0, 0.031119916026362604
318.0, 0.013797494854873938
319.0, 0.00791203272912729
320.0, 0.02068449526003391
321.0, 0.01730442750801889
322.0, 0.008528572694402794
323.0, 0.017291005664903377
324.0, 0.010860323489731186
325.0, 0.0125069059384379
326.0, 0.027979789519351417
327.0, 0.03451550300128569
328.0, 0.02256117473772285
329.0, 0.020704653035975434
330.0, 0.015199402695036803
331.0, 0.024069341483184986
332.0, 0.027082464468181078
333.0, 0.01964978206418906
334.0, 0.030806581340419317
335.0, 0.0165791847943072
336.0, 0.011201944853985832
337.0, 0.014958922235930159
338.0, 0.015760293146123733
339.0, 0.010826369646351489
340.0, 0.00846241435257594
341.0, 0.00499026577897185
342.0, 0.011597770811972212
343.0, 0.009821460468445632
344.0, 0.01689755507643851
345.0, 0.022063642063862358
346.0, 0.01298156263676665
347.0, 0.0021536428942905274
348.0, 0.003108017042542252
349.0, 0.017865461359091395
350.0, 0.025699154947881844
351.0, 0.019534656096507334
352.0, 0.01759421939429846
353.0, 0.018445280750502183
354.0, 0.010110296729719274
355.0, 0.012220562485591276
356.0, 0.019035014846757372
357.0, 0.020357490496393047
358.0, 0.018020700115615202
359.0, 0.01974891427636216
360.0, 0.023166483483608852
361.0, 0.005142029964940826
362.0, 0.009797449200456684
363.0, 0.02462547617132319
364.0, 0.010624663502818254
365.0, 0.005975393606094047
366.0, 0.005781294100952446
367.0, 0.005326820018374721
368.0, 0.0070414012562153815
369.0, 0.0036288567610888575
370.0, 0.0032983016713185637
371.0, 0.006293158173565745
372.0, 0.009084951376383403
373.0, 0.008544515742448586
374.0, 0.010532264474316998
375.0, 0.024748790809273703
376.0, 0.020863908880400406
377.0, 0.013061189803876947
378.0, 0.015244411264423505
379.0, 0.020783099592856045
380.0, 0.014471304596145587
381.0, 0.0098318459843006
382.0, 0.0054335264543583575
383.0, 0.0018272694161399323
384.0, 0.005784383356167347
385.0, 0.0051622857477050905
386.0, 0.000501304050741328
387.0, 0.00033435714492729214
388.0, 0.0038055553626143252
389.0, 0.001976215614408987
390.0, 0.005924021608240947
391.0, 0.01042333373172772
392.0, 0.006585288455943647
393.0, 0.02286991210633759
394.0, 0.020691978736022285
395.0, 0.012389909443218265
396.0, 0.014499715363883564
397.0, 0.018985057948826153
398.0, 0.01611170442188806
399.0, 0.018092574907063716
400.0, 0.021195676938640388
401.0, 0.02018864017554447
402.0, 0.021009384099391504
403.0, 0.01147309315137685
404.0, 0.017180106223815033
405.0, 0.033518624606587485
406.0, 0.039726927690133
407.0, 0.025212021697935204
408.0, 0.03610148912830665
409.0, 0.03504963024920466
410.0, 0.04041799050292273
411.0, 0.05259477930419906
412.0, 0.06202863727785712
413.0, 0.09005290784684992
414.0, 0.11428915651068226
415.0, 0.1323771037757013
416.0, 0.16207536899918096
417.0, 0.1857650336871462
418.0, 0.1600073025415679
419.0, 0.13046817145628214
420.0, 0.08320781845054681
421.0, 0.050273576177253906
422.0, 0.03508075306076302
423.0, 0.01976398315153536
424.0, 0.011689688328697382
425.0, 0.02867083903264319
426.0, 0.025411257039075652
427.0, 0.010222867620449863
428.0, 0.0022811337085736007
429.0, 0.0034218843456094044
430.0, 0.01818359694842444
431.0, 0.018540474744126987
432.0, 0.00930246812060147
433.0, 0.0048623015343569045
434.0, 0.00347902805148378
435.0, 0.0026318248811449322
436.0, 0.001993708569046849
437.0, 0.0071032164347724774
438.0, 0.013157657948028232
439.0, 0.014468159727751522
440.0, 0.026672444544808868
441.0, 0.0048582018491731375
442.0, 0.015881702820563764
443.0, 0.017824766960704952
444.0, 0.007588550080782951
445.0, 0.015505664164604398
446.0, 0.021173236436328218
447.0, 0.02051829068682164
448.0, 0.015021599322169964
449.0, 0.01328763551857995
450.0, 0.01613084634360642
451.0, 0.012773449982380052
452.0, 0.003566738459324632
453.0, 0.004563931383604453
454.0, 0.006629612112029483
455.0, 0.0074141667890786946
456.0, 0.009874347276822047
457.0, 0.013063567665749133
458.0, 0.009714602931190376
459.0, 0.008592921868068802
460.0, 0.0040335262303792035
461.0, 0.008627114940359079
462.0, 0.0027120079347749747
463.0, 0.014491587155336856
464.0, 0.027609789972522437
465.0, 0.025735664269901877
466.0, 0.018627762774842883
467.0, 0.017096671654167447
468.0, 0.021363697043081543
469.0, 0.022533105832987115
470.0, 0.018791501490881025
471.0, 0.016471850496696677
472.0, 0.016178753254046833
473.0, 0.017439766529730266
474.0, 0.02112636118359203
475.0, 0.021196306359435875
476.0, 0.011788076408014663
477.0, 0.008590129592290593
478.0, 0.011487098209291136
479.0, 0.013322343886809683
480.0, 0.020585588876988015
481.0, 0.036575658082220505
482.0, 0.036109529125519985
483.0, 0.03310911583963309
484.0, 0.036899853765089974
485.0, 0.04055003886822732
486.0, 0.04269018821101636
487.0, 0.05264610669757525
488.0, 0.06692243383046766
489.0, 0.08720033356655667
490.0, 0.10790033131126704
491.0, 0.11763143280747611
492.0, 0.12010237663094059
493.0, 0.13528164151264535
494.0, 0.14015590569613945
495.0, 0.15310341918455606
496.0, 0.18409439324138493
497.0, 0.20698768833602693
498.0, 0.21494332940400163
499.0, 0.21692496407677792
500.0, 0.20841547209817782
501.0, 0.1810971447364266
502.0, 0.14506883687199176
503.0, 0.12260500402006476
504.0, 0.10307788058483358
505.0, 0.0795307936801259
506.0, 0.06692165298078305
507.0, 0.057616080375389886
508.0, 0.043503658745487624
509.0, 0.03691954952368608
510.0, 0.024683942157483856
511.0, 0.029300933571599356
512.0, 0.026984060950909737
513.0, 0.021193834589632622
514.0, 0.026637791990078954
515.0, 0.03171959888289808
516.0, 0.01805417125816197
517.0, 0.018489487792736774
518.0, 0.013217002606829287
519.0, 0.0034175942482430046
520.0, 0.0049130790572311945
521.0, 0.02041285144845332
522.0, 0.0056039588258649554
523.0, 0.008485893619747404
524.0, 0.01081734025331052
525.0, 0.010368553492269013
526.0, 0.013841500141381443
527.0, 0.01286249761999811
528.0, 0.0019937256230351504
529.0, 0.008008573988781438
530.0, 0.013412915662868834
531.0, 0.008430823932421786
532.0, 0.0008578946393370528
533.0, 0.001987465696935327
534.0, 0.007968662781175277
535.0, 0.007738380862810755
536.0, 0.002276890532276874
537.0, 0.005503731970221537
538.0, 0.0221174749420565
539.0, 0.011507906702128798
540.0, 0.014734677787672797
541.0, 0.010986328747409296
542.0, 0.004206006823959542
543.0, 0.0042292542385176145
544.0, 0.004976561667288181
545.0, 0.0034273892583427403
546.0, 0.008357980296074078
547.0, 0.005289366911352371
548.0, 0.013626873685996398
549.0, 0.015018077900973146
550.0, 0.010935994976881453
551.0, 0.011387942704531806
552.0, 0.0009946265669636052
553.0, 0.0022890241514317293
554.0, 0.016894122961308003
555.0, 0.009607351126976865
556.0, 0.0013530872006733878
557.0, 0.012214379137763434
558.0, 0.019543568857437243
559.0, 0.009070413380322245
560.0, 0.013129817356558143
561.0, 0.020486537755416347
562.0, 0.010311344137238797
563.0, 0.0015524446797928661
564.0, 0.022515059247954085
565.0, 0.025275535916335468
566.0, 0.017254774864937112
567.0, 0.017329364918252096
568.0, 0.01510066738808059
569.0, 0.011813488774997447
570.0, 0.016277647185250075
571.0, 0.002862743416259605
572.0, 0.0012463576502339938
573.0, 0.003410966151493871
574.0, 0.005158266498820104
575.0, 0.018588283821497867
576.0, 0.017334651909714307
577.0, 0.0072348539918161885
578.0, 0.018882310659494608
579.0, 0.012251263289026077
580.0, 0.009046591520851785
581.0, 0.018646938857636127
582.0, 0.029871944497705416
583.0, 0.03579740728275185
584.0, 0.028944376724220983
585.0, 0.020593072534844995
586.0, 0.026647079420471013
587.0, 0.024600107543718573
588.0, 0.015501217725984494
589.0, 0.02155638205542061
590.0, 0.023959774328399207
591.0, 0.014726368237048228
592.0, 0.014875385232251848
593.0, 0.024391917804745762
594.0, 0.02543220520994819
595.0, 0.020558091479143916
596.0, 0.03261974379274045
597.0, 0.021685008291492103
598.0, 0.01836923585825942
599.0, 0.026677572979921044
600.0, 0.04383423177607001
601.0, 0.05232900113064392
602.0, 0.0427179712005203
603.0, 0.06870154243252016
604.0, 0.0778331518867359
605.0, 0.09470433549285551
606.0, 0.10212840266096625
607.0, 0.11463144789876158
608.0, 0.139423963546783
609.0, 0.15306610855021419
610.0, 0.16000379086294148
611.0, 0.10897927304168838
612.0, 0.07382130656246758
613.0, 0.05538347902559178
614.0, 0.042803889062512354
615.0, 0.035606269696991155
616.0, 0.030550184422387727
617.0, 0.03428013151051923
618.0, 0.034020590561003435
619.0, 0.03816302188361713
620.0, 0.03631588630798613
621.0, 0.036064361447041775
622.0, 0.053267824357331815
623.0, 0.07263768853735798
624.0, 0.06906908179946972
625.0, 0.09722424518168123
626.0, 0.12368703239469536
627.0, 0.13734547207624845
628.0, 0.14489378948064766
629.0, 0.13365851574096618
630.0, 0.09328123540260072
631.0, 0.06433835476259131
632.0, 0.035825741257415084
633.0, 0.020747207070319764
634.0, 0.018713237105138676
635.0, 0.01689453587737287
636.0, 0.013169300018420859
637.0, 0.009634566050478187
638.0, 0.004286976211054906
639.0, 0.003696135155703909
640.0, 0.009496707526012347
641.0, 0.013449957720616992
642.0, 0.010383727695870384
643.0, 0.007069472100924613
644.0, 0.017437106283907454
645.0, 0.004623626112035144
646.0, 0.0012619640028546366
647.0, 0.006872926557820617
648.0, 0.005192698882701855
649.0, 0.007598681898261843
650.0, 0.0010944558545945443
651.0, 0.002337159376346499
652.0, 0.0022685237026449693
653.0, 0.0024795978357748595
654.0, 0.010249120017642416
655.0, 0.014421680932761935
656.0, 0.012850897654212512
657.0, 0.014100477263321474
658.0, 0.007371461529667441
659.0, 0.013460648896001667
660.0, 0.0166085538031489
661.0, 0.017616489641911814
662.0, 0.021561459045260075
663.0, 0.025454993357846862
664.0, 0.024934757622581624
665.0, 0.03201394530414809
666.0, 0.03399876750714319
667.0, 0.03836792730883991
668.0, 0.04384456449478526
669.0, 0.047228159559838806
670.0, 0.05238481969029742
671.0, 0.05607995499596773
672.0, 0.07618805154690722
673.0, 0.09486099264814547
674.0, 0.10707803586601504
675.0, 0.11915064420790174
676.0, 0.1309846431754596
677.0, 0.12769650143082892
678.0, 0.10116343310946736
679.0, 0.07268829550789849
680.0, 0.043012447144624884
681.0, 0.022594065536168686
682.0, 0.01432659116507781
683.0, 0.015210079291015558
684.0, 0.01579586813413224
685.0, 0.005247741618213406
686.0, 0.0018306092419550204
687.0, 0.015653670404655116
688.0, 0.008481652121583354
689.0, 0.014517162188875133
690.0, 0.014454790840348945
691.0, 0.008703972126360236
692.0, 0.014875217431462947
693.0, 0.0014802384924466508
694.0, 0.006091152274098658
695.0, 0.024289857863781423
696.0, 0.020577257091172335
697.0, 0.011670817017018966
698.0, 0.017389089253138475
699.0, 0.018465647656309665
700.0, 0.009256179945103499
701.0, 0.02382065747550724
702.0, 0.021173992732637693
703.0, 0.009167077727465707
704.0, 0.011453781626592248
705.0, 0.01659152973011758
706.0, 0.008194681230903493
707.0, 0.0016070182518790202
708.0, 0.014250467548073681
709.0, 0.009828287067951628
710.0, 0.02022968782627723
711.0, 0.020164934214755417
712.0, 0.010773674563758448
713.0, 0.01014559032759251
714.0, 0.017888549856388016
715.0, 0.008843922219944601
716.0, 0.00716262548464253
717.0, 0.010957525547727468
718.0, 0.01285770722568925
719.0, 0.015183043194497202
720.0, 0.023518518155220738
721.0, 0.029229413625546135
722.0, 0.022615997064109775
723.0, 0.02211305388671897
724.0, 0.02171465907546243
725.0, 0.01860515005875804
726.0, 0.0042085210060700635
727.0, 0.004089514009463592
728.0, 0.006781386969719749
729.0, 0.0057769603576039155
730.0, 0.015051416737790155
731.0, 0.0034628685313792466
732.0, 0.009891882621966662
733.0, 0.012750965389611237
734.0, 0.014005426729703585
735.0, 0.011603384288128134
736.0, 0.012026041791000842
737.0, 0.014903676567021632
738.0, 0.0025517707856908193
739.0, 0.003356976225062251
740.0, 0.0039072596500051475
741.0, 0.005540340077389521
742.0, 0.0059689679780578694
743.0, 0.015456632467480762
744.0, 0.010764129790324485
745.0, 0.005002353248299835
746.0, 0.01764031486907904
747.0, 0.026277163529865394
748.0, 0.02164208628828337
749.0, 0.014855715334336626
750.0, 0.013924712916565236
751.0, 0.01934852291014009
752.0, 0.019389717303411737
753.0, 0.01300073989634683
754.0, 0.013767889746267222
755.0, 0.010821963757623756
756.0, 0.011549682173662087
757.0, 0.021310303666302474
758.0, 0.011837091907132521
759.0, 0.006371854879968223
760.0, 0.020052098880910748
761.0, 0.023922378019071076
762.0, 0.010280357293490644
763.0, 0.0030522063808315026
764.0, 0.007311782343889963
765.0, 0.010376141055284716
766.0, 0.0020574570653626627
767.0, 0.0033188926750079605
768.0, 0.01743848905380179
769.0, 0.01561473892431488
770.0, 0.005459261445122027
771.0, 0.00019797451594476492
772.0, 0.010328231712736993
773.0, 0.006017084778005966
774.0, 0.003508745801494655
775.0, 0.005238534508603026
776.0, 0.0022303304035371377
777.0, 0.003255675132192367
778.0, 0.016323349242017726
779.0, 0.008567809404268165
780.0, 0.010063776940392647
781.0, 0.017336713187012763
782.0, 0.005431773086471974
783.0, 0.0041271003891725075
784.0, 0.01363457295925895
785.0, 0.014860525347205975
786.0, 0.017354270799150036
787.0, 0.017518738646585312
788.0, 0.01878027804075958
789.0, 0.01385858917660186
790.0, 0.020149252597268495
791.0, 0.012253680617337889
792.0, 0.0150217914775919
793.0, 0.02383047449320493
794.0, 0.010567532743858327
795.0, 0.01613689014571436
796.0, 0.013990396627021447
797.0, 0.027285378368993397
798.0, 0.006988347475768309
799.0, 0.006255566568681268
800.0, 0.014233685014726813
801.0, 0.008886289697019533
802.0, 0.003696363925709217
803.0, 0.007176363197884112
804.0, 0.013911009723731303
805.0, 0.004844049181659722
806.0, 0.013402339719614444
807.0, 0.016141501378177835
808.0, 0.011396635377084357
809.0, 0.016729266569918935
810.0, 0.022113234087275717
811.0, 0.012020284086369796
812.0, 0.00887750194324806
813.0, 0.004953127110899726
814.0, 0.014452844622867958
815.0, 0.023192008059425215
816.0, 0.012447707903698906
817.0, 0.002634719760512166
818.0, 0.008196696876417792
819.0, 0.017888184659623607
820.0, 0.02100083231917042
821.0, 0.02088667855792919
822.0, 0.009821723997185852
823.0, 0.01660636009158804
824.0, 0.013953776890330645
825.0, 0.016742789334387043
826.0, 0.02095281676922138
827.0, 0.020137265929450268
828.0, 0.017144126623178255
829.0, 0.008422060756415701
830.0, 0.00534960327194757
831.0, 0.018936325506124393
832.0, 0.01315713371378294
833.0, 0.0023733709678850547
834.0, 0.002726204955234493
835.0, 0.003727246868743591
836.0, 0.003239926150915657
837.0, 0.006985030983662041
838.0, 0.02209611024993493
839.0, 0.021161218832674966
840.0, 0.015610257992608036
841.0, 0.005341403857651137
842.0, 0.0070940643621326075
843.0, 0.01644024889563776
844.0, 0.022748746800638906
845.0, 0.022708589330937858
846.0, 0.019720029144225736
847.0, 0.014428265557248183
848.0, 0.004396239367222105
849.0, 0.01031858939280514
850.0, 0.012445128639772034
851.0, 0.008362364461375916
852.0, 0.0045096752756748374
853.0, 0.008194523812838023
854.0, 0.008368681949161664
855.0, 0.010028145386752826
856.0, 0.016738684073603054
857.0, 0.014115302213739913
858.0, 0.008694065451888944
859.0, 0.0066019118489598705
860.0, 0.006242993212860646
861.0, 0.015104365198965545
862.0, 0.012121684676128727
863.0, 0.016201677488277073
864.0, 0.02059689937031584
865.0, 0.012544418289763836
866.0, 0.012781765530573596
867.0, 0.017518838650341595
868.0, 0.012429897643780285
869.0, 0.010016283131756233
870.0, 0.0046695524731461225
871.0, 0.010359867663197759
872.0, 0.013254816968022352
873.0, 0.016504504149592657
874.0, 0.020489076353276053
875.0, 0.01580546059410656
876.0, 0.007966632313177935
877.0, 0.009963201728037815
878.0, 0.0120269573790078
879.0, 0.021107640851460815
880.0, 0.019769561507324493
881.0, 0.024769784844346936
882.0, 0.015946973863271638
883.0, 0.008985019095325817
884.0, 0.014570368926248403
885.0, 0.01451296293474404
886.0, 0.005256888643447424
887.0, 0.005300284549324805
888.0, 0.007389196771776045
889.0, 0.01408007909738919
890.0, 0.020077560564998785
891.0, 0.010558910003891498
892.0, 0.010656601116016788
893.0, 0.007920287948352173
894.0, 0.003835675473782018
895.0, 0.009623061689563615
896.0, 0.01628053835172554
897.0, 0.03032978295324301
898.0, 0.016113506581130956
899.0, 0.0117710102966157
900.0, 0.014588001288329303
901.0, 0.010069668304940615
902.0, 0.0027412826977744166
903.0, 0.004701277891657543
904.0, 0.011665312278835523
905.0, 0.01072044855270206
906.0, 0.0066701980334216955
907.0, 0.011348394597139393
908.0, 0.00982683052872733
909.0, 0.010698873262578916
910.0, 0.012176967567389394
911.0, 0.019116837122135598
912.0, 0.011523086303354392
913.0, 0.00309255521541476
914.0, 0.007900899237629566
915.0, 0.013423727014625951
916.0, 0.008268794600150621
917.0, 0.007337127508653083
918.0, 0.002066577058861223
919.0, 0.008267668284123248
920.0, 0.010614820684576195
921.0, 0.005541801616469005
922.0, 0.003049107695964988
923.0, 0.010146398878371859
924.0, 0.010540039648210282
925.0, 0.013448565623484267
926.0, 0.013655328878960931
927.0, 0.001508778006606882
928.0, 0.0032162719575179934
929.0, 0.003359437935635221
930.0, 0.008079521147636883
931.0, 0.016436893369939726
932.0, 0.016049584275449634
933.0, 0.007502819932384161
934.0, 0.006046768075863323
935.0, 0.00940919649730369
936.0, 0.00746103058479233
937.0, 0.0004443210444308569
938.0, 0.0013654366418892946
939.0, 0.014317736878276652
940.0, 0.005528405273237381
941.0, 0.0006416682846663885
942.0, 0.009508206460938176
943.0, 0.012154982958498982
944.0, 0.009311771062898797
945.0, 0.012289743559585065
946.0, 0.01207592753427218
947.0, 0.010023859855675582
948.0, 0.006977042570913629
949.0, 0.0018262628363066935
950.0, 0.006028410807155831
951.0, 0.010381907630191459
952.0, 0.019766255193553697
953.0, 0.006811726164416727
954.0, 0.008908112357248756
955.0, 0.00518709840634048
956.0, 0.005790594856934087
957.0, 0.0054344567692429955
958.0, 0.005638062649771072
959.0, 0.007010626957970705
960.0, 0.0206325561339071
961.0, 0.006868944940757971
962.0, 0.003728161316804335
963.0, 0.0035728441804066353
964.0, 0.006464717664700094
965.0, 0.0014339435963693415
966.0, 0.0038444637350931433
967.0, 0.0114239636359711
968.0, 0.00575703614073027
969.0, 0.012519650813635059
970.0, 0.013135989078260711
971.0, 0.0021178920326873716
972.0, 0.0042499799733681995
973.0, 0.003600388239604694
974.0, 0.005983264166447285
975.0, 0.002630804246004042
976.0, 0.004758198969393536
977.0, 0.005011172816282738
978.0, 0.0023370843574170965
979.0, 0.0061974372379316744
980.0, 0.014528773211064216
981.0, 0.018104571432678646
982.0, 0.014297526535060506
983.0, 0.004877151774393406
984.0, 0.004210314693878592
985.0, 0.008838956292279137
986.0, 0.006717270554304411
987.0, 0.0145364596974163
988.0, 0.014478866874466619
989.0, 0.01277593465455852
990.0, 0.005780221720258514
991.0, 0.007041932183783655
992.0, 0.01723724977505567
993.0, 0.02075642727077626
994.0, 0.01421976234712531
995.0, 0.018009449821381585
996.0, 0.036429643017244086
997.0, 0.04377194648340932
998.0, 0.036004171722037466
999.0, 0.04153425520519935
1000.0, 0.046420058968791665
1001.0, 0.0533672637081735
1002.0, 0.06834831730604422
1003.0, 0.07179912517845437
1004.0, 0.08387530864401833
1005.0, 0.08615884103057672
1006.0, 0.10529873005256496
1007.0, 0.13902173603469192
1008.0, 0.176513008881053
1009.0, 0.2281572346775134
1010.0, 0.28302907269059674
1011.0, 0.3604356697537482
1012.0, 0.42596724503335287
1013.0, 0.5163741164950914
1014.0, 0.6489038597800605
1015.0, 0.8001623198402064
1016.0, 0.9377342050772625
1017.0, 0.9979382993264223
1018.0, 0.9413232659380423
1019.0, 0.789693771328287
1020.0, 0.6096261154503828
1021.0, 0.4500519187788315
1022.0, 0.317944930778776
1023.0, 0.2184041633135203
1024.0, 0.15852780176565898
1025.0, 0.11952275291064031
1026.0, 0.09146892991218704
1027.0, 0.07267703481949259
1028.0, 0.06776742106000498
1029.0, 0.05950223344143646
1030.0, 0.04652323647611271
1031.0, 0.039732537359365126
1032.0, 0.042790541072302575
1033.0, 0.0415460334198107
1034.0, 0.03756633778066017
1035.0, 0.03238396770990626
1036.0, 0.02505461098866486
1037.0, 0.034565931197049336
1038.0, 0.030312894348699684
1039.0, 0.029477336584073616
1040.0, 0.025431536101456053
1041.0, 0.012817091006493843
1042.0, 0.013424901337873227
1043.0, 0.010701286292290052
1044.0, 0.005257872164599063
1045.0, 0.011162415080150928
1046.0, 0.01053875127263567
1047.0, 0.011143080747326617
1048.0, 0.013180524092212655
1049.0, 0.007060473015503387
1050.0, 0.0047886070056708365
1051.0, 0.008658591251340926
1052.0, 0.0073158641480256656
1053.0, 0.010608587264909704
1054.0, 0.003137306178712993
1055.0, 8.762361599989573e-05
1056.0, 0.004118743450602904
1057.0, 0.01375150268754249
1058.0, 0.01602586357378043
1059.0, 0.006800676655025966
1060.0, 0.013773088475974063
1061.0, 0.014445131088768295
1062.0, 0.008123957153112362
1063.0, 0.007147309218767825
1064.0, 0.012556938951109391
1065.0, 0.020399791880987776
1066.0, 0.014061772404718393
1067.0, 0.011390984758780365
1068.0, 0.005610879909445917
1069.0, 0.004157652613320448
1070.0, 0.0017305462472546947
1071.0, 0.012603276587337474
1072.0, 0.016202572322074293
1073.0, 0.007532677766837708
1074.0, 0.021089395477745985
1075.0, 0.011475832296827504
1076.0, 0.012119238468040108
1077.0, 0.021176405985258245
1078.0, 0.015667185412318357
1079.0, 0.011847310894143833
1080.0, 0.017425127014355044
1081.0, 0.020660546281392828
1082.0, 0.01878276698378014
1083.0, 0.02528514077918755
1084.0, 0.021978158722018207
1085.0, 0.02316350151440482
1086.0, 0.022187720823935067
1087.0, 0.013308372835543961
1088.0, 0.01910940214051332
1089.0, 0.019491535855656595
1090.0, 0.01391543862362373
1091.0, 0.019371328283395335
1092.0, 0.02001095253097794
1093.0, 0.02267320321039993
1094.0, 0.02899676819681753
1095.0, 0.023274351844459473
1096.0, 0.01662936220620447
1097.0, 0.01969155263223347
1098.0, 0.026419065261717428
1099.0, 0.028988139673232282
1100.0, 0.02402468836464672
1101.0, 0.03283319741374271
1102.0, 0.03441466412355709
1103.0, 0.025957482482401265
1104.0, 0.038461675943922725
1105.0, 0.042492969426508334
1106.0, 0.03351919996720147
1107.0, 0.04168909007227873
1108.0, 0.04686744826891384
1109.0, 0.04626337307003127
1110.0, 0.051991898375096525
1111.0, 0.06265488610224826
1112.0, 0.05997534412043315
1113.0, 0.04812448924954007
1114.0, 0.04655486080953242
1115.0, 0.045129739664857255
1116.0, 0.032135411943277674
1117.0, 0.030034061718927578
1118.0, 0.029160647719150543
1119.0, 0.025455489114098763
1120.0, 0.030048540315115772
1121.0, 0.041455852661806646
1122.0, 0.04915256656381628
1123.0, 0.05479381599023711
1124.0, 0.07340039990946055
1125.0, 0.09167314716731231
1126.0, 0.11726965321666705
1127.0, 0.15579943130339058
1128.0, 0.17710331305196153
1129.0, 0.18305433792051545
1130.0, 0.1766126833171398
1131.0, 0.14365920983960254
1132.0, 0.09983935829198959
1133.0, 0.0683642290316919
1134.0, 0.04883085686631622
1135.0, 0.026764571739531947
1136.0, 0.0073750564707128295
1137.0, 0.010290266817062512
1138.0, 0.005686545284877182
1139.0, 0.005014591813147087
1140.0, 0.008146224994150577
1141.0, 0.0002883196063653839
1142.0, 0.0037641079148400835
1143.0, 0.0012976601664058751
1144.0, 0.0027390588777867924
1145.0, 0.0036320115412372114
1146.0, 0.007492078441139059
1147.0, 0.0030552601881630283
1148.0, 0.0013874946999745963
1149.0, 0.0032851571750376566
1150.0, 0.01144277277920252
1151.0, 0.018715427715830946
1152.0, 0.026222221232501865
1153.0, 0.034428483746101954
1154.0, 0.03942486589775517
1155.0, 0.026128588488643068
1156.0, 0.0320839701431007
1157.0, 0.05378360100735015
1158.0, 0.06832946035475443
1159.0, 0.0879148984886161
1160.0, 0.08873424491069083
1161.0, 0.08617582138088872
1162.0, 0.07524058764918981
1163.0, 0.07307030243836793
1164.0, 0.05438088700263416
1165.0, 0.04270768882927296
1166.0, 0.02673925849671888
1167.0, 0.023773726888727264
1168.0, 0.02083631965016181
1169.0, 0.019954106591825064
1170.0, 0.01708802415719601
1171.0, 0.005253730069491412
1172.0, 0.006395608123327672
1173.0, 0.011439338792582944
1174.0, 0.004683296525786692
1175.0, 0.0004868861310437513
1176.0, 0.004097278426628709
1177.0, 0.009985551875831115
1178.0, 0.015523452272803608
1179.0, 0.014506272275479194
1180.0, 0.01797286776060705
1181.0, 0.02278272075333499
1182.0, 0.017798589528388864
1183.0, 0.015457669150490115
1184.0, 0.013643483282835085
1185.0, 0.022286037426485304
1186.0, 0.015328881981480394
1187.0, 0.014279536815888541
1188.0, 0.011112862495926353
1189.0, 0.0032693919917326153
1190.0, 0.002853960180106975
1191.0, 0.0009211450358984612
1192.0, 0.004347104102461356
1193, 0.0
1194, 0.0
1195, 0.0
1196, 0.0
1197, 0.0
1198, 0.0
1199, 0.0
1200, 0.0
1201, 0.0
1202, 0.0
1203, 0.0
1204, 0.0
1205, 0.0
1206, 0.0
1207, 0.0
1208, 0.0
1209, 0.0
1210, 0.0
1211, 0.0
1212, 0.0
1213, 0.0
1214, 0.0
1215, 0.0
1216, 0.0
1217, 0.0
1218, 0.0
1219, 0.0
1220, 0.0
1221, 0.0
1222, 0.0
1223, 0.0
1224, 0.0
1225, 0.0
1226, 0.0
1227, 0.0
1228, 0.0
1229, 0.0
1230, 0.0
1231, 0.0
1232, 0.0
1233, 0.0
1234, 0.0
1235, 0.0
1236, 0.0
1237, 0.0
1238, 0.0
1239, 0.0
1240, 0.0
1241, 0.0
1242, 0.0
1243, 0.0
1244, 0.0
1245, 0.0
1246, 0.0
1247, 0.0
1248, 0.0
1249, 0.0
1250, 0.0
1251, 0.0
1252, 0.0
1253, 0.0
1254, 0.0
1255, 0.0
1256, 0.0
1257, 0.0
1258, 0.0
1259, 0.0
1260, 0.0
1261, 0.0
1262, 0.0
1263, 0.0
1264, 0.0
1265, 0.0
1266, 0.0
1267, 0.0
1268, 0.0
1269, 0.0
1270, 0.0
1271, 0.0
1272, 0.0
1273, 0.0
1274, 0.0
1275, 0.0
1276, 0.0
1277, 0.0
1278, 0.0
1279, 0.0
1280, 0.0
1281, 0.0
1282, 0.0
1283, 0.0
1284, 0.0
1285, 0.0
1286, 0.0
1287, 0.0
1288, 0.0
1289, 0.0
1290, 0.0
1291, 0.0
1292, 0.0
1293, 0.0
1294, 0.0
1295, 0.0
1296, 0.0
1297, 0.0
1298, 0.0
1299, 0.0
1300, 0.0
1301, 0.0
1302, 0.0
1303, 0.0
1304, 0.0
1305, 0.0
1306, 0.0
1307, 0.0
1308, 0.0
1309, 0.0
1310, 0.0
1311, 0.0
1312, 0.0
1313, 0.0
1314, 0.0
1315, 0.0
1316, 0.0
1317, 0.0
1318, 0.0
1319, 0.0
1320, 0.0
1321, 0.0
1322, 0.0
1323, 0.0
1324, 0.0
1325, 0.0
1326, 0.0
1327, 0.0
1328, 0.0
1329, 0.0
1330, 0.0
1331, 0.0
1332, 0.0
1333, 0.0
1334, 0.0
1335, 0.0
1336, 0.0
1337, 0.0
1338, 0.0
1339, 0.0
1340, 0.0
1341, 0.0
1342, 0.0
1343, 0.0
1344, 0.0
1345, 0.0
1346, 0.0
1347, 0.0
1348, 0.0
1349, 0.0
1350, 0.0
1351, 0.0
1352, 0.0
1353, 0.0
1354, 0.0
1355, 0.0
1356, 0.0
1357, 0.0
1358, 0.0
1359, 0.0
1360, 0.0
1361, 0.0
1362, 0.0
1363, 0.0
1364, 0.0
1365, 0.0
1366, 0.0
1367, 0.0
1368, 0.0
1369, 0.0
1370, 0.0
1371, 0.0
1372, 0.0
1373, 0.0
1374, 0.0
1375, 0.0
1376, 0.0
1377, 0.0
1378, 0.0
1379, 0.0
1380, 0.0
1381, 0.0
1382, 0.0
1383, 0.0
1384, 0.0
1385, 0.0
1386, 0.0
1387, 0.0
1388, 0.0
1389, 0.0
1390, 0.0
1391, 0.0
1392, 0.0
1393, 0.0
1394, 0.0
1395, 0.0
1396, 0.0
1397, 0.0
1398, 0.0
1399, 0.0
1400, 0.0
1401, 0.0
1402, 0.0
1403, 0.0
1404, 0.0
1405, 0.0
1406, 0.0
1407, 0.0
1408, 0.0
1409, 0.0
1410, 0.0
1411, 0.0
1412, 0.0
1413, 0.0
1414, 0.0
1415, 0.0
1416, 0.0
1417, 0.0
1418, 0.0
1419, 0.0
1420, 0.0
1421, 0.0
1422, 0.0
1423, 0.0
1424, 0.0
1425, 0.0
1426, 0.0
1427, 0.0
1428, 0.0
1429, 0.0
1430, 0.0
1431, 0.0
1432, 0.0
1433, 0.0
1434, 0.0
1435, 0.0
1436, 0.0
1437, 0.0
1438, 0.0
1439, 0.0
1440, 0.0
1441, 0.0
1442, 0.0
1443, 0.0
1444, 0.0
1445, 0.0
1446, 0.0
1447, 0.0
1448, 0.0
1449, 0.0
1450, 0.0
1451, 0.0
1452, 0.0
1453, 0.0
1454, 0.0
1455, 0.0
1456, 0.0
1457, 0.0
1458, 0.0
1459, 0.0
1460, 0.0
1461, 0.0
1462, 0.0
1463, 0.0
1464, 0.0
1465, 0.0
1466, 0.0
1467, 0.0
1468, 0.0
1469, 0.0
1470, 0.0
1471, 0.0
1472, 0.0
1473, 0.0
1474, 0.0
1475, 0.0
1476, 0.0
1477, 0.0
1478, 0.0
1479, 0.0
1480, 0.0
1481, 0.0
1482, 0.0
1483, 0.0
1484, 0.0
1485, 0.0
1486, 0.0
1487, 0.0
1488, 0.0
1489, 0.0
1490, 0.0
1491, 0.0
1492, 0.0
1493, 0.0
1494, 0.0
1495, 0.0
1496, 0.0
1497, 0.0
1498, 0.0
1499, 0.0
1500, 0.0
1501, 0.0
1502, 0.0
1503, 0.0
1504, 0.0
1505, 0.0
1506, 0.0
1507, 0.0
1508, 0.0
1509, 0.0
1510, 0.0
1511, 0.0
1512, 0.0
1513, 0.0
1514, 0.0
1515, 0.0
1516, 0.0
1517, 0.0
1518, 0.0
1519, 0.0
1520, 0.0
1521, 0.0
1522, 0.0
1523, 0.0
1524, 0.0
1525, 0.0
1526, 0.0
1527, 0.0
1528, 0.0
1529, 0.0
1530, 0.0
1531, 0.0
1532, 0.0
1533, 0.0
1534, 0.0
1535, 0.0
1536, 0.0
1537, 0.0
1538, 0.0
1539, 0.0
1540, 0.0
1541, 0.0
1542, 0.0
1543, 0.0
1544, 0.0
1545, 0.0
1546, 0.0
1547, 0.0
1548, 0.0
1549, 0.0
1550, 0.0
1551, 0.0
1552, 0.0
1553, 0.0
1554, 0.0
1555, 0.0
1556, 0.0
1557, 0.0
1558, 0.0
1559, 0.0
1560, 0.0
1561, 0.0
1562, 0.0
1563, 0.0
1564, 0.0
1565, 0.0
1566, 0.0
1567, 0.0
1568, 0.0
1569, 0.0
1570, 0.0
1571, 0.0
1572, 0.0
1573, 0.0
1574, 0.0
1575, 0.0
1576, 0.0
1577, 0.0
1578, 0.0
1579, 0.0
1580, 0.0
1581, 0.0
1582, 0.0
1583, 0.0
1584, 0.0
1585, 0.0
1586, 0.0
1587, 0.0
1588, 0.0
1589, 0.0
1590, 0.0
1591, 0.0
1592, 0.0
1593, 0.0
1594, 0.0
1595, 0.0
1596, 0.0
1597, 0.0
1598, 0.0
1599, 0.0
