30, 0.0
31, 0.0
32, 0.0
33, 0.0
34, 0.0
35, 0.0
36, 0.0
37, 0.0
38, 0.0
39, 0.0
40, 0.0
41, 0.0
42, 0.0
43, 0.0
44, 0.0
45, 0.0
46, 0.0
47, 0.0
48, 0.0
49, 0.0
50, 0.0
51, 0.0
52, 0.0
53.0, 0.00022215334864821354
54.0, 0.0008994830244038444
55.0, 0.0015979604325000473
56.0, 0.0020529284480340407
57.0, 0.0024784943241080762
58.0, 0.0023223083923780523
59.0, 0.0012576992502655129
60.0, 0.0006968462628330532
61.0, 0.0002083465780813688
62.0, 0.0005585523152475324
63.0, 0.000976392753450039
64.0, 0.0008128896193559545
65.0, 0.0002770018010744981
66.0, 0.0023034191378918803
67.0, 0.005519152208526238
68.0, 0.011008486616149409
69.0, 0.020031909398474067
70.0, 0.03387350906138405
71.0, 0.05869141973190737
72.0, 0.08932833033792069
73.0, 0.1355507093153002
74.0, 0.2066916823416248
75.0, 0.31060159637541
76.0, 0.4508321079240993
77.0, 0.5395459821932485
78.0, 0.5579778394193202
79.0, 0.544912455960675
80.0, 0.5594017716465517
81.0, 0.6219650052983806
82.0, 0.7032962982383256
83.0, 0.7756991248283207
84.0, 0.8255221110399126
85.0, 0.8414441732605749
86.0, 0.8057164224010893
87.0, 0.7001628516170891
88.0, 0.5604556441849079
89.0, 0.4197093178892507
90.0, 0.30337189753772253
91.0, 0.2236293183629744
92.0, 0.17831627576422526
93.0, 0.14233928511810662
94.0, 0.11422337257540871
95.0, 0.09392337264700354
96.0, 0.08173756609078614
97.0, 0.06977726426525781
98.0, 0.060596230237421424
99.0, 0.0561215109562634
100.0, 0.053901219609002585
101.0, 0.05018229854822049
102.0, 0.044328706184831174
103.0, 0.0422889358675553
104.0, 0.042007252382062925
105.0, 0.0437866561459657
106.0, 0.04806703588948824
107.0, 0.05485836498927835
108.0, 0.060971044947112925
109.0, 0.060327332590922586
110.0, 0.066505720250442
111.0, 0.072786366789067
112.0, 0.05086823175261553
113.0, 0.040248600736536494
114.0, 0.03755980648569165
115.0, 0.04000664553179583
116.0, 0.04491653624041905
117.0, 0.04920050008558527
118.0, 0.04643418413278877
119.0, 0.04590307392811371
120.0, 0.048882304381136346
121.0, 0.05881197213899421
122.0, 0.07847892783791936
123.0, 0.10850525999359398
124.0, 0.11032584878418066
125.0, 0.1412108048926984
126.0, 0.15178579095778644
127.0, 0.1329797891450348
128.0, 0.1324390519934619
129.0, 0.15197357685059545
130.0, 0.18082358756930558
131.0, 0.21491946357817515
132.0, 0.2491325378442074
133.0, 0.2768836610404081
134.0, 0.2842661711339092
135.0, 0.28113293817302615
136.0, 0.26345436654920207
137.0, 0.23719635953439758
138.0, 0.208743476207302
139.0, 0.17922612798248166
140.0, 0.16021461326997954
141.0, 0.14789877728773893
142.0, 0.138015222175643
143.0, 0.12775112991656395
144.0, 0.11616523535806536
145.0, 0.10489176657550238
146.0, 0.09229712823942299
147.0, 0.08278759327333998
148.0, 0.07354896479575744
149.0, 0.06092215269556175
150.0, 0.05043425127654333
151.0, 0.04950608797315264
152.0, 0.052773802122250496
153.0, 0.05732289408828182
154.0, 0.06099743103122602
155.0, 0.06263798210981752
156.0, 0.06750704753107811
157.0, 0.06667937785845418
158.0, 0.06502232292290772
159.0, 0.06462311902485846
160.0, 0.06572847139513979
161.0, 0.07038861653553649
162.0, 0.082750008867796
163.0, 0.09919548707719505
164.0, 0.11334683434840216
165.0, 0.11982683647924312
166.0, 0.11706439186266789
167.0, 0.11623705158694805
168.0, 0.12452359529013937
169.0, 0.13977861732944874
170.0, 0.16115246239002912
171.0, 0.18871335286345875
172.0, 0.2150340958545185
173.0, 0.2218103397900145
174.0, 0.21702165609601223
175.0, 0.20473218749037506
176.0, 0.18763124103510034
177.0, 0.1668576188825094
178.0, 0.14778480221967585
179.0, 0.13182625727203812
180.0, 0.12133455706282434
181.0, 0.11557987323696463
182.0, 0.11061080915215367
183.0, 0.10171575739685446
184.0, 0.08795166773741661
185.0, 0.07351306609085737
186.0, 0.060424134868805865
187.0, 0.04980645519917006
188.0, 0.04273028565275125
189.0, 0.04008007574901132
190.0, 0.03931970899060012
191.0, 0.04005750146212845
192.0, 0.04131847178729204
193.0, 0.04155314971352591
194.0, 0.04197182333863197
195.0, 0.042693803252454435
196.0, 0.04276585134643007
197.0, 0.04258764543904572
198.0, 0.04249498373649034
199.0, 0.04085759694417409
200.0, 0.039635166822633176
201.0, 0.04092289537712345
202.0, 0.04357993111304765
203.0, 0.04404257105251539
204.0, 0.03744241256981546
205.0, 0.02734970161708783
206.0, 0.014518157110367334
207.0, 0.005684392696760463
208.0, 0.0015074380936617906
209.0, 0.0005791530355065178
210.0, 0.0021336206668930973
211.0, 0.0016605912766998877
212.0, 0.0019479672666735666
213.0, 0.002133733046144519
214.0, 0.0015419569316067554
215.0, 0.00014597036667521535
216.0, 0.00012706962461881321
217.0, 0.0009610393307800439
218.0, 0.0008083972105747549
219.0, 0.0006212154751750732
220.0, 0.0010829294568024093
221.0, 0.0006279491443366475
222.0, 0.0006604243305981662
223.0, 0.0015447293828099694
224.0, 0.0031540929708253006
225.0, 0.0048992289560971045
226.0, 0.006362790897118136
227.0, 0.00996593509555447
228.0, 0.012286990267165806
229.0, 0.01621933636036759
230.0, 0.020892520722441812
231.0, 0.025024534305460203
232.0, 0.0279345081066118
233.0, 0.03177121619485135
234.0, 0.03903965217778758
235.0, 0.0483646675979444
236.0, 0.060780064131854904
237.0, 0.07791165487838042
238.0, 0.09990774677685271
239.0, 0.13042460775723874
240.0, 0.16014411910909207
241.0, 0.18353320990427383
242.0, 0.19381560413052637
243.0, 0.18594233006321786
244.0, 0.18137084331313671
245.0, 0.1902347296281502
246.0, 0.21015477464848506
247.0, 0.2351311092459107
248.0, 0.26047081447193676
249.0, 0.2866342366594138
250.0, 0.3033602223844038
251.0, 0.29904611508609036
252.0, 0.2750373440729408
253.0, 0.2349922968188906
254.0, 0.18571442252654136
255.0, 0.1418004244367394
256.0, 0.10996066442123223
257.0, 0.09042452398608156
258.0, 0.08103653136073306
259.0, 0.0795418364279383
260.0, 0.08379785305433642
261.0, 0.08654793925562035
262.0, 0.07982880845932015
263.0, 0.07775765079203
264.0, 0.081374630420811
265.0, 0.08779708846788044
266.0, 0.09406964186395303
267.0, 0.10151784373165591
268.0, 0.10712573809751785
269.0, 0.11105939941233754
270.0, 0.11505944060462892
271.0, 0.12041102116604459
272.0, 0.12394406202482933
273.0, 0.12982365529134818
274.0, 0.13540872014864233
275.0, 0.1431204231558237
276.0, 0.15334111331540887
277.0, 0.16408947009964506
278.0, 0.17264747501715755
279.0, 0.1810739362231108
280.0, 0.18762093660055196
281.0, 0.19438241151401242
282.0, 0.2077114923884754
283.0, 0.23512021724269666
284.0, 0.20364392185584482
285.0, 0.19880850523171006
286.0, 0.20854729705145916
287.0, 0.1901348692633445
288.0, 0.13042136753181668
289.0, 0.10831921411728923
290.0, 0.09012004273070448
291.0, 0.07051503244237392
292.0, 0.0556595309332763
293.0, 0.04495216661883867
294.0, 0.03498811274150055
295.0, 0.028335344170555155
296.0, 0.021819614130608567
297.0, 0.01593083768214684
298.0, 0.01180372288085063
299.0, 0.009136265032310086
300.0, 0.006477276146300721
301.0, 0.003435717567028749
302.0, 0.001223775608127576
303.0, 0.0009342173603127421
304.0, 0.0016352852314668116
305.0, 0.002217476524013239
306.0, 0.0021620115115124003
307.0, 0.004100318950934262
308.0, 0.004264960808486792
309.0, 0.004730941237765984
310.0, 0.005880908746768587
311.0, 0.006965526138021107
312.0, 0.006299600879459079
313.0, 0.004757370808003288
314.0, 0.004768271064394208
315.0, 0.0044360689934456144
316.0, 0.004114643471969116
317.0, 0.004272112265985378
318.0, 0.003496315892295818
319.0, 0.0011154624065082958
320.0, 0.0018701664294200437
321.0, 0.003572178597449261
322.0, 0.006220237492116994
323.0, 0.010245799407333065
324.0, 0.013408804224686514
325.0, 0.015204440588866327
326.0, 0.01791042847546864
327.0, 0.020223798052475535
328.0, 0.02148369606775765
329.0, 0.02197866216300553
330.0, 0.02326811171542175
331.0, 0.025433140181854406
332.0, 0.026591373976652476
333.0, 0.027053622238997776
334.0, 0.027010475406791076
335.0, 0.02644042025653369
336.0, 0.02571297201829636
337.0, 0.023205796580789466
338.0, 0.020961442265218504
339.0, 0.018534663732515694
340.0, 0.015749626479724985
341.0, 0.013186175521065314
342.0, 0.012644257500020396
343.0, 0.011870425994169296
344.0, 0.010688629127731587
345.0, 0.010221093742290603
346.0, 0.011038269009121459
347.0, 0.012694242170007001
348.0, 0.013858602221424977
349.0, 0.014563253437135371
350.0, 0.0155032994905114
351.0, 0.017005837977914585
352.0, 0.018990858625938342
353.0, 0.02105776520715065
354.0, 0.023663804173440536
355.0, 0.026713018977400284
356.0, 0.029881693352947318
357.0, 0.033529319335682504
358.0, 0.03779929178585705
359.0, 0.04233090245004893
360.0, 0.04652464796200132
361.0, 0.05018422856438675
362.0, 0.05763343899483618
363.0, 0.06450227349659438
364.0, 0.06945815683901863
365.0, 0.07759015667849639
366.0, 0.08562532898219452
367.0, 0.0946595287763587
368.0, 0.10382810501941367
369.0, 0.11309317489307463
370.0, 0.12343489129169573
371.0, 0.1364045092050297
372.0, 0.1481938537331059
373.0, 0.16313513038696983
374.0, 0.17759320504267972
375.0, 0.1914641600858985
376.0, 0.20613851307490944
377.0, 0.22315209908890493
378.0, 0.23781654199476956
379.0, 0.25420016376572624
380.0, 0.2706520708439136
381.0, 0.28749577455099923
382.0, 0.3052780894434511
383.0, 0.32399644003238404
384.0, 0.3414689463455759
385.0, 0.36645528097135327
386.0, 0.39133866469523976
387.0, 0.42093893269069926
388.0, 0.4581599964622588
389.0, 0.5013533882497859
390.0, 0.5576214076792756
391.0, 0.6203828238431427
392.0, 0.682285763054751
393.0, 0.7429682994472009
394.0, 0.7979724450759731
395.0, 0.8403014204222056
396.0, 0.8794166786816315
397.0, 0.9141178549359374
398.0, 0.9397355612240413
399.0, 0.9632003450497598
400.0, 0.9854042110668839
401.0, 0.9996758735504083
402.0, 0.9969748198038116
403.0, 0.9666958691464584
404.0, 0.9102301421242665
405.0, 0.8301939947458586
406.0, 0.7356076161905912
407.0, 0.6386250187239704
408.0, 0.5476937548122707
409.0, 0.4687457474127427
410.0, 0.39949792478017043
411.0, 0.34343940206666407
412.0, 0.2989907779315605
413.0, 0.26210038443779277
414.0, 0.23194251929833581
415.0, 0.20806512349046014
416.0, 0.18373037460244923
417.0, 0.16576789663090166
418.0, 0.15144259025555
419.0, 0.13665126044440293
420.0, 0.12543877217309204
421.0, 0.11501193990645477
422.0, 0.10273330296926042
423.0, 0.09245325420375534
424.0, 0.08436853028645007
425.0, 0.07687152289064492
426.0, 0.06828262592410013
427.0, 0.0628482260812975
428.0, 0.05725982962223283
429.0, 0.05186671302574856
430.0, 0.04645617655240073
431.0, 0.04178097348944493
432.0, 0.03930073201380131
433.0, 0.03578771241875618
434.0, 0.032041120417715
435.0, 0.030332066415034126
436.0, 0.027662326235828767
437.0, 0.023867303146593695
438.0, 0.02155261858488183
439.0, 0.020341707684031922
440.0, 0.016982722863485927
441.0, 0.015107618526528649
442.0, 0.013518621645156608
443.0, 0.01185535764964598
444.0, 0.010367866084889314
445.0, 0.00866076898104793
446.0, 0.00771490000217232
447.0, 0.006062519311418872
448.0, 0.005292811167275585
449.0, 0.004834912530536755
450.0, 0.0043346007044650125
451.0, 0.005301853460849611
452.0, 0.0035393214186502393
453.0, 0.002828030462073071
454.0, 0.0032216178907946563
455.0, 0.0033112719956458264
456.0, 0.002317171222191925
457.0, 0.0010487770118168091
458.0, 0.00253041310533358
459.0, 0.0026349504754850242
460.0, 0.0024809997996081156
461.0, 0.0016899115326829911
462.0, 0.0016753453281766343
463.0, 0.0032845505906068046
464.0, 0.00042471042174917185
465.0, 0.002407815926911809
466.0, 0.002432297390024529
467.0, 0.0021602776736871204
468.0, 0.0019229467766710008
469.0, 0.0016635711005201941
470.0, 0.002164559032214735
471.0, 0.002706924550571579
472.0, 0.0009183002309190004
473.0, 0.0003155107347490804
474.0, 0.0006010157185148775
475.0, 0.0011560854306708562
476.0, 0.0019402783529829945
477.0, 0.0005903903343972801
478.0, 0.0005468101006209963
479.0, 0.0006254864580684154
480.0, 0.0007161854610159131
481.0, 0.0005718872648063482
482.0, 0.0001835820797848003
483.0, 0.0006691417273758223
484.0, 0.0006805590892450067
485.0, 0.00038786099273064125
486.0, 0.0007650165724572788
487.0, 0.0012044557449465143
488.0, 0.0010954752612958635
489.0, 0.0008295527361653601
490.0, 0.000343203224495076
491.0, 0.0012090608753469742
492.0, 0.0015971459811598724
493.0, 0.0017652341545262341
494.0, 0.0019638914335515863
495.0, 0.0021030639940187988
496.0, 0.002202988649572728
497.0, 0.0015817061020099586
498.0, 0.002026284679694048
499.0, 0.0017111704944435557
500.0, 0.0010553783572060302
501.0, 0.0010978183034847698
502.0, 0.0016681752865506246
503.0, 0.0007838406430367266
504.0, 0.0012639888150172865
505.0, 0.0006494121046211961
506.0, 0.0007286554829991345
507.0, 0.0016213465628181383
508.0, 0.001514126739708499
509.0, 0.0008977322911839455
510.0, 0.00039152773327755735
511.0, 0.0003111439006088842
512.0, 0.000362954691929446
513.0, 0.0002682087107396327
514.0, 0.0001855155981973454
515.0, 0.0008376051113826978
516.0, 0.0013854499411292917
517.0, 0.0010925791007217916
518.0, 0.0016184607237349985
519.0, 0.002366265539256364
520.0, 0.003021906126056117
521.0, 0.003624058847383193
522.0, 0.0029529329202471143
523.0, 0.004496869137479905
524.0, 0.005395715312690345
525.0, 0.006648008933971421
526.0, 0.008021814960923607
527.0, 0.009327214901754243
528.0, 0.011174615819535716
529.0, 0.012213086046835131
530.0, 0.014831350316532394
531.0, 0.01723228184943088
532.0, 0.019690170924120173
533.0, 0.022666902835157685
534.0, 0.02607723908394715
535.0, 0.02876595350826887
536.0, 0.032234051591734314
537.0, 0.03590865924163153
538.0, 0.0374096581692922
539.0, 0.0390838409332241
540.0, 0.041252308258291556
541.0, 0.041146795065618816
542.0, 0.04241506842612108
543.0, 0.040757851383377376
544.0, 0.038262118092752824
545.0, 0.036085456908704266
546.0, 0.034105118715388565
547.0, 0.031492800067145894
548.0, 0.02767097881212087
549.0, 0.024774255748755008
550.0, 0.02140024543537543
551.0, 0.01955393280776962
552.0, 0.017183261885911075
553.0, 0.01446432729453218
554.0, 0.013269517030195055
555.0, 0.013086274989592073
556.0, 0.011812086196607967
557.0, 0.010462754556449695
558.0, 0.008990155302051139
559.0, 0.008311339749945778
560.0, 0.008292057125071672
561.0, 0.007678160626211309
562.0, 0.007325942863940903
563.0, 0.006676373423296047
564.0, 0.006369646270154023
565.0, 0.005875427859757947
566.0, 0.005555155614153547
567.0, 0.005543150883994057
568.0, 0.005042120860586215
569.0, 0.00472254469963897
570.0, 0.004723787324773922
571.0, 0.003934925338357707
572.0, 0.003899823763420403
573.0, 0.00437366270038864
574.0, 0.004039143333951392
575.0, 0.0025473764101188972
576.0, 0.0014739673830433465
577.0, 0.001583822434774399
578.0, 0.0017600334348953008
579.0, 0.001538825213960438
580.0, 0.0013676526935595794
581.0, 0.0016910999883598503
582.0, 0.001247887511212156
583.0, 0.0017713434080382992
584.0, 0.001451581886690962
585.0, 0.0009272206335018188
586.0, 0.0004430383350998961
587.0, 0.00021381131943262207
588.0, 0.0004177830138183936
589.0, 0.0007903752958961981
590.0, 0.0005512597195958168
591.0, 0.00093457460743379
592.0, 0.0010743697781057393
593.0, 0.0010560186786867794
594.0, 0.0010801468237312158
595.0, 0.0010211478254687181
596.0, 0.0008018938742706131
597.0, 0.00021878619207107167
598.0, 0.0007474318592885838
599.0, 0.0005283240757933085
600.0, 4.27805721259778e-05
601.0, 0.00034578547820267617
602.0, 0.0012529645558124656
603.0, 0.00018449422958909676
604.0, 0.00048304442873469387
605.0, 0.0005998677450815739
606.0, 0.0006067291052621318
607.0, 0.0005922565432193826
608.0, 0.0005974169148374574
609.0, 0.0006155751025438569
610.0, 0.00029393020707384914
611.0, 0.0007004024814621837
612.0, 0.000747160230030037
613.0, 0.0008101303885173883
614.0, 0.0006658390630691516
615.0, 0.00023957334528258234
616.0, 0.00015777398375921902
617.0, 0.0001541322934768231
618.0, 0.0006925725905084487
619.0, 0.0005707854105694714
620.0, 0.0003304614803077507
621.0, 0.0003125914350210535
622.0, 0.00039176155532662086
623.0, 0.00022080137690738176
624.0, 0.0005548358700267372
625.0, 0.0002072662811290532
626.0, 8.552641189849759e-05
627.0, 0.00047480922816954486
628.0, 0.0006076233032045599
629.0, 0.00018502408323663004
630.0, 0.00019099330210490973
631.0, 3.9479916635265324e-05
632.0, 1.9529107668132187e-05
633.0, 0.0004782800744985698
634.0, 0.0004998068208661758
635.0, 0.0003872003754634303
636.0, 0.0004199185881445019
637.0, 7.3635605700199e-05
638.0, 0.0001336609456562799
639.0, 0.0003163462353032504
640.0, 0.0004191757856363073
641.0, 0.000577505391579697
642.0, 0.0007844291800358321
643.0, 0.0009922080414016493
644.0, 0.00107010060155289
645.0, 0.00024190527442057198
646.0, 0.0009508549468815128
647.0, 0.0008528304352148135
648.0, 0.0004956004728859514
649.0, 0.0004649249107061233
650.0, 0.0006718295555914553
651.0, 0.000594228900289883
652.0, 0.0007760691488953434
653.0, 0.000323187116580352
654.0, 0.0001342686113673114
655.0, 0.00023884411954786699
656.0, 0.00044093308357310505
657.0, 0.0007277740935979945
658.0, 0.001080744941062816
659.0, 0.0007923538341470849
660.0, 0.000769703244264005
661.0, 0.0014313622467335922
662.0, 0.0012737703516922866
663.0, 0.0010490886414841088
664.0, 0.001086014694101234
665.0, 0.0010746340066840343
666.0, 0.0011090556637129412
667.0, 0.0009663225678186202
668.0, 0.001109877233692824
669.0, 0.0011593472829604166
670.0, 0.0013243995477695818
671.0, 0.001420918884392237
672.0, 0.001314145301150653
673.0, 0.0013979875201977083
674.0, 0.0013641605915947032
675.0, 0.0016233445712911555
676.0, 0.0012269017042613709
677.0, 0.0016096944195222018
678.0, 0.002074771474180983
679.0, 0.0021167546482936464
680.0, 0.002496269883332594
681.0, 0.001913161008754306
682.0, 0.0024802992767920602
683.0, 0.002375285364738799
684.0, 0.002271343800495551
685.0, 0.001910209114907801
686.0, 0.0015569269566756045
687.0, 0.0018262700360966552
688.0, 0.0020902217861708708
689.0, 0.0025616264028616906
690.0, 0.0025172198860265635
691.0, 0.0030901577375846653
692.0, 0.0034488647444888745
693.0, 0.0031976880700104056
694.0, 0.0029248096864338395
695.0, 0.003461409513567019
696.0, 0.0024080035788818293
697.0, 0.0035407679342955743
698.0, 0.003169948835803422
699.0, 0.003017604415925718
700.0, 0.0029392607969954566
701.0, 0.002662571494531636
702.0, 0.002960381873777445
703.0, 0.004068410340177981
704.0, 0.0034825967473046237
705.0, 0.004231200468975073
706.0, 0.004520240806108992
707.0, 0.004638628234572306
708.0, 0.004927413419435697
709.0, 0.005202313769491021
710.0, 0.005216199687532663
711.0, 0.005617418178779649
712.0, 0.0061234993471450646
713.0, 0.006491203842049015
714.0, 0.006723764817451206
715.0, 0.006771572459651791
716.0, 0.0069965603136038805
717.0, 0.007800805877432734
718.0, 0.007550657809053291
719.0, 0.0074857718263678505
720.0, 0.008354567812922879
721.0, 0.009457288891939015
722.0, 0.010702066070716804
723.0, 0.011429112529110927
724.0, 0.011564079513258664
725.0, 0.013162533909089452
726.0, 0.016112218596918762
727.0, 0.01603592189806436
728.0, 0.017517190616100208
729.0, 0.019281616782649825
730.0, 0.02158186435414807
731.0, 0.024367778038193164
732.0, 0.026673378555147252
733.0, 0.029607372274466352
734.0, 0.0321734927198186
735.0, 0.03411456851317711
736.0, 0.0368856510043133
737.0, 0.039279025677943245
738.0, 0.040806403146812185
739.0, 0.0422517055812132
740.0, 0.044248656791747415
741.0, 0.04338660329524512
742.0, 0.04312724115715557
743.0, 0.04479371864461997
744.0, 0.04390966776272329
745.0, 0.0430189025207377
746.0, 0.04314988559390241
747.0, 0.04257354847081776
748.0, 0.04224491908940723
749.0, 0.04293468779516829
750.0, 0.043689116467925136
751.0, 0.045282265340139585
752.0, 0.04773951634897264
753.0, 0.05105728540106469
754.0, 0.05475224211301286
755.0, 0.05818332835548372
756.0, 0.06205642110017876
757.0, 0.0654350688606678
758.0, 0.06972887760792904
759.0, 0.07251485883519863
760.0, 0.07540277425778287
761.0, 0.07850756367793647
762.0, 0.08072233322275577
763.0, 0.08163151674353707
764.0, 0.08218598660282125
765.0, 0.08061375840336973
766.0, 0.07645090988318727
767.0, 0.07262632466663842
768.0, 0.0674996471871755
769.0, 0.06111055302004451
770.0, 0.055222808822487035
771.0, 0.050286595186569125
772.0, 0.04416339617868428
773.0, 0.03942537062655748
774.0, 0.03531087035676925
775.0, 0.031208150474605505
776.0, 0.02795700651686388
777.0, 0.025596058475443936
778.0, 0.02334507524482599
779.0, 0.02105159308788526
780.0, 0.019352422706715135
781.0, 0.017547387425248383
782.0, 0.016755891115801683
783.0, 0.015810520336683054
784.0, 0.014882327583965025
785.0, 0.014064624414728239
786.0, 0.013201840577382828
787.0, 0.012711227886263
788.0, 0.012115045389394797
789.0, 0.010862779293898126
790.0, 0.011038979303270267
791.0, 0.010986656282211751
792.0, 0.010765626949581887
793.0, 0.010150481605439615
794.0, 0.009118665045994618
795.0, 0.009713609553958705
796.0, 0.00964032745520743
797.0, 0.009697461152126106
798.0, 0.010551545902054623
799.0, 0.010172001699436349
800.0, 0.010356358823119725
801.0, 0.011245147308651319
802.0, 0.01135921599301034
803.0, 0.011746339879805246
804.0, 0.010943538551506506
805.0, 0.011129588050769997
806.0, 0.01193605461286129
807.0, 0.013226450725848962
808.0, 0.014182457538830942
809.0, 0.014844384255814826
810.0, 0.015968873476618697
811.0, 0.01753663332206026
812.0, 0.017694832410191864
813.0, 0.01952551221438153
814.0, 0.02160332499198507
815.0, 0.022706987261864157
816.0, 0.024106642388479274
817.0, 0.0260472649499987
818.0, 0.02808673552908625
819.0, 0.0306301941481319
820.0, 0.03177747432824629
821.0, 0.03397034166847025
822.0, 0.038115007442880065
823.0, 0.043077230781848934
824.0, 0.048345049469297366
825.0, 0.05374358436927984
826.0, 0.05894598543925384
827.0, 0.06351765870718847
828.0, 0.06804397529931636
829.0, 0.07418405954448125
830.0, 0.07831684267142017
831.0, 0.08248862747756086
832.0, 0.08308068112600031
833.0, 0.0827417514671589
834.0, 0.0831200957791929
835.0, 0.0812916141563664
836.0, 0.07865939588830037
837.0, 0.07425002356997697
838.0, 0.07003789726190215
839.0, 0.06632060235851618
840.0, 0.06125236522088608
841.0, 0.056265693177561596
842.0, 0.05265337425648312
843.0, 0.0488622506086152
844.0, 0.042122956570246124
845.0, 0.03870610634986588
846.0, 0.03460912776202934
847.0, 0.029932759861950577
848.0, 0.026702419870145534
849.0, 0.0241679269192205
850.0, 0.02106810909629917
851.0, 0.01769285856941438
852.0, 0.015481492631482416
853.0, 0.012971583373336598
854.0, 0.01278268042177974
855.0, 0.010973139327833498
856.0, 0.009736397203233733
857.0, 0.008947253631958394
858.0, 0.007829321966791725
859.0, 0.006291612317457752
860.0, 0.005169211389755799
861.0, 0.005140352360847278
862.0, 0.004776049404512763
863.0, 0.0035652405997003236
864.0, 0.003196943568718513
865.0, 0.0030051605266521726
866.0, 0.0032890121733405967
867.0, 0.003491461787168972
868.0, 0.003189056006133807
869.0, 0.0032494650771416164
870.0, 0.0031839298871851923
871.0, 0.0028471958629557384
872.0, 0.0027047067464829665
873.0, 0.0022733527041664853
874.0, 0.0018694943634482751
875.0, 0.001897228076519199
876.0, 0.0018221662382340046
877.0, 0.000943418431123323
878.0, 0.0002450174649037722
879.0, 0.0008227336199928059
880.0, 0.001759950787943808
881.0, 0.0019058458596758426
882.0, 0.0015974207719577067
883.0, 0.0016482295708412336
884.0, 0.0018397440760318006
885.0, 0.002008232302059074
886.0, 0.0024266612783228774
887.0, 0.0018514552046749188
888.0, 0.0019946336741392995
889.0, 0.0019064919489856327
890.0, 0.0015655490590682345
891.0, 0.001625325664986204
892.0, 0.002081224666270633
893.0, 0.0019886341590325675
894.0, 0.0014654354648874894
895.0, 0.0021577089348785343
896.0, 0.0019964853977631806
897.0, 0.0018639851977179677
898.0, 0.002473131693778344
899.0, 0.002631335854355023
900.0, 0.0019305352229163084
901.0, 0.0015423633027124152
902.0, 0.0017285951712153584
903.0, 0.0020283749324555293
904.0, 0.002798634887983768
905.0, 0.0022646835890464305
906.0, 0.0028715656271473644
907.0, 0.003349647864587051
908.0, 0.002844184422349855
909.0, 0.0033716621749628976
910.0, 0.0039578420600892466
911.0, 0.003944204210679355
912.0, 0.004298736732129298
913.0, 0.004913954753747017
914.0, 0.004611009856705911
915.0, 0.005836047275197689
916.0, 0.0060139626643105565
917.0, 0.006420733675744015
918.0, 0.007462397304730059
919.0, 0.008732322562851783
920.0, 0.009991550708394505
921.0, 0.01110441218731849
922.0, 0.011630880938848566
923.0, 0.013898815239615633
924.0, 0.015430494496054563
925.0, 0.01829804255639947
926.0, 0.02012893175584841
927.0, 0.023454936694473447
928.0, 0.02706967602678309
929.0, 0.029956961780898194
930.0, 0.03317486438589556
931.0, 0.036756734485133016
932.0, 0.04101652377067974
933.0, 0.04368876918880985
934.0, 0.04684352636713484
935.0, 0.04834710233172741
936.0, 0.050030936141977005
937.0, 0.05093647510104341
938.0, 0.050800552254612066
939.0, 0.050215081676060605
940.0, 0.047958054099533916
941.0, 0.04526481608306513
942.0, 0.04424469492970608
943.0, 0.04040354777452864
944.0, 0.03763880851124774
945.0, 0.03390916389194542
946.0, 0.030442011167469665
947.0, 0.027645569379153218
948.0, 0.0243305296624457
949.0, 0.020605275421252556
950.0, 0.01841060484624032
951.0, 0.016102448937293404
952.0, 0.015111390064898918
953.0, 0.013825580295906944
954.0, 0.01283216850068564
955.0, 0.0118792868910594
956.0, 0.010750818231686035
957.0, 0.009401190169689563
958.0, 0.008159824005630636
959.0, 0.00814147019462669
960.0, 0.007479959309174165
961.0, 0.00770252561087866
962.0, 0.006304761030400849
963.0, 0.005304081229886864
964.0, 0.00601082019626841
965.0, 0.005961836514937613
966.0, 0.0049101909029067884
967.0, 0.004674662741088999
968.0, 0.00417751981935181
969.0, 0.005733576862738062
970.0, 0.0039606351480503295
971.0, 0.003986326581901027
972.0, 0.0034223245400466984
973.0, 0.0033115019562312956
974.0, 0.003165036889372367
975.0, 0.002678023595888741
976.0, 0.002455999936857845
977.0, 0.0028017078261823444
978.0, 0.002579629513687545
979.0, 0.002560309632943749
980.0, 0.0015843770315650506
981.0, 0.0012740828764115882
982.0, 0.0012977825324579707
983.0, 0.0016127314196514033
984.0, 0.0014403533373957115
985.0, 0.0012843334177986025
986.0, 0.0018721611856737444
987.0, 0.001834871253448147
988.0, 0.0010599654136183147
989.0, 0.0011769529174763605
990.0, 0.0005435328062207848
991.0, 0.0005277718860198403
992.0, 0.0003455477502883307
993.0, 0.00024254285152976754
994.0, 0.00039244648368157175
995.0, 0.0003907194546166984
996.0, 5.801112685785063e-05
997.0, 0.0001618041880638409
998.0, 0.00023148580660040439
999.0, 5.282293025129901e-05
1000.0, 8.994863632572373e-05
1001.0, 0.00032665025947731295
1002.0, 0.0005993688090164982
1003.0, 0.0008249651755881779
1004.0, 0.000788115392011404
1005.0, 0.0005253039697910481
1006.0, 0.0003810429883860467
1007.0, 0.0003558774266572708
1008.0, 0.0007117841768928229
1009.0, 0.0007257963704251975
1010.0, 0.0006066730384598648
1011.0, 0.0006110549898446522
1012.0, 0.0005750384094404995
1013.0, 0.0009975677457035475
1014.0, 0.0008867429950595411
1015.0, 0.0001607705673243172
1016.0, 0.00043807536996429353
1017.0, 0.00039749466280914104
1018.0, 0.00021015213319521122
1019.0, 0.0002635525031036199
1020.0, 0.00010494183169626136
1021.0, 0.00014725466000642404
1022.0, 8.299711433023364e-05
1023.0, 1.778593844579622e-05
1024.0, 0.00012787602134500646
1025.0, 0.00020967523609990724
1026.0, 3.522111668338048e-05
1027.0, 8.162476121036879e-05
1028.0, 0.0002504959824967707
1029.0, 2.8892110981818564e-05
1030.0, 8.562239824468632e-05
1031.0, 5.8644371619810326e-05
1032.0, 0.00032501603283421643
1033.0, 0.0006069655694919229
1034.0, 0.0006643085718799199
1035.0, 0.0007904135389142983
1036.0, 0.0010728613870089488
1037.0, 0.0008619078857715369
1038.0, 0.0017011884113552658
1039.0, 0.0014954041276114688
1040.0, 0.0011823779590316166
1041.0, 0.0010417948121778176
1042.0, 0.0018370698245800904
1043.0, 0.0021397918089027107
1044.0, 0.0020198874188228073
1045.0, 0.0021454240875548305
1046.0, 0.002329381879460309
1047.0, 0.0022698692244684238
1048.0, 0.002332808716891294
1049.0, 0.0023689264498441154
1050.0, 0.0033014771024992133
1051.0, 0.004126027745255275
1052.0, 0.0035952380673843123
1053.0, 0.003547546282120058
1054.0, 0.003361524816810845
1055.0, 0.0034426798742761165
1056.0, 0.004246850964254267
1057.0, 0.004276202806982074
1058.0, 0.004051296354926403
1059.0, 0.00476086714190698
1060.0, 0.004347189332921173
1061.0, 0.005246949990986631
1062.0, 0.005749611122567602
1063.0, 0.005808744338797052
1064.0, 0.005513656743711864
1065.0, 0.0057126629535383016
1066.0, 0.006454579606081233
1067.0, 0.007089206614269262
1068.0, 0.007850937311453256
1069.0, 0.0084132511052608
1070.0, 0.0092975081725721
1071.0, 0.009555461959000337
1072.0, 0.010834116402972455
1073.0, 0.01171514798325826
1074.0, 0.012358007019018789
1075.0, 0.013552819130789807
1076.0, 0.015312817341519661
1077.0, 0.016571993915862213
1078.0, 0.017305024331622273
1079.0, 0.019711114946682103
1080.0, 0.0221718152297799
1081.0, 0.026617733811636193
1082.0, 0.02807928555413329
1083.0, 0.03285034704991653
1084.0, 0.039222799136394856
1085.0, 0.047241051385804436
1086.0, 0.0580159434961939
1087.0, 0.07141373709731733
1088.0, 0.08813768347234759
1089.0, 0.11067827288258542
1090.0, 0.13903034337458883
1091.0, 0.17040718212596162
1092.0, 0.20187029549427046
1093.0, 0.23009958975607206
1094.0, 0.2497218537195894
1095.0, 0.26551856643737953
1096.0, 0.2694243251343062
1097.0, 0.26505680794446795
1098.0, 0.250615764485306
1099.0, 0.22187324507528014
1100.0, 0.1849573070026952
1101.0, 0.14817385569766048
1102.0, 0.11720566978797249
1103.0, 0.09191338730019082
1104.0, 0.07262638758287387
1105.0, 0.06027296850041112
1106.0, 0.048756545661073444
1107.0, 0.04047243119111657
1108.0, 0.03476513812282318
1109.0, 0.030877017763750535
1110.0, 0.0277026787515642
1111.0, 0.02378844989237131
1112.0, 0.02065723949172885
1113.0, 0.018299329092775193
1114.0, 0.016476281530279267
1115.0, 0.016224854657282854
1116.0, 0.014098722609139015
1117.0, 0.012956242725136312
1118.0, 0.012070196010802057
1119.0, 0.010926966538436476
1120.0, 0.010506050992368577
1121.0, 0.010072667182749028
1122.0, 0.008931081731888075
1123.0, 0.009153149181987091
1124.0, 0.009366759597378429
1125.0, 0.0071891594240801665
1126.0, 0.008318015015195456
1127.0, 0.0075414707331406435
1128.0, 0.006953157636447069
1129.0, 0.006000124031393899
1130.0, 0.005317930871122676
1131.0, 0.00439856245750014
1132.0, 0.0036115776163319954
1133.0, 0.003242441742172547
1134.0, 0.0027265109119431635
1135.0, 0.0027268515175190608
1136.0, 0.002893055402534702
1137.0, 0.0020970432069370016
1138.0, 0.0013052827785603586
1139.0, 0.002314262135786243
1140.0, 0.0022228276542421922
1141.0, 0.002074203376504911
1142.0, 0.0014870986104127592
1143.0, 0.001182369347013526
1144.0, 0.0012788932196856762
1145.0, 0.0008918904694443922
1146.0, 0.00033181344969623655
1147.0, 0.0007796403508421967
1148.0, 0.0006132146716900331
1149.0, 0.0006037875232314403
1150.0, 0.00040351797807203227
1151.0, 0.00032403941195641075
1152.0, 0.0004119367767888498
1153.0, 0.00019900368449074724
1154.0, 0.00042260581374741114
1155.0, 0.0004229397408021782
1156.0, 0.0003220959587194867
1157.0, 0.000527342898366415
1158.0, 0.00026075033501100247
1159.0, 0.0002452677662267645
1160.0, 0.00047131905395909597
1161.0, 3.208630408907634e-05
1162.0, 0.0009380867760682323
1163.0, 0.0003685844251915289
1164.0, 0.00037476918979631446
1165.0, 0.0006271696608822396
1166.0, 0.0005468573845314054
1167.0, 0.0004823111418789665
1168.0, 0.00041353038711593957
1169.0, 0.00038725226446195444
1170.0, 0.0005940602286416305
1171.0, 0.00019545151456097127
1172.0, 0.0006769422997980171
1173.0, 0.0010540332676527006
1174.0, 0.0007142156597155109
1175.0, 0.0007176862788039856
1176.0, 0.0002021135148522274
1177.0, 0.00018836118914398965
1178.0, 0.0005367675440243427
1179.0, 0.0005374826868793659
1180.0, 0.0004139485750554115
1181.0, 0.00046755273075619106
1182.0, 0.00046559833910858427
1183.0, 0.0005991977923678032
1184.0, 0.0011624563351217755
1185.0, 0.001400076348372523
1186.0, 0.0009713686158593359
1187.0, 0.0010548959411071427
1188.0, 0.0009200192649385554
1189.0, 0.0010016893399056861
1190.0, 0.0006420725137202014
1191.0, 0.0004917358524105613
1192.0, 0.00034926303938471375
1193.0, 0.00013808889291632006
1194.0, 0.00020987081421472542
1195.0, 0.00034269330645216164
1196.0, 0.00037856150586238336
1197.0, 0.001093254116820789
1198.0, 0.0001785575081585339
1199.0, 0.0005104463094646913
1200.0, 0.001177743395828349
1201.0, 0.0007388277132032571
1202.0, 0.00021783530886105356
1203.0, 0.00023416033661851683
1204.0, 0.0002207234235453992
1205.0, 0.00045148633657475366
1206.0, 0.0008651468189172209
1207.0, 0.000815599257883064
1208.0, 0.000364741529282265
1209.0, 0.00011275483298221562
1210.0, 0.00037356227151701837
1211.0, 0.00034240366331795256
1212.0, 0.0008370309653032005
1213.0, 0.00024011119093147467
1214.0, 0.0003117878321760373
1215.0, 0.00012400092241518837
1216.0, 0.000255872173426912
1217.0, 0.00039891993501329804
1218.0, 0.000713687508025971
1219.0, 0.0008932526142214632
1220.0, 0.0006793559344643845
1221.0, 0.0004183976154493207
1222.0, 0.00020932465877084375
1223.0, 0.0007556392134643666
1224.0, 0.0006802982804471828
1225.0, 0.0009938536055754009
1226.0, 0.0008097590473007412
1227.0, 0.0008216896264313801
1228.0, 0.0005411943796989978
1229.0, 0.0011045083183183267
1230.0, 0.000719870047930579
1231.0, 0.00026639292030646315
1232.0, 0.0006974076890540393
1233.0, 0.0009448598202034851
1234.0, 0.000472980708852627
1235.0, 0.00027406839591694363
1236.0, 6.449102890946157e-05
1237.0, 0.00010961519618463088
1238.0, 0.0005592940888058523
1239.0, 0.000241199639512012
1240.0, 0.0006577807820094274
1241.0, 0.0005931224732364746
1242.0, 0.00018011721988411158
1243.0, 0.0008108148239852791
1244.0, 0.0006188343119928901
1245.0, 0.00019054618136413136
1246.0, 0.00021865824221961887
1247.0, 0.0006838211496722835
1248.0, 0.0013925340030746106
1249.0, 0.0015195980842339484
1250.0, 0.0010845133258225294
1251.0, 0.0005764337777738944
1252.0, 0.0006954162810900576
1253.0, 0.00066213574476433
1254.0, 0.0010737577420463793
1255.0, 0.0010953715043982768
1256.0, 0.0012238928069941328
1257.0, 0.0012461998206687675
1258.0, 0.0012656794124576958
1259.0, 0.0012742665393345371
1260.0, 0.0010759617474753117
1261.0, 0.000844280195371064
1262.0, 0.0008563909057428814
1263.0, 0.0009022461583287026
1264.0, 0.0009067584710369308
1265.0, 0.001317458720156829
1266.0, 0.0010925055993957172
1267.0, 0.001275004809388277
1268.0, 0.0017916416309672065
1269.0, 0.0018685911021613848
1270.0, 0.0019201832881093656
1271.0, 0.0022271032440584967
1272.0, 0.001962969178437332
1273.0, 0.0016703481604659809
1274.0, 0.0015362275727096146
1275.0, 0.0015756507615299759
1276.0, 0.0017569757383064828
1277.0, 0.0020196560765363787
1278.0, 0.0022722098207137546
1279.0, 0.0017407664829162941
1280.0, 0.0014483214022057841
1281.0, 0.0011528020957345508
1282.0, 0.0019044543676463356
1283.0, 0.0015111859961033057
1284.0, 0.0011278994133414114
1285.0, 0.002112714195204146
1286.0, 0.0021582060753183134
1287.0, 0.001181399046847733
1288.0, 0.001380054059733256
1289.0, 0.0019166050348308798
1290.0, 0.0019744302713563294
1291.0, 0.0019877839002234456
1292.0, 0.001785814359572573
1293.0, 0.0015656107035818632
1294.0, 0.0019256699660300713
1295.0, 0.001018318887498099
1296.0, 0.001519161094055492
1297.0, 0.0016041709962900334
1298.0, 0.0017149400105186264
1299.0, 0.001239850578984875
1300.0, 0.0018449066447572041
1301.0, 0.0018580877311135337
1302.0, 0.002187080677869303
1303.0, 0.0022695913905498018
1304.0, 0.0021793754984904263
1305.0, 0.0016877958366919104
1306.0, 0.0014854488001417743
1307.0, 0.0016980094523658571
1308.0, 0.0016540967302831832
1309.0, 0.0022630600467356617
1310.0, 0.0016384329573891922
1311.0, 0.001522670951685994
1312.0, 0.0016751004408592355
1313.0, 0.0013674294809839019
1314.0, 0.001516678804064306
1315.0, 0.0015195802838484176
1316.0, 0.0016653277902094722
1317.0, 0.0016454213898761034
1318.0, 0.001526108548270604
1319.0, 0.0019936895368495968
1320.0, 0.0017457678363832357
1321.0, 0.0016086807047891241
1322.0, 0.001878593100684572
1323.0, 0.0014314363804237488
1324.0, 0.0009495909093584011
1325.0, 0.001150435153619008
1326.0, 0.001300204955620937
1327.0, 0.001582932316029478
1328.0, 0.0008557520555864934
1329.0, 0.0013559447953772235
1330.0, 0.0014960397616934217
1331.0, 0.0007980755506391524
1332.0, 0.0011331174106908844
1333.0, 0.001420003421397335
1334.0, 0.0013174262534496374
1335.0, 0.0005131617478646756
1336.0, 0.0006232090280883875
1337.0, 0.0008914364212120112
1338.0, 0.0010859222319408541
1339.0, 0.0013499006209863349
1340.0, 0.0009000960604914062
1341.0, 0.0005737028035254163
1342.0, 0.001280467249466482
1343.0, 0.0008341577636521921
1344.0, 0.0003642738255003855
1345.0, 0.0012000396723855754
1346.0, 1.1671838766105498e-05
1347.0, 0.00025520938188692746
1348.0, 0.0005896938161537941
1349.0, 0.0008334436427444461
1350.0, 0.0004522176565584441
1351.0, 0.0004381574985638446
1352.0, 0.0005683541969417641
1353.0, 0.0006202446103982584
1354.0, 0.00102527579194931
1355.0, 0.0011246105368683235
1356.0, 0.0009343986689459287
1357.0, 0.000720467947893033
1358.0, 0.00045296514885060876
1359.0, 0.0009255308735790433
1360.0, 0.0007540043947919033
1361.0, 0.00099469213129748
1362.0, 0.00011227931675754017
1363.0, 0.0003204192323851675
1364.0, 0.000987156490639869
1365.0, 0.0005185803080261296
1366.0, 0.00015391139065358496
1367.0, 0.00021156459724846658
1368.0, 0.0004943828049097663
1369.0, 0.0007568479644737518
1370.0, 0.00039139831332579104
1371.0, 0.00034673232599396407
1372.0, 0.00032991652329943745
1373.0, 0.00013179676000553864
1374.0, 0.00019929163195639676
1375.0, 0.0002977596202374176
1376.0, 0.0002445211653660065
1377.0, 0.0004701755006087384
1378.0, 0.0004710456536947707
1379.0, 0.0003276497375488972
1380.0, 0.0009787436478490375
1381.0, 0.0006035092686210726
1382.0, 0.0006447697282660942
1383.0, 0.0010137949670851031
1384.0, 0.00020442737031588698
1385.0, 0.00024714860577808014
1386.0, 0.0006344789242205198
1387.0, 0.0008237842047874069
1388.0, 0.0002794379544657531
1389.0, 0.0003263774715924753
1390.0, 0.0007460905252657497
1391.0, 0.0008071466025696121
1392.0, 0.0009790156814194558
1393.0, 0.0009534063812926029
1394.0, 0.0009061675525132401
1395.0, 0.0010759561751782069
1396.0, 0.000284464141521595
1397.0, 0.000505608394375632
1398.0, 0.0006250175707763959
1399.0, 0.00012983178745453873
1400.0, 0.00040621430867098494
1401.0, 0.00020000993374515478
1402.0, 0.0013424586097813605
1403.0, 0.0010075182922884294
1404.0, 0.0009124995226927464
1405.0, 0.0005244744488027458
1406.0, 0.0011361860235294236
1407.0, 0.0009990575657596453
1408.0, 0.001262344885113689
1409.0, 0.0012297525905872334
1410.0, 0.0016189677416438748
1411.0, 0.0028505898721883274
1412.0, 0.0031744975473705812
1413.0, 0.003515247406646399
1414.0, 0.005605213588424664
1415.0, 0.007535834119988636
1416.0, 0.008548606488081359
1417.0, 0.009884557486885662
1418.0, 0.01085614063984257
1419.0, 0.013160391180671131
1420.0, 0.011380709479765093
1421.0, 0.012586481665081228
1422.0, 0.011844648549345246
1423.0, 0.01038239086096611
1424.0, 0.00987314424712695
1425.0, 0.010713207426059381
1426.0, 0.012050951366042105
1427.0, 0.013014779867846061
1428.0, 0.013707818806887285
1429.0, 0.014719678041454732
1430.0, 0.015032557930020304
1431.0, 0.014991198710525339
1432.0, 0.01410043234960802
1433.0, 0.012138005346425704
1434.0, 0.009655569023752255
1435.0, 0.007291430789922768
1436.0, 0.005760775525929376
1437.0, 0.004436829300290202
1438.0, 0.0028967266415109885
1439.0, 0.0031821765837225487
1440.0, 0.0026643124184428622
1441.0, 0.0018225610760605087
1442.0, 0.0013221898405369782
1443.0, 0.001401430530923308
1444.0, 0.001992921428982733
1445.0, 0.0012194095586765704
1446.0, 0.0010910804998332752
1447.0, 0.0007048416594050075
1448.0, 0.0006562434025917872
1449.0, 0.0011960368006468966
1450.0, 0.0010300781333635266
1451.0, 0.0014103753104273285
1452.0, 0.0026057854945273702
1453.0, 0.0035338568384161192
1454.0, 0.004670498332002668
1455.0, 0.006291630105618907
1456.0, 0.007894519686034034
1457.0, 0.009397776231620351
1458.0, 0.011276226971483084
1459.0, 0.012476088934545248
1460.0, 0.011723713117413166
1461.0, 0.010275410432567465
1462.0, 0.008051739058814513
1463.0, 0.007461588756996064
1464.0, 0.004490235171865339
1465.0, 0.004342046360398291
1466.0, 0.0029119785777495647
1467.0, 0.002077528065356019
1468.0, 0.0019044933668596695
1469.0, 0.002345633559386052
1470.0, 0.002234714715315078
1471.0, 0.002107029197062783
1472.0, 0.0025303381617591994
1473.0, 0.0021320752997907666
1474.0, 0.0016890065965429637
1475.0, 0.0023905199311737096
1476.0, 0.0021824896662298505
1477.0, 0.002094222096150858
1478.0, 0.0023617926325925735
1479.0, 0.002811101522001702
1480.0, 0.0031259593138666377
1481.0, 0.003418898635393717
1482.0, 0.0035978895407672764
1483.0, 0.003067840774940952
1484.0, 0.0023341988967949265
1485.0, 0.002335809035292842
1486.0, 0.002585549324186606
1487.0, 0.0020311893623410964
1488.0, 0.0026320413370846873
1489.0, 0.0030006138538706036
1490.0, 0.0015702338789062127
1491.0, 0.0018376221192158229
1492.0, 0.0025225657963574098
1493.0, 0.0020605964469226573
1494.0, 0.002099458786077344
1495.0, 0.0023740670847610234
1496.0, 0.0018369363375490876
1497.0, 0.001542322232474757
1498.0, 0.0018890919742963839
1499.0, 0.0015029838286262057
1500.0, 0.0011150050593746457
1501.0, 0.0014481172533918848
1502.0, 0.0016648310809647085
1503.0, 0.0014455464932996028
1504.0, 0.0015702329055865378
1505.0, 0.0013942347707536897
1506.0, 0.0013334670634153705
1507.0, 0.0013027978322754238
1508.0, 0.0010360064543293139
1509.0, 0.0007848507408438332
1510.0, 0.0009195632599563931
1511.0, 0.0013199676937805404
1512.0, 0.0015420709930007795
1513.0, 0.001925708544206718
1514.0, 0.0016822274348877943
1515.0, 0.001642441760710005
1516.0, 0.0016611889821150367
1517.0, 0.0008016367403779028
1518.0, 0.001854709418653114
1519.0, 0.0022684744553711695
1520.0, 0.0011651265059642833
1521.0, 0.0004846480046141156
1522.0, 0.0017305757787673636
1523.0, 0.0009031123205968127
1524.0, 0.0017300140583269648
1525.0, 0.001646842579297671
1526.0, 0.001334891782945015
1527.0, 0.0014608539495896812
1528.0, 0.001961785685394401
1529.0, 0.001576081485943518
1530.0, 0.0018325170318109622
1531.0, 0.0019770940654942545
1532.0, 0.002548126145565329
1533.0, 0.002837388756280626
1534.0, 0.0017926748126156132
1535.0, 0.0021378535813616484
1536.0, 0.002357496261151531
1537.0, 0.00142029072824527
1538.0, 0.0012949400759526138
1539.0, 0.0016579611170891712
1540.0, 0.0016527843004603994
1541.0, 0.0017107000838993782
1542.0, 0.0016306759963142382
1543.0, 0.0014541701724775338
1544.0, 0.0013940017443616244
1545.0, 0.001252629479415271
1546.0, 0.0011888007481497542
1547.0, 0.0008446875844527529
1548.0, 0.0008630179042163833
1549.0, 0.0011342019219412929
1550.0, 0.0020581376236783904
1551.0, 0.002577906738132498
1552.0, 0.00418441101286881
1553.0, 0.006561468061206051
1554.0, 0.009635705104116758
1555.0, 0.009112075577458256
1556.0, 0.0069451731682186315
1557.0, 0.0033496593524578347
1558.0, 0.0009633189477753366
1559.0, 0.0007810689032114136
1560.0, 0.0002046881192135023
1561.0, 5.1795712386886136e-05
1562.0, 0.00048399641527003526
1563.0, 0.0007599727542694569
1564.0, 0.0005336571262163696
1565.0, 0.0007216502561459864
1566.0, 0.0017323723800689963
1567.0, 0.0010173429701622145
1568.0, 0.0005489457013292778
1569.0, 0.0010154153660617447
1570.0, 0.0004759008531412153
1571.0, 2.408715703619265e-07
1572, 0.0
1573, 0.0
1574, 0.0
1575, 0.0
1576, 0.0
1577, 0.0
1578, 0.0
1579, 0.0
1580, 0.0
1581, 0.0
1582, 0.0
1583, 0.0
1584, 0.0
1585, 0.0
1586, 0.0
1587, 0.0
1588, 0.0
1589, 0.0
1590, 0.0
1591, 0.0
1592, 0.0
1593, 0.0
1594, 0.0
1595, 0.0
1596, 0.0
1597, 0.0
1598, 0.0
1599, 0.0
