30, 0.0
31, 0.0
32, 0.0
33, 0.0
34, 0.0
35, 0.0
36, 0.0
37, 0.0
38, 0.0
39, 0.0
40, 0.0
41, 0.0
42, 0.0
43, 0.0
44, 0.0
45, 0.0
46, 0.0
47, 0.0
48, 0.0
49, 0.0
50, 0.0
51, 0.0
52, 0.0
53, 0.0
54, 0.0
55, 0.0
56, 0.0
57, 0.0
58, 0.0
59, 0.0
60, 0.0
61, 0.0
62, 0.0
63, 0.0
64, 0.0
65, 0.0
66, 0.0
67, 0.0
68, 0.0
69, 0.0
70, 0.0
71, 0.0
72, 0.0
73, 0.0
74, 0.0
75, 0.0
76, 0.0
77, 0.0
78, 0.0
79, 0.0
80, 0.0
81, 0.0
82, 0.0
83, 0.0
84, 0.0
85, 0.0
86, 0.0
87, 0.0
88, 0.0
89, 0.0
90, 0.0
91, 0.0
92, 0.0
93, 0.0
94, 0.0
95, 0.0
96, 0.0
97, 0.0
98, 0.0
99, 0.0
100, 0.0
101, 0.0
102, 0.0
103, 0.0
104, 0.0
105, 0.0
106, 0.0
107, 0.0
108.0, 0.0011912572203517985
109.0, 0.0021426990735055897
110.0, 0.001416164436171148
111.0, 0.0024092531980883292
112.0, 0.007500053877813327
113.0, 0.017089376068997613
114.0, 0.0327683374455851
115.0, 0.043629119197416244
116.0, 0.04998620742791767
117.0, 0.05116382196353637
118.0, 0.03856698753104809
119.0, 0.02986633864926543
120.0, 0.02524243403906293
121.0, 0.024321988361626096
122.0, 0.020811478812962712
123.0, 0.016766561481209346
124.0, 0.012850147626256015
125.0, 0.006181934067052107
126.0, 0.003343861883932157
127.0, 0.0027959915135823362
128.0, 0.0024059497471204333
129.0, 0.004515930042198276
130.0, 0.004880231785124373
131.0, 0.002813398878099127
132.0, 0.0014445714168665764
133.0, 0.0018708511370858296
134.0, 0.0029897428392876703
135.0, 0.0038565166407308455
136.0, 0.004854125195402537
137.0, 0.006602167650912025
138.0, 0.008118099615911884
139.0, 0.004317706699882159
140.0, 0.0029858801536546764
141.0, 0.0026488386616821016
142.0, 0.002656365396606921
143.0, 0.0017040757204241322
144.0, 0.003369979747171622
145.0, 0.006736971892643862
146.0, 0.009874488175949839
147.0, 0.007286436396478403
148.0, 0.005006250425577872
149.0, 0.005030994641819945
150.0, 0.01191613292905989
151.0, 0.014655143892338535
152.0, 0.018281686371941993
153.0, 0.029047920762449365
154.0, 0.032654074363203
155.0, 0.03910644584588248
156.0, 0.04833335231491767
157.0, 0.05406658160106894
158.0, 0.06096473541585062
159.0, 0.06780064008700813
160.0, 0.07387991621954874
161.0, 0.07486244920143348
162.0, 0.07370150807508767
163.0, 0.06974437140888427
164.0, 0.06072943070295069
165.0, 0.05503552123609396
166.0, 0.049520658833005715
167.0, 0.04352616130646138
168.0, 0.038370572995148004
169.0, 0.03602304799483453
170.0, 0.03527913234804783
171.0, 0.03531898789011414
172.0, 0.03849667003011486
173.0, 0.039776182407838395
174.0, 0.03988504360953383
175.0, 0.042935832896377486
176.0, 0.04351771402558469
177.0, 0.0446063391603325
178.0, 0.047308529326290996
179.0, 0.04606042941497987
180.0, 0.04881795976493723
181.0, 0.052298466165690526
182.0, 0.05171697316924272
183.0, 0.05252386348525187
184.0, 0.05261193081774304
185.0, 0.05197556282761073
186.0, 0.052349123214776215
187.0, 0.04691231321568614
188.0, 0.04108643588303918
189.0, 0.03791348196717538
190.0, 0.03459797773223991
191.0, 0.03185708902572346
192.0, 0.028850747562321245
193.0, 0.02379698748812003
194.0, 0.020144576146166625
195.0, 0.015291294099459153
196.0, 0.009380982499228639
197.0, 0.007848247017680459
198.0, 0.005522013933492433
199.0, 0.0028513912210420735
200.0, 9.944129049312177e-05
201.0, 0.001424431156648586
202.0, 0.002915877862600907
203.0, 0.003681149596472564
204.0, 0.0017323889455937147
205.0, 0.0050686425210894155
206.0, 0.0060310839655447175
207.0, 0.004054996412009603
208.0, 0.011249982472334876
209.0, 0.017355757965514737
210.0, 0.021717276165444194
211.0, 0.02353566598608607
212.0, 0.030830639750969543
213.0, 0.03661051126270515
214.0, 0.04349503561448213
215.0, 0.058711568298858006
216.0, 0.06910361654104717
217.0, 0.07755872266381279
218.0, 0.08517977298582528
219.0, 0.09607384348782758
220.0, 0.10728945905108979
221.0, 0.12121770173529693
222.0, 0.1400357487338032
223.0, 0.15418283099657007
224.0, 0.1655072285430777
225.0, 0.17675394285394974
226.0, 0.1938499043315774
227.0, 0.20166234363628438
228.0, 0.21313753845634262
229.0, 0.22925421093341347
230.0, 0.23719250977201295
231.0, 0.24628522314815463
232.0, 0.25289010955775987
233.0, 0.2544718759432359
234.0, 0.2525593385888336
235.0, 0.25191635881981267
236.0, 0.25060673272374545
237.0, 0.24500006732925164
238.0, 0.2512141342078625
239.0, 0.2504969695673601
240.0, 0.24388087409395495
241.0, 0.2513598353883471
242.0, 0.25941966849678916
243.0, 0.2691829258368991
244.0, 0.28141552885067
245.0, 0.29902716192562984
246.0, 0.31707665853700384
247.0, 0.33793141255269354
248.0, 0.36507139392279087
249.0, 0.3888634003570381
250.0, 0.4173938612591
251.0, 0.4511407770451346
252.0, 0.4899330630334728
253.0, 0.5222387148081912
254.0, 0.557328960624476
255.0, 0.5958599815692401
256.0, 0.613106111813661
257.0, 0.6216428262236904
258.0, 0.6191485212667198
259.0, 0.6023057477579824
260.0, 0.5730722088964258
261.0, 0.5382121941513137
262.0, 0.5009048460257496
263.0, 0.4666340233307218
264.0, 0.43759970025381406
265.0, 0.4084264221745862
266.0, 0.38031065311224
267.0, 0.36377545237272363
268.0, 0.34179092370034486
269.0, 0.32206987713055346
270.0, 0.30777960657236525
271.0, 0.2915334901918019
272.0, 0.27084822838313727
273.0, 0.24849503831310044
274.0, 0.22708717718459093
275.0, 0.21684074461603908
276.0, 0.20202091021168533
277.0, 0.18434429470537983
278.0, 0.1696529315697997
279.0, 0.1671900159526198
280.0, 0.16219194604444
281.0, 0.1550292724338473
282.0, 0.16624788464474702
283.0, 0.16848577157495026
284.0, 0.17334610285819335
285.0, 0.18692541869181792
286.0, 0.21568968754350362
287.0, 0.23882004342185104
288.0, 0.26193969328274946
289.0, 0.2911285001721267
290.0, 0.33059871993418194
291.0, 0.36098165042857394
292.0, 0.3853249261095947
293.0, 0.41262377842751824
294.0, 0.4212304579002802
295.0, 0.42802020933191026
296.0, 0.4339647438197542
297.0, 0.42680019479005205
298.0, 0.4152416132685821
299.0, 0.40278014968321135
300.0, 0.3904245531916
301.0, 0.3705318591737267
302.0, 0.3563079863477319
303.0, 0.3468307243787073
304.0, 0.3418272393135315
305.0, 0.32777099410131066
306.0, 0.31832298912162754
307.0, 0.31405022917047315
308.0, 0.3159521614247723
309.0, 0.31324857515210924
310.0, 0.313040401151609
311.0, 0.31580469808089245
312.0, 0.319939624465166
313.0, 0.331693054200297
314.0, 0.3446165342736675
315.0, 0.3566250614616765
316.0, 0.36648069777164427
317.0, 0.3831009761538554
318.0, 0.4010523475828369
319.0, 0.41734999235413295
320.0, 0.43777263657708315
321.0, 0.456178747463553
322.0, 0.4746014436558898
323.0, 0.4953649894812768
324.0, 0.5042945675451594
325.0, 0.5119301919715467
326.0, 0.5182577336278199
327.0, 0.5218032624316483
328.0, 0.5195263582952718
329.0, 0.5158825089285851
330.0, 0.51112787678216
331.0, 0.5033939790248451
332.0, 0.47262122857264216
333.0, 0.4499240607649542
334.0, 0.440666770197618
335.0, 0.405900720477233
336.0, 0.37850614396774346
337.0, 0.35240156559529695
338.0, 0.3243512411787924
339.0, 0.29751097109431823
340.0, 0.2749572040568285
341.0, 0.2534384929762555
342.0, 0.22982230410787152
343.0, 0.2159447300556437
344.0, 0.20183983268802994
345.0, 0.18754344354361654
346.0, 0.17366003076481717
347.0, 0.16659258632190097
348.0, 0.1601730954903399
349.0, 0.15431624161168103
350.0, 0.1508589168984401
351.0, 0.15190127472809112
352.0, 0.1526185712556658
353.0, 0.1528403378124537
354.0, 0.15708219851952926
355.0, 0.1636160173850583
356.0, 0.1735429669275871
357.0, 0.18656136136150653
358.0, 0.19425009923478173
359.0, 0.20694868294094892
360.0, 0.22190743968617638
361.0, 0.2374953912699768
362.0, 0.2507377126927723
363.0, 0.26008974163281534
364.0, 0.267515784499333
365.0, 0.2747639224416562
366.0, 0.2779432569709617
367.0, 0.28316783774382687
368.0, 0.28929345039303245
369.0, 0.2944529918733879
370.0, 0.2961325228739189
371.0, 0.2948570004617254
372.0, 0.2943710399141063
373.0, 0.3032666920815754
374.0, 0.31185015389754894
375.0, 0.3127029444507299
376.0, 0.3097842173546238
377.0, 0.3209597808528142
378.0, 0.3156472428695036
379.0, 0.31210335083244134
380.0, 0.31469945423114903
381.0, 0.3214034409616092
382.0, 0.318378125183092
383.0, 0.31396739375308585
384.0, 0.31199434717573643
385.0, 0.3180043035612132
386.0, 0.32312283290289256
387.0, 0.32654052644939113
388.0, 0.32801106254050283
389.0, 0.33311458368906866
390.0, 0.33641287828327565
391.0, 0.34066877463855555
392.0, 0.34807305027839575
393.0, 0.3549526797092654
394.0, 0.3599715457040343
395.0, 0.3666001835904347
396.0, 0.3788046817523513
397.0, 0.37021477787264334
398.0, 0.36845307942452815
399.0, 0.3663206114300103
400.0, 0.3514984576376427
401.0, 0.33833088207732054
402.0, 0.3285821164585419
403.0, 0.3168759838634281
404.0, 0.29186906043812255
405.0, 0.2695763864936726
406.0, 0.24843237137429344
407.0, 0.2283073031178886
408.0, 0.20946017592466715
409.0, 0.19470724060342062
410.0, 0.17965254901391386
411.0, 0.16403778903667804
412.0, 0.1497823360305441
413.0, 0.14248224710047355
414.0, 0.1346250969639187
415.0, 0.12494765765794529
416.0, 0.11626398916781654
417.0, 0.10844515368386777
418.0, 0.10122198263642328
419.0, 0.09472171788650606
420.0, 0.09019146101200004
421.0, 0.08382176636536384
422.0, 0.08232011757598456
423.0, 0.08700380122801674
424.0, 0.08484555348735216
425.0, 0.08068790470446602
426.0, 0.07940460071788122
427.0, 0.08254773882372134
428.0, 0.07857403064526439
429.0, 0.07666900096176243
430.0, 0.07616563802513861
431.0, 0.07700519186618414
432.0, 0.08416060412340157
433.0, 0.08229372443878273
434.0, 0.08059067650461782
435.0, 0.08510747069469855
436.0, 0.0810124213686244
437.0, 0.08336723188401964
438.0, 0.08669435834934176
439.0, 0.08648849334640946
440.0, 0.08527121963360924
441.0, 0.08237319159560029
442.0, 0.0816419720784063
443.0, 0.08682578855605994
444.0, 0.08703477047508015
445.0, 0.08869589178866812
446.0, 0.08917002253548142
447.0, 0.08550140117727728
448.0, 0.08190554573289459
449.0, 0.08149473316724762
450.0, 0.08254553089416025
451.0, 0.08294020502601211
452.0, 0.09059547215101399
453.0, 0.09072450009112007
454.0, 0.0894386340626728
455.0, 0.09547544327094319
456.0, 0.09606837136576732
457.0, 0.10086593607155446
458.0, 0.10658992852115148
459.0, 0.10794451921212969
460.0, 0.11412266191192307
461.0, 0.1196908781935538
462.0, 0.12477357106685374
463.0, 0.12999034822424424
464.0, 0.12892093258659462
465.0, 0.13061763347314323
466.0, 0.13360089588646892
467.0, 0.1346530864455946
468.0, 0.12680286386933395
469.0, 0.1275930769939892
470.0, 0.12957565702590795
471.0, 0.11850882896734842
472.0, 0.12242387970574672
473.0, 0.11800489537900703
474.0, 0.10951795468246481
475.0, 0.10678983487933232
476.0, 0.09986893059253275
477.0, 0.09539911573046617
478.0, 0.09144462322255793
479.0, 0.08396320680824637
480.0, 0.08109127253878746
481.0, 0.07662352865417543
482.0, 0.07051241600188976
483.0, 0.06336504056306884
484.0, 0.05769406087762893
485.0, 0.05192448112845036
486.0, 0.0466006325109732
487.0, 0.042788171750495346
488.0, 0.036859342654264764
489.0, 0.030427131236649654
490.0, 0.02561707705267107
491.0, 0.025592956817234558
492.0, 0.021458710646898686
493.0, 0.01644670672531794
494.0, 0.010975510586071994
495.0, 0.005372886577453304
496.0, 0.006610805072880644
497.0, 0.005122922093662021
498.0, 0.002423391474853158
499.0, 0.0011269467806619827
500.0, 0.0030058905397466512
501.0, 0.005062876993223786
502.0, 0.007196310060966795
503.0, 0.009407980802803296
504.0, 0.009892347848500958
505.0, 0.010157071558134056
506.0, 0.010367758079638113
507.0, 0.010672806999385215
508.0, 0.012903146588371012
509.0, 0.013499283774766732
510.0, 0.013000788271835213
511.0, 0.012011422592811865
512.0, 0.014280937210639874
513.0, 0.01048299377054591
514.0, 0.008398814899697965
515.0, 0.014254339201405578
516.0, 0.0066234513568328435
517.0, 0.0060181116680404914
518.0, 0.009818249928536138
519.0, 0.015519731097758152
520.0, 0.012037690962908064
521.0, 0.012032023425555406
522.0, 0.011727273962823406
523.0, 0.009231546576210092
524.0, 0.01173568258208238
525.0, 0.011400455508132389
526.0, 0.009692230676470192
527.0, 0.007636526147978002
528.0, 0.007469279257671193
529.0, 0.005713330059427019
530.0, 0.0049013112822245495
531.0, 0.005367768931911789
532.0, 0.0016476214519202705
533.0, 0.0018847918656223882
534.0, 0.0023805505677622677
535.0, 0.0028022619209363314
536.0, 0.008225880817746676
537.0, 0.007330465556460387
538.0, 0.009065076328014158
539.0, 0.014492585687135996
540.0, 0.01778159627863978
541.0, 0.023202391849323156
542.0, 0.02326018222025757
543.0, 0.020009469367217723
544.0, 0.024352611769766684
545.0, 0.025936038568202993
546.0, 0.027448427289197178
547.0, 0.028839854548658325
548.0, 0.029027939417911763
549.0, 0.03020647883668208
550.0, 0.03353217880923061
551.0, 0.03643088955176502
552.0, 0.034269320678261245
553.0, 0.03341458952526877
554.0, 0.0349903870196358
555.0, 0.03848887488767429
556.0, 0.04315100249332207
557.0, 0.051213834214880224
558.0, 0.056508616316557306
559.0, 0.06040282665188975
560.0, 0.06439316662254435
561.0, 0.06955137111486745
562.0, 0.07433369689698219
563.0, 0.08062231487751488
564.0, 0.08941630205387155
565.0, 0.09534106931461643
566.0, 0.09722712368783283
567.0, 0.10356360685649578
568.0, 0.116372628071135
569.0, 0.11664228186185575
570.0, 0.11793510849416422
571.0, 0.11562254121179213
572.0, 0.11075419542571249
573.0, 0.11660674255210673
574.0, 0.11425399383333903
575.0, 0.11136448490906435
576.0, 0.10904519876710722
577.0, 0.10457923705915632
578.0, 0.10745192729238554
579.0, 0.1112759053060047
580.0, 0.11286995420013714
581.0, 0.10767122257589659
582.0, 0.11340316687000437
583.0, 0.11442913632143471
584.0, 0.112252906443273
585.0, 0.11101798810461509
586.0, 0.11462268608713914
587.0, 0.11660496760232414
588.0, 0.11763957683892406
589.0, 0.11846904197667076
590.0, 0.11527378285778878
591.0, 0.1167249749952389
592.0, 0.1174241756322533
593.0, 0.11481732262050018
594.0, 0.11994452300378171
595.0, 0.1229798144121286
596.0, 0.12251691085019267
597.0, 0.11958957232398175
598.0, 0.12300111170821115
599.0, 0.12753228469587363
600.0, 0.12990808514438712
601.0, 0.12974254259088056
602.0, 0.128627879355259
603.0, 0.13408539936575906
604.0, 0.13801213573723475
605.0, 0.13881488891167487
606.0, 0.13584490695350346
607.0, 0.13450851416000506
608.0, 0.1350199783267592
609.0, 0.13460835431046264
610.0, 0.12994454311054604
611.0, 0.12645238670185785
612.0, 0.12551122338960058
613.0, 0.12481686580398309
614.0, 0.12242641886991944
615.0, 0.11681440805385356
616.0, 0.11155891063714843
617.0, 0.10505276257389777
618.0, 0.09651709504680155
619.0, 0.08593261879599194
620.0, 0.07580784770011051
621.0, 0.07154821384061252
622.0, 0.07090085458020155
623.0, 0.062498850398012576
624.0, 0.06615588909338699
625.0, 0.058788700647857337
626.0, 0.04816678213878868
627.0, 0.053458287462906304
628.0, 0.040439383993565205
629.0, 0.03425679024177244
630.0, 0.03461947664305333
631.0, 0.03935391949747812
632.0, 0.03326193319902291
633.0, 0.03008949428405158
634.0, 0.027303877456389052
635.0, 0.024339858102408976
636.0, 0.02897375082125678
637.0, 0.025453203078969776
638.0, 0.024719896608174023
639.0, 0.02876705585139285
640.0, 0.0311146145516446
641.0, 0.03285193715658163
642.0, 0.03212280850584913
643.0, 0.030628910358483925
644.0, 0.032272410649374625
645.0, 0.03595404304938921
646.0, 0.03981270127178366
647.0, 0.04219397020040922
648.0, 0.04174993875902109
649.0, 0.04762879131743634
650.0, 0.05030421541351136
651.0, 0.055312385449787366
652.0, 0.06435288058941539
653.0, 0.06551226671701811
654.0, 0.06992030473514553
655.0, 0.071313170888499
656.0, 0.07062893273537997
657.0, 0.07730640299058085
658.0, 0.08280270606228742
659.0, 0.0845204432239378
660.0, 0.08357728705208273
661.0, 0.08249089562812702
662.0, 0.08622877669133235
663.0, 0.08917869935167495
664.0, 0.08904272591231893
665.0, 0.08509105377977867
666.0, 0.09334739329325883
667.0, 0.09358834382895508
668.0, 0.09687591902231882
669.0, 0.10472281080212024
670.0, 0.09975736080873981
671.0, 0.10084911656315898
672.0, 0.10726923195514415
673.0, 0.11589679354085057
674.0, 0.12025242601594648
675.0, 0.12440655809549968
676.0, 0.13059735383601065
677.0, 0.13698995011786874
678.0, 0.14159645239090976
679.0, 0.1515140182449135
680.0, 0.15835141738977537
681.0, 0.17066708557009322
682.0, 0.19061914060173113
683.0, 0.20214119678777115
684.0, 0.2113483819277642
685.0, 0.22894251750066225
686.0, 0.25116597988163236
687.0, 0.26141943857719047
688.0, 0.2928101435015613
689.0, 0.3225975438782519
690.0, 0.35120541121074783
691.0, 0.3814915410694992
692.0, 0.40528286697091237
693.0, 0.45717595861287713
694.0, 0.5060471924859361
695.0, 0.5384438126865656
696.0, 0.5880030415850174
697.0, 0.6275294109991971
698.0, 0.6721779425061339
699.0, 0.7177974746202165
700.0, 0.7442307530121586
701.0, 0.7739409347578072
702.0, 0.7859826323741165
703.0, 0.7935641434158176
704.0, 0.8129139289228288
705.0, 0.8151759853074454
706.0, 0.7914031509758829
707.0, 0.7509178769372045
708.0, 0.704219919716231
709.0, 0.6770990800758478
710.0, 0.6095005602013905
711.0, 0.5541624844363559
712.0, 0.5099822050990815
713.0, 0.44980139842158295
714.0, 0.40819520788871866
715.0, 0.3606037899576771
716.0, 0.3154523565822071
717.0, 0.28154764855598285
718.0, 0.25459351253788753
719.0, 0.2243737739285311
720.0, 0.19603760192366634
721.0, 0.17160621796873418
722.0, 0.1504625481918386
723.0, 0.13135231739625197
724.0, 0.11428137951023497
725.0, 0.10316635182954531
726.0, 0.10347756157266298
727.0, 0.0841903786146985
728.0, 0.08401234810966633
729.0, 0.08829374306449918
730.0, 0.08774457458851542
731.0, 0.0903905495854298
732.0, 0.09827950242728783
733.0, 0.10874736331331808
734.0, 0.12192573143296945
735.0, 0.13977535905242539
736.0, 0.15980895033345283
737.0, 0.1827962392745583
738.0, 0.209453380071596
739.0, 0.23950903144828417
740.0, 0.2622885404380211
741.0, 0.28910112743095473
742.0, 0.3228235238118111
743.0, 0.36298866244346895
744.0, 0.4040836020517171
745.0, 0.42878915148448116
746.0, 0.4563608273016938
747.0, 0.4907703130318884
748.0, 0.5327134280743159
749.0, 0.5452475813923957
750.0, 0.5730148763397436
751.0, 0.5914777843277407
752.0, 0.5912205601012841
753.0, 0.593773830856628
754.0, 0.5872503687689644
755.0, 0.570011573829953
756.0, 0.548409075554012
757.0, 0.5337563586341414
758.0, 0.48997254026898696
759.0, 0.46002657065914304
760.0, 0.4278249367764129
761.0, 0.3855007178052275
762.0, 0.358878054938052
763.0, 0.3215130201302382
764.0, 0.2770539857530398
765.0, 0.23757380760718683
766.0, 0.22519633746032894
767.0, 0.18564124180146316
768.0, 0.16272222715136167
769.0, 0.14592778361646294
770.0, 0.12546868220878443
771.0, 0.10588156418595879
772.0, 0.0965826585114236
773.0, 0.08410056596696824
774.0, 0.07061253441346299
775.0, 0.07016137088831648
776.0, 0.06520019325461181
777.0, 0.0645082269906387
778.0, 0.06439291830831446
779.0, 0.061816689562912794
780.0, 0.06311928293102932
781.0, 0.05981165676330771
782.0, 0.05961135914074646
783.0, 0.06388722228853388
784.0, 0.06994739105701467
785.0, 0.07006624743917193
786.0, 0.07414410238140463
787.0, 0.08131034580946786
788.0, 0.08917278181990748
789.0, 0.0891766906456713
790.0, 0.09409290808031372
791.0, 0.10122292603923877
792.0, 0.10826973969554518
793.0, 0.11199985821676046
794.0, 0.12099244291676416
795.0, 0.11820941001213216
796.0, 0.1134765593865114
797.0, 0.11370228138469393
798.0, 0.10030551061919091
799.0, 0.09646227919538436
800.0, 0.09083422496935017
801.0, 0.07922191125355167
802.0, 0.05997302097508139
803.0, 0.06375842448416491
804.0, 0.05004315374953108
805.0, 0.03714353199405943
806.0, 0.03681912901219461
807.0, 0.02765493325166573
808.0, 0.01718037835044859
809.0, 0.00705649134328062
810.0, 0.00041661393698615
811.0, 0.0017209700924521016
812.0, 0.003462767410122549
813.0, 0.007127792637909152
814.0, 0.010876605122421558
815.0, 0.013942951852642908
816.0, 0.01838471257106349
817.0, 0.021446265113884914
818.0, 0.021078502477595403
819.0, 0.020155816692142725
820.0, 0.023003961032693306
821.0, 0.02262208900014307
822.0, 0.01971932060397005
823.0, 0.020293780285009673
824.0, 0.02442058362831779
825.0, 0.022500860167203637
826.0, 0.021779740709146303
827.0, 0.023339059522964892
828.0, 0.024334158613477156
829.0, 0.021654459110629232
830.0, 0.015546320499594427
831.0, 0.018263038390060476
832.0, 0.01897440641769388
833.0, 0.016622570250422897
834.0, 0.01758665979338046
835.0, 0.013968279366449622
836.0, 0.006715617164097396
837.0, 0.0033941290342927475
838.0, 0.007234957915704377
839.0, 0.003452678328422427
840.0, 0.004763700397236026
841.0, 0.0038793011415786415
842.0, 0.0021250960478426412
843.0, 0.0040012466518319105
844.0, 0.012297434890409699
845.0, 0.010381198129865245
846.0, 0.013632239829531894
847.0, 0.024533919893708213
848.0, 0.02488877359246001
849.0, 0.036830437919573036
850.0, 0.04848330983304423
851.0, 0.05558958565185609
852.0, 0.056977135610607285
853.0, 0.06803686284369567
854.0, 0.08224982060251108
855.0, 0.0955309667751535
856.0, 0.10589033457632588
857.0, 0.11206203665101688
858.0, 0.11839564008631419
859.0, 0.13641739776091338
860.0, 0.15532750769553197
861.0, 0.16798810929791191
862.0, 0.17389847100501188
863.0, 0.19570450055513122
864.0, 0.21200369320277831
865.0, 0.2271912626134632
866.0, 0.24954902169664717
867.0, 0.27782818083313837
868.0, 0.29750079185188344
869.0, 0.3142083100737555
870.0, 0.3328718714873136
871.0, 0.3594173006561023
872.0, 0.38201526426456583
873.0, 0.4093644357118454
874.0, 0.43424130874361466
875.0, 0.453238760143168
876.0, 0.47170853134479496
877.0, 0.49830481135576815
878.0, 0.5162596748206434
879.0, 0.5265695177422863
880.0, 0.5321382498911112
881.0, 0.5205338579205071
882.0, 0.5142321526511063
883.0, 0.49947726785646407
884.0, 0.4787885476034621
885.0, 0.46480082236067194
886.0, 0.43631649330974054
887.0, 0.41155186562563567
888.0, 0.38368801567920946
889.0, 0.3517090081067537
890.0, 0.32530860013135904
891.0, 0.3041217094691242
892.0, 0.27806443732082803
893.0, 0.252610759673035
894.0, 0.2328376438678704
895.0, 0.21255164009334965
896.0, 0.18911193378757585
897.0, 0.17542771602000698
898.0, 0.16737555043979807
899.0, 0.15450105470250544
900.0, 0.1395390968114024
901.0, 0.12893719404757656
902.0, 0.12107444932839005
903.0, 0.11307144259653629
904.0, 0.09994420698647828
905.0, 0.09930142138429411
906.0, 0.09950863286806165
907.0, 0.09688877998138702
908.0, 0.09010983074560754
909.0, 0.08227035513317504
910.0, 0.08322512363534935
911.0, 0.08505957492099839
912.0, 0.08608546842355531
913.0, 0.08669995478853167
914.0, 0.09513508615920847
915.0, 0.08772590688784969
916.0, 0.08298135565682897
917.0, 0.08597890415148557
918.0, 0.09600316581238053
919.0, 0.09075447109157643
920.0, 0.09581276416280002
921.0, 0.10079730178468004
922.0, 0.10311839379210079
923.0, 0.10649684577716577
924.0, 0.10952824334550694
925.0, 0.11154282193711093
926.0, 0.1152991764331116
927.0, 0.12138526573512945
928.0, 0.1262068619575122
929.0, 0.13567569777432473
930.0, 0.14346998764789637
931.0, 0.1464001577828382
932.0, 0.14508211968500936
933.0, 0.15382387502769485
934.0, 0.16990229396325376
935.0, 0.17446921243504096
936.0, 0.18026943542067844
937.0, 0.2039289651638246
938.0, 0.22781466680305396
939.0, 0.23625336327697896
940.0, 0.24819207698078954
941.0, 0.26370195855332723
942.0, 0.2748088090398523
943.0, 0.2876766447905902
944.0, 0.31501757137727043
945.0, 0.35042228352012406
946.0, 0.38602348811076254
947.0, 0.41129564356948023
948.0, 0.4419079717459117
949.0, 0.48300965956238506
950.0, 0.5259033539863008
951.0, 0.5670651242359583
952.0, 0.6105051730722247
953.0, 0.6478917706353922
954.0, 0.7023535834579748
955.0, 0.754857037868667
956.0, 0.7945584100453585
957.0, 0.8352621515650772
958.0, 0.8732251405826287
959.0, 0.9118150162826544
960.0, 0.9439391268683137
961.0, 0.963132123411977
962.0, 0.9680618196780043
963.0, 0.9904700540681023
964.0, 0.9991346023998094
965.0, 0.9968255115381022
966.0, 0.9926664193004257
967.0, 0.986447380219582
968.0, 0.9596784703141723
969.0, 0.9446802583969067
970.0, 0.9309782087372944
971.0, 0.8987993272677711
972.0, 0.8835408452062338
973.0, 0.8515682069559869
974.0, 0.8215204986008019
975.0, 0.7943673213491362
976.0, 0.7631783642650299
977.0, 0.7269456331419315
978.0, 0.7044612044539571
979.0, 0.6757916712708604
980.0, 0.6405245559196847
981.0, 0.6111709687870299
982.0, 0.6046706206186944
983.0, 0.561778585986494
984.0, 0.5349202524085674
985.0, 0.5274148365755899
986.0, 0.5002382337049288
987.0, 0.4768304642254147
988.0, 0.466028093745697
989.0, 0.4535644459368092
990.0, 0.4375841791729611
991.0, 0.43015086619406945
992.0, 0.4218176042684824
993.0, 0.40963350113590513
994.0, 0.4076144231809456
995.0, 0.4122386888397779
996.0, 0.39512323001112704
997.0, 0.3970612006003438
998.0, 0.3870454967978902
999.0, 0.3868968337755106
1000.0, 0.3965107411532637
1001.0, 0.37748004365223325
1002.0, 0.387673457457281
1003.0, 0.3871279434043166
1004.0, 0.382721095141577
1005.0, 0.3802087824417932
1006.0, 0.37936093462861925
1007.0, 0.37444809081342145
1008.0, 0.37357287678423834
1009.0, 0.374947318592758
1010.0, 0.37708952242835375
1011.0, 0.38041494743084797
1012.0, 0.38660092268586255
1013.0, 0.3866009219337038
1014.0, 0.38316452173877463
1015.0, 0.3819738359153026
1016.0, 0.39355286858143756
1017.0, 0.3974759870787239
1018.0, 0.3940302899798567
1019.0, 0.39454295078848645
1020.0, 0.40358532983364287
1021.0, 0.4107421548402823
1022.0, 0.4024704411812726
1023.0, 0.40963735608964313
1024.0, 0.41246607502221744
1025.0, 0.4030764966936677
1026.0, 0.4042659859649809
1027.0, 0.40195500693868236
1028.0, 0.3984240165449363
1029.0, 0.3986230707720552
1030.0, 0.4014901262856991
1031.0, 0.3943096734364143
1032.0, 0.39264689859461205
1033.0, 0.39378391103918126
1034.0, 0.3890830538221779
1035.0, 0.3772289478184624
1036.0, 0.3696359993554517
1037.0, 0.3680226995561519
1038.0, 0.36374244720379617
1039.0, 0.36283633191858927
1040.0, 0.3643360927325141
1041.0, 0.35583009294695256
1042.0, 0.3459022829469573
1043.0, 0.3405061761226972
1044.0, 0.33306512532274235
1045.0, 0.32243907140764727
1046.0, 0.3147569531011582
1047.0, 0.31274373983068204
1048.0, 0.31648282081848156
1049.0, 0.31148796833258313
1050.0, 0.30162089189992386
1051.0, 0.3093334392955737
1052.0, 0.30264159358785886
1053.0, 0.29507804504180296
1054.0, 0.2908513154447305
1055.0, 0.2892978536534824
1056.0, 0.28604569189952717
1057.0, 0.2881950170547844
1058.0, 0.2865597289618027
1059.0, 0.28504781702210963
1060.0, 0.2850361061324838
1061.0, 0.2859107123830187
1062.0, 0.28101556942931316
1063.0, 0.28226150609228234
1064.0, 0.2790297314426328
1065.0, 0.2725177088966125
1066.0, 0.26949064594342953
1067.0, 0.27666621397572566
1068.0, 0.2645805483500542
1069.0, 0.25605563104260215
1070.0, 0.2565815063241747
1071.0, 0.26175393797036534
1072.0, 0.24425606500115446
1073.0, 0.2341563121465822
1074.0, 0.2324923645771122
1075.0, 0.23097137053007794
1076.0, 0.22317279001218046
1077.0, 0.21757889554715512
1078.0, 0.22429633138150978
1079.0, 0.2218821500409593
1080.0, 0.21324655484172614
1081.0, 0.20570005359571544
1082.0, 0.208683111125562
1083.0, 0.20220755552052583
1084.0, 0.1908691991183415
1085.0, 0.18091399217628532
1086.0, 0.17634978278398794
1087.0, 0.17758221121105633
1088.0, 0.1714911525713165
1089.0, 0.1684063165015266
1090.0, 0.16654917060655952
1091.0, 0.1648806818830691
1092.0, 0.16334428893359634
1093.0, 0.16102829597923643
1094.0, 0.17016534980501416
1095.0, 0.17230954021819925
1096.0, 0.1710529722504719
1097.0, 0.17989557470043666
1098.0, 0.17765039871570826
1099.0, 0.185360255080505
1100.0, 0.18948830516354948
1101.0, 0.19466681073646155
1102.0, 0.20914550378777033
1103.0, 0.22837342941603994
1104.0, 0.2295530536634391
1105.0, 0.22725095375430993
1106.0, 0.23243720224340095
1107.0, 0.24594721186307997
1108.0, 0.24355631244236348
1109.0, 0.25768346039932877
1110.0, 0.26854849133015163
1111.0, 0.27262176807206295
1112.0, 0.2745330283623631
1113.0, 0.28832611924866475
1114.0, 0.2922120252034335
1115.0, 0.29381814613659374
1116.0, 0.29582600403781956
1117.0, 0.2991072221957599
1118.0, 0.30249447914059346
1119.0, 0.29622577548960455
1120.0, 0.2830157372528732
1121.0, 0.2820580809109338
1122.0, 0.2890012511042645
1123.0, 0.2915716466469149
1124.0, 0.2895076540914963
1125.0, 0.26811687609991897
1126.0, 0.2622903984057273
1127.0, 0.26284659614157146
1128.0, 0.25881467120573165
1129.0, 0.25724248226037133
1130.0, 0.2527775909435231
1131.0, 0.23931518943008312
1132.0, 0.22411785806808604
1133.0, 0.21178355672581284
1134.0, 0.20218474796384414
1135.0, 0.19939295653464653
1136.0, 0.18840171804001576
1137.0, 0.18085389400222654
1138.0, 0.17237023218012557
1139.0, 0.15344720387136962
1140.0, 0.15174983961474411
1141.0, 0.14286555296130943
1142.0, 0.13357191062230672
1143.0, 0.1273931001747576
1144.0, 0.12484854706888543
1145.0, 0.11996774582439328
1146.0, 0.1143519545096826
1147.0, 0.10771318967623257
1148.0, 0.10187619221316478
1149.0, 0.0973388873876477
1150.0, 0.09253959329463567
1151.0, 0.08898736604510898
1152.0, 0.08561745253567715
1153.0, 0.08238142205777872
1154.0, 0.07944853605506257
1155.0, 0.07752212911819029
1156.0, 0.08072542747832318
1157.0, 0.07535331933278723
1158.0, 0.07091170262667816
1159.0, 0.06888665395195002
1160.0, 0.06726021095826706
1161.0, 0.060029458142177416
1162.0, 0.0600311348637036
1163.0, 0.057453686134219126
1164.0, 0.05695893588478412
1165.0, 0.05815071378707953
1166.0, 0.054506218793005996
1167.0, 0.0548531473355261
1168.0, 0.05024104120834039
1169.0, 0.04796068411505925
1170.0, 0.04457148270817242
1171.0, 0.03611159357093175
1172.0, 0.04033627744094359
1173.0, 0.041400325583210794
1174.0, 0.03986606248166235
1175.0, 0.031348981433462965
1176.0, 0.019114519440940104
1177.0, 0.020151473495905948
1178.0, 0.022467744447259495
1179.0, 0.01803940485218358
1180.0, 0.01510828174120335
1181.0, 0.015154287218333463
1182.0, 0.014633487732401038
1183.0, 0.01001640215322317
1184.0, 0.005323596760504085
1185.0, 0.0031064925316542855
1186.0, 0.001930195259597331
1187.0, 0.000934550117344172
1188.0, 0.0029750551237814286
1189.0, 0.0007056536186480581
1190.0, 0.0023995866367293494
1191.0, 0.004428076938517788
1192.0, 0.005910122119643017
1193.0, 0.0081747847175828
1194.0, 0.004584649090548185
1195.0, 0.0066822098981424265
1196.0, 0.006824056629406472
1197.0, 0.006618186444636963
1198.0, 0.008001515430362515
1199.0, 0.0063602232118165295
1200.0, 0.006301776404855163
1201.0, 0.004650747246021347
1202.0, 0.003605292148942519
1203.0, 0.0037111742080740908
1204.0, 0.00373043761112715
1205.0, 0.0037155771344807146
1206.0, 0.004435043329536282
1207.0, 0.005197224977034031
1208.0, 0.005798952288518455
1209.0, 0.005918010189778621
1210.0, 0.004506949789242903
1211.0, 0.010251959819929901
1212.0, 0.008829167288283698
1213.0, 0.008357865404891845
1214.0, 0.009756052227420204
1215.0, 0.0073310809135690505
1216.0, 0.0049538830201771075
1217.0, 0.003233748952734244
1218.0, 0.0034978740705535302
1219.0, 0.005871380898381036
1220.0, 0.009079530031339229
1221.0, 0.00968842643487748
1222.0, 0.007952982979568658
1223.0, 0.005440653158871148
1224.0, 0.002899491094358491
1225.0, 0.0014852138067159718
1226.0, 0.0023479107442353894
1227.0, 0.005262862338874035
1228.0, 0.004896386773165692
1229.0, 0.005154404972414162
1230.0, 0.006356374419351032
1231.0, 0.00685813298510706
1232.0, 0.003238467676165621
1233.0, 0.0009377380246829751
1234.0, 0.0017054234113873194
1235.0, 0.0022894152247921137
1236.0, 0.0018933214476256881
1237.0, 0.0012658833257877334
1238.0, 0.0017407458774319152
1239.0, 0.002036225896109748
1240.0, 0.0011592749656687954
1241.0, 0.0007441630496156625
1242.0, 0.0014073126499941709
1243.0, 0.0021417878541237488
1244.0, 0.00062319067955281
1245.0, 0.000585834994080923
1246.0, 0.002666531217723779
1247.0, 0.0035167882673020827
1248.0, 0.002124967937216665
1249.0, 0.005784361145322851
1250.0, 0.006140714874952002
1251.0, 0.005881049499569468
1252.0, 0.006380401632061339
1253.0, 0.005667353621603952
1254.0, 0.001343222987067045
1255.0, 0.0002621383339856602
1256.0, 0.0012914980701406236
1257.0, 0.0009749701690668992
1258.0, 0.0032353327465296598
1259.0, 0.00657310750082572
1260.0, 0.0027974938813113068
1261.0, 0.005594589083532013
1262.0, 0.00648338360843371
1263.0, 0.0065898987010867315
1264.0, 0.0051705180325999165
1265.0, 0.003430978769144629
1266.0, 0.008261140425611577
1267.0, 0.008380022741948597
1268.0, 0.011081043326566856
1269.0, 0.007595708317303615
1270.0, 0.0040914662836244245
1271.0, 0.010034878740100272
1272.0, 0.006872954531815697
1273.0, 0.009451089181914448
1274.0, 0.006871894280947775
1275.0, 0.006649168477927543
1276.0, 0.009254542020979075
1277.0, 0.0070533406561775315
1278.0, 0.007397859181946392
1279.0, 0.009612404269755586
1280.0, 0.01163308516902558
1281.0, 0.009554535845367963
1282.0, 0.004546954110868213
1283.0, 0.006097416405809509
1284.0, 0.009201516534109928
1285.0, 0.006195110737902913
1286.0, 0.006163739979710037
1287.0, 0.009491787923742409
1288.0, 0.013343121051617243
1289.0, 0.016713907135585182
1290.0, 0.015030699058812545
1291.0, 0.009926491312356445
1292.0, 0.00944761613028971
1293.0, 0.010890100370319507
1294.0, 0.008348967975949358
1295.0, 0.012858894497171005
1296.0, 0.01022375290779522
1297.0, 0.011885182798616584
1298.0, 0.014992652552067127
1299.0, 0.01625798829312736
1300.0, 0.014261899579592811
1301.0, 0.011969623208316514
1302.0, 0.012150879469583884
1303.0, 0.013908836701199976
1304.0, 0.015434474634891508
1305.0, 0.015926707592362553
1306.0, 0.016186169336832184
1307.0, 0.017593169481874678
1308.0, 0.019664274168230095
1309.0, 0.02228037180906503
1310.0, 0.0218063929275021
1311.0, 0.018396693753615745
1312.0, 0.01923482113027158
1313.0, 0.017122471474524666
1314.0, 0.01783132859499197
1315.0, 0.021606677282310378
1316.0, 0.02423550828391494
1317.0, 0.023423578400164426
1318.0, 0.02419442848902086
1319.0, 0.02685834298213868
1320.0, 0.027556023963071143
1321.0, 0.023259759129525052
1322.0, 0.0202781333719148
1323.0, 0.022882788678880227
1324.0, 0.018860069768867154
1325.0, 0.02556830614091947
1326.0, 0.02387592813666436
1327.0, 0.02014813637892924
1328.0, 0.019942619223302965
1329.0, 0.02382263348600156
1330.0, 0.020707157522143946
1331.0, 0.020760054480871242
1332.0, 0.01642218806355606
1333.0, 0.012481093217110646
1334.0, 0.012454932136206853
1335.0, 0.015760347016277505
1336.0, 0.012442998557606146
1337.0, 0.013330725495597847
1338.0, 0.013231150737503491
1339.0, 0.01325894175972766
1340.0, 0.013227074396375408
1341.0, 0.012216084215477301
1342.0, 0.011535534627208407
1343.0, 0.012307548022643937
1344.0, 0.011525366345046225
1345.0, 0.011357984887712832
1346.0, 0.013205759865453217
1347.0, 0.016588352143873324
1348.0, 0.01744024472874195
1349.0, 0.013995527848437097
1350.0, 0.017891164903280406
1351.0, 0.01810694598159228
1352.0, 0.015753582968770302
1353.0, 0.019175350093488596
1354.0, 0.018422480069594772
1355.0, 0.015966547178313476
1356.0, 0.016053626099637723
1357.0, 0.016343615053631324
1358.0, 0.015295861068072701
1359.0, 0.01408324931505412
1360.0, 0.020304082129144446
1361.0, 0.015150959613593723
1362.0, 0.01755897310025377
1363.0, 0.018640839371917725
1364.0, 0.016527390592721736
1365.0, 0.015739934864429653
1366.0, 0.017066525036304125
1367.0, 0.016712198624249473
1368.0, 0.017194661081181218
1369.0, 0.01679173727200672
1370.0, 0.015257953543116294
1371.0, 0.014212734145416205
1372.0, 0.01728951079390441
1373.0, 0.015942834834530337
1374.0, 0.016252827889821957
1375.0, 0.01456751303169655
1376.0, 0.013666696202128275
1377.0, 0.016352502569236232
1378.0, 0.0131811711261754
1379.0, 0.013283314876721188
1380.0, 0.012681655645672531
1381.0, 0.012980447231993581
1382.0, 0.014290497856431406
1383.0, 0.01595644273199853
1384.0, 0.01773792956012058
1385.0, 0.013788894019066286
1386.0, 0.012434714412767342
1387.0, 0.014143491023624413
1388.0, 0.014681869281928411
1389.0, 0.012915711534416736
1390.0, 0.0167808837559002
1391.0, 0.015161791038119338
1392.0, 0.011385642204819916
1393.0, 0.012048298952411383
1394.0, 0.012430276954959303
1395.0, 0.010070238897559211
1396.0, 0.011154036166118916
1397.0, 0.009971355390419736
1398.0, 0.009665960560092654
1399.0, 0.007459763656789551
1400.0, 0.006061820937375419
1401.0, 0.007506085676948269
1402.0, 0.010474196666359077
1403.0, 0.007745034969240926
1404.0, 0.007686969984992098
1405.0, 0.00952764405680309
1406.0, 0.009024251512358222
1407.0, 0.007997291843998871
1408.0, 0.010837844828745268
1409.0, 0.006045187412491419
1410.0, 0.0066063039057570674
1411.0, 0.00913426990622452
1412.0, 0.008092497748315029
1413.0, 0.005610433976505464
1414.0, 0.005910159445033218
1415.0, 0.0037507834700139862
1416.0, 0.006376382017261559
1417.0, 0.003698328444141725
1418.0, 0.003248687822903683
1419.0, 0.00313644009010597
1420.0, 0.0013819270981429489
1421.0, 0.0042707773680929085
1422.0, 0.003591836361266693
1423.0, 0.004039801794800513
1424.0, 0.005035577304195515
1425.0, 0.0036576203563668595
1426.0, 0.0016880769956314453
1427.0, 0.005645680050523851
1428.0, 0.005844109851157467
1429.0, 0.0015993267341202384
1430.0, 0.0010355726840126393
1431.0, 0.0019032046810869324
1432.0, 0.0039168685814550686
1433.0, 0.007148857474523625
1434.0, 0.00034461729861904504
1435.0, 0.005714531273548191
1436.0, 0.002511996989965052
1437, 0.0
1438, 0.0
1439, 0.0
1440, 0.0
1441, 0.0
1442, 0.0
1443, 0.0
1444, 0.0
1445, 0.0
1446, 0.0
1447, 0.0
1448, 0.0
1449, 0.0
1450, 0.0
1451, 0.0
1452, 0.0
1453, 0.0
1454, 0.0
1455, 0.0
1456, 0.0
1457, 0.0
1458, 0.0
1459, 0.0
1460, 0.0
1461, 0.0
1462, 0.0
1463, 0.0
1464, 0.0
1465, 0.0
1466, 0.0
1467, 0.0
1468, 0.0
1469, 0.0
1470, 0.0
1471, 0.0
1472, 0.0
1473, 0.0
1474, 0.0
1475, 0.0
1476, 0.0
1477, 0.0
1478, 0.0
1479, 0.0
1480, 0.0
1481, 0.0
1482, 0.0
1483, 0.0
1484, 0.0
1485, 0.0
1486, 0.0
1487, 0.0
1488, 0.0
1489, 0.0
1490, 0.0
1491, 0.0
1492, 0.0
1493, 0.0
1494, 0.0
1495, 0.0
1496, 0.0
1497, 0.0
1498, 0.0
1499, 0.0
1500, 0.0
1501, 0.0
1502, 0.0
1503, 0.0
1504, 0.0
1505, 0.0
1506, 0.0
1507, 0.0
1508, 0.0
1509, 0.0
1510, 0.0
1511, 0.0
1512, 0.0
1513, 0.0
1514, 0.0
1515, 0.0
1516, 0.0
1517, 0.0
1518, 0.0
1519, 0.0
1520, 0.0
1521, 0.0
1522, 0.0
1523, 0.0
1524, 0.0
1525, 0.0
1526, 0.0
1527, 0.0
1528, 0.0
1529, 0.0
1530, 0.0
1531, 0.0
1532, 0.0
1533, 0.0
1534, 0.0
1535, 0.0
1536, 0.0
1537, 0.0
1538, 0.0
1539, 0.0
1540, 0.0
1541, 0.0
1542, 0.0
1543, 0.0
1544, 0.0
1545, 0.0
1546, 0.0
1547, 0.0
1548, 0.0
1549, 0.0
1550, 0.0
1551, 0.0
1552, 0.0
1553, 0.0
1554, 0.0
1555, 0.0
1556, 0.0
1557, 0.0
1558, 0.0
1559, 0.0
1560, 0.0
1561, 0.0
1562, 0.0
1563, 0.0
1564, 0.0
1565, 0.0
1566, 0.0
1567, 0.0
1568, 0.0
1569, 0.0
1570, 0.0
1571, 0.0
1572, 0.0
1573, 0.0
1574, 0.0
1575, 0.0
1576, 0.0
1577, 0.0
1578, 0.0
1579, 0.0
1580, 0.0
1581, 0.0
1582, 0.0
1583, 0.0
1584, 0.0
1585, 0.0
1586, 0.0
1587, 0.0
1588, 0.0
1589, 0.0
1590, 0.0
1591, 0.0
1592, 0.0
1593, 0.0
1594, 0.0
1595, 0.0
1596, 0.0
1597, 0.0
1598, 0.0
1599, 0.0
