30, 0.0
31, 0.0
32, 0.0
33, 0.0
34, 0.0
35, 0.0
36, 0.0
37, 0.0
38, 0.0
39, 0.0
40, 0.0
41, 0.0
42, 0.0
43, 0.0
44, 0.0
45, 0.0
46, 0.0
47, 0.0
48, 0.0
49, 0.0
50, 0.0
51, 0.0
52, 0.0
53, 0.0
54, 0.0
55, 0.0
56, 0.0
57, 0.0
58, 0.0
59, 0.0
60, 0.0
61, 0.0
62, 0.0
63, 0.0
64, 0.0
65, 0.0
66, 0.0
67, 0.0
68, 0.0
69, 0.0
70, 0.0
71, 0.0
72, 0.0
73.0, 0.00019535661048826296
74.0, 0.00112845569688471
75.0, 0.0037082314062890313
76.0, 0.011134467104092246
77.0, 0.022775688524662205
78.0, 0.03894304962949941
79.0, 0.05958692205453514
80.0, 0.0847135128473469
81.0, 0.11726032958079592
82.0, 0.15316939669463883
83.0, 0.1887592115098889
84.0, 0.22145291395171426
85.0, 0.2493053667564536
86.0, 0.27107210088025174
87.0, 0.28607195436356847
88.0, 0.2938985998329809
89.0, 0.28783648093847297
90.0, 0.2656394629170478
91.0, 0.23229066656192637
92.0, 0.1984661967223923
93.0, 0.16593136950685483
94.0, 0.142178817360114
95.0, 0.1282245536094397
96.0, 0.12004346887777989
97.0, 0.1223668401567439
98.0, 0.13538091257169615
99.0, 0.15748220297666882
100.0, 0.19381196413480498
101.0, 0.24841691251607378
102.0, 0.3090790178266923
103.0, 0.3502580718350654
104.0, 0.3640116515336543
105.0, 0.34398466039388914
106.0, 0.29416991935215764
107.0, 0.23855537377087144
108.0, 0.19162447159136334
109.0, 0.1481390540428489
110.0, 0.11067693155961038
111.0, 0.08334422801961397
112.0, 0.07089167256519643
113.0, 0.06778572201716244
114.0, 0.06659951374755574
115.0, 0.06257898271308099
116.0, 0.05438660014273792
117.0, 0.04297104750152974
118.0, 0.03095522608360597
119.0, 0.02034267728975474
120.0, 0.011789634989769138
121.0, 0.00579556816522164
122.0, 0.002392715406136033
123.0, 0.0007986536785962514
124.0, 0.0010022302353591005
125.0, 0.0012910354701148644
126.0, 0.001932229072034897
127.0, 0.0027244778600093544
128.0, 0.002821941243595294
129.0, 0.003955807352036826
130.0, 0.004034024973135472
131.0, 0.004593576037912831
132.0, 0.006044922500502292
133.0, 0.007750047404473989
134.0, 0.006430712805173472
135.0, 0.005607230522245393
136.0, 0.004133498371742362
137.0, 0.002072404991016554
138.0, 0.0007614232814772861
139.0, 0.0038931625838971523
140.0, 0.008179918689150767
141.0, 0.013130061143065905
142.0, 0.019970774534223003
143.0, 0.028212710704911097
144.0, 0.035736222519606564
145.0, 0.042888119676044584
146.0, 0.047055157899725635
147.0, 0.04801935531123292
148.0, 0.04628748693321939
149.0, 0.04273529721452014
150.0, 0.03797284674758536
151.0, 0.03375346215059334
152.0, 0.02970168247686877
153.0, 0.026617001700360136
154.0, 0.025715915695102145
155.0, 0.02850168875505931
156.0, 0.030506060581388657
157.0, 0.034925561667172374
158.0, 0.04123341454676325
159.0, 0.04965683943040334
160.0, 0.06114844300169806
161.0, 0.07893775518265031
162.0, 0.10338373502507003
163.0, 0.1305342616506878
164.0, 0.15566789266399056
165.0, 0.17663024250548034
166.0, 0.1975661205491027
167.0, 0.2239489518014564
168.0, 0.2565274715018982
169.0, 0.29184891686750586
170.0, 0.3248000679132948
171.0, 0.34841771392219884
172.0, 0.34213367664716543
173.0, 0.30798215811952484
174.0, 0.2595940629278981
175.0, 0.2074092239716133
176.0, 0.1590388423818362
177.0, 0.11594031024588372
178.0, 0.08554858900272543
179.0, 0.061273894689278206
180.0, 0.04462551335620132
181.0, 0.03392223957069526
182.0, 0.024322856145253733
183.0, 0.02048984032792695
184.0, 0.017363379467379064
185.0, 0.014957261218378719
186.0, 0.01393200315124886
187.0, 0.014544771483953944
188.0, 0.015091479138313704
189.0, 0.016494618172596218
190.0, 0.020490094453373964
191.0, 0.023711717666190256
192.0, 0.02546780948459675
193.0, 0.028564167741180736
194.0, 0.03494416998491737
195.0, 0.04211304883620691
196.0, 0.0476525317663963
197.0, 0.051757023078314195
198.0, 0.05526289659097271
199.0, 0.057629467213851156
200.0, 0.0630392562126621
201.0, 0.06747035384542555
202.0, 0.07219636171054285
203.0, 0.07746114815834473
204.0, 0.08211743964326122
205.0, 0.08798167445776425
206.0, 0.09374218647646959
207.0, 0.09296989496621669
208.0, 0.08819503298195697
209.0, 0.08240294281087454
210.0, 0.07059822161985006
211.0, 0.06137363145095742
212.0, 0.0537094780958855
213.0, 0.04845382538246992
214.0, 0.04627110786654558
215.0, 0.04747241612857812
216.0, 0.05257565042246808
217.0, 0.05777982300307281
218.0, 0.06139850951461297
219.0, 0.06294669518578754
220.0, 0.061954889483396065
221.0, 0.057189783353162285
222.0, 0.05652862205882288
223.0, 0.054356494628172415
224.0, 0.05294909685364427
225.0, 0.0545653782165668
226.0, 0.06042582389977738
227.0, 0.0677085702146881
228.0, 0.07496555876983646
229.0, 0.0790449526246734
230.0, 0.07937195080011351
231.0, 0.07584673516496207
232.0, 0.0683598216433117
233.0, 0.057571079611737776
234.0, 0.04910052889759256
235.0, 0.04030179806698165
236.0, 0.03461482960032779
237.0, 0.03535882829083695
238.0, 0.03583858897533226
239.0, 0.03856429538622777
240.0, 0.04431339497537929
241.0, 0.04881373513825315
242.0, 0.05018899749996273
243.0, 0.04941919460977618
244.0, 0.045693427516827166
245.0, 0.03791985735268283
246.0, 0.03052255037562372
247.0, 0.02428926081220695
248.0, 0.020068607671639607
249.0, 0.020600250068929658
250.0, 0.022522209796898153
251.0, 0.02539288222059427
252.0, 0.025037360814229536
253.0, 0.020373259366705684
254.0, 0.01295562710663856
255.0, 0.006988128294218045
256.0, 0.0021695820446500846
257.0, 0.0040108299908438675
258.0, 0.006111952073816175
259.0, 0.0060969343297860535
260.0, 0.00690166597608733
261.0, 0.0031305515854355304
262.0, 0.0008804276136382431
263.0, 0.0021052358022063886
264.0, 0.007766698828519427
265.0, 0.016088036031020558
266.0, 0.021106304710406837
267.0, 0.02914612201017374
268.0, 0.03941909480326705
269.0, 0.05052717771619812
270.0, 0.06433805469707109
271.0, 0.0828818858722274
272.0, 0.10272819871771806
273.0, 0.13501759103414154
274.0, 0.17717952309616958
275.0, 0.22333235288442707
276.0, 0.2651441749501494
277.0, 0.29284860296589144
278.0, 0.29203774182962483
279.0, 0.27448477356841383
280.0, 0.24306935312531408
281.0, 0.2040289454581674
282.0, 0.16439692379897666
283.0, 0.1298665025781204
284.0, 0.09729769061062359
285.0, 0.07441846046669129
286.0, 0.054780914560913045
287.0, 0.03824481742704375
288.0, 0.025977483540017252
289.0, 0.01681717852723927
290.0, 0.008378053061663676
291.0, 0.0066354292797015674
292.0, 0.0047246278252192795
293.0, 0.0020219547918426182
294.0, 0.0011224683731725026
295.0, 0.001253615159090831
296.0, 0.0010599132988495684
297.0, 0.00042163352142018213
298.0, 0.0008783437750920853
299.0, 0.002666113404989791
300.0, 0.004644086196037197
301.0, 0.005284823917943691
302.0, 0.008229985131366989
303.0, 0.01271890010038988
304.0, 0.018664404143262262
305.0, 0.026897443654435332
306.0, 0.03886474066711348
307.0, 0.05203341361688304
308.0, 0.06932244772366648
309.0, 0.09451774017102295
310.0, 0.12467772066747403
311.0, 0.15653284661671152
312.0, 0.18974149492581296
313.0, 0.2163176632334002
314.0, 0.23285795535423323
315.0, 0.2339407718121494
316.0, 0.22304376829534447
317.0, 0.20688594794915682
318.0, 0.19033834683820644
319.0, 0.1756525971949556
320.0, 0.15918363342120775
321.0, 0.14363842014567238
322.0, 0.13013703145958191
323.0, 0.11857585341558555
324.0, 0.10837364028514039
325.0, 0.09758856771866711
326.0, 0.08676022194967657
327.0, 0.07584008451251667
328.0, 0.0676391393815524
329.0, 0.06461745276321824
330.0, 0.06023516660771126
331.0, 0.054220225824722156
332.0, 0.04889033810139531
333.0, 0.045653248516881094
334.0, 0.044455984366219226
335.0, 0.04371576387193107
336.0, 0.03986112321030208
337.0, 0.03680048644201944
338.0, 0.031750441309213076
339.0, 0.029800596292883955
340.0, 0.02967745841678068
341.0, 0.025082024386160195
342.0, 0.0248528532836822
343.0, 0.02468495006058222
344.0, 0.02441010284270696
345.0, 0.026267500486439676
346.0, 0.030212116543691207
347.0, 0.034061801874479436
348.0, 0.043301576573493886
349.0, 0.055296995726122816
350.0, 0.06985619287048032
351.0, 0.08697513043329298
352.0, 0.10702744984206157
353.0, 0.13075509366344748
354.0, 0.15884766116279486
355.0, 0.18211630970947507
356.0, 0.201936707122878
357.0, 0.21076375401313682
358.0, 0.20659689800214853
359.0, 0.19651220713662346
360.0, 0.1779566802960996
361.0, 0.15203041362049483
362.0, 0.12351408154644467
363.0, 0.09693731689489411
364.0, 0.07552511077214333
365.0, 0.06003449778086019
366.0, 0.04585830143330857
367.0, 0.03605719260289092
368.0, 0.026455038221220348
369.0, 0.018328074414684484
370.0, 0.011567456264482774
371.0, 0.0032726329240518924
372.0, 0.0018262498340728046
373.0, 0.004300659254985879
374.0, 0.005412880451722621
375.0, 0.005880157505730642
376.0, 0.006296046230547994
377.0, 0.00520947969615922
378.0, 0.0024392958537836516
379.0, 0.0019377763856721017
380.0, 0.0010631041610679537
381.0, 0.0006492628374351441
382.0, 0.0012965107793663487
383.0, 0.0022808470510511073
384.0, 0.00313972631958925
385.0, 0.0034690978104685776
386.0, 0.004348629082835037
387.0, 0.005148528941747158
388.0, 0.005209292460303791
389.0, 0.004266610541937034
390.0, 0.0014719919636656056
391.0, 0.003013076249574541
392.0, 0.006128849552525962
393.0, 0.011026393010964222
394.0, 0.018044481655423734
395.0, 0.026689384819290368
396.0, 0.03365830098772634
397.0, 0.04449991700171011
398.0, 0.05543174693582467
399.0, 0.06813104901817194
400.0, 0.08257506717473354
401.0, 0.09707328448080088
402.0, 0.11301832292878111
403.0, 0.1259820028059426
404.0, 0.1394924711135063
405.0, 0.15028192435134663
406.0, 0.15833887238518823
407.0, 0.16614242414587718
408.0, 0.17362410615457444
409.0, 0.1761617219772485
410.0, 0.17876482383965814
411.0, 0.17695777059882023
412.0, 0.1718988793758236
413.0, 0.1666910603787443
414.0, 0.1582836049128389
415.0, 0.1469228173449127
416.0, 0.13540560564501028
417.0, 0.12338139076224126
418.0, 0.11289140956965583
419.0, 0.10523335503463016
420.0, 0.09754990565488474
421.0, 0.09022144938613907
422.0, 0.08564394349197091
423.0, 0.07980808906623932
424.0, 0.07360022566051048
425.0, 0.06754615719890601
426.0, 0.05876303791792284
427.0, 0.049265598017944785
428.0, 0.04241367107370391
429.0, 0.03601564524100823
430.0, 0.031058445707489574
431.0, 0.027702213955659034
432.0, 0.02410749822510238
433.0, 0.01860914845047936
434.0, 0.019475282556715393
435.0, 0.019055447420463553
436.0, 0.017466135902178017
437.0, 0.017309582855628402
438.0, 0.019820068240657584
439.0, 0.015704470692860115
440.0, 0.012988072300079291
441.0, 0.009643372567793462
442.0, 0.004828111250835679
443.0, 0.0009603025010484307
444.0, 0.0008808083383287582
445.0, 0.0030573126535000236
446.0, 0.006253031879985927
447.0, 0.005796280163879913
448.0, 0.0059499334759273974
449.0, 0.005798423349971309
450.0, 0.003862507625731351
451.0, 0.0019867959926197316
452.0, 0.0009077803417515104
453.0, 0.0005749395111954464
454.0, 0.001199722472744096
455.0, 0.002038773556894312
456.0, 0.002717446620380494
457.0, 0.0035660009575803433
458.0, 0.00440063608838012
459.0, 0.006145518166432325
460.0, 0.006566139677463444
461.0, 0.008047459953924469
462.0, 0.010431508438357428
463.0, 0.01204983956810094
464.0, 0.014744465364328649
465.0, 0.015495684881824219
466.0, 0.01625488013605851
467.0, 0.01628602430189093
468.0, 0.016024163752781376
469.0, 0.016492355035370776
470.0, 0.018484140142845128
471.0, 0.02191832767994055
472.0, 0.021420427210296612
473.0, 0.021163979470744512
474.0, 0.02409679342063893
475.0, 0.02951985227854488
476.0, 0.0339673973264746
477.0, 0.04064786530583776
478.0, 0.049400252306159666
479.0, 0.05755478517647654
480.0, 0.06671849470890047
481.0, 0.076960204936064
482.0, 0.08669100605295954
483.0, 0.09402549670030733
484.0, 0.10771851008660895
485.0, 0.11541291865385327
486.0, 0.12229283165198838
487.0, 0.12844323503759655
488.0, 0.13355418778884268
489.0, 0.14017693693112393
490.0, 0.1511707392496152
491.0, 0.16252714082707193
492.0, 0.17482175166257308
493.0, 0.1894214228536922
494.0, 0.20715686113600773
495.0, 0.2276713501295638
496.0, 0.24873689238875396
497.0, 0.265128511316108
498.0, 0.28209070025678157
499.0, 0.30036140672852607
500.0, 0.3172393333642988
501.0, 0.32918619752602035
502.0, 0.3348627631635317
503.0, 0.3429224548501564
504.0, 0.34380013680033167
505.0, 0.3488048991352877
506.0, 0.3547701040541218
507.0, 0.35780700379684716
508.0, 0.35845685553615414
509.0, 0.36439589570392944
510.0, 0.3688720831571582
511.0, 0.37357231288175846
512.0, 0.3738409724132207
513.0, 0.3705359184133909
514.0, 0.36655148182300346
515.0, 0.36285143632517064
516.0, 0.35978849396174883
517.0, 0.353886882443467
518.0, 0.35134878192036634
519.0, 0.3492277183416969
520.0, 0.34933407702883934
521.0, 0.35682503716241915
522.0, 0.3675908737406634
523.0, 0.3834076094150934
524.0, 0.40087555815140546
525.0, 0.42243891924766425
526.0, 0.4480585539639215
527.0, 0.47536029365443905
528.0, 0.5010722137146852
529.0, 0.5278033829060448
530.0, 0.5467923101052942
531.0, 0.5625813583054668
532.0, 0.5775069293844436
533.0, 0.5855871083607325
534.0, 0.580712878834886
535.0, 0.5721070936537092
536.0, 0.5514058177211195
537.0, 0.528565626865978
538.0, 0.5013939864981791
539.0, 0.4731859113034577
540.0, 0.44519864290832034
541.0, 0.4156231425365853
542.0, 0.3912615217117513
543.0, 0.37146341456499493
544.0, 0.35717557500747416
545.0, 0.3510395546547633
546.0, 0.3490823862736412
547.0, 0.34885339045723185
548.0, 0.3564070581105765
549.0, 0.3662997641709729
550.0, 0.38182736301029974
551.0, 0.39918657431023685
552.0, 0.4230692065514788
553.0, 0.45269632575505514
554.0, 0.4835394252609706
555.0, 0.5171488571901263
556.0, 0.5445047101153089
557.0, 0.5667047791124151
558.0, 0.577344823126759
559.0, 0.5810678497920617
560.0, 0.5807499416068612
561.0, 0.574007813987358
562.0, 0.5642669122023358
563.0, 0.5585441714573994
564.0, 0.5496939972372872
565.0, 0.5368398403130327
566.0, 0.5178956738598663
567.0, 0.49197659860853377
568.0, 0.4614731427033688
569.0, 0.4303204967079487
570.0, 0.3946078496907583
571.0, 0.3608747398502446
572.0, 0.3290508431366194
573.0, 0.29933882184446076
574.0, 0.27420058583882617
575.0, 0.25834945069950876
576.0, 0.2452873467262556
577.0, 0.23294581571475623
578.0, 0.22824615021220696
579.0, 0.2284827156436911
580.0, 0.23130748629395223
581.0, 0.23712358610819073
582.0, 0.24758799950835939
583.0, 0.26242660742803015
584.0, 0.27796729193943304
585.0, 0.2992028944556894
586.0, 0.32560366338717806
587.0, 0.3546382390089195
588.0, 0.38553312982959204
589.0, 0.4243527390676962
590.0, 0.47806451045306564
591.0, 0.5348856239803147
592.0, 0.5984205850706228
593.0, 0.6715124953273234
594.0, 0.7509027614651032
595.0, 0.8284902088682911
596.0, 0.9037773956918131
597.0, 0.9569341784312196
598.0, 0.9895859957832676
599.0, 0.9913042546972546
600.0, 0.9602759817631245
601.0, 0.9022678978156117
602.0, 0.8261399003808102
603.0, 0.7327855342333762
604.0, 0.6435512735178591
605.0, 0.5607379939160633
606.0, 0.4919894081757198
607.0, 0.43372239265813906
608.0, 0.38251296928761946
609.0, 0.34271300367843555
610.0, 0.3119147673928961
611.0, 0.2908781816396753
612.0, 0.2715611599527096
613.0, 0.2550758476462521
614.0, 0.24276038162642238
615.0, 0.23327154518279125
616.0, 0.2225065192021888
617.0, 0.2117651979059638
618.0, 0.19943713119703035
619.0, 0.18385713007039003
620.0, 0.17078900581850118
621.0, 0.16098620516768405
622.0, 0.15194274798661273
623.0, 0.1422932810015277
624.0, 0.13799645701030078
625.0, 0.13439039286903318
626.0, 0.132354852603033
627.0, 0.1310697020935853
628.0, 0.13119585126808983
629.0, 0.13292695157289866
630.0, 0.13466797948516368
631.0, 0.13673737471022435
632.0, 0.13772257046298655
633.0, 0.14004493015542321
634.0, 0.14007714592069145
635.0, 0.13712606856539353
636.0, 0.13184929137652399
637.0, 0.12476556341147162
638.0, 0.11964723723553902
639.0, 0.10662175845332844
640.0, 0.10012522845203706
641.0, 0.09316946236226967
642.0, 0.08642656059733872
643.0, 0.08188989914541223
644.0, 0.07848384887778782
645.0, 0.0796703976875872
646.0, 0.07525192338423863
647.0, 0.07395311834329553
648.0, 0.07604470746148292
649.0, 0.07713704451423446
650.0, 0.0766873518436488
651.0, 0.0786732136349595
652.0, 0.08008317114393748
653.0, 0.08401417163667069
654.0, 0.08540983570515921
655.0, 0.08719830190426543
656.0, 0.08921553600649523
657.0, 0.09057861378130072
658.0, 0.09086755869869247
659.0, 0.08989466187948175
660.0, 0.08842659630580631
661.0, 0.08466911884555413
662.0, 0.07851083254892041
663.0, 0.0731741774565018
664.0, 0.06844988597130909
665.0, 0.06213856916052011
666.0, 0.055436393071624894
667.0, 0.04925621915340589
668.0, 0.04256460111824988
669.0, 0.038903296974611194
670.0, 0.034594717374637776
671.0, 0.029986093022562128
672.0, 0.026756660606678147
673.0, 0.023255215093942516
674.0, 0.019787464262718966
675.0, 0.018020666057749428
676.0, 0.0157830438871095
677.0, 0.013692369583221701
678.0, 0.012136270342024625
679.0, 0.01084808162865448
680.0, 0.009405384241484287
681.0, 0.008923046380765506
682.0, 0.008576112181260693
683.0, 0.007787664522950659
684.0, 0.007122197391701308
685.0, 0.0077302548469588275
686.0, 0.007569300861889685
687.0, 0.003921262906552964
688.0, 0.0007085705693941535
689.0, 0.0002893894503790254
690.0, 0.0011512840756579144
691.0, 0.001994873253937419
692.0, 0.002745047805094806
693.0, 0.003237456070282797
694.0, 0.00340422683312146
695.0, 0.0036661720438916873
696.0, 0.00380696138928054
697.0, 0.0038221876329332443
698.0, 0.0036591923804037627
699.0, 0.0035634915101280702
700.0, 0.003310934009521472
701.0, 0.002789926081925755
702.0, 0.0023867221038777306
703.0, 0.0027373462046275257
704.0, 0.00338704583822302
705.0, 0.0035976509595368796
706.0, 0.0015620078747647236
707.0, 0.00013548515351306993
708.0, 0.0005200677593806052
709.0, 0.0011018088937805068
710.0, 6.911760820558398e-05
711.0, 0.0008194895848828236
712.0, 0.0013992488495346528
713.0, 0.0008618776599932102
714.0, 0.0005127689189407049
715.0, 0.0010627010010099951
716.0, 0.0017439311860239493
717.0, 0.0011466556433267516
718.0, 0.00034270035043303647
719.0, 0.0014180395407487499
720.0, 0.0009007351864520292
721.0, 0.0013620212083789278
722.0, 0.0016719242104510455
723.0, 0.0011495806566873133
724.0, 0.0006763884362647601
725.0, 0.0014060389941889329
726.0, 0.0015726923656779659
727.0, 0.0014754251505862638
728.0, 0.0012856596985233466
729.0, 0.0017593648983954338
730.0, 0.00311915001858961
731.0, 0.004589109062351529
732.0, 0.0052282525417492
733.0, 0.006181203464338125
734.0, 0.006210055731377112
735.0, 0.007381340621043496
736.0, 0.007936068177945557
737.0, 0.009376978964098549
738.0, 0.010488772225383818
739.0, 0.010630853606839932
740.0, 0.01298840365286129
741.0, 0.014276717813505566
742.0, 0.017174421020190442
743.0, 0.017718830163194057
744.0, 0.01802132636045418
745.0, 0.019784934062712905
746.0, 0.02144922665131394
747.0, 0.021494839656771746
748.0, 0.02409515110223215
749.0, 0.024350728420671347
750.0, 0.028299401500270112
751.0, 0.0305869167722719
752.0, 0.031054521053819763
753.0, 0.03229862097865177
754.0, 0.03508947797480094
755.0, 0.03771428225771964
756.0, 0.04138849138475651
757.0, 0.044893797233129015
758.0, 0.04576624654505409
759.0, 0.0469459310678194
760.0, 0.04892896507841399
761.0, 0.051934748543273145
762.0, 0.05498230582741582
763.0, 0.056359622370594276
764.0, 0.05943348005487715
765.0, 0.05786160819177216
766.0, 0.05734494518533678
767.0, 0.05753630200733965
768.0, 0.05775334231417144
769.0, 0.05801440526510068
770.0, 0.058113140999108824
771.0, 0.056738111669728884
772.0, 0.05408556411465467
773.0, 0.05443946621504157
774.0, 0.05411727233312861
775.0, 0.05300290613504099
776.0, 0.05358993598323115
777.0, 0.054665173660691936
778.0, 0.053740312925387085
779.0, 0.05317800592764997
780.0, 0.05503405113824731
781.0, 0.05506320096945511
782.0, 0.05547995579837469
783.0, 0.05782015173759421
784.0, 0.06132892685975615
785.0, 0.06453841198326793
786.0, 0.06696523447597905
787.0, 0.0696693998117326
788.0, 0.07172778395159461
789.0, 0.0737033145354991
790.0, 0.07783984656065124
791.0, 0.08088223355602686
792.0, 0.08345791365670385
793.0, 0.08700487329190855
794.0, 0.0913448230693703
795.0, 0.09469478217469104
796.0, 0.09547405942036895
797.0, 0.09864500982246806
798.0, 0.10124520519710152
799.0, 0.10131983537118965
800.0, 0.1006335722473405
801.0, 0.10018514281668105
802.0, 0.09874994228563887
803.0, 0.09520084650699846
804.0, 0.09227979839543586
805.0, 0.08977369966510386
806.0, 0.08529258310559391
807.0, 0.08052095596203852
808.0, 0.07682751561955493
809.0, 0.0749646914571642
810.0, 0.0730538102588923
811.0, 0.06690008409689024
812.0, 0.06578484121850238
813.0, 0.061295644954804857
814.0, 0.058684345142891246
815.0, 0.054921216617596434
816.0, 0.051602491688171964
817.0, 0.04923368728242315
818.0, 0.0465065264366269
819.0, 0.04327208442209451
820.0, 0.042251368123673326
821.0, 0.03968056092261379
822.0, 0.03845753332181148
823.0, 0.036130770697480406
824.0, 0.03383861897507917
825.0, 0.03190090940197767
826.0, 0.03049825980475396
827.0, 0.030424997219439837
828.0, 0.028904494548802506
829.0, 0.026479671371619686
830.0, 0.02477106030731461
831.0, 0.022786340030118417
832.0, 0.020645687938487197
833.0, 0.019697727465543786
834.0, 0.01915943649605853
835.0, 0.01709968636514838
836.0, 0.016947613282862747
837.0, 0.015704647647541942
838.0, 0.015660767771904973
839.0, 0.014348560995502623
840.0, 0.012531244272716846
841.0, 0.011285081279976654
842.0, 0.010721941543291503
843.0, 0.010268590259696392
844.0, 0.009812669725841989
845.0, 0.009495216630973117
846.0, 0.00887365526704744
847.0, 0.0067838915652518065
848.0, 0.007798952207319061
849.0, 0.007323825381589355
850.0, 0.0051904231204504435
851.0, 0.00482265021235172
852.0, 0.006281716449720101
853.0, 0.006831156328757405
854.0, 0.0065776428052703685
855.0, 0.005170409264563219
856.0, 0.003200055418143676
857.0, 0.0035632713686774343
858.0, 0.004800792685213291
859.0, 0.004657806341432148
860.0, 0.003285698128401203
861.0, 0.0020705187525597102
862.0, 0.0008964269053724048
863.0, 0.0026159652380321322
864.0, 0.0032770353536362416
865.0, 0.002126590471066154
866.0, 0.001151641815910839
867.0, 0.0010214095138505555
868.0, 0.000990275974152609
869.0, 0.0008331480629818787
870.0, 0.0009922166078903502
871.0, 0.0011533693101275274
872.0, 0.0018353008740156175
873.0, 0.002082386562729138
874.0, 0.0023059541416746896
875.0, 0.002434785197997627
876.0, 0.0022560986672439374
877.0, 0.001790305591974401
878.0, 0.0012502958265357043
879.0, 0.0018484864610790503
880.0, 0.0018427297212870398
881.0, 0.0019974886865131007
882.0, 0.0034342514181649976
883.0, 0.0035590357098601237
884.0, 0.0033452526882478293
885.0, 0.004216797560254695
886.0, 0.004302368671480862
887.0, 0.002363544293862964
888.0, 0.005125277380584277
889.0, 0.0036350936339608403
890.0, 0.002788866617984387
891.0, 0.002338299380035858
892.0, 0.0023825259769127013
893.0, 0.002157853356461674
894.0, 0.0017244305056233753
895.0, 0.0027755904842825608
896.0, 0.002789210249595357
897.0, 0.001781546970347766
898.0, 0.0005969162009068487
899.0, 0.0016293470727221505
900.0, 0.00202205732801386
901.0, 0.0013363935849780369
902.0, 0.0012304395435276093
903.0, 0.0017128954586172894
904.0, 0.00014702705799899378
905.0, 0.0008096885482979953
906.0, 0.0010397922647751266
907.0, 0.00031308972182758475
908.0, 0.0010037232842848947
909.0, 0.0007346525736250464
910.0, 0.0011458487371280599
911.0, 0.0023002498442702664
912.0, 0.0024745130527954427
913.0, 0.003709751257673882
914.0, 0.004441612885638212
915.0, 0.004882115377777949
916.0, 0.005861829837294521
917.0, 0.006316661109436438
918.0, 0.007175461296596698
919.0, 0.008222331301208492
920.0, 0.00893966342743211
921.0, 0.009608503545772777
922.0, 0.010779527471281726
923.0, 0.011367271596718753
924.0, 0.013043237382225277
925.0, 0.0140372484617687
926.0, 0.016577735366993564
927.0, 0.018871679924319224
928.0, 0.020016173498057573
929.0, 0.022104862113520016
930.0, 0.025640570596922846
931.0, 0.02609596665692881
932.0, 0.030528768991603505
933.0, 0.031995949998683076
934.0, 0.035791049824729956
935.0, 0.04168288239829255
936.0, 0.04775668998836546
937.0, 0.05237088318092322
938.0, 0.05705116312774723
939.0, 0.0642106464642165
940.0, 0.07299987804436726
941.0, 0.08250495368046398
942.0, 0.09003014260984575
943.0, 0.10058261387973205
944.0, 0.11101708616875948
945.0, 0.12042003411319607
946.0, 0.12929728076433225
947.0, 0.13775658823523593
948.0, 0.1453665467666343
949.0, 0.15186677448379687
950.0, 0.1569932959359276
951.0, 0.16372357230135404
952.0, 0.1638392159689191
953.0, 0.16503377381988144
954.0, 0.16665506577053263
955.0, 0.16859892947985727
956.0, 0.16953966725211692
957.0, 0.16859370956087635
958.0, 0.16888639057341157
959.0, 0.17648991828248622
960.0, 0.18155265507859314
961.0, 0.1854364822772916
962.0, 0.19523011292046794
963.0, 0.20785828175746596
964.0, 0.22097413313247932
965.0, 0.23658806880863723
966.0, 0.25623602227066755
967.0, 0.27631410424512926
968.0, 0.2923408573334191
969.0, 0.3155033373791654
970.0, 0.34264299838091605
971.0, 0.36240738517640764
972.0, 0.38128024943850203
973.0, 0.3970346229818072
974.0, 0.4123460878319578
975.0, 0.4261333783133233
976.0, 0.4361028498005889
977.0, 0.4453374792019795
978.0, 0.4592534631529144
979.0, 0.47935660104736694
980.0, 0.5086211820935618
981.0, 0.547603825477438
982.0, 0.5913199179365135
983.0, 0.647296670984942
984.0, 0.7095768382611038
985.0, 0.7768299656225169
986.0, 0.8451071290901125
987.0, 0.8885036989013481
988.0, 0.8996433691354163
989.0, 0.9341916962158123
990.0, 0.8714679223804923
991.0, 0.8002053454989397
992.0, 0.7196585287743161
993.0, 0.6398234652540683
994.0, 0.5641919048562654
995.0, 0.49726358897406797
996.0, 0.44632914155030123
997.0, 0.40552061631896374
998.0, 0.37584158154342695
999.0, 0.35276672702197254
1000.0, 0.33986851042985283
1001.0, 0.3343038581239451
1002.0, 0.3333114250807859
1003.0, 0.33390963602899126
1004.0, 0.3382179761761121
1005.0, 0.34817033577224044
1006.0, 0.36283126465706095
1007.0, 0.385105901473008
1008.0, 0.41252491772592925
1009.0, 0.4523167964684126
1010.0, 0.4971766865019645
1011.0, 0.5495321921595518
1012.0, 0.6114901653237792
1013.0, 0.678530673570616
1014.0, 0.7482388167801635
1015.0, 0.81859522232759
1016.0, 0.8823184114860909
1017.0, 0.9301047271863818
1018.0, 0.9571348724154005
1019.0, 0.9630196166674689
1020.0, 0.9549244865698829
1021.0, 0.9284477185949535
1022.0, 0.8857647726777018
1023.0, 0.8348446159136561
1024.0, 0.7802244395376198
1025.0, 0.7249602079996134
1026.0, 0.6743792497963533
1027.0, 0.6304938448523488
1028.0, 0.5895094811107814
1029.0, 0.5577654611351972
1030.0, 0.5256125959274942
1031.0, 0.5011978280806817
1032.0, 0.47940975675249
1033.0, 0.45664961370515084
1034.0, 0.4371414175381159
1035.0, 0.4251049054960387
1036.0, 0.41693144328261145
1037.0, 0.40656554146836643
1038.0, 0.4009133568070415
1039.0, 0.39391430472724764
1040.0, 0.3845344146211289
1041.0, 0.37767256850631653
1042.0, 0.370418877361396
1043.0, 0.3614271642764646
1044.0, 0.3497600613894049
1045.0, 0.3371218150411382
1046.0, 0.3277595686489264
1047.0, 0.32305348029969644
1048.0, 0.3169003475498568
1049.0, 0.3073521950209714
1050.0, 0.3055295653238801
1051.0, 0.30429373463128156
1052.0, 0.3048775622910221
1053.0, 0.30769658272475336
1054.0, 0.31138948132782585
1055.0, 0.31896922725070687
1056.0, 0.33036431926425447
1057.0, 0.3393030625625165
1058.0, 0.3492224658732783
1059.0, 0.36452322413575433
1060.0, 0.3703941422669158
1061.0, 0.3752473613205115
1062.0, 0.3746374700291867
1063.0, 0.37460218461493544
1064.0, 0.3714914509277308
1065.0, 0.36257588104609967
1066.0, 0.35128811764156886
1067.0, 0.341943189558904
1068.0, 0.3340937812917079
1069.0, 0.3271104929047011
1070.0, 0.31943363078168385
1071.0, 0.3139537235369345
1072.0, 0.30645123065670815
1073.0, 0.30028758344475653
1074.0, 0.2956348240464801
1075.0, 0.2927853348516459
1076.0, 0.29015918819440606
1077.0, 0.2865047572009843
1078.0, 0.28196426286622406
1079.0, 0.2762851541531416
1080.0, 0.27425922033924194
1081.0, 0.2677078867927552
1082.0, 0.26200863442750566
1083.0, 0.2504596223451334
1084.0, 0.24586808068080154
1085.0, 0.23696874794592618
1086.0, 0.2266696023824223
1087.0, 0.21710688197041145
1088.0, 0.20504789937338894
1089.0, 0.19163199068968909
1090.0, 0.18082325241219577
1091.0, 0.17457927214326993
1092.0, 0.16277332853324653
1093.0, 0.15691300440997785
1094.0, 0.1458208290031874
1095.0, 0.13711986951015134
1096.0, 0.1294573252774223
1097.0, 0.12196695231219952
1098.0, 0.11682399100634491
1099.0, 0.11260723166534453
1100.0, 0.10652438492795784
1101.0, 0.10445763666688099
1102.0, 0.10306545656808162
1103.0, 0.09924889964331096
1104.0, 0.10095099109325763
1105.0, 0.10127183665240667
1106.0, 0.10081499657713248
1107.0, 0.10238010520496299
1108.0, 0.10726776703685295
1109.0, 0.11287740989478931
1110.0, 0.12020443572493655
1111.0, 0.13198781729949063
1112.0, 0.14358917575356997
1113.0, 0.15832915208716505
1114.0, 0.171466857921871
1115.0, 0.17978927111699505
1116.0, 0.18436978114004193
1117.0, 0.18815170949078616
1118.0, 0.18421721640353578
1119.0, 0.1758745494725288
1120.0, 0.16502952557972575
1121.0, 0.15449175971080348
1122.0, 0.14650307755755954
1123.0, 0.1377164828908237
1124.0, 0.13019329439541746
1125.0, 0.12371897040708009
1126.0, 0.11937728656167101
1127.0, 0.11227371353652581
1128.0, 0.10620231464678095
1129.0, 0.10123759212516674
1130.0, 0.09612254554573485
1131.0, 0.0921331155175674
1132.0, 0.0892146859572901
1133.0, 0.08594566407963326
1134.0, 0.08266912507564364
1135.0, 0.08022060717281201
1136.0, 0.07539082454231395
1137.0, 0.07385306372154375
1138.0, 0.07410129118807326
1139.0, 0.07032080001660791
1140.0, 0.06923119008738322
1141.0, 0.06785060594029446
1142.0, 0.06877701073731737
1143.0, 0.06977528820939101
1144.0, 0.06909400631317436
1145.0, 0.06815926496386539
1146.0, 0.06781855419201285
1147.0, 0.06838388833435116
1148.0, 0.06620068823851259
1149.0, 0.06478879544330618
1150.0, 0.06110563804557417
1151.0, 0.0566745862457732
1152.0, 0.05088303353091329
1153.0, 0.04581576002559836
1154.0, 0.041896316951096885
1155.0, 0.037738499501961814
1156.0, 0.0351919034461942
1157.0, 0.034569138052201374
1158.0, 0.031967565181849456
1159.0, 0.029453055137596
1160.0, 0.02727258764143644
1161.0, 0.02720708465569066
1162.0, 0.025726084983771096
1163.0, 0.02303171843808899
1164.0, 0.02426099386645933
1165.0, 0.02458093383899304
1166.0, 0.023114596411099215
1167.0, 0.02152118022244513
1168.0, 0.020176350282980562
1169.0, 0.01929379675402851
1170.0, 0.018943959043410247
1171.0, 0.01688641103562455
1172.0, 0.015526841473653928
1173.0, 0.015183433643786763
1174.0, 0.013428388652046024
1175.0, 0.010539295126227548
1176.0, 0.010338954823449965
1177.0, 0.009401071676935682
1178.0, 0.0075482719976876535
1179.0, 0.0070576704854047835
1180.0, 0.006763388697944169
1181.0, 0.00566691777962018
1182.0, 0.004956464497965365
1183.0, 0.004183917280864361
1184.0, 0.003518885525324543
1185.0, 0.001863198138965064
1186.0, 0.0014954295257177596
1187.0, 0.002685134063951444
1188.0, 0.0008504765991007663
1189.0, 0.002065647272467153
1190.0, 0.0011115996655808762
1191.0, 0.00045938898437989956
1192.0, 0.0005220990447719002
1193.0, 0.0006172052605342076
1194.0, 0.0008097704952967179
1195.0, 0.000625604265998307
1196.0, 0.00043487371893167104
1197.0, 0.000686986637991431
1198.0, 0.0009216138319749751
1199.0, 0.001120137728674853
1200.0, 0.0006228178494077626
1201.0, 0.000793001618819307
1202.0, 0.00029734501506300636
1203.0, 0.0009954243253227375
1204.0, 0.0008558214904952538
1205.0, 0.0006745743987386447
1206.0, 0.0010064857189737023
1207.0, 0.0008824398610259397
1208.0, 0.0009418999682491142
1209.0, 0.0015842590344373943
1210.0, 0.0007621672793015315
1211.0, 0.0014409677061396134
1212.0, 0.0011742875306814133
1213.0, 0.0009965795730080193
1214.0, 0.001031050406633341
1215.0, 0.0012644765159315996
1216.0, 0.0004857141017664244
1217.0, 0.0006187792567494398
1218.0, 0.001008197964200951
1219.0, 0.0009819826318217101
1220.0, 0.0009039755184454458
1221.0, 0.0005872889633139138
1222.0, 0.00036645313091934154
1223.0, 0.0010337538748547014
1224.0, 0.0016535272286917232
1225.0, 0.0032557150142336006
1226.0, 0.0029180232536647416
1227.0, 0.001769283410587116
1228.0, 0.002117853064189051
1229.0, 0.003115463490057126
1230.0, 0.0022518202096556764
1231.0, 0.001517113961208154
1232.0, 0.0014276211295018823
1233.0, 0.0009934288921826214
1234.0, 0.0003739269577300087
1235.0, 0.0005367134313196594
1236.0, 0.0018440167884444761
1237.0, 0.0006872120210678644
1238.0, 0.002344724553846058
1239.0, 0.0008931633503830424
1240.0, 0.0006097675766197578
1241.0, 0.0011979408525843453
1242.0, 0.0010175538929119233
1243.0, 0.0015395164838354152
1244.0, 0.0012538219211956972
1245.0, 0.0010037020456345293
1246.0, 0.0010878523102900118
1247.0, 0.0006796955817470906
1248.0, 0.00013217367228773356
1249.0, 0.00032427457768567896
1250.0, 0.0008701347094879629
1251.0, 0.0010841732222728895
1252.0, 0.0013765709364904836
1253.0, 0.0014800113022431958
1254.0, 0.0006364625599473946
1255.0, 0.0007270420927193474
1256.0, 0.0007042421738309748
1257.0, 0.0002872706350875598
1258.0, 0.00037626749023599466
1259.0, 0.0019281622039223191
1260.0, 0.001769121128218483
1261.0, 0.001007599418762281
1262.0, 0.0018270336791003676
1263.0, 0.001091410658573623
1264.0, 0.0007015217959753539
1265.0, 0.0018095428345304523
1266.0, 0.001866661475070427
1267.0, 0.001354867809524458
1268.0, 0.001556680990628006
1269.0, 0.0007064524196565101
1270.0, 0.0010401090750859954
1271.0, 0.0006269813487844822
1272.0, 0.0021570248196903477
1273.0, 0.0029289594675177355
1274.0, 0.0017911390696534607
1275.0, 0.0019473778076402291
1276.0, 0.0025663144734578655
1277.0, 0.001933921361193906
1278.0, 0.0029151499494405645
1279.0, 0.0018647641697872646
1280.0, 0.0026542273514652682
1281.0, 0.0010604822289679813
1282.0, 0.0033996737966986604
1283.0, 0.003960612778805907
1284.0, 0.0029403657382672727
1285.0, 0.003244203246538142
1286.0, 0.003400263541902504
1287.0, 0.0031798720394834233
1288.0, 0.0035672521226045254
1289.0, 0.004234728335819823
1290.0, 0.0046135410672343774
1291.0, 0.0043597045292251895
1292.0, 0.004186245405275539
1293.0, 0.005059521253464367
1294.0, 0.004971242459030832
1295.0, 0.005135936763824053
1296.0, 0.00562567799187472
1297.0, 0.005678928727015473
1298.0, 0.005092821866259315
1299.0, 0.005983402647329077
1300.0, 0.005356006130885093
1301.0, 0.004965790650085524
1302.0, 0.006102733431318741
1303.0, 0.006148686088782821
1304.0, 0.007176355852869027
1305.0, 0.008061487900619436
1306.0, 0.007574616353426881
1307.0, 0.008163774743418516
1308.0, 0.00891244933106832
1309.0, 0.007489420471506758
1310.0, 0.009312780756803724
1311.0, 0.007454376846250194
1312.0, 0.007076742594558539
1313.0, 0.0075109269712739495
1314.0, 0.008850552999880096
1315.0, 0.007053273860871602
1316.0, 0.009063354449147
1317.0, 0.007941164368267488
1318.0, 0.00808731446567354
1319.0, 0.008419502571041172
1320.0, 0.008878598156715194
1321.0, 0.008810413067830704
1322.0, 0.007747736122366817
1323.0, 0.0075114792620928844
1324.0, 0.007844797491882164
1325.0, 0.0067744673793505164
1326.0, 0.0072685707195156175
1327.0, 0.00595730384292149
1328.0, 0.007246896736973451
1329.0, 0.006572184119181248
1330.0, 0.007073010992721745
1331.0, 0.008068049372469186
1332.0, 0.0070931666289645
1333.0, 0.006425301028063932
1334.0, 0.004890510456795459
1335.0, 0.005239141284093294
1336.0, 0.005863339015233765
1337.0, 0.0060154317133371904
1338.0, 0.005820734786402312
1339.0, 0.00613317511394018
1340.0, 0.007098937040621178
1341.0, 0.007588231391121443
1342.0, 0.008142677146731258
1343.0, 0.006739691530063567
1344.0, 0.006627509901086833
1345.0, 0.004823334295570929
1346.0, 0.005255890297325983
1347.0, 0.0053471125263680145
1348.0, 0.005276573593473221
1349.0, 0.005327474054972547
1350.0, 0.006579574598613799
1351.0, 0.006903139134595672
1352.0, 0.00785080803388917
1353.0, 0.006756709785001663
1354.0, 0.006299415258238605
1355.0, 0.006268245402533998
1356.0, 0.0056604929442535265
1357.0, 0.0054666566560307404
1358.0, 0.00513245370859155
1359.0, 0.005144938011445265
1360.0, 0.004673179251562998
1361.0, 0.0029341640553071625
1362.0, 0.0029734506224838924
1363.0, 0.004445871003396466
1364.0, 0.005683110689275928
1365.0, 0.0049474118134898454
1366.0, 0.004109184809511277
1367.0, 0.004525280553440568
1368.0, 0.0053674385025797924
1369.0, 0.005377445675436544
1370.0, 0.005564925194938265
1371.0, 0.005709755945378919
1372.0, 0.005782685927961929
1373.0, 0.005529888653350124
1374.0, 0.005008007828916286
1375.0, 0.004414238054972141
1376.0, 0.003821129582274719
1377.0, 0.004230916096752413
1378.0, 0.005157788035145114
1379.0, 0.0038957445785233235
1380.0, 0.0028630356843406014
1381.0, 0.0055592709356872844
1382.0, 0.0015392072955686161
1383.0, 0.001393671212467953
1384.0, 0.004402182152037259
1385.0, 0.004385335239584084
1386.0, 0.0035135413753906893
1387.0, 0.0031223087367527862
1388.0, 0.0026876934472386655
1389.0, 0.0021997705444834026
1390.0, 0.0020810376043928925
1391.0, 0.002463388834511957
1392.0, 0.003118986152721826
1393.0, 0.0032231730669041734
1394.0, 0.002287257901363623
1395.0, 0.0017147079668319136
1396.0, 0.002342732475327151
1397.0, 0.002555364675333657
1398.0, 0.0035900325502849686
1399.0, 0.002603783451480282
1400.0, 0.004850696560675767
1401.0, 0.0038722439041400636
1402.0, 0.0028118918543334538
1403.0, 0.002559659537293392
1404.0, 0.0008515957448499361
1405.0, 0.001179657692710284
1406.0, 0.0003173604675023086
1407.0, 0.002227122218455508
1408.0, 0.0022055355037176347
1409.0, 0.0011468007355449421
1410.0, 0.0008354043040637518
1411.0, 0.0018532346348432457
1412.0, 0.0019297717016970345
1413.0, 0.002427851042280338
1414.0, 0.0029921434173008866
1415.0, 0.0021528297941930366
1416.0, 0.0036531712914320727
1417.0, 0.0028183736078499964
1418.0, 0.00256999447573532
1419.0, 0.000952483742017023
1420.0, 0.0030014396598047367
1421.0, 0.0021333992193250167
1422.0, 0.0034134729183092384
1423.0, 0.002530562455258485
1424.0, 0.0018858537172445724
1425.0, 0.0010596979124588277
1426.0, 0.0011241429894576923
1427.0, 0.0019532983371121433
1428.0, 0.0017470775044453918
1429.0, 0.0026855781535726733
1430.0, 0.003041365856037511
1431.0, 0.0030827940066753324
1432.0, 0.0034286930345047775
1433.0, 0.00435481134994766
1434.0, 0.004899978481061629
1435.0, 0.005045581886899702
1436.0, 0.0062200330091733156
1437.0, 0.006768110474006978
1438.0, 0.005600049758100678
1439.0, 0.006702823741181415
1440.0, 0.009573930273703068
1441.0, 0.008765369004639277
1442.0, 0.008249578391746249
1443.0, 0.008938049218556074
1444.0, 0.0124133941943024
1445.0, 0.012614076884789317
1446.0, 0.012955427317508001
1447.0, 0.01306873663581249
1448.0, 0.012449918910464286
1449.0, 0.011356704441134893
1450.0, 0.01070499271976947
1451.0, 0.009853308928919636
1452.0, 0.010625158870785276
1453.0, 0.010554240413801054
1454.0, 0.011426761938239206
1455.0, 0.012775310195124737
1456.0, 0.011297288594734748
1457.0, 0.009681435196530227
1458.0, 0.010776091565589622
1459.0, 0.011187166207775798
1460.0, 0.009826115676346944
1461.0, 0.009010959000237939
1462.0, 0.008554732338088199
1463.0, 0.009609738191956057
1464.0, 0.009482150483264454
1465.0, 0.009137171320969978
1466.0, 0.00814684566932713
1467.0, 0.007598209174414527
1468.0, 0.00493968740352083
1469.0, 0.004883695609280833
1470.0, 0.00462305723265781
1471.0, 0.005049348438841154
1472.0, 0.005268973305395405
1473.0, 0.004635326959732749
1474.0, 0.00486223353293757
1475.0, 0.004771908585909843
1476.0, 0.005220703648881089
1477.0, 0.005811312174997623
1478.0, 0.005038659732454503
1479.0, 0.006011901682795243
1480.0, 0.005163610931084931
1481.0, 0.0025513165923119257
1482.0, 0.0038470032694795722
1483.0, 0.005864408924805022
1484.0, 0.004803599172777152
1485.0, 0.0038262082216964435
1486.0, 0.003155077074999711
1487.0, 0.00231534001617319
1488.0, 0.00137093011778809
1489.0, 0.0022627235128412295
1490.0, 0.0015598421395226253
1491.0, 0.002829817543099694
1492.0, 0.0020863677506009265
1493.0, 0.0025383828802885196
1494.0, 0.0020031200408874763
1495.0, 0.000648462889963239
1496.0, 0.0012702055339255678
1497.0, 0.0012904281298319917
1498.0, 0.002985877597007395
1499.0, 0.002415793064872373
1500.0, 0.0025376981811176
1501.0, 0.0019140003750548924
1502.0, 0.0009665673619477288
1503.0, 0.0019514886498732424
1504.0, 0.0019204336846903832
1505.0, 0.001756835696864893
1506.0, 0.002021145528415746
1507.0, 0.0020021347805140232
1508.0, 0.0013148975132611224
1509.0, 0.0008885951933404215
1510.0, 0.0025532901070014426
1511.0, 0.0031562828059430053
1512.0, 0.0015948752053995957
1513.0, 0.0025840788897103406
1514.0, 0.001581348020321959
1515.0, 0.00041524637994809705
1516.0, 0.0011295984111552213
1517.0, 0.002729989534563473
1518.0, 0.0007439503088709073
1519.0, 0.0033345605166494887
1520.0, 0.003896126710889021
1521.0, 0.0027808876025031204
1522.0, 0.0018263731984703236
1523.0, 0.0037581329446626614
1524.0, 0.0010098546401974067
1525.0, 0.0014038317881536967
1526.0, 0.0026030207381432125
1527.0, 0.0024611649380471925
1528.0, 0.00397365312391103
1529.0, 0.0022188120317069788
1530.0, 0.0015740187786692777
1531.0, 0.0018105633631432323
1532.0, 0.0032230509907492143
1533.0, 0.0033562182636553478
1534.0, 0.0019774541421251493
1535.0, 0.002806905274070403
1536.0, 0.0038426759078322307
1537.0, 0.003189403287301391
1538.0, 0.0032905435046668586
1539.0, 0.004126674188373846
1540.0, 0.003373894926465947
1541.0, 0.002067854530760264
1542.0, 0.002754014114683719
1543.0, 0.00393583926423791
1544.0, 0.0030351881918844253
1545.0, 0.002049499830388476
1546.0, 0.0026642391774716755
1547.0, 0.0035663482819196903
1548.0, 0.003223065608362035
1549.0, 0.003916048124243733
1550.0, 0.003120441951297592
1551.0, 0.001538395269311371
1552.0, 0.002319863312265652
1553.0, 0.0023705077764953762
1554.0, 0.0032457967624538
1555.0, 0.003568271236323082
1556.0, 0.004404601526656448
1557.0, 0.003746665092726136
1558.0, 0.002850898426354969
1559.0, 0.0018942162399956304
1560.0, 0.0014574378384700963
1561.0, 0.0012853268053211254
1562.0, 0.0006132465397566342
1563.0, 0.0011951085447661318
1564.0, 0.0013886308743235878
1565.0, 0.0011410835550102712
1566.0, 0.002881458049482819
1567.0, 0.0011389178981036708
1568.0, 0.002503791039853461
1569.0, 0.0012829610165164423
1570.0, 6.326826464612748e-06
1571, 0.0
1572, 0.0
1573, 0.0
1574, 0.0
1575, 0.0
1576, 0.0
1577, 0.0
1578, 0.0
1579, 0.0
1580, 0.0
1581, 0.0
1582, 0.0
1583, 0.0
1584, 0.0
1585, 0.0
1586, 0.0
1587, 0.0
1588, 0.0
1589, 0.0
1590, 0.0
1591, 0.0
1592, 0.0
1593, 0.0
1594, 0.0
1595, 0.0
1596, 0.0
1597, 0.0
1598, 0.0
1599, 0.0
