30, 0.0
31, 0.0
32, 0.0
33, 0.0
34, 0.0
35, 0.0
36, 0.0
37, 0.0
38, 0.0
39, 0.0
40, 0.0
41, 0.0
42, 0.0
43, 0.0
44, 0.0
45, 0.0
46, 0.0
47, 0.0
48, 0.0
49, 0.0
50, 0.0
51, 0.0
52, 0.0
53, 0.0
54, 0.0
55, 0.0
56, 0.0
57, 0.0
58, 0.0
59, 0.0
60, 0.0
61, 0.0
62, 0.0
63, 0.0
64, 0.0
65, 0.0
66, 0.0
67, 0.0
68, 0.0
69, 0.0
70, 0.0
71, 0.0
72, 0.0
73, 0.0
74, 0.0
75, 0.0
76, 0.0
77, 0.0
78, 0.0
79, 0.0
80, 0.0
81, 0.0
82, 0.0
83, 0.0
84, 0.0
85, 0.0
86, 0.0
87, 0.0
88, 0.0
89, 0.0
90, 0.0
91, 0.0
92, 0.0
93, 0.0
94, 0.0
95, 0.0
96, 0.0
97, 0.0
98, 0.0
99, 0.0
100, 0.0
101, 0.0
102, 0.0
103, 0.0
104, 0.0
105, 0.0
106, 0.0
107, 0.0
108, 0.0
109, 0.0
110.0, 4.0950946027294797e-07
111.0, 0.00020516423959723108
112.0, 0.008882443391330246
113.0, 0.02426497989518335
114.0, 0.044154297486228004
115.0, 0.0562977556070255
116.0, 0.06511471458073154
117.0, 0.07179940888979967
118.0, 0.07995597240610525
119.0, 0.07415497730204572
120.0, 0.05999105307444062
121.0, 0.04455271238278373
122.0, 0.03413743760140214
123.0, 0.02672465651402667
124.0, 0.022065524944471285
125.0, 0.020907165793216966
126.0, 0.023142123035144603
127.0, 0.028334226831342086
128.0, 0.036871463436872365
129.0, 0.04795792385312087
130.0, 0.06241501276737399
131.0, 0.07972843560589757
132.0, 0.09495736648892739
133.0, 0.11111885829154372
134.0, 0.1263920188225808
135.0, 0.13900432428223772
136.0, 0.14312358167070127
137.0, 0.14232802214027282
138.0, 0.13708822994428785
139.0, 0.12735059426366202
140.0, 0.11413889784040611
141.0, 0.09691741773793716
142.0, 0.07473645526946011
143.0, 0.056887318380635016
144.0, 0.04136972416839886
145.0, 0.028706693895352665
146.0, 0.021194522761060833
147.0, 0.014958948400348698
148.0, 0.010580760490173934
149.0, 0.008298314920690617
150.0, 0.005059606008550532
151.0, 0.002566635763572356
152.0, 0.0009930173031844308
153.0, 0.000888145365134966
154.0, 0.0026346678190522755
155.0, 0.004741448422851238
156.0, 0.006934020535811462
157.0, 0.009091275703026206
158.0, 0.011426091982739802
159.0, 0.014628093816531311
160.0, 0.01950951888249834
161.0, 0.02289142387835402
162.0, 0.02867353443888736
163.0, 0.03630818756178093
164.0, 0.04282458299117496
165.0, 0.050270323210240726
166.0, 0.05741118437449038
167.0, 0.06364500356816147
168.0, 0.06878779954803432
169.0, 0.07313179518690714
170.0, 0.07660098826052221
171.0, 0.07880896387093216
172.0, 0.07542100534812837
173.0, 0.07086280584505872
174.0, 0.0660804919981094
175.0, 0.060937077066670335
176.0, 0.057058299762371534
177.0, 0.05366261728754203
178.0, 0.05010766719333721
179.0, 0.04822911915132238
180.0, 0.04767513477679101
181.0, 0.04784736446045559
182.0, 0.04659473854322828
183.0, 0.04839711220644258
184.0, 0.050783902940358575
185.0, 0.05270743227318509
186.0, 0.05272148559755094
187.0, 0.053316121003858664
188.0, 0.05426384133888438
189.0, 0.055248276710711974
190.0, 0.05883482222993808
191.0, 0.061452055401985305
192.0, 0.06278728670408325
193.0, 0.06571297976889465
194.0, 0.06764268381855386
195.0, 0.06830545828903954
196.0, 0.06725704856969333
197.0, 0.06602393670533314
198.0, 0.06172164255307536
199.0, 0.05543617268156751
200.0, 0.05012773466322646
201.0, 0.042948047585469856
202.0, 0.03707063210337309
203.0, 0.03311042280277192
204.0, 0.02470013035072481
205.0, 0.016996373570910522
206.0, 0.011047879312794716
207.0, 0.008415623203979558
208.0, 0.004754186784138929
209.0, 0.002866268341572757
210.0, 0.002294495786943766
211.0, 0.0004443512284768011
212.0, 0.0013651715067836232
213.0, 0.0023173543561333825
214.0, 0.0022072960635660588
215.0, 0.001674441211417133
216.0, 0.002680227635886548
217.0, 0.004587848693409007
218.0, 0.00670795183098357
219.0, 0.00858893511535184
220.0, 0.010050544986339853
221.0, 0.01104668941350452
222.0, 0.011419436620787924
223.0, 0.012017188906525096
224.0, 0.012206259567520646
225.0, 0.011690698856229467
226.0, 0.01330706430036106
227.0, 0.012672242004315866
228.0, 0.011274853406391052
229.0, 0.011281794074564063
230.0, 0.010731463380949479
231.0, 0.010749709642626466
232.0, 0.01065854993271322
233.0, 0.006152132383918071
234.0, 0.006557018419443599
235.0, 0.006686827338714105
236.0, 0.004042211600677685
237.0, 0.0031645407229544784
238.0, 0.002926969378311514
239.0, 0.0026941796294942502
240.0, 0.001499523738420018
241.0, 0.0015419063721263068
242.0, 0.00266861308128801
243.0, 0.004226180882494409
244.0, 0.0032932434847760166
245.0, 0.005256246301787139
246.0, 0.006649226612943441
247.0, 0.005993454467690685
248.0, 0.006401331021714959
249.0, 0.005347090263120522
250.0, 0.005081312838850832
251.0, 0.00866227924481643
252.0, 0.006682798057068619
253.0, 0.005976324752154404
254.0, 0.006490351185927639
255.0, 0.00562939552413482
256.0, 0.0038881647218626447
257.0, 0.002758226687016027
258.0, 0.0026758876002210986
259.0, 0.0017692078253919912
260.0, 0.0023479980610229324
261.0, 0.00411457954011396
262.0, 0.006992122145374706
263.0, 0.0074472401144764
264.0, 0.01012447594104544
265.0, 0.014800722930280424
266.0, 0.020596387207828054
267.0, 0.028549766252236257
268.0, 0.037295131928322296
269.0, 0.046797603657365655
270.0, 0.05912155681496827
271.0, 0.07454687131121486
272.0, 0.09113538833469771
273.0, 0.10780156364307375
274.0, 0.12446808129846475
275.0, 0.1377445250839141
276.0, 0.1476888883020884
277.0, 0.15385125770742547
278.0, 0.15147709998487882
279.0, 0.14604498273234676
280.0, 0.1381388838103828
281.0, 0.12695574457583422
282.0, 0.11324638417421339
283.0, 0.10233523646600828
284.0, 0.09616835365207314
285.0, 0.09202897452469365
286.0, 0.09427299161593064
287.0, 0.09899964725669747
288.0, 0.1031060219265879
289.0, 0.12369964493436371
290.0, 0.14828131696783278
291.0, 0.17955290245644392
292.0, 0.2252948071397902
293.0, 0.28386685699667863
294.0, 0.3498019781273065
295.0, 0.42123773651985297
296.0, 0.4937742245767488
297.0, 0.5588812256134935
298.0, 0.6081890435587918
299.0, 0.636323971190097
300.0, 0.6310343147602528
301.0, 0.6050627813867951
302.0, 0.5642883926340023
303.0, 0.5123195757498026
304.0, 0.45328964541155525
305.0, 0.3997752906678057
306.0, 0.35263851132200313
307.0, 0.3134435108532753
308.0, 0.28342043758170604
309.0, 0.2608871721216524
310.0, 0.24456738317914017
311.0, 0.22992588032993624
312.0, 0.21470467693268086
313.0, 0.20046035909829624
314.0, 0.18763762674669607
315.0, 0.17273403887043595
316.0, 0.16024054896635823
317.0, 0.1499451607484392
318.0, 0.14192174565442167
319.0, 0.13727498885603964
320.0, 0.13224125880163223
321.0, 0.12787612649963256
322.0, 0.12625054447715323
323.0, 0.11953848764653384
324.0, 0.11131725718558988
325.0, 0.10212076712249288
326.0, 0.09211972717546328
327.0, 0.08094140643108748
328.0, 0.07204135133596265
329.0, 0.06562009503710545
330.0, 0.05473840803793995
331.0, 0.045546280763425304
332.0, 0.0387064461720009
333.0, 0.03468589955575678
334.0, 0.03004011902823086
335.0, 0.02457018194701242
336.0, 0.020196002203746042
337.0, 0.019172480445455206
338.0, 0.01659791024419956
339.0, 0.014120608904635552
340.0, 0.012024703340748951
341.0, 0.01077122355011537
342.0, 0.008706198955807746
343.0, 0.006696913253200995
344.0, 0.005499536028347624
345.0, 0.007582118121814504
346.0, 0.005267860660829027
347.0, 0.0037350934762648775
348.0, 0.004143702743507365
349.0, 0.002703991501630024
350.0, 0.0011352563522139406
351.0, 0.0008907733265330319
352.0, 0.002665626426981085
353.0, 0.0011042052419844132
354.0, 0.000849477822431314
355.0, 0.0009645821112222598
356.0, 0.0005706678515702552
357.0, 0.00015983073293825012
358.0, 0.0013665595939649242
359.0, 0.0027279695343224507
360.0, 0.0016838746540813782
361.0, 0.0022212810757836674
362.0, 0.0032494975875428413
363.0, 0.0044294421134659315
364.0, 0.005155633404053875
365.0, 0.005527645100386705
366.0, 0.004989217148794981
367.0, 0.0042322660148971965
368.0, 0.007326372547778065
369.0, 0.008323604029444636
370.0, 0.008369050957510449
371.0, 0.007930571509995925
372.0, 0.007747638646926122
373.0, 0.008882647899221543
374.0, 0.010833689298254437
375.0, 0.01324234740844254
376.0, 0.012883423552836209
377.0, 0.014568042967644051
378.0, 0.016381800637714036
379.0, 0.016514231420153413
380.0, 0.01816839956795835
381.0, 0.018959897728483287
382.0, 0.019637973368079847
383.0, 0.02138761253879659
384.0, 0.022547279001781072
385.0, 0.02306900351526481
386.0, 0.02305385296996598
387.0, 0.022684493519866136
388.0, 0.025874615990071775
389.0, 0.02697811378014825
390.0, 0.026671546698732024
391.0, 0.030237597708461243
392.0, 0.031399882777701005
393.0, 0.03155393162985556
394.0, 0.03135994310019492
395.0, 0.03251728569741052
396.0, 0.03484856329458378
397.0, 0.03596128459029034
398.0, 0.035290573075338734
399.0, 0.03615352487797176
400.0, 0.036406207176830956
401.0, 0.03579519487278773
402.0, 0.03426302889100229
403.0, 0.03394901978980668
404.0, 0.03554752494077717
405.0, 0.03667839060420894
406.0, 0.0356107491616617
407.0, 0.038985165298333437
408.0, 0.039873183956997724
409.0, 0.040627364135016844
410.0, 0.04372419244478789
411.0, 0.04504752504771421
412.0, 0.04594378930869635
413.0, 0.04723342677964153
414.0, 0.05007219084342655
415.0, 0.05319595215024731
416.0, 0.05789524883521183
417.0, 0.06416247662448392
418.0, 0.07194528110508222
419.0, 0.08546850465161997
420.0, 0.10726841827674401
421.0, 0.1381040691659343
422.0, 0.17988174006380062
423.0, 0.2355319677021583
424.0, 0.3003268164248353
425.0, 0.36788850468711565
426.0, 0.4202845177549592
427.0, 0.44188334132035856
428.0, 0.4404364748131325
429.0, 0.41565854778848743
430.0, 0.3590950012635674
431.0, 0.300047600138341
432.0, 0.2412788764248659
433.0, 0.18586212377195394
434.0, 0.14619377892127797
435.0, 0.1144635923476231
436.0, 0.08907494565363029
437.0, 0.06975688269201893
438.0, 0.05750584335000578
439.0, 0.0483081090456958
440.0, 0.04005682771751291
441.0, 0.03249334985394825
442.0, 0.03165260939828561
443.0, 0.029560552497747195
444.0, 0.027106246577437217
445.0, 0.024670476521374732
446.0, 0.021304216109372383
447.0, 0.019956587695261853
448.0, 0.01851739907225195
449.0, 0.01592363001567794
450.0, 0.0167044040324636
451.0, 0.01611692251129516
452.0, 0.014672929797603318
453.0, 0.012785852877987624
454.0, 0.012639196612275421
455.0, 0.012596413072080277
456.0, 0.01342815949590354
457.0, 0.015672393505148215
458.0, 0.013421294906465427
459.0, 0.01440791947823096
460.0, 0.015588623923121396
461.0, 0.014255854296086624
462.0, 0.01620849269438828
463.0, 0.017959530570084682
464.0, 0.01936133653630637
465.0, 0.020261163923923197
466.0, 0.02280593111275702
467.0, 0.02620043134772904
468.0, 0.029456145265325452
469.0, 0.03150654161281954
470.0, 0.036058126080377825
471.0, 0.04194722272522915
472.0, 0.04882720520159903
473.0, 0.05634482810284554
474.0, 0.06403393252473295
475.0, 0.07405913574862112
476.0, 0.08505039900316982
477.0, 0.09534984161694855
478.0, 0.11080090645066457
479.0, 0.12508892717176626
480.0, 0.13742049674777573
481.0, 0.14697224925304767
482.0, 0.15676771003373932
483.0, 0.16319554079923676
484.0, 0.1664194283277441
485.0, 0.1666813601980274
486.0, 0.16156520712886918
487.0, 0.15951476315012375
488.0, 0.15811570223364085
489.0, 0.1541048563396241
490.0, 0.15057993608481912
491.0, 0.14819814407674164
492.0, 0.14489227886387093
493.0, 0.13811064938662573
494.0, 0.13525602338853138
495.0, 0.13363146832689865
496.0, 0.13065491819936087
497.0, 0.12336268812606864
498.0, 0.11706348059992597
499.0, 0.10881251711431457
500.0, 0.09998691122826651
501.0, 0.09218321202967068
502.0, 0.0871243323777373
503.0, 0.0787717990239572
504.0, 0.06977458698727303
505.0, 0.06296775395806914
506.0, 0.056419735272709555
507.0, 0.047907310453020616
508.0, 0.04006164323309167
509.0, 0.03541123995951197
510.0, 0.030743300923285217
511.0, 0.02900016133113284
512.0, 0.02596364602487284
513.0, 0.018164141509488176
514.0, 0.016318145776430818
515.0, 0.016533039600500548
516.0, 0.015148412339268743
517.0, 0.009558871622655698
518.0, 0.007511378637728057
519.0, 0.006380917469508845
520.0, 0.005151909612777207
521.0, 0.003203156665904606
522.0, 0.002038772839868122
523.0, 0.0016021842232400727
524.0, 0.0012852890733989434
525.0, 0.0007767207723452188
526.0, 0.0007600284387585312
527.0, 0.002412823627035615
528.0, 0.003018482056401228
529.0, 0.001565616442897423
530.0, 0.0017354691444164262
531.0, 0.0012501589145511756
532.0, 0.0011181631952732107
533.0, 0.001561230420461829
534.0, 0.0010923803590905143
535.0, 0.0007342730771477436
536.0, 0.00045870221876453645
537.0, 0.00038154354346134247
538.0, 0.0011331391032490578
539.0, 0.0011040153060237112
540.0, 0.0007653552728367202
541.0, 0.00040648327386572287
542.0, 0.0006361029768426279
543.0, 0.00030150900620038676
544.0, 0.003084647644341131
545.0, 0.007195393640247035
546.0, 0.004594512332279638
547.0, 0.004556883926549869
548.0, 0.005123828376383891
549.0, 0.006674578630688154
550.0, 0.010929968177475704
551.0, 0.011851467748308146
552.0, 0.011344074493378565
553.0, 0.010022412947251908
554.0, 0.008579742464901254
555.0, 0.009984083546158706
556.0, 0.00939881096916909
557.0, 0.007764357043565888
558.0, 0.006889170048233002
559.0, 0.006916825514062285
560.0, 0.007491969339558883
561.0, 0.00777914896794874
562.0, 0.006900710131424546
563.0, 0.00455090768621786
564.0, 0.005826259473332259
565.0, 0.0065325355753687335
566.0, 0.0037722342782846056
567.0, 0.007637851593853676
568.0, 0.009161965906350149
569.0, 0.010139584503238996
570.0, 0.011719665750896389
571.0, 0.014589794395247326
572.0, 0.011467570026163804
573.0, 0.009502634652371349
574.0, 0.011387058610412264
575.0, 0.014829325516567906
576.0, 0.01710881382165771
577.0, 0.01897410613093673
578.0, 0.020382008742666078
579.0, 0.020352206995788713
580.0, 0.021846331980933345
581.0, 0.022746341687857795
582.0, 0.022719598036911363
583.0, 0.021971598634095337
584.0, 0.024233182926602904
585.0, 0.026480019052768967
586.0, 0.028506308931817707
587.0, 0.03056258901283145
588.0, 0.034333511488743695
589.0, 0.037763973028427676
590.0, 0.04180281231604796
591.0, 0.04763728044446371
592.0, 0.05321262068313278
593.0, 0.060199292707166445
594.0, 0.07019232820779613
595.0, 0.0842268093862083
596.0, 0.09921472993918087
597.0, 0.11880551394138608
598.0, 0.14158848554926695
599.0, 0.16659553401058505
600.0, 0.19230109386843444
601.0, 0.2080378275313148
602.0, 0.21534305918083144
603.0, 0.21378363018144858
604.0, 0.19973113785530894
605.0, 0.1813233168270759
606.0, 0.16065233797178416
607.0, 0.13961906401388186
608.0, 0.12173867939368965
609.0, 0.10593756269492209
610.0, 0.09201609583555398
611.0, 0.08119713480973359
612.0, 0.07528430902077624
613.0, 0.0708626740495787
614.0, 0.06731857163346294
615.0, 0.06554360018678378
616.0, 0.066349254463432
617.0, 0.06961347017663914
618.0, 0.07083708714439572
619.0, 0.07446976017619886
620.0, 0.0827900859620854
621.0, 0.09293326078930361
622.0, 0.10267704604858068
623.0, 0.11686809816301598
624.0, 0.13644869131382847
625.0, 0.15834541409305963
626.0, 0.1813546268883533
627.0, 0.20537744244581507
628.0, 0.22684772166164768
629.0, 0.2380216629506353
630.0, 0.24207300818718006
631.0, 0.24050614466927348
632.0, 0.23400410094254817
633.0, 0.2234357479900311
634.0, 0.20954392338678168
635.0, 0.19795256160785338
636.0, 0.19198949150974776
637.0, 0.1942010434333869
638.0, 0.20588672708164352
639.0, 0.23363760712219467
640.0, 0.27240674145608645
641.0, 0.32286660670182227
642.0, 0.3988152261289436
643.0, 0.47976749415980474
644.0, 0.5616316634834623
645.0, 0.6342735590280202
646.0, 0.6754330959373771
647.0, 0.6678533135352348
648.0, 0.6261857543355737
649.0, 0.5601601780692781
650.0, 0.48166943721698086
651.0, 0.3951849973700056
652.0, 0.3239425079664554
653.0, 0.26285566034302726
654.0, 0.20824872137921205
655.0, 0.1666143809057965
656.0, 0.1370692816682449
657.0, 0.11491093790467291
658.0, 0.09715867102071027
659.0, 0.079608710779067
660.0, 0.06866243342704326
661.0, 0.05951789223212878
662.0, 0.05107173531258115
663.0, 0.043005923553480194
664.0, 0.042696121645180066
665.0, 0.03890137341856647
666.0, 0.0340087887575193
667.0, 0.03128267498736572
668.0, 0.027064044277275514
669.0, 0.025274621446384343
670.0, 0.023737802285441537
671.0, 0.021345579620337736
672.0, 0.01917702849443566
673.0, 0.018478944257430588
674.0, 0.016383962399096737
675.0, 0.013108922612381873
676.0, 0.011448861035658963
677.0, 0.014000017143639935
678.0, 0.013048919489043383
679.0, 0.01028065658001885
680.0, 0.009112565208701164
681.0, 0.007687417763414063
682.0, 0.008049143699574008
683.0, 0.009269030308552143
684.0, 0.01008221673529839
685.0, 0.00590824348043421
686.0, 0.004698738667632372
687.0, 0.004609528724284726
688.0, 0.004451239719200864
689.0, 0.0024711284408261364
690.0, 0.004385562967533448
691.0, 0.003700850723786334
692.0, 0.001969606099397004
693.0, 0.0025895805814544403
694.0, 0.002178605006897512
695.0, 0.0019146874283597923
696.0, 0.0026734126115973656
697.0, 0.004554149633589195
698.0, 0.003625469803081983
699.0, 0.003146924793304425
700.0, 0.002078762055622197
701.0, 0.0007003461046015466
702.0, 0.0008038730945595175
703.0, 0.0004841878120767961
704.0, 0.0018099852739743125
705.0, 0.0032666720666426952
706.0, 0.0026009178441247904
707.0, 0.001162427774411954
708.0, 0.0015047977570453266
709.0, 0.001765703328675265
710.0, 0.0010175350830881945
711.0, 0.0008693667590563426
712.0, 0.0014717778819160442
713.0, 0.0029768236035804304
714.0, 0.0046212894216448985
715.0, 0.004527317648984872
716.0, 0.0013031733619720725
717.0, 0.001373241113407456
718.0, 0.0026703831520224143
719.0, 0.0025443153289547715
720.0, 0.002418020573727329
721.0, 0.0024403705347527363
722.0, 0.002332664505104242
723.0, 0.001823891873366586
724.0, 0.0003422669924373476
725.0, 0.0015562538460112936
726.0, 0.0015425856903607746
727.0, 0.0006298788860578061
728.0, 0.0005237287635956327
729.0, 0.0023924167390931444
730.0, 0.0020762308613809168
731.0, 0.0010568584118300463
732.0, 0.0008840172069741602
733.0, 0.004309397657132882
734.0, 0.002329424684237634
735.0, 0.002099195200728086
736.0, 0.003936161427418688
737.0, 0.0033268411846402385
738.0, 0.002733016355151624
739.0, 0.002098721304262174
740.0, 0.0030440513315211143
741.0, 0.0064769764757032
742.0, 0.001598797158968311
743.0, 0.002689636356450926
744.0, 0.004493675488956072
745.0, 0.004922921309362792
746.0, 0.0047613289119636535
747.0, 0.0057031967086203185
748.0, 0.004930167729781446
749.0, 0.004517554928367147
750.0, 0.007579988889025731
751.0, 0.006057428774593667
752.0, 0.0028339692851673706
753.0, 0.003297760979777134
754.0, 0.00826632716423695
755.0, 0.007308403101447992
756.0, 0.005859882213140181
757.0, 0.00640503663083868
758.0, 0.007717736586445084
759.0, 0.006964036022040737
760.0, 0.0059514772546753105
761.0, 0.005136914635815985
762.0, 0.005576495825407289
763.0, 0.007580056748959392
764.0, 0.008899959293102163
765.0, 0.009621578864185997
766.0, 0.008476730146588861
767.0, 0.006915857813207961
768.0, 0.008247433548516998
769.0, 0.00906792590968921
770.0, 0.010044262072992003
771.0, 0.009955967308337673
772.0, 0.008292387288668785
773.0, 0.007782868976957585
774.0, 0.011350640017121145
775.0, 0.015084047429359275
776.0, 0.01769175541822678
777.0, 0.01874043525301927
778.0, 0.018278708661552855
779.0, 0.020418964372251942
780.0, 0.022679702964893158
781.0, 0.02345717182546097
782.0, 0.02632594343312525
783.0, 0.029408214653595527
784.0, 0.03351713563030266
785.0, 0.037742738331183204
786.0, 0.0398262251448919
787.0, 0.046449053433214316
788.0, 0.052156018565158536
789.0, 0.0574718765417261
790.0, 0.06333355508885749
791.0, 0.07219455966564355
792.0, 0.08040452149510648
793.0, 0.08905592565933312
794.0, 0.09859568816814318
795.0, 0.10928719854121104
796.0, 0.12099273654483862
797.0, 0.12927086228029291
798.0, 0.13658940191562324
799.0, 0.14428849987981163
800.0, 0.14949459655308503
801.0, 0.15115515226702556
802.0, 0.15114774689065782
803.0, 0.1492312167326224
804.0, 0.14451728139284759
805.0, 0.14136479531645346
806.0, 0.13425180805507098
807.0, 0.126755978251842
808.0, 0.12030763177325647
809.0, 0.11165998764486813
810.0, 0.1020933564037193
811.0, 0.09551958456705165
812.0, 0.09072020491511511
813.0, 0.08526793985915218
814.0, 0.08158278982561801
815.0, 0.07414192547915989
816.0, 0.0682145476288528
817.0, 0.06494832671974402
818.0, 0.06021080936913893
819.0, 0.05714772255191293
820.0, 0.05140604334103469
821.0, 0.045263101354109464
822.0, 0.04132464906487641
823.0, 0.03762669375540145
824.0, 0.03266950401532223
825.0, 0.029579666529131313
826.0, 0.028624264373118928
827.0, 0.028064702418951527
828.0, 0.022199923201478792
829.0, 0.02080971699433206
830.0, 0.01963065807895765
831.0, 0.016170306480615647
832.0, 0.016130977837929508
833.0, 0.012282886711070069
834.0, 0.010795858419296856
835.0, 0.010429596810262424
836.0, 0.007580107023958256
837.0, 0.008835990459731474
838.0, 0.009509251167901366
839.0, 0.00886670729072767
840.0, 0.007165791025332525
841.0, 0.006308294990128917
842.0, 0.005211712460930702
843.0, 0.005934481177004941
844.0, 0.006826585054895168
845.0, 0.006135855925412358
846.0, 0.004464959899204434
847.0, 0.0038737707741808647
848.0, 0.0023853919255094904
849.0, 0.0011487078461986711
850.0, 0.003276993520447917
851.0, 0.001658297452836557
852.0, 0.0024530253285139094
853.0, 0.003185220600523271
854.0, 0.002385310371330747
855.0, 0.00040148097344119946
856.0, 0.0006901859458630181
857.0, 0.0014482355012966637
858.0, 0.0015339061844327274
859.0, 0.00031247667532865694
860.0, 0.0012731366019066808
861.0, 0.0009376814460226785
862.0, 0.0009100800919022025
863.0, 0.0013384438390166096
864.0, 0.001480547376330778
865.0, 0.003014124907543053
866.0, 0.003339690376932182
867.0, 0.0026575327708426347
868.0, 0.0015167463010088379
869.0, 0.0013178872050253038
870.0, 0.0025607150864250887
871.0, 0.002857225806857931
872.0, 0.00275965796454743
873.0, 0.0029562084961504247
874.0, 0.0011104651805154
875.0, 0.0024454029195734375
876.0, 0.0021446298061914134
877.0, 0.0006482115178196526
878.0, 0.0012584225897555247
879.0, 0.00044269033692276966
880.0, 0.0011577353440952937
881.0, 0.0014266993628648415
882.0, 0.00082972271312754
883.0, 0.0014520444404564066
884.0, 0.0015003539324997908
885.0, 0.0010509496168201154
886.0, 0.0018144282086299214
887.0, 0.004291498999220052
888.0, 0.0024157991743927487
889.0, 0.0028951575719574274
890.0, 0.003489184065853348
891.0, 0.0033749725070940147
892.0, 0.002165314934068971
893.0, 0.0005972449860408181
894.0, 0.0005845408677206367
895.0, 0.0009280685654229689
896.0, 0.0018228507001088708
897.0, 0.004697069048695696
898.0, 0.002683299996386088
899.0, 0.00136535936397554
900.0, 0.0009929153154275162
901.0, 0.0017230659062501023
902.0, 0.00402117276870268
903.0, 0.002696388817578683
904.0, 0.0010516059768629863
905.0, 0.001545656447166103
906.0, 0.00481243981452014
907.0, 0.002435062433565588
908.0, 0.0019049834343721522
909.0, 0.00128474436148456
910.0, 0.0008829414308608617
911.0, 0.001688733840820851
912.0, 0.003972536614637364
913.0, 0.0025316981718082974
914.0, 0.0021193731545342785
915.0, 0.0030964670906842113
916.0, 0.0027345091453816668
917.0, 0.0027387092934046497
918.0, 0.0014419913912064489
919.0, 0.0006711000830714761
920.0, 0.0009359556923724537
921.0, 0.0007655602079117805
922.0, 0.001040743703367047
923.0, 0.0014395576523827567
924.0, 0.002210644590062672
925.0, 0.00324069930917162
926.0, 0.0031450145757325964
927.0, 0.0018794583112667382
928.0, 0.0019651692867490456
929.0, 0.0020700237759449535
930.0, 0.0012601275250378307
931.0, 0.005689611122221261
932.0, 0.0056478889265325054
933.0, 0.005382896555377972
934.0, 0.006495606814029848
935.0, 0.009012298361082518
936.0, 0.002023536920634513
937.0, 0.003079206432718669
938.0, 0.004613973175658948
939.0, 0.004721944227297788
940.0, 0.00462497841555606
941.0, 0.0037440924297969377
942.0, 0.00547518992407853
943.0, 0.007258487766205666
944.0, 0.007861810534297662
945.0, 0.007246620881113178
946.0, 0.00507252032661679
947.0, 0.008590857935225824
948.0, 0.010208720867839784
949.0, 0.007838764567076386
950.0, 0.009086112788219747
951.0, 0.01258891376424518
952.0, 0.011142813228597526
953.0, 0.010614920670107672
954.0, 0.013458909948700429
955.0, 0.010981635099512988
956.0, 0.013343740291854509
957.0, 0.015324852258095937
958.0, 0.016841630844793745
959.0, 0.018249367710500886
960.0, 0.018967884619874018
961.0, 0.026014539400260404
962.0, 0.03243487565459007
963.0, 0.039021681810470256
964.0, 0.047786947856780594
965.0, 0.05917149245007591
966.0, 0.06236933567822155
967.0, 0.058267509412841714
968.0, 0.05073430002771413
969.0, 0.04450473751174518
970.0, 0.04096061423003374
971.0, 0.04228673393987239
972.0, 0.041235307608350036
973.0, 0.03990931417806892
974.0, 0.04291939596435741
975.0, 0.04044140229685134
976.0, 0.04531614289148223
977.0, 0.04850102998298029
978.0, 0.05049154365289379
979.0, 0.05628012350123691
980.0, 0.06715330291040857
981.0, 0.06403350183323148
982.0, 0.06593958340543707
983.0, 0.07276512421871487
984.0, 0.07351075217972905
985.0, 0.0747743087844984
986.0, 0.0806242944565935
987.0, 0.0856568691885459
988.0, 0.08960292172509333
989.0, 0.0957503767661057
990.0, 0.10504193077036274
991.0, 0.11659928233131643
992.0, 0.12911144477954178
993.0, 0.14181013182516572
994.0, 0.15432113891537347
995.0, 0.16763931187726608
996.0, 0.18647218978190552
997.0, 0.2092085800507083
998.0, 0.2351505772774117
999.0, 0.2642919058012893
1000.0, 0.2968550564437203
1001.0, 0.332281721823287
1002.0, 0.37570590834728546
1003.0, 0.4268267158397198
1004.0, 0.48043129710933113
1005.0, 0.5454638626026328
1006.0, 0.6139179209732627
1007.0, 0.6875978252499066
1008.0, 0.7660463948032314
1009.0, 0.8465236260883436
1010.0, 0.9110587885058712
1011.0, 0.956429360986046
1012.0, 0.9856217180619559
1013.0, 0.9913126119146771
1014.0, 0.9579911323853874
1015.0, 0.9042745478997932
1016.0, 0.8366518650324163
1017.0, 0.759873987114854
1018.0, 0.6793766981554155
1019.0, 0.601541216371355
1020.0, 0.5402720625939411
1021.0, 0.4782132565694806
1022.0, 0.4275038036493757
1023.0, 0.3880501336203443
1024.0, 0.3511400329432092
1025.0, 0.3236915041062463
1026.0, 0.3022741816019144
1027.0, 0.28343122927179143
1028.0, 0.2687123680317781
1029.0, 0.262158402292774
1030.0, 0.2594265356412525
1031.0, 0.25880590008063126
1032.0, 0.2633652292936363
1033.0, 0.2729895933198991
1034.0, 0.28581357142724356
1035.0, 0.3016074890143483
1036.0, 0.3234005396144411
1037.0, 0.3495000806136136
1038.0, 0.3814847681614667
1039.0, 0.4211593330019628
1040.0, 0.4632842374145548
1041.0, 0.5176179256291235
1042.0, 0.5797637216453626
1043.0, 0.6409951099373816
1044.0, 0.6934180740928262
1045.0, 0.7432032853573083
1046.0, 0.7748237766021131
1047.0, 0.7801687424901307
1048.0, 0.7693063004928598
1049.0, 0.7520128902940605
1050.0, 0.7142890495186864
1051.0, 0.7001130291421848
1052.0, 0.6898255186929966
1053.0, 0.6881396478059102
1054.0, 0.7026397416850333
1055.0, 0.7401088693064289
1056.0, 0.7923030620918742
1057.0, 0.8467644291408633
1058.0, 0.9023266924011262
1059.0, 0.9504530348474617
1060.0, 0.9652817134784323
1061.0, 0.9555903231135708
1062.0, 0.9086707871898216
1063.0, 0.8354559755871849
1064.0, 0.7477707469658008
1065.0, 0.6560324774086488
1066.0, 0.5615372729339383
1067.0, 0.480616147569074
1068.0, 0.4086066408052731
1069.0, 0.3448222471126716
1070.0, 0.29220991541708047
1071.0, 0.2565312344126092
1072.0, 0.22217333623526492
1073.0, 0.19339104301115484
1074.0, 0.1703436937049301
1075.0, 0.15110218649475254
1076.0, 0.1375887401836055
1077.0, 0.12930035929182057
1078.0, 0.11746741889122783
1079.0, 0.10632404084924692
1080.0, 0.10143699370780068
1081.0, 0.09441820047839158
1082.0, 0.08979652540174733
1083.0, 0.08443215715176303
1084.0, 0.08015995986008916
1085.0, 0.07659529195266354
1086.0, 0.06497197125812479
1087.0, 0.0665248043920725
1088.0, 0.06349163191389622
1089.0, 0.061146905169676385
1090.0, 0.062453558044247584
1091.0, 0.06409860979347676
1092.0, 0.058243790371544146
1093.0, 0.056385381660558224
1094.0, 0.057547485597106936
1095.0, 0.05944368934561641
1096.0, 0.059331334514270154
1097.0, 0.06207122230994431
1098.0, 0.06524690738381456
1099.0, 0.07070789167931477
1100.0, 0.08027176840514663
1101.0, 0.09364298766434306
1102.0, 0.098278517416522
1103.0, 0.11590445591967433
1104.0, 0.1354720249943906
1105.0, 0.1556905702773734
1106.0, 0.17810669469941343
1107.0, 0.20665642776583876
1108.0, 0.21971984518724283
1109.0, 0.22847008477483882
1110.0, 0.23356359696128096
1111.0, 0.2313630113190446
1112.0, 0.21374150501789613
1113.0, 0.20752984352359402
1114.0, 0.19527803554472778
1115.0, 0.17813831288431545
1116.0, 0.16235802842595415
1117.0, 0.1553640286671173
1118.0, 0.14154761449432732
1119.0, 0.13480430632192042
1120.0, 0.1294191039649226
1121.0, 0.12321097493728875
1122.0, 0.11796283725810237
1123.0, 0.1267107602855562
1124.0, 0.11538877074760152
1125.0, 0.09840944742378518
1126.0, 0.08665421243544033
1127.0, 0.08089211373601103
1128.0, 0.06597387616590385
1129.0, 0.06451891983050632
1130.0, 0.06226388419572101
1131.0, 0.05533617039475715
1132.0, 0.04765111481276517
1133.0, 0.04697909903580251
1134.0, 0.03997503823884958
1135.0, 0.037274667986509746
1136.0, 0.0354128426115719
1137.0, 0.03138214381746013
1138.0, 0.02498391863987841
1139.0, 0.0253101928590731
1140.0, 0.02765905447721133
1141.0, 0.023386687478346276
1142.0, 0.0203002990324497
1143.0, 0.019751186109243916
1144.0, 0.011716013053553312
1145.0, 0.015970112346257608
1146.0, 0.01402395786760902
1147.0, 0.013897117531131308
1148.0, 0.01570643894371367
1149.0, 0.01539633570464588
1150.0, 0.014156901610935716
1151.0, 0.012152399968841215
1152.0, 0.010833833018818706
1153.0, 0.00989496904840942
1154.0, 0.009179688059843
1155.0, 0.009804235559282781
1156.0, 0.008419088449464308
1157.0, 0.006471077819453778
1158.0, 0.008310108212095624
1159.0, 0.01242823806974526
1160.0, 0.012477893786637695
1161.0, 0.008166462293456973
1162.0, 0.011417865797060082
1163.0, 0.011661751351568226
1164.0, 0.011725400713016101
1165.0, 0.014656912582951032
1166.0, 0.009702481927025969
1167.0, 0.00969647426298033
1168.0, 0.011382047160454182
1169.0, 0.01407698090684371
1170.0, 0.0165109285781756
1171.0, 0.016843318067703124
1172.0, 0.017196355152829884
1173.0, 0.016047247418511112
1174.0, 0.018221093973962297
1175.0, 0.021780359653907944
1176.0, 0.022946592365549735
1177.0, 0.021649850517505037
1178.0, 0.029941429486162595
1179.0, 0.03145406451393099
1180.0, 0.03317668967251269
1181.0, 0.039068280784024155
1182.0, 0.04581131349557827
1183.0, 0.046760120093331296
1184.0, 0.055864014347936614
1185.0, 0.0634682601924765
1186.0, 0.06921214921436004
1187.0, 0.07586974313131628
1188.0, 0.08251699337804669
1189.0, 0.08424570045500629
1190.0, 0.08623417037547962
1191.0, 0.08624845734766928
1192.0, 0.08384186995818489
1193.0, 0.08146468583302671
1194.0, 0.07961858188045133
1195.0, 0.08024425604325072
1196.0, 0.07365676806696901
1197.0, 0.0668377094807348
1198.0, 0.06729492866867309
1199.0, 0.0640848322105486
1200.0, 0.05361631616638148
1201.0, 0.054017416593963495
1202.0, 0.05331651005748828
1203.0, 0.0478333214675904
1204.0, 0.04396223950468629
1205.0, 0.04270138544379533
1206.0, 0.03818448063483579
1207.0, 0.03528796066522953
1208.0, 0.03388557055369582
1209.0, 0.03161266865659144
1210.0, 0.02453648691161649
1211.0, 0.026291007217229264
1212.0, 0.022644543114861942
1213.0, 0.01943229972173903
1214.0, 0.01944610613209503
1215.0, 0.021046155316297173
1216.0, 0.012410044290133194
1217.0, 0.014935891691921381
1218.0, 0.014411557584447447
1219.0, 0.011604218023339871
1220.0, 0.009759700099995971
1221.0, 0.011390292326600795
1222.0, 0.01035939602041521
1223.0, 0.009764146389770158
1224.0, 0.010081715332383244
1225.0, 0.01065767311531187
1226.0, 0.010297940398525983
1227.0, 0.007637413569092465
1228.0, 0.007553146042893813
1229.0, 0.006220807783800964
1230.0, 0.0053525922966917265
1231.0, 0.004992731391644682
1232.0, 0.004069150458877102
1233.0, 0.006874003676075851
1234.0, 0.008225248002369867
1235.0, 0.005570171762401394
1236.0, 0.00463193702209342
1237.0, 0.006328179289658422
1238.0, 0.0018143404259223191
1239.0, 0.004291535376659436
1240.0, 0.003022068466227752
1241.0, 0.0023254729919848192
1242.0, 0.00222607627145607
1243.0, 0.002142792983963069
1244.0, 0.005492023498291147
1245.0, 0.0041327420647721365
1246.0, 0.006832407521037461
1247.0, 0.008078467906498358
1248.0, 0.006031906264591904
1249.0, 0.002872127421779675
1250.0, 0.002909622534731356
1251.0, 0.0014586780200170624
1252.0, 0.0017293619646000298
1253.0, 0.003524163233017288
1254.0, 0.004236891367577784
1255.0, 0.00014037208025138197
1256.0, 0.0012943422489921797
1257.0, 0.0054598534827385295
1258.0, 0.005323950606007473
1259.0, 0.0036077696941243568
1260.0, 0.003576967905413875
1261.0, 0.003326166003084574
1262.0, 0.002254568901827326
1263.0, 0.0055554365526014745
1264.0, 0.004133744459550242
1265.0, 0.0016803036839998535
1266.0, 0.003866447724673492
1267.0, 0.0022251785662567867
1268.0, 0.0029712413038067154
1269.0, 0.0028014315246538937
1270.0, 0.002123106276589706
1271.0, 0.001311416309265366
1272.0, 0.0009728457887814772
1273.0, 0.004035427212094528
1274.0, 0.001331462006964273
1275.0, 0.0011470387830575034
1276.0, 0.0022331999013706274
1277.0, 0.0026739008878472127
1278.0, 0.0015465708271021551
1279.0, 0.00018295182739366225
1280.0, 0.0036381609592046503
1281.0, 0.004841013314307438
1282.0, 0.005075226871894691
1283.0, 0.00509584425201381
1284.0, 0.0030649294434602404
1285.0, 0.004798521402725149
1286.0, 0.0019543863694271592
1287.0, 0.0008577325778365012
1288.0, 0.0015070919907557636
1289.0, 0.002123597869414362
1290.0, 0.0013976263578484214
1291.0, 0.0005833634678906609
1292.0, 0.003684542975421156
1293.0, 0.0035208264361176224
1294.0, 0.0014044540471481754
1295.0, 0.0007306257158865726
1296.0, 0.0017950475901552018
1297.0, 0.0021765509411452565
1298.0, 0.002356903088105812
1299.0, 0.0015705169292477442
1300.0, 0.0009070226589491683
1301.0, 0.0015458460318129247
1302.0, 0.0026139640619686965
1303.0, 0.001380449791158232
1304.0, 0.003968976206768625
1305.0, 0.00505705470827041
1306.0, 0.003152590585752098
1307.0, 0.00023244670550525781
1308.0, 0.0010216009095796402
1309.0, 0.007718287778761167
1310.0, 0.004958346178964154
1311.0, 0.002948247066428525
1312.0, 0.003652779417350309
1313.0, 0.003487191499078254
1314.0, 0.0010336753879520856
1315.0, 0.004721936443953058
1316.0, 0.004894756249365817
1317.0, 0.002600864171122247
1318.0, 0.0024234690286818236
1319.0, 0.0071331573981330615
1320.0, 0.006997458144594902
1321.0, 0.0035468448084738464
1322.0, 0.003208954682445473
1323.0, 0.004632212631253736
1324.0, 0.005854252814158867
1325.0, 0.005205578745505304
1326.0, 0.0017778729440795081
1327.0, 0.00046715855121121774
1328.0, 0.00449758291493387
1329.0, 0.0050871082219395266
1330.0, 0.0024662310682318778
1331.0, 0.002240079455482407
1332.0, 0.004665068259049511
1333.0, 0.0023231086698507772
1334.0, 0.002443032641712695
1335.0, 0.004386407708244536
1336.0, 0.005485424265872759
1337.0, 0.0038461699873952905
1338.0, 0.0029098567141568193
1339.0, 0.0041228753524569055
1340.0, 0.0041380675154883894
1341.0, 0.004073369041898275
1342.0, 0.003525679943767219
1343.0, 0.0022248685722764325
1344.0, 0.0032376914933371845
1345.0, 0.003976830306000746
1346.0, 0.002977428117545494
1347.0, 0.0034199314494424106
1348.0, 0.0033116374731163786
1349.0, 0.0007035563066848183
1350.0, 0.0005887642606091743
1351.0, 0.006595029495355874
1352.0, 0.003959250296116825
1353.0, 0.0022740688652154633
1354.0, 0.00519425637072375
1355.0, 0.009369330947969188
1356.0, 0.004599689901196979
1357.0, 0.006997881046358713
1358.0, 0.0054826344974272245
1359.0, 0.002487287684271561
1360.0, 0.0028901202478637655
1361.0, 0.006077367458100478
1362.0, 0.0025265490028656057
1363.0, 0.0037994815988690645
1364.0, 0.010077724040990471
1365.0, 0.0073042242074438084
1366.0, 0.0035968966286637075
1367.0, 0.005322178718637542
1368.0, 0.007660272269997474
1369.0, 0.002475998555472607
1370.0, 0.001505082252587966
1371.0, 0.0030577966636878584
1372.0, 0.003240402040955367
1373.0, 0.0036219864408669027
1374.0, 0.008267925372963133
1375.0, 0.0019317436946698556
1376.0, 0.006064015916163746
1377.0, 0.008978479362189568
1378.0, 0.006635870039357375
1379.0, 0.004598688018750749
1380.0, 0.00952823074691852
1381.0, 0.009218200024032813
1382.0, 0.0035531197657097937
1383.0, 0.009518030688338478
1384.0, 0.011523213125280679
1385.0, 0.008219928621513084
1386.0, 0.007377307692636344
1387.0, 0.01560083239299339
1388.0, 0.004865492290222536
1389.0, 0.009111751885199852
1390.0, 0.011529396523375132
1391.0, 0.0095410782606666
1392.0, 0.0074223387001614285
1393.0, 0.010046451068009438
1394.0, 0.010549468499958662
1395.0, 0.010300792295110826
1396.0, 0.013188436565723148
1397.0, 0.012267638049321227
1398.0, 0.00744099485208695
1399.0, 0.00715115870513533
1400.0, 0.014076549741411312
1401.0, 0.006398291485122255
1402.0, 0.01022475817821344
1403.0, 0.013189588834844538
1404.0, 0.010787242734945331
1405.0, 0.008250840382290927
1406.0, 0.013791972812075498
1407.0, 0.013651961342430532
1408.0, 0.009728424946489376
1409.0, 0.00906832628281102
1410.0, 0.008985368985946849
1411.0, 0.006623505685911212
1412.0, 0.006312742939821499
1413.0, 0.017104674966043208
1414.0, 0.010102902444896119
1415.0, 0.009771731951732724
1416.0, 0.011925230012411633
1417.0, 0.011105626326310764
1418.0, 0.008599826557866598
1419.0, 0.011215436486206525
1420.0, 0.009078251357523633
1421.0, 0.00835663778401603
1422.0, 0.008275101142775205
1423.0, 0.008724353325773825
1424.0, 0.009752045458761812
1425.0, 0.01018476634268282
1426.0, 0.01565944873245826
1427.0, 0.00982926607578549
1428.0, 0.005732429585968786
1429.0, 0.007363032637069131
1430.0, 0.009117167829677248
1431.0, 0.001970930147628391
1432.0, 0.007064514957113795
1433.0, 0.008258813322168037
1434.0, 0.008877953351275345
1435.0, 0.009263546531128824
1436.0, 0.009450203917962125
1437.0, 0.009464565113646172
1438.0, 0.009235345303946083
1439.0, 0.012747454958133399
1440.0, 0.005742314376181912
1441.0, 0.006301536135468484
1442.0, 0.012183760449070626
1443.0, 0.012940385138550907
1444.0, 0.0031741990271152085
1445.0, 0.013315795060825798
1446.0, 0.01393035212783927
1447.0, 0.009326196254179712
1448.0, 0.009603643059045158
1449.0, 0.012281624375521145
1450.0, 0.010285855000486484
1451.0, 0.010316809385333475
1452.0, 0.013130683926342842
1453.0, 0.005368913187096787
1454.0, 0.0065326448395367125
1455.0, 0.011639570361066076
1456.0, 0.011094351272980385
1457.0, 0.004793865130630487
1458.0, 0.015204929357631115
1459.0, 0.016134279212776576
1460.0, 0.009571745578058389
1461.0, 0.012003887696624227
1462.0, 0.017377192211201955
1463.0, 0.013957370969962059
1464.0, 0.011078829142026148
1465.0, 0.018086489347964856
1466.0, 0.011755212641637328
1467.0, 0.008734391467897732
1468.0, 0.011799333975946387
1469.0, 0.013479363402739076
1470.0, 0.00689934570615895
1471.0, 0.012277026389052478
1472.0, 0.013263011518985306
1473.0, 0.011376297108546606
1474.0, 0.012550611135528526
1475.0, 0.013702213399606674
1476.0, 0.011898887458187181
1477.0, 0.010965527197913626
1478.0, 0.012646075514867603
1479.0, 0.010424089667375569
1480.0, 0.01173470727182317
1481.0, 0.014219398129284633
1482.0, 0.01324521769063246
1483.0, 0.009076737417980926
1484.0, 0.013256883730988557
1485.0, 0.014631221524597393
1486.0, 0.00876043830571867
1487.0, 0.012025716825381881
1488.0, 0.013284841594752135
1489.0, 0.010089402461509354
1490.0, 0.01152181191259273
1491.0, 0.00981575360723944
1492.0, 0.009512127767747089
1493.0, 0.010161261760549042
1494.0, 0.009779884967829652
1495.0, 0.0073648035028619436
1496.0, 0.00718811960775617
1497.0, 0.014938542997095596
1498.0, 0.008707551682762982
1499.0, 0.002756693172656915
1500.0, 0.007942603957408943
1501.0, 0.008169558361968178
1502.0, 0.003508372956401386
1503.0, 0.00410781694328747
1504.0, 0.015169685512014166
1505.0, 0.005314238524207899
1506.0, 0.00705219387627679
1507.0, 0.014473166903806565
1508.0, 0.010660662586681784
1509.0, 0.004643380147997218
1510.0, 0.010071502422323885
1511.0, 0.010014365713502742
1512.0, 0.001339286986083192
1513.0, 0.007238604002414028
1514.0, 0.010314046438096419
1515.0, 0.005887730999721375
1516, 0.0
1517, 0.0
1518, 0.0
1519, 0.0
1520, 0.0
1521, 0.0
1522, 0.0
1523, 0.0
1524, 0.0
1525, 0.0
1526, 0.0
1527, 0.0
1528, 0.0
1529, 0.0
1530, 0.0
1531, 0.0
1532, 0.0
1533, 0.0
1534, 0.0
1535, 0.0
1536, 0.0
1537, 0.0
1538, 0.0
1539, 0.0
1540, 0.0
1541, 0.0
1542, 0.0
1543, 0.0
1544, 0.0
1545, 0.0
1546, 0.0
1547, 0.0
1548, 0.0
1549, 0.0
1550, 0.0
1551, 0.0
1552, 0.0
1553, 0.0
1554, 0.0
1555, 0.0
1556, 0.0
1557, 0.0
1558, 0.0
1559, 0.0
1560, 0.0
1561, 0.0
1562, 0.0
1563, 0.0
1564, 0.0
1565, 0.0
1566, 0.0
1567, 0.0
1568, 0.0
1569, 0.0
1570, 0.0
1571, 0.0
1572, 0.0
1573, 0.0
1574, 0.0
1575, 0.0
1576, 0.0
1577, 0.0
1578, 0.0
1579, 0.0
1580, 0.0
1581, 0.0
1582, 0.0
1583, 0.0
1584, 0.0
1585, 0.0
1586, 0.0
1587, 0.0
1588, 0.0
1589, 0.0
1590, 0.0
1591, 0.0
1592, 0.0
1593, 0.0
1594, 0.0
1595, 0.0
1596, 0.0
1597, 0.0
1598, 0.0
1599, 0.0
