30, 0.0
31, 0.0
32, 0.0
33, 0.0
34, 0.0
35, 0.0
36, 0.0
37, 0.0
38, 0.0
39, 0.0
40, 0.0
41, 0.0
42, 0.0
43, 0.0
44, 0.0
45, 0.0
46, 0.0
47, 0.0
48, 0.0
49, 0.0
50, 0.0
51, 0.0
52, 0.0
53, 0.0
54, 0.0
55, 0.0
56, 0.0
57, 0.0
58, 0.0
59, 0.0
60, 0.0
61, 0.0
62, 0.0
63, 0.0
64, 0.0
65, 0.0
66, 0.0
67, 0.0
68, 0.0
69, 0.0
70, 0.0
71, 0.0
72, 0.0
73, 0.0
74, 0.0
75, 0.0
76, 0.0
77, 0.0
78, 0.0
79, 0.0
80, 0.0
81, 0.0
82, 0.0
83, 0.0
84, 0.0
85, 0.0
86, 0.0
87, 0.0
88, 0.0
89, 0.0
90, 0.0
91, 0.0
92, 0.0
93, 0.0
94, 0.0
95, 0.0
96, 0.0
97, 0.0
98, 0.0
99, 0.0
100, 0.0
101, 0.0
102, 0.0
103, 0.0
104, 0.0
105, 0.0
106, 0.0
107, 0.0
108, 0.0
109, 0.0
110, 0.0
111, 0.0
112, 0.0
113, 0.0
114, 0.0
115, 0.0
116, 0.0
117, 0.0
118, 0.0
119, 0.0
120, 0.0
121, 0.0
122, 0.0
123, 0.0
124, 0.0
125, 0.0
126, 0.0
127, 0.0
128, 0.0
129, 0.0
130, 0.0
131, 0.0
132, 0.0
133, 0.0
134, 0.0
135, 0.0
136, 0.0
137, 0.0
138, 0.0
139, 0.0
140, 0.0
141, 0.0
142, 0.0
143, 0.0
144, 0.0
145, 0.0
146, 0.0
147, 0.0
148, 0.0
149, 0.0
150, 0.0
151, 0.0
152, 0.0
153, 0.0
154, 0.0
155, 0.0
156, 0.0
157, 0.0
158, 0.0
159, 0.0
160, 0.0
161, 0.0
162, 0.0
163, 0.0
164, 0.0
165, 0.0
166, 0.0
167, 0.0
168, 0.0
169, 0.0
170, 0.0
171, 0.0
172, 0.0
173, 0.0
174, 0.0
175, 0.0
176, 0.0
177, 0.0
178, 0.0
179, 0.0
180, 0.0
181, 0.0
182, 0.0
183, 0.0
184, 0.0
185, 0.0
186, 0.0
187, 0.0
188, 0.0
189, 0.0
190, 0.0
191, 0.0
192, 0.0
193, 0.0
194, 0.0
195, 0.0
196, 0.0
197, 0.0
198, 0.0
199, 0.0
200, 0.0
201, 0.0
202, 0.0
203, 0.0
204, 0.0
205, 0.0
206, 0.0
207, 0.0
208, 0.0
209.0, 0.00018072549078536034
210.0, 0.0012827101906961796
211.0, 0.001033885378711545
212.0, 0.0025170894180933474
213.0, 0.004367482341665845
214.0, 0.0057828682746446265
215.0, 0.007093317249127182
216.0, 0.00974437245541008
217.0, 0.011913596174905545
218.0, 0.012815443516775701
219.0, 0.013179356584722437
220.0, 0.013863896655460634
221.0, 0.013844804149520164
222.0, 0.013919398138916569
223.0, 0.013682778446016935
224.0, 0.0125610028805625
225.0, 0.011018879762148015
226.0, 0.01061630753967259
227.0, 0.008660372680998514
228.0, 0.008131805916430219
229.0, 0.007101059143050321
230.0, 0.006240944679110153
231.0, 0.006652236883452691
232.0, 0.0066689230673301885
233.0, 0.006626066251317983
234.0, 0.006075668547603059
235.0, 0.005085173649614443
236.0, 0.004133625169016815
237.0, 0.004001317064163376
238.0, 0.0037664452227193015
239.0, 0.0028855773088810226
240.0, 0.0023349730036214024
241.0, 0.00197030642862936
242.0, 0.0015116268310192162
243.0, 0.001866283504014271
244.0, 0.0012242778225068005
245.0, 0.0011923813453345508
246.0, 0.0010697510288011185
247.0, 0.0006384134163678901
248.0, 0.000398348460628668
249.0, 0.00022071440113507408
250.0, 0.00021785381935946385
251.0, 0.00046296939271058023
252.0, 0.0005808320421734444
253.0, 0.0003172610304991389
254.0, 0.00013310845828869822
255.0, 0.00039389726873199004
256.0, 0.0013773954148654079
257.0, 0.0013873917988715422
258.0, 0.001451141723565546
259.0, 0.004055002990449588
260.0, 0.004883571347931232
261.0, 0.003271846334149546
262.0, 0.0020058720275608318
263.0, 0.0010042972533766423
264.0, 0.00013409547515741012
265.0, 0.00031867737951340054
266.0, 0.0004942741575991543
267.0, 0.00019698569846530892
268.0, 0.0002406177388031963
269.0, 0.0005838555735196949
270.0, 0.0007937662824847062
271.0, 0.000916463974480499
272.0, 0.001148602006725291
273.0, 0.0013405043134577168
274.0, 0.0014403153830911427
275.0, 0.0015275157360401558
276.0, 0.0017670545894168778
277.0, 0.0016890010466914563
278.0, 0.0016108789285427501
279.0, 0.0017207095913628592
280.0, 0.0018894948664065592
281.0, 0.001991766089680868
282.0, 0.002148335740214251
283.0, 0.0018461462855455832
284.0, 0.0027397023385521413
285.0, 0.0036922619811464476
286.0, 0.00423073430154774
287.0, 0.004588732748749103
288.0, 0.005890265946397445
289.0, 0.0059133536082449645
290.0, 0.0073937560974044764
291.0, 0.00974843309413216
292.0, 0.01191735346652773
293.0, 0.01316568709850472
294.0, 0.016285800118901024
295.0, 0.017789647487361192
296.0, 0.020775725397334847
297.0, 0.024480171573664368
298.0, 0.02731971800507077
299.0, 0.028588561052894146
300.0, 0.029771302960891814
301.0, 0.029014155715040697
302.0, 0.027885281781223237
303.0, 0.025958226962772255
304.0, 0.022592224571055586
305.0, 0.02054908594427055
306.0, 0.018110581020448782
307.0, 0.01530099265656616
308.0, 0.01284266705817288
309.0, 0.011156226076922352
310.0, 0.010189562791376436
311.0, 0.009162315279514055
312.0, 0.009172692815716227
313.0, 0.008532390449129984
314.0, 0.008606645796238927
315.0, 0.00957243423172146
316.0, 0.009378155179077877
317.0, 0.009764894867927282
318.0, 0.010320292511016948
319.0, 0.01212771403845162
320.0, 0.013709446599189535
321.0, 0.01425325121058962
322.0, 0.01605653290940074
323.0, 0.015946501444861635
324.0, 0.016784520013474937
325.0, 0.017666442233418785
326.0, 0.017391681511685454
327.0, 0.01573753451682511
328.0, 0.01572276995569447
329.0, 0.01596449453376022
330.0, 0.015920761384663328
331.0, 0.01566382571326116
332.0, 0.01534488268825206
333.0, 0.01524173096320084
334.0, 0.016178772783640678
335.0, 0.01631454869825355
336.0, 0.016659937433482788
337.0, 0.016318927659305295
338.0, 0.015553835208002577
339.0, 0.01535184358210456
340.0, 0.012161612818069819
341.0, 0.011152228140016714
342.0, 0.00921031665678846
343.0, 0.008084113788507622
344.0, 0.007885088240870497
345.0, 0.00605164469717177
346.0, 0.005329755430206345
347.0, 0.005186826770974904
348.0, 0.004698614408827056
349.0, 0.0037777649176544514
350.0, 0.0027362059712182246
351.0, 0.00209462595407261
352.0, 0.0018708933765604018
353.0, 0.0025022605918387573
354.0, 0.002575908470579099
355.0, 0.0021605914410292968
356.0, 0.0020790504930261766
357.0, 0.0034310116417817136
358.0, 0.003483116458545916
359.0, 0.003205368161010506
360.0, 0.0027464221466982253
361.0, 0.002508202177552584
362.0, 0.0025747711433606346
363.0, 0.0021816601890238384
364.0, 0.0021259107076143967
365.0, 0.002014759119303387
366.0, 0.0024932977547132305
367.0, 0.0025852327691816782
368.0, 0.0018327339622802449
369.0, 0.0027541706534761103
370.0, 0.002669491449406104
371.0, 0.0024915124766539567
372.0, 0.002112325155501291
373.0, 0.0017862670329228715
374.0, 0.0016822466173558892
375.0, 0.001271390770491497
376.0, 0.002155616592450695
377.0, 0.0021379597019641453
378.0, 0.002013406952592649
379.0, 0.001977446354685786
380.0, 0.0019019906225115023
381.0, 0.0018249095806654881
382.0, 0.0011493238449245078
383.0, 0.001066083693413667
384.0, 0.0008422248508969101
385.0, 0.000520207743669528
386.0, 0.00038326275914985755
387.0, 9.393797293651723e-05
388.0, 0.000666775529751927
389.0, 0.000620222100325233
390.0, 0.00044046988793349504
391.0, 0.0003784688412241339
392.0, 0.0003998973343529136
393.0, 0.0001904007882562273
394.0, 0.0003247586127473515
395.0, 0.0005083003743689987
396.0, 0.0003509197413878761
397.0, 8.197354411213775e-05
398.0, 7.1256415658056e-05
399.0, 0.00024485175994195244
400.0, 0.0008316086276961354
401.0, 0.0005900956227005513
402.0, 0.00041828077531126765
403.0, 0.0004925694780061568
404.0, 0.0008541896094055511
405.0, 0.001986256310770854
406.0, 0.0011936921080018983
407.0, 0.0018895274641783791
408.0, 0.002146888318426554
409.0, 0.0025752206897742885
410.0, 0.003624648902151722
411.0, 0.0036284199585407783
412.0, 0.004420116729873838
413.0, 0.0042009161755289706
414.0, 0.004490087509893663
415.0, 0.0053409195313586545
416.0, 0.00611803699998103
417.0, 0.0060895481837094445
418.0, 0.0064184511346766435
419.0, 0.005495271457870807
420.0, 0.004718324795092748
421.0, 0.004840095026878513
422.0, 0.005111938949802443
423.0, 0.0037076359011794257
424.0, 0.004038725123341726
425.0, 0.004550827629579721
426.0, 0.0038431222765498594
427.0, 0.0031439139290841004
428.0, 0.0034107164112226265
429.0, 0.004394782726043531
430.0, 0.003975710522103768
431.0, 0.0032131577770720746
432.0, 0.0033540397946534998
433.0, 0.004181597170357109
434.0, 0.00473859634613822
435.0, 0.004260138582472663
436.0, 0.00425049501417195
437.0, 0.003591233559394539
438.0, 0.0031050086142190942
439.0, 0.00312990841012631
440.0, 0.002741626766884225
441.0, 0.0014203851630177344
442.0, 0.001581020556021031
443.0, 0.0020797533435991207
444.0, 0.0013788385797812014
445.0, 0.0014568588761159711
446.0, 0.001689808380475809
447.0, 0.0013114087816602238
448.0, 0.0014151674032837484
449.0, 0.0009579569653434508
450.0, 0.00041340710389993365
451.0, 0.0007274978971924189
452.0, 0.0012474937418451284
453.0, 0.0012859903632075184
454.0, 0.0009589038647794411
455.0, 0.002041693870241719
456.0, 0.0012542094903098728
457.0, 0.0003924386741319124
458.0, 0.00022013898624140987
459.0, 0.0004024836592454071
460.0, 0.000183306752045302
461.0, 0.00043420541970233187
462.0, 0.0009873374393549008
463.0, 0.0010346449499160173
464.0, 0.0014487122914294335
465.0, 0.001364174686287034
466.0, 0.00045973584734897936
467.0, 0.0020264905141471863
468.0, 0.0009835068892856842
469.0, 0.001010548834368799
470.0, 0.001705578945496524
471.0, 0.0019789288793965383
472.0, 0.0014954339538945486
473.0, 0.001282833898971155
474.0, 0.0016117053491991596
475.0, 0.0016974560032027835
476.0, 0.001392132132745803
477.0, 0.000843227928246517
478.0, 0.0006231239786598942
479.0, 0.001104761324990831
480.0, 0.0006192213935334507
481.0, 0.0007027779498381758
482.0, 0.0007697063027231066
483.0, 0.0005633018742006902
484.0, 0.0005778344102988876
485.0, 0.0010707439505673426
486.0, 0.0010370527923342684
487.0, 0.0016411987127607172
488.0, 0.000800234389122554
489.0, 0.0005399294392947092
490.0, 0.0008598905245333494
491.0, 0.0014729605990775343
492.0, 0.002191549513356898
493.0, 0.0005921383491624049
494.0, 0.0006670982871186216
495.0, 0.0013715079864894488
496.0, 0.001422057847931556
497.0, 0.0011601911632175763
498.0, 0.0013026767012091537
499.0, 0.0004287996757558743
500.0, 0.0006923075962061384
501.0, 0.000575844262976877
502.0, 0.0009513922862805275
503.0, 0.0015978645578045754
504.0, 0.0019401699248854448
505.0, 0.0017198433138984474
506.0, 0.002080531771926133
507.0, 0.00150711464979986
508.0, 0.0023384202413947934
509.0, 0.00274321994380188
510.0, 0.002453751773947939
511.0, 0.0023535292751635712
512.0, 0.001713545608654316
513.0, 0.002205660553652284
514.0, 0.003152406243612163
515.0, 0.00332947262145489
516.0, 0.002640502782589833
517.0, 0.0022325902014508807
518.0, 0.0036736485598626335
519.0, 0.004205460524373785
520.0, 0.0030550756750920543
521.0, 0.0028588977974559416
522.0, 0.003421343841521244
523.0, 0.0034741223564159385
524.0, 0.002834800692292362
525.0, 0.005000124360489862
526.0, 0.004667127737796846
527.0, 0.004720085806678119
528.0, 0.005656576427298435
529.0, 0.006511683164802332
530.0, 0.006829728633832891
531.0, 0.007351001881555374
532.0, 0.00876858773457912
533.0, 0.010396837873596939
534.0, 0.012361524594532597
535.0, 0.01376799676235764
536.0, 0.014929613699899836
537.0, 0.01650825362864561
538.0, 0.018344066151356305
539.0, 0.020884074991530333
540.0, 0.022150589571943755
541.0, 0.022112279850843422
542.0, 0.020808106272294187
543.0, 0.018823761948290097
544.0, 0.017002198161833147
545.0, 0.015543861581792105
546.0, 0.013235778609183194
547.0, 0.009811436154351864
548.0, 0.008309267237434506
549.0, 0.007320289309644841
550.0, 0.005619198727289371
551.0, 0.00464232868139778
552.0, 0.005000176860680401
553.0, 0.005001685148742901
554.0, 0.003754799363637717
555.0, 0.0032976431781649757
556.0, 0.003599837176191046
557.0, 0.0036053684293994408
558.0, 0.0032344849858231156
559.0, 0.0028634328610670696
560.0, 0.002129775890259674
561.0, 0.002711811071716818
562.0, 0.0036364481437935014
563.0, 0.003478460118515056
564.0, 0.002162947267315933
565.0, 0.002863450766790925
566.0, 0.0024043776525104962
567.0, 0.003488102246366561
568.0, 0.003265031843776105
569.0, 0.002919357782742914
570.0, 0.0034745358310897096
571.0, 0.0041202171824451525
572.0, 0.0035379894442906365
573.0, 0.004565556871250977
574.0, 0.004934379950589595
575.0, 0.005008194704910308
576.0, 0.006106175406357014
577.0, 0.007674198355141195
578.0, 0.007117714395100523
579.0, 0.00799405954856082
580.0, 0.007736081653832825
581.0, 0.008875972131943072
582.0, 0.00982719274148386
583.0, 0.010160523346476005
584.0, 0.010390525808412212
585.0, 0.010926498307926465
586.0, 0.010687510480096876
587.0, 0.010481090752929464
588.0, 0.010609927768642703
589.0, 0.010368884963386692
590.0, 0.010020488469666208
591.0, 0.010069981577597868
592.0, 0.009931137123657993
593.0, 0.007915433958604412
594.0, 0.007806850152631549
595.0, 0.007651257196826576
596.0, 0.008134710701859123
597.0, 0.008992530609058127
598.0, 0.009333824794777483
599.0, 0.0093949878849536
600.0, 0.010187166734840221
601.0, 0.009877122202199894
602.0, 0.010710158009399812
603.0, 0.011347222192606731
604.0, 0.011428793696430406
605.0, 0.011662496435349267
606.0, 0.01165193285371339
607.0, 0.009898975664454236
608.0, 0.010732859048161488
609.0, 0.011073993412037507
610.0, 0.009724635458934362
611.0, 0.008309371790726874
612.0, 0.008538344752228358
613.0, 0.007377925422217696
614.0, 0.00727488460760857
615.0, 0.005796798557435905
616.0, 0.005555069064521886
617.0, 0.005061736415659743
618.0, 0.004170372302287803
619.0, 0.004124232192727525
620.0, 0.004322331022297866
621.0, 0.004041244406003511
622.0, 0.004450890594642437
623.0, 0.003374498684862625
624.0, 0.0023273192595048807
625.0, 0.002207216259214452
626.0, 0.0022310756219488855
627.0, 0.0010366526555826852
628.0, 0.0027852991508555205
629.0, 0.001981123419163173
630.0, 0.0021912604281580437
631.0, 0.0021835521150396636
632.0, 0.001902768794801698
633.0, 0.0021589595945551428
634.0, 0.0017971519629356807
635.0, 0.001269314804233116
636.0, 0.0004954844584685701
637.0, 0.0002888568890890471
638.0, 0.00038104886807846
639.0, 0.0004251129224089659
640.0, 0.0002792786930100785
641.0, 5.002245964022431e-05
642.0, 0.0003431972160335884
643.0, 0.0008440337064170018
644.0, 0.000771751517922334
645.0, 0.0010357720450423565
646.0, 0.0013165954514947624
647.0, 0.0010290405109449215
648.0, 0.0006276098403127054
649.0, 0.00021315887913137674
650.0, 0.0008985959618713752
651.0, 0.0008022829141692197
652.0, 0.0005746112918197174
653.0, 0.000601952242341815
654.0, 0.0008928708613714417
655.0, 0.0011949211339177298
656.0, 0.0006984012822325457
657.0, 0.001013790601892084
658.0, 0.0009337925584730868
659.0, 0.00039228951708722177
660.0, 0.00024459883977542157
661.0, 0.0005490669096744072
662.0, 0.0004729352551423881
663.0, 0.0003966047066577752
664.0, 0.0002851403144244797
665.0, 0.0002624070302225882
666.0, 0.00019007066526736363
667.0, 0.00015150547303265427
668.0, 0.0002815807488781596
669.0, 0.0006179534070360013
670.0, 0.0009644844372794346
671.0, 0.0003742594638779097
672.0, 0.0003782484415282602
673.0, 0.0005595169685271965
674.0, 0.0007464373326888757
675.0, 0.000971195217278375
676.0, 0.0013049642059204838
677.0, 0.0015728291399175133
678.0, 0.0006683113632200758
679.0, 0.00045942778419316564
680.0, 0.0007362074742424129
681.0, 0.0009122120482017394
682.0, 0.0013396379847925631
683.0, 0.0014275320155784873
684.0, 0.00011689048438798526
685.0, 0.00041145003577998526
686.0, 0.0011291555877571055
687.0, 0.00048097062807993306
688.0, 0.0005229103148046564
689.0, 0.0010141692719979557
690.0, 0.001043601688334815
691.0, 0.000587684916713708
692.0, 0.0011560824892048213
693.0, 0.0003959768888778902
694.0, 0.00011931236423824665
695.0, 0.00042289468391369797
696.0, 0.001069495338680698
697.0, 0.0010168094161948547
698.0, 0.00020197841186034426
699.0, 7.31800036521675e-05
700.0, 0.00023072641099566475
701.0, 0.0007262519757747407
702.0, 0.0003686774049069446
703.0, 0.0005341023441950424
704.0, 0.0006257589493057347
705.0, 0.000552074461353335
706.0, 0.0007997703920068626
707.0, 0.0007447590439494859
708.0, 0.0004683083043076896
709.0, 0.0007760002159850737
710.0, 0.0006170397338665418
711.0, 0.0004918221128916074
712.0, 0.0006660514212604097
713.0, 0.0011500873616726796
714.0, 0.0018462537991633429
715.0, 0.002146274309868481
716.0, 0.002358555606281687
717.0, 0.0016269359326623995
718.0, 0.0020224743866898522
719.0, 0.002354430632691781
720.0, 0.0021021645468029264
721.0, 0.0020405891921736466
722.0, 0.0025454887913903966
723.0, 0.002952255880463055
724.0, 0.003031564955329721
725.0, 0.0025637053603367555
726.0, 0.003422531472762166
727.0, 0.004103755263440091
728.0, 0.003726906044704292
729.0, 0.003869653136213939
730.0, 0.005081314784031663
731.0, 0.004248438039861422
732.0, 0.0032610993863888367
733.0, 0.003734922964021288
734.0, 0.004232917470129867
735.0, 0.00442652068099133
736.0, 0.005093437152785699
737.0, 0.006300826649414384
738.0, 0.005148419069717267
739.0, 0.006071682567638207
740.0, 0.006548958592752177
741.0, 0.004996806168927997
742.0, 0.004787120450256975
743.0, 0.006349392669570102
744.0, 0.007109153580131792
745.0, 0.006643414873923248
746.0, 0.008223950107139583
747.0, 0.007975068852900035
748.0, 0.007940055741643704
749.0, 0.007515737988679288
750.0, 0.007633392645741115
751.0, 0.008551685300653445
752.0, 0.008931005359369814
753.0, 0.00751679789560898
754.0, 0.008992935697186054
755.0, 0.008019281161543695
756.0, 0.009282644253275959
757.0, 0.009385556729143667
758.0, 0.008134578946275464
759.0, 0.007510903943319622
760.0, 0.008138484206417385
761.0, 0.006998516559992437
762.0, 0.0074101219741739555
763.0, 0.00816858438112358
764.0, 0.0062088895069754525
765.0, 0.005622765611633703
766.0, 0.006432036205177929
767.0, 0.00732361713540924
768.0, 0.008738253743235724
769.0, 0.008873004710154304
770.0, 0.008885532004267952
771.0, 0.009433173947065991
772.0, 0.009801202806024967
773.0, 0.01005132982359751
774.0, 0.01018864691206681
775.0, 0.010842687225633002
776.0, 0.012576556292569008
777.0, 0.011788336077228853
778.0, 0.012588196120509031
779.0, 0.012325876040382676
780.0, 0.012142038176223762
781.0, 0.012132198046008388
782.0, 0.012071486831495361
783.0, 0.011841463162620436
784.0, 0.011559607200561553
785.0, 0.011366106222211604
786.0, 0.010905499047784744
787.0, 0.01172244279812174
788.0, 0.011112659065564532
789.0, 0.010969079262105854
790.0, 0.011961543858194595
791.0, 0.01245873022287855
792.0, 0.011232710316861745
793.0, 0.012663591549559258
794.0, 0.014830776154305376
795.0, 0.013866379833732997
796.0, 0.013987844227227167
797.0, 0.014838850972682765
798.0, 0.015723141970391596
799.0, 0.016746802341653877
800.0, 0.018446742946878366
801.0, 0.020783121324946873
802.0, 0.022773553678277516
803.0, 0.02473227005940706
804.0, 0.028003056399484774
805.0, 0.030799599274241068
806.0, 0.03479200166347967
807.0, 0.04002989169933981
808.0, 0.044218588387742404
809.0, 0.04969000061297202
810.0, 0.05673361260504994
811.0, 0.06835480611365592
812.0, 0.07934452238315783
813.0, 0.0933417248277284
814.0, 0.11401979714214674
815.0, 0.13792384983808614
816.0, 0.16221622742624456
817.0, 0.19596776188810103
818.0, 0.22405113187915307
819.0, 0.25929687682199815
820.0, 0.28725389752631164
821.0, 0.30628723005191516
822.0, 0.3182797611512692
823.0, 0.31566663661030553
824.0, 0.29574048613450227
825.0, 0.2730805338661322
826.0, 0.24136024491863997
827.0, 0.21611722250984658
828.0, 0.19414109770067342
829.0, 0.17279606685577215
830.0, 0.15765882052496574
831.0, 0.14714610500594472
832.0, 0.13887190287361523
833.0, 0.1345403152033949
834.0, 0.13031955155812736
835.0, 0.13078656093073762
836.0, 0.1368503846761734
837.0, 0.14263969968051857
838.0, 0.1511314721337048
839.0, 0.16293305918600332
840.0, 0.1785858856417224
841.0, 0.19966917028642564
842.0, 0.22640765241114422
843.0, 0.25576765417630565
844.0, 0.2999578525357611
845.0, 0.35257188823555385
846.0, 0.41388859542110684
847.0, 0.48490693661380113
848.0, 0.5666505756265219
849.0, 0.6587983247204311
850.0, 0.7559762458075607
851.0, 0.8431718220986245
852.0, 0.9297492868613532
853.0, 0.9841293395941914
854.0, 0.9986411602939085
855.0, 0.9732378737561259
856.0, 0.9121025573708956
857.0, 0.8274775257768218
858.0, 0.7330311495174002
859.0, 0.6333721489735257
860.0, 0.5388761327073168
861.0, 0.44934059356784584
862.0, 0.37431427148869884
863.0, 0.31387818318944266
864.0, 0.26219639473544415
865.0, 0.2204495357213509
866.0, 0.18965746221641372
867.0, 0.16438496624222912
868.0, 0.14085511058897926
869.0, 0.12254604556888006
870.0, 0.11075155266140495
871.0, 0.09850256678717068
872.0, 0.08823845295920968
873.0, 0.07929962390335307
874.0, 0.07269014634984201
875.0, 0.06936424918104789
876.0, 0.06685704939282487
877.0, 0.06417111289415611
878.0, 0.06057503646701583
879.0, 0.05822150938440176
880.0, 0.055868165709387664
881.0, 0.054356421644962405
882.0, 0.05077383582141259
883.0, 0.04567728958706239
884.0, 0.042264485145175404
885.0, 0.039087898367462286
886.0, 0.032872230386295574
887.0, 0.030103148273450838
888.0, 0.024685823806999744
889.0, 0.02352828112421282
890.0, 0.022865777670999884
891.0, 0.02089489890247191
892.0, 0.018606304795079024
893.0, 0.017208733112387044
894.0, 0.016682905168782337
895.0, 0.01586774467589024
896.0, 0.014695225166317764
897.0, 0.013239692169851793
898.0, 0.013011428949416048
899.0, 0.012785294715770177
900.0, 0.011789846822696856
901.0, 0.011177719350007087
902.0, 0.012290788273035185
903.0, 0.013342694118072068
904.0, 0.010537166203538019
905.0, 0.012843441399087588
906.0, 0.012962597989798217
907.0, 0.012138125530352177
908.0, 0.01334517038865142
909.0, 0.01467318366704943
910.0, 0.01623158851948782
911.0, 0.02028296683151948
912.0, 0.022732786142084235
913.0, 0.02667044804406237
914.0, 0.029538258634235894
915.0, 0.03239121187385315
916.0, 0.034922339240544546
917.0, 0.03571577868644279
918.0, 0.03527117574538392
919.0, 0.034273062730281884
920.0, 0.03218079478044521
921.0, 0.02858023021619158
922.0, 0.02579245983512863
923.0, 0.021139368087920316
924.0, 0.01994880238106134
925.0, 0.017797820739140623
926.0, 0.01605712701591135
927.0, 0.01626132334171839
928.0, 0.016293860639926383
929.0, 0.014448310949067105
930.0, 0.014275535532376557
931.0, 0.014794004176832218
932.0, 0.01307916332338828
933.0, 0.016840427838033148
934.0, 0.018840127853452723
935.0, 0.019655242597892152
936.0, 0.02015636721070488
937.0, 0.020635817450563695
938.0, 0.02166104158660079
939.0, 0.023997796874030333
940.0, 0.026696896185183873
941.0, 0.028801672897150757
942.0, 0.0316585011363573
943.0, 0.03356269172138495
944.0, 0.03821373521011263
945.0, 0.04075355630106231
946.0, 0.04387940245787523
947.0, 0.0498177153188198
948.0, 0.05449027976461584
949.0, 0.059600749029496074
950.0, 0.06360516579857467
951.0, 0.07069653135576205
952.0, 0.07836028926600849
953.0, 0.08584592713031923
954.0, 0.09459988848866481
955.0, 0.10407349559560239
956.0, 0.11118766365881648
957.0, 0.11480588142141175
958.0, 0.11829193105518224
959.0, 0.12082118066598305
960.0, 0.12113246660408411
961.0, 0.11923519285625267
962.0, 0.11497517332853743
963.0, 0.10620951695961346
964.0, 0.09703027017057779
965.0, 0.08892948594091246
966.0, 0.07984387224119636
967.0, 0.0685719490393124
968.0, 0.057389716866409986
969.0, 0.05081873967580334
970.0, 0.04317749294592716
971.0, 0.03783218813289986
972.0, 0.032017900195301124
973.0, 0.02765991474119121
974.0, 0.0235700075557829
975.0, 0.020483765397878675
976.0, 0.018454803128177207
977.0, 0.014308044062967123
978.0, 0.012561022664678786
979.0, 0.01034006105742528
980.0, 0.01046464497768294
981.0, 0.007237455750625958
982.0, 0.005715927018175254
983.0, 0.004795396035804705
984.0, 0.004789528497111964
985.0, 0.00473784988670841
986.0, 0.0032885492469395348
987.0, 0.0027757825481876603
988.0, 0.0020904390792329058
989.0, 0.002722217381347206
990.0, 0.002874920137552978
991.0, 0.002061523735191089
992.0, 0.0018510223887055995
993.0, 0.0020801960441678884
994.0, 0.00229472577502482
995.0, 0.002115134064490042
996.0, 0.001639020808607364
997.0, 0.0018138640762028863
998.0, 0.002261452866724702
999.0, 0.001648922103664617
1000.0, 0.0007658738924099244
1001.0, 0.0016257555857350817
1002.0, 0.0023714555026385785
1003.0, 0.0013357622358282455
1004.0, 0.00016723954055920283
1005.0, 0.0002355577660051858
1006.0, 0.000531135656651021
1007.0, 0.0004792884942991613
1008.0, 0.0006145838082269711
1009.0, 0.0006266159766418519
1010.0, 0.000358899700782413
1011.0, 0.00011509427701011159
1012.0, 0.000297993624610032
1013.0, 0.0004917883919840886
1014.0, 0.0005144157279090004
1015.0, 0.0005189879210388876
1016.0, 0.00059178172570185
1017.0, 0.0005984560253501178
1018.0, 0.00041579067216667283
1019.0, 0.0004770026911943231
1020.0, 0.0005066058360316698
1021.0, 0.0003136678582278837
1022.0, 0.0006796311712426926
1023.0, 0.0008280846476029892
1024.0, 0.000715113992627921
1025.0, 0.0006875006680463185
1026.0, 0.0006943399180838008
1027.0, 0.0004957388334350716
1028.0, 0.00025433241292150137
1029.0, 0.0009051044970710747
1030.0, 0.0009961684545058936
1031.0, 0.0007947555383503586
1032.0, 0.0006339891776589393
1033.0, 0.0006198467307152151
1034.0, 0.00036939714715827085
1035.0, 0.0005447952486436157
1036.0, 0.0013085140220336724
1037.0, 0.0014978781004255062
1038.0, 0.0015580811707580858
1039.0, 0.0008849233811976982
1040.0, 0.0011939388587844113
1041.0, 0.0017369528025529737
1042.0, 0.0006323447207238681
1043.0, 9.322161512626792e-05
1044.0, 7.694024751083104e-05
1045.0, 0.0007199876391396246
1046.0, 0.0011576428971729414
1047.0, 0.0009548677864305187
1048.0, 0.0023190660381415514
1049.0, 0.002247562174745242
1050.0, 0.0004923585692175689
1051.0, 0.0015078807361880702
1052.0, 0.0012030095688013271
1053.0, 0.0007475602897155484
1054.0, 0.0004597507805565784
1055.0, 0.0006376099162449493
1056.0, 0.0008563658615472326
1057.0, 0.0005593956269901874
1058.0, 0.0002861893610583949
1059.0, 0.0009253898647861586
1060.0, 0.00045324905863005504
1061.0, 0.0006544617256909916
1062.0, 0.000674240446573644
1063.0, 0.000596458604424748
1064.0, 0.000366079418616296
1065.0, 0.0008297020238842486
1066.0, 0.0015977951316346443
1067.0, 0.001736150274494132
1068.0, 0.001299221752524325
1069.0, 0.0011216105347504758
1070.0, 0.0009592161715790428
1071.0, 0.0003466107578225246
1072.0, 0.00010705145005773059
1073.0, 0.0005948967826272826
1074.0, 0.000504279924038982
1075.0, 0.0006276771295019586
1076.0, 0.0005706177382232163
1077.0, 0.0005859081588812581
1078.0, 0.0007804607344008859
1079.0, 0.0006999992660465882
1080.0, 0.00039954153080459337
1081.0, 0.00039496215744735724
1082.0, 0.0004380537235356648
1083.0, 0.0008925593164784958
1084.0, 0.00016940565859437188
1085.0, 0.0010637788924116101
1086.0, 0.001151490901910142
1087.0, 0.0010271053114610123
1088.0, 0.0007138030149657798
1089.0, 0.0007711940305535944
1090.0, 0.0012929592991827838
1091.0, 0.0005782491875115164
1092.0, 0.00011081032791384639
1093.0, 0.0009785720151665109
1094.0, 0.0009308098768160845
1095.0, 0.0007456699622263623
1096.0, 0.0007166979253920919
1097.0, 0.00042783630340363003
1098.0, 0.0007716615983698983
1099.0, 0.0010861449771194661
1100.0, 0.00071178890340366
1101.0, 0.00019065752897716624
1102.0, 0.00014173131497449454
1103.0, 0.0004920892781012282
1104.0, 0.001930391048567499
1105.0, 0.0014537045678624206
1106.0, 0.0013293631801320413
1107.0, 0.0014458844964383196
1108.0, 0.0010658370733505464
1109.0, 0.0016445417948426182
1110.0, 0.0013115096141290805
1111.0, 0.0011908017732334987
1112.0, 0.002192937635823537
1113.0, 0.0022374045310227407
1114.0, 0.0018213961166161192
1115.0, 0.0023019494665153534
1116.0, 0.002307278022092863
1117.0, 0.0015728054993468408
1118.0, 0.0023725571282727617
1119.0, 0.0009801053835568944
1120.0, 0.0008881376483908797
1121.0, 0.0014491777589405854
1122.0, 0.002152001795085443
1123.0, 0.0027663065805165993
1124.0, 0.0027611129052755104
1125.0, 0.002320783535238648
1126.0, 0.002024895378692024
1127.0, 0.0018134987530340695
1128.0, 0.0010766567020054079
1129.0, 0.0016236898154502323
1130.0, 0.0023230410123121965
1131.0, 0.001678764737354285
1132.0, 0.0008417119987534439
1133.0, 0.0015058972205576502
1134.0, 0.00220636464146615
1135.0, 0.0016934069552169062
1136.0, 0.001243191722432806
1137.0, 0.00191325627075028
1138.0, 0.002805799344758092
1139.0, 0.0017755890083330443
1140.0, 0.0022639427505154594
1141.0, 0.0003513306965543183
1142.0, 0.0019371354025685063
1143.0, 0.0030597888399234415
1144.0, 0.0028358663596140875
1145.0, 0.0020077626773633106
1146.0, 0.001998846259055178
1147.0, 0.002113702301162757
1148.0, 0.0017458947204451003
1149.0, 0.002379746498230862
1150.0, 0.001194278824072684
1151.0, 0.002569460944341321
1152.0, 0.002233366360001909
1153.0, 0.0022124655150656133
1154.0, 0.0019229326175136856
1155.0, 0.003066763209699012
1156.0, 0.002767521116888354
1157.0, 0.0029323108593921833
1158.0, 0.0028762158802496844
1159.0, 0.002120602191607675
1160.0, 0.0026251711756348265
1161.0, 0.0042045617134024455
1162.0, 0.004605542568853504
1163.0, 0.003690721303082732
1164.0, 0.0030938750857095647
1165.0, 0.0029682063873681924
1166.0, 0.0032537708781196564
1167.0, 0.003859444191441294
1168.0, 0.003176115679601211
1169.0, 0.0028815373252583844
1170.0, 0.0024867655337101483
1171.0, 0.0022355575219985017
1172.0, 0.0024655459449370288
1173.0, 0.0022638572191434696
1174.0, 0.002672680860212431
1175.0, 0.002447082236703256
1176.0, 0.0021754867674361757
1177.0, 0.0021414087803139
1178.0, 0.0016151346930951967
1179.0, 0.001429877633352092
1180.0, 0.0012582230592515968
1181.0, 0.001242117353771801
1182.0, 0.0021076921804058014
1183.0, 0.002631638444569996
1184.0, 0.0020352802587388814
1185.0, 0.0020083950571028932
1186.0, 0.003380013482436469
1187.0, 0.0033491437137086826
1188.0, 0.0021319556168290467
1189.0, 0.0025823754311105275
1190.0, 0.0020416398239486494
1191.0, 0.002031984871987781
1192.0, 0.0005503117514113668
1193.0, 0.0007440776972386268
1194.0, 0.0020116493730058136
1195.0, 0.0017313830754597827
1196.0, 0.000990767591041109
1197.0, 0.0021105702667574577
1198.0, 0.003583802394659965
1199.0, 0.0026313973444254714
1200.0, 0.001480919609815283
1201.0, 0.0019258873021734168
1202.0, 0.0033136358772091813
1203.0, 0.0027102457953630445
1204.0, 0.001081974466560844
1205.0, 0.003482161337827464
1206.0, 0.0031000205744194354
1207.0, 0.0023191454195804736
1208.0, 0.0025329887230431903
1209.0, 0.002679343645414421
1210.0, 0.002284189652849883
1211.0, 0.0021470694497419795
1212.0, 0.0025545405908731587
1213.0, 0.0025553453645414978
1214.0, 0.002765445751503318
1215.0, 0.0028893202349222708
1216.0, 0.0031883044293704627
1217.0, 0.002821241745083968
1218.0, 0.002894227987699939
1219.0, 0.003203480911637273
1220.0, 0.002997385580432948
1221.0, 0.002744771602307238
1222.0, 0.002674042766531276
1223.0, 0.0026050142884386034
1224.0, 0.0025398572871538627
1225.0, 0.0023611672862754282
1226.0, 0.0021007338412408743
1227.0, 0.0032913443642666814
1228.0, 0.003735519069599432
1229.0, 0.004936805959698358
1230.0, 0.003162728183426209
1231.0, 0.0035799462545232294
1232.0, 0.002072559933194623
1233.0, 0.002524372863106542
1234.0, 0.0026320412548522503
1235.0, 0.0020645212396331533
1236.0, 0.0018139592967953652
1237.0, 0.002128405343562261
1238.0, 0.0021797895281811712
1239.0, 0.0014568161014071566
1240.0, 0.0016247893407136133
1241.0, 0.002660780146284021
1242.0, 0.0014960042247673358
1243.0, 0.0024311811783104985
1244.0, 0.002598849375847149
1245.0, 0.0012913304185859231
1246.0, 0.0016241673602712353
1247.0, 0.0012850619424983126
1248.0, 0.0019569110847100927
1249.0, 0.00250074597053499
1250.0, 0.001618254694887768
1251.0, 0.0011721453242538654
1252.0, 0.0013713022944610669
1253.0, 0.0007760242478437292
1254.0, 0.0017654274525007274
1255.0, 0.00017527017737875382
1256.0, 0.001126017919686409
1257.0, 0.0002788244236562708
1258.0, 0.0029751919838615403
1259.0, 0.0008746797622634327
1260.0, 0.0019825674163425145
1261.0, 0.0018700472480148809
1262.0, 0.0016765178902314504
1263.0, 0.0010168932498248752
1264.0, 0.001114448035582969
1265.0, 0.001753605235208335
1266.0, 0.001505557219110246
1267.0, 0.0009761069138151629
1268.0, 0.000997671409245431
1269.0, 0.001461094961114454
1270.0, 0.002144369211964509
1271.0, 0.0005794545076247311
1272.0, 0.001894551182966822
1273.0, 0.0008585693082278233
1274.0, 0.0008087849234003033
1275.0, 0.0010008867102653998
1276.0, 0.001102766755461359
1277.0, 0.000609215859687259
1278.0, 0.002132226894533803
1279.0, 0.003141001168082963
1280.0, 0.001713401872104075
1281.0, 0.0009714117135994844
1282.0, 0.002174792214999918
1283.0, 0.0021432261404785253
1284.0, 3.989450607696562e-05
1285.0, 0.00038600280461963446
1286.0, 0.0017127163113818838
1287.0, 0.00017584960571849766
1288.0, 0.00027914022120551537
1289.0, 0.0019402838296797243
1290.0, 0.0012885915777312428
1291.0, 0.0020323926505148434
1292.0, 0.0011857932561369841
1293.0, 0.0008119148225460566
1294.0, 0.0018079379740579687
1295.0, 0.0019761260124536756
1296.0, 0.0013812716297903834
1297.0, 0.0012719116555731077
1298.0, 0.0007961786989370178
1299.0, 0.0010399440635984172
1300.0, 0.0007429664783200312
1301.0, 0.0014571820912357284
1302.0, 0.0015564236065882737
1303.0, 0.0014672677080617453
1304.0, 0.0009554018590841571
1305.0, 0.0009517191557208187
1306.0, 0.000840556348206717
1307.0, 0.0018890037279995773
1308.0, 0.0016709118113463267
1309.0, 0.002225358929493314
1310.0, 0.0024484870525155666
1311.0, 0.0012786749959746053
1312.0, 0.0013577996708988758
1313.0, 0.0019031754610860925
1314.0, 0.00032959629242944056
1315.0, 0.0007529811384844859
1316.0, 0.0006933473341081393
1317.0, 0.0003377196411153278
1318.0, 0.0010450974822049227
1319.0, 0.0008587209730264855
1320.0, 0.0015180313478488146
1321.0, 0.0014982123546935162
1322.0, 0.001535470788369965
1323.0, 0.0024207545750744436
1324.0, 0.0017917745776086448
1325.0, 0.0009877179328155945
1326.0, 0.0006781390153929995
1327.0, 0.001453582172830603
1328.0, 0.0024083710259223613
1329.0, 0.0020256456531258715
1330.0, 0.002280511389258266
1331.0, 0.0008632185529179393
1332.0, 0.0008490609688681388
1333.0, 0.002117753456411568
1334.0, 0.0007246534809797221
1335.0, 0.0012803349822192907
1336.0, 0.0012964186638554855
1337.0, 0.0008414806938237035
1338.0, 0.00026233798519175865
1339.0, 0.0007598324198352927
1340.0, 0.0010181911017297489
1341.0, 0.000951860161130425
1342.0, 0.0018471330922834627
1343.0, 0.002103173657530287
1344.0, 0.0020704080039100755
1345.0, 0.0026073180941032837
1346.0, 0.0016534512540543
1347.0, 0.0012970133315111112
1348.0, 0.0023535310428538054
1349.0, 0.0024021292838984744
1350.0, 0.002400750044338808
1351.0, 0.002651812095063402
1352.0, 0.003170856131010362
1353.0, 0.0019204915890233263
1354.0, 0.001607060834527134
1355.0, 0.0019387258014873542
1356.0, 0.0009224183241066039
1357.0, 0.0006668916604991726
1358.0, 0.0005439946959069807
1359.0, 0.0010311278819195905
1360.0, 0.001609294156691391
1361.0, 0.0018113381773637307
1362.0, 0.00216896371640975
1363.0, 0.0021436940082406814
1364.0, 0.0015998476908085078
1365.0, 0.0014497920603915846
1366.0, 7.581498548875546e-05
1367.0, 0.000506626237632087
1368.0, 0.0011873166316111287
1369.0, 0.002052254295021371
1370.0, 0.001706425788891522
1371.0, 0.0024788770088334574
1372.0, 0.0028440276418955253
1373.0, 0.0007044769621129683
1374.0, 0.00024208916460315534
1375.0, 0.0017028179995168936
1376.0, 0.0013897457872161202
1377.0, 0.0012828681683118535
1378.0, 0.0015625823221406395
1379.0, 0.0022580078498015926
1380.0, 0.002978519236380329
1381.0, 0.002090882307829003
1382.0, 0.0015345234165668124
1383.0, 0.0008648509875581967
1384.0, 0.0008694864108045861
1385.0, 0.0003980099425593206
1386.0, 0.0018939837962275224
1387.0, 0.001877341905149408
1388.0, 0.0028208996924678816
1389.0, 0.0011976696134607442
1390.0, 0.0015814988955290808
1391.0, 0.00048334612858632947
1392.0, 0.0009894150223871453
1393.0, 0.0007786096816403447
1394.0, 0.001608844373968432
1395.0, 0.0023835377096500785
1396.0, 0.002583981206729251
1397.0, 0.002461830471595227
1398.0, 0.002005640633768125
1399.0, 0.0014294750001420707
1400.0, 0.0009226146562636648
1401.0, 0.0011852492547030152
1402.0, 0.0023402780413688895
1403.0, 0.0016925847940942231
1404.0, 0.0010696461144263393
1405.0, 0.00029076571357035657
1406.0, 0.0025607153336390095
1407.0, 0.0017262729134358476
1408.0, 0.0012346922184010075
1409.0, 0.0022705252142445837
1410.0, 0.0015547723117225072
1411.0, 0.0006434118391746021
1412.0, 0.0007301303684521547
1413.0, 0.0013237749243417243
1414.0, 0.0007907179854681624
1415.0, 0.001593324578188725
1416.0, 0.001472957465578545
1417.0, 0.0007593016172886129
1418.0, 0.0011369836700225574
1419.0, 0.0010118572084335576
1420.0, 0.00080666734743045
1421.0, 0.0008332731513555924
1422.0, 0.0005745577353913113
1423.0, 0.0014686374628603714
1424.0, 0.0015290559709244128
1425.0, 0.0020352737959942187
1426.0, 0.001678936422912884
1427.0, 0.000646366824088227
1428.0, 0.0003001887794256529
1429.0, 0.0005089429315844402
1430.0, 0.0009623307941625905
1431.0, 0.00163621731349759
1432.0, 0.001895421352979196
1433.0, 0.0021153550090944693
1434.0, 0.0018837800761875012
1435.0, 0.001996862717418161
1436.0, 0.002121606101626003
1437.0, 0.0019153100755941142
1438.0, 0.001775965016179976
1439.0, 0.001518960300248322
1440.0, 0.001173240090975702
1441.0, 0.001686837122117524
1442.0, 0.002526833783607706
1443.0, 0.0021850569707597663
1444.0, 0.0017350329032101498
1445.0, 0.0009228118993434587
1446.0, 0.002372318219926715
1447.0, 0.0007229160537713904
1448.0, 0.00205661927806212
1449.0, 0.0011692560140226732
1450.0, 0.0036401437717019786
1451.0, 0.002198059092978127
1452.0, 0.0034299901085919717
1453.0, 0.0024639162099099354
1454.0, 0.002650768339472284
1455.0, 0.0026956693300007094
1456.0, 0.002112447877707284
1457.0, 0.003263144327747103
1458.0, 0.0030655524501438172
1459.0, 0.0027498645313225865
1460.0, 0.0025392081212244804
1461.0, 0.0024914847680565506
1462.0, 0.0034452561450306657
1463.0, 0.0025075119848457297
1464.0, 0.0018667380637935101
1465.0, 0.00336909749926312
1466.0, 0.0028506976370881393
1467.0, 0.0016202856756162556
1468.0, 0.000395826754173522
1469.0, 0.0015426325954298033
1470.0, 0.0022196217960735345
1471.0, 0.002117922836459745
1472.0, 0.0010846628306371286
1473.0, 0.0019798422130681928
1474.0, 0.0018377589505646228
1475.0, 0.0017797966254057397
1476.0, 0.0020131793431834187
1477.0, 0.0017480660675822557
1478.0, 0.0004956237706420581
1479.0, 0.0006706830722922087
1480.0, 0.0013207238452228247
1481.0, 0.0013577071745178241
1482.0, 0.0022194068120222872
1483.0, 0.0018054288280755888
1484.0, 0.001445055934625497
1485.0, 0.002911285254886726
1486.0, 0.0027960332457859366
1487.0, 0.001693925780701018
1488.0, 0.0021417559250699633
1489.0, 0.002656394036786795
1490.0, 0.0011458120919082332
1491.0, 0.001438206146152398
1492.0, 0.0026733534753981885
1493.0, 0.003925991129988685
1494.0, 0.0029119161673788157
1495.0, 0.0018102145582326243
1496.0, 0.0016671867697440545
1497.0, 0.0033199891038687432
1498.0, 0.002227463498697253
1499.0, 0.0006685067114709832
1500.0, 0.0018976893470834448
1501.0, 0.0015167647260767674
1502.0, 0.001430793134819716
1503.0, 0.0019391771737538744
1504.0, 0.0026905895008648728
1505.0, 0.002146190210513185
1506.0, 0.0018018412070775211
1507.0, 0.002011957455192362
1508.0, 0.0033902128357726326
1509.0, 0.003829030902474766
1510.0, 0.0027349986769387414
1511.0, 0.002582141870695361
1512.0, 0.0021676098830101524
1513.0, 0.0006963505530149945
1514.0, 0.0006152556734857766
1515.0, 0.0014256434255166819
1516.0, 0.0010394947769533302
1517.0, 0.0006842437627323216
1518.0, 0.0021062891725814018
1519.0, 0.0007861050288251022
1520.0, 0.002353234411558321
1521.0, 0.0012121128821200333
1522.0, 0.002134225895507277
1523.0, 0.00010659981954993787
1524.0, 0.000252392621117367
1525.0, 0.0017882397859545584
1526.0, 0.0018250687109072803
1527.0, 0.0005475323562551889
1528.0, 0.0020813892289871893
1529.0, 0.0016179872854410484
1530.0, 0.0012899178549001947
1531.0, 0.0016283436348313001
1532.0, 0.0006547482946948438
1533.0, 0.0010409959197160933
1534.0, 0.0007505067563916038
1535.0, 0.0012455220767596691
1536.0, 0.0020433706664979728
1537.0, 0.0017699253118988445
1538.0, 0.0015098345621907833
1539.0, 0.0012851340544955598
1540.0, 0.0009262598848904548
1541.0, 0.0005875668525163789
1542.0, 0.0003630874426722193
1543.0, 0.00035707635537067067
1544.0, 0.00033379819420814995
1545.0, 0.000750923060418302
1546.0, 0.0007250007148333145
1547.0, 0.0015411026819931292
1548.0, 0.0008057126643515761
1549.0, 0.0025169474577921343
1550.0, 0.001471496138610914
1551.0, 0.002917934966038623
1552.0, 0.0011602527657510616
1553.0, 0.00227611926082398
1554.0, 0.0012910981304498873
1555.0, 0.002586674149630854
1556.0, 0.0010518955764312731
1557.0, 0.001837619887422585
1558.0, 0.0015532197430126987
1559.0, 0.0010553940398095145
1560.0, 0.0017358750115745603
1561.0, 0.002058585948089568
1562.0, 0.0006483072577749939
1563.0, 2.8982304401553924e-06
1564, 0.0
1565, 0.0
1566, 0.0
1567, 0.0
1568, 0.0
1569, 0.0
1570, 0.0
1571, 0.0
1572, 0.0
1573, 0.0
1574, 0.0
1575, 0.0
1576, 0.0
1577, 0.0
1578, 0.0
1579, 0.0
1580, 0.0
1581, 0.0
1582, 0.0
1583, 0.0
1584, 0.0
1585, 0.0
1586, 0.0
1587, 0.0
1588, 0.0
1589, 0.0
1590, 0.0
1591, 0.0
1592, 0.0
1593, 0.0
1594, 0.0
1595, 0.0
1596, 0.0
1597, 0.0
1598, 0.0
1599, 0.0
