30, 0.0
31, 0.0
32, 0.0
33, 0.0
34, 0.0
35, 0.0
36, 0.0
37, 0.0
38, 0.0
39, 0.0
40, 0.0
41, 0.0
42, 0.0
43, 0.0
44, 0.0
45, 0.0
46, 0.0
47, 0.0
48, 0.0
49, 0.0
50, 0.0
51, 0.0
52, 0.0
53, 0.0
54, 0.0
55, 0.0
56, 0.0
57, 0.0
58, 0.0
59, 0.0
60, 0.0
61, 0.0
62, 0.0
63, 0.0
64, 0.0
65, 0.0
66, 0.0
67, 0.0
68, 0.0
69, 0.0
70, 0.0
71, 0.0
72, 0.0
73, 0.0
74, 0.0
75, 0.0
76, 0.0
77, 0.0
78, 0.0
79, 0.0
80, 0.0
81, 0.0
82, 0.0
83, 0.0
84, 0.0
85, 0.0
86, 0.0
87, 0.0
88, 0.0
89, 0.0
90, 0.0
91, 0.0
92, 0.0
93, 0.0
94, 0.0
95, 0.0
96, 0.0
97, 0.0
98, 0.0
99, 0.0
100, 0.0
101, 0.0
102, 0.0
103, 0.0
104, 0.0
105, 0.0
106, 0.0
107, 0.0
108, 0.0
109, 0.0
110, 0.0
111, 0.0
112, 0.0
113, 0.0
114, 0.0
115, 0.0
116.0, 0.0020589101545635167
117.0, 0.007842365644910563
118.0, 0.007236945980216786
119.0, 0.00487180598622128
120.0, 0.002823921365213394
121.0, 0.007067342835580943
122.0, 0.00630465577142499
123.0, 0.003935330893953735
124.0, 0.0011376295946904996
125.0, 0.0010611782808838956
126.0, 0.0009751985117617502
127.0, 0.0007506379938053345
128.0, 0.00010946363321905994
129.0, 0.0004388625130154416
130.0, 0.0038576133336740153
131.0, 0.00987646924456737
132.0, 0.007030988815614442
133.0, 0.010415098684640994
134.0, 0.015289376455125705
135.0, 0.017197485734155634
136.0, 0.025916550773222108
137.0, 0.03194775207394342
138.0, 0.03631583324584226
139.0, 0.04827791859696007
140.0, 0.054579632901442195
141.0, 0.06031319926402568
142.0, 0.06817319202012032
143.0, 0.07645277668991693
144.0, 0.08772373202067582
145.0, 0.10038375991990912
146.0, 0.1107938901660945
147.0, 0.11983128906974151
148.0, 0.12926103564034583
149.0, 0.13950487849734855
150.0, 0.14913553388358974
151.0, 0.1577410869907306
152.0, 0.16652764594398967
153.0, 0.17698489927798008
154.0, 0.18437617805553044
155.0, 0.19142813455598653
156.0, 0.19901340964056868
157.0, 0.2100380504721039
158.0, 0.22369487184777848
159.0, 0.2374246201551791
160.0, 0.24980840885118016
161.0, 0.266111304251865
162.0, 0.282724580644379
163.0, 0.30038044122746477
164.0, 0.32111329039659414
165.0, 0.34019219397789946
166.0, 0.36172741340866593
167.0, 0.38624023141842617
168.0, 0.4066063617324383
169.0, 0.42992890796906297
170.0, 0.4522534269134204
171.0, 0.46945167793407994
172.0, 0.4962183427344376
173.0, 0.5183514136033064
174.0, 0.5349923837131678
175.0, 0.546265266857482
176.0, 0.55881433874768
177.0, 0.5670989112923455
178.0, 0.5687457190638282
179.0, 0.5743921004118621
180.0, 0.5760544475008477
181.0, 0.5722498187289298
182.0, 0.5593839477471412
183.0, 0.5476161810082671
184.0, 0.5362837423170727
185.0, 0.5242277155547513
186.0, 0.5052944312842014
187.0, 0.4880685620714562
188.0, 0.4692072031436883
189.0, 0.44658684275480665
190.0, 0.43654656952533727
191.0, 0.42451282402864693
192.0, 0.4111744499441077
193.0, 0.39789448302556735
194.0, 0.38798894752722934
195.0, 0.3760735438620019
196.0, 0.36267326140593675
197.0, 0.360739749302926
198.0, 0.3511274882149914
199.0, 0.34240155714535325
200.0, 0.3407932158206438
201.0, 0.334214856164575
202.0, 0.32635443831370414
203.0, 0.3181464500010525
204.0, 0.3114596142136065
205.0, 0.30128222524873854
206.0, 0.2936786191459107
207.0, 0.2883819314803897
208.0, 0.26917041412821646
209.0, 0.25740596003775373
210.0, 0.24695640982285003
211.0, 0.23329711275212
212.0, 0.21429343089052139
213.0, 0.20021946942702942
214.0, 0.18820150328091514
215.0, 0.1707229647078643
216.0, 0.15804868689148843
217.0, 0.1458719951317136
218.0, 0.13290440752874755
219.0, 0.116795083807153
220.0, 0.10518586560958897
221.0, 0.0944577196266334
222.0, 0.0820706409200543
223.0, 0.07565339390995056
224.0, 0.06893470838691364
225.0, 0.06196539604380262
226.0, 0.05520302638155592
227.0, 0.05036212056231904
228.0, 0.047033346564626086
229.0, 0.044751866671591124
230.0, 0.04063322328107256
231.0, 0.03884055993109242
232.0, 0.03814926624993099
233.0, 0.03792799660949518
234.0, 0.03746224946275417
235.0, 0.03693411909609005
236.0, 0.036945588478740854
237.0, 0.03866812892759874
238.0, 0.03863282486426827
239.0, 0.04211486466307288
240.0, 0.04844122435174205
241.0, 0.050079255342012845
242.0, 0.05422186594790484
243.0, 0.05762772374766586
244.0, 0.05888473895339668
245.0, 0.06318572037669054
246.0, 0.0696775321666624
247.0, 0.07500671834898522
248.0, 0.07475347927339528
249.0, 0.08133051216605433
250.0, 0.0862991018644807
251.0, 0.08971581708402478
252.0, 0.09414819501895995
253.0, 0.09816111917051225
254.0, 0.10143844975669636
255.0, 0.10432698639820441
256.0, 0.11191896121788635
257.0, 0.11618147933933684
258.0, 0.12016290535256476
259.0, 0.12619813895591347
260.0, 0.13137119844525014
261.0, 0.13719471714109754
262.0, 0.14352321481407043
263.0, 0.1500827109797792
264.0, 0.15843890111127618
265.0, 0.1671924889208932
266.0, 0.1757396092790571
267.0, 0.18221567344844367
268.0, 0.19557337017373005
269.0, 0.20581079734528598
270.0, 0.20928686674071076
271.0, 0.22552417012424766
272.0, 0.23966455175201548
273.0, 0.25292798971560887
274.0, 0.2664424890604672
275.0, 0.27609401392655575
276.0, 0.29058333156451305
277.0, 0.3069082213883746
278.0, 0.3169513594015617
279.0, 0.3235562432648626
280.0, 0.3350078059556556
281.0, 0.35017609105809017
282.0, 0.35189048741403206
283.0, 0.36230600259377216
284.0, 0.3670396895027705
285.0, 0.3592131776420803
286.0, 0.35323803491199873
287.0, 0.3542134038855586
288.0, 0.3528175664131627
289.0, 0.33862701536649137
290.0, 0.3227173047452142
291.0, 0.31199696123751147
292.0, 0.302020218289767
293.0, 0.2814547147915271
294.0, 0.2676213802483964
295.0, 0.25028756226343274
296.0, 0.22928038712165316
297.0, 0.21432038391361782
298.0, 0.1952706904479548
299.0, 0.1779366930165474
300.0, 0.16460531173658882
301.0, 0.14937104676885274
302.0, 0.13522934298583755
303.0, 0.12280128964307023
304.0, 0.11284275580687543
305.0, 0.10549731719421117
306.0, 0.09614563601934664
307.0, 0.08583833551244323
308.0, 0.07663921017874926
309.0, 0.07498349822687038
310.0, 0.0696712954560119
311.0, 0.06133491576836281
312.0, 0.05775923247609315
313.0, 0.05257161374246929
314.0, 0.048608258503483714
315.0, 0.046337356330185646
316.0, 0.04206348846018072
317.0, 0.03718207948381332
318.0, 0.0340594587393237
319.0, 0.03402524398622186
320.0, 0.028073973811702856
321.0, 0.025084226109210798
322.0, 0.023661606582505667
323.0, 0.02239367378207765
324.0, 0.023397080535674488
325.0, 0.020320459601624808
326.0, 0.016627373593279114
327.0, 0.02035501801174909
328.0, 0.01593154406327954
329.0, 0.014073734647209908
330.0, 0.015399530750624788
331.0, 0.015754316288157596
332.0, 0.017245671707055512
333.0, 0.015677512681964743
334.0, 0.011028660958776734
335.0, 0.014842405524031594
336.0, 0.013055957488899721
337.0, 0.011505441566965117
338.0, 0.013160290063857074
339.0, 0.00830493846059122
340.0, 0.006363929455702778
341.0, 0.006221823334324381
342.0, 0.006949138368583745
343.0, 0.0056153342686439825
344.0, 0.0038772340654528855
345.0, 0.002351862162091145
346.0, 0.002028555801941127
347.0, 0.0008122343797194631
348.0, 0.0006385617181511732
349.0, 0.001135734154964357
350.0, 0.0006698959892553865
351.0, 0.0015676208788863645
352.0, 0.002048481285118921
353.0, 0.0021501793038460303
354.0, 0.004048905487637925
355.0, 0.004810514959767566
356.0, 0.00536885428729531
357.0, 0.006190727333702858
358.0, 0.008476463780120014
359.0, 0.007895113791380784
360.0, 0.007721070161090253
361.0, 0.00974765594743814
362.0, 0.00715212588855944
363.0, 0.007497096657607771
364.0, 0.008399279393629581
365.0, 0.007594988385050647
366.0, 0.0067443190224915585
367.0, 0.007101583032341839
368.0, 0.007479004144141151
369.0, 0.006031806413621958
370.0, 0.00514537776603267
371.0, 0.004900033042087389
372.0, 0.005249244236612112
373.0, 0.006132913437907712
374.0, 0.0034997443866443064
375.0, 0.001387587065099127
376.0, 0.0007893560370553217
377.0, 0.003011626355628258
378.0, 0.004175706317192636
379.0, 0.0033467135829530854
380.0, 0.001006133991214625
381.0, 0.0012446133588117963
382.0, 0.005792643818050256
383.0, 0.009172910501662608
384.0, 0.009800642722725295
385.0, 0.013184410340556077
386.0, 0.015034754635469145
387.0, 0.017617309088658814
388.0, 0.02176905881867671
389.0, 0.018603468750946543
390.0, 0.021596930420892495
391.0, 0.024978103182498962
392.0, 0.024297753578979096
393.0, 0.026710004235155585
394.0, 0.02974896730737251
395.0, 0.03308119873879836
396.0, 0.03635222175744695
397.0, 0.04151288282456607
398.0, 0.04089688739058944
399.0, 0.04025356844391126
400.0, 0.048673970058612605
401.0, 0.04969790644627457
402.0, 0.04942556317612881
403.0, 0.05057498693413935
404.0, 0.057823644175870874
405.0, 0.05746015920469485
406.0, 0.05605619186862457
407.0, 0.05513291852775008
408.0, 0.05657909945547711
409.0, 0.05637747713247546
410.0, 0.056406359960537104
411.0, 0.05604155091002391
412.0, 0.05183204261160563
413.0, 0.04577184337913334
414.0, 0.04309513151768028
415.0, 0.043392760594617906
416.0, 0.03856853025989643
417.0, 0.03575478576010349
418.0, 0.03332433436640073
419.0, 0.030809552322000344
420.0, 0.028498672298502715
421.0, 0.02972199684302374
422.0, 0.029665262755597485
423.0, 0.027243363133675494
424.0, 0.030060122472411504
425.0, 0.03454877947108328
426.0, 0.03683525628447851
427.0, 0.03570663805748032
428.0, 0.040545594732060354
429.0, 0.038707166080554335
430.0, 0.0373304889859153
431.0, 0.04038320982574084
432.0, 0.04162035233129892
433.0, 0.047796791243994385
434.0, 0.05134512842196358
435.0, 0.047441838161154326
436.0, 0.056290284030646995
437.0, 0.05932743628736309
438.0, 0.06194721523376283
439.0, 0.06850272050358797
440.0, 0.06899456010140881
441.0, 0.070364047845703
442.0, 0.07210737674331205
443.0, 0.07375014317869187
444.0, 0.0792930316875036
445.0, 0.07979126760819047
446.0, 0.07890044041743306
447.0, 0.08064255030946602
448.0, 0.0811357118544718
449.0, 0.07955698288311452
450.0, 0.07868652619247632
451.0, 0.08196055943062128
452.0, 0.08325040461445968
453.0, 0.08733992870206335
454.0, 0.090191290189579
455.0, 0.08615264115728904
456.0, 0.09346175757679258
457.0, 0.09644604228616335
458.0, 0.09887599874539131
459.0, 0.10715992530842336
460.0, 0.10961286710055476
461.0, 0.11795794339198243
462.0, 0.1296121698593075
463.0, 0.13979984090054937
464.0, 0.150330225288109
465.0, 0.15781919190730284
466.0, 0.16849314094119813
467.0, 0.19281465889552218
468.0, 0.20743874901270276
469.0, 0.22487139062585598
470.0, 0.2479972303829369
471.0, 0.2804460141100336
472.0, 0.2942337642695713
473.0, 0.32714867523638097
474.0, 0.36481019506350604
475.0, 0.3787142068824654
476.0, 0.40928393887851683
477.0, 0.4348557001140922
478.0, 0.4558441627513954
479.0, 0.47543850458566683
480.0, 0.47718613678413035
481.0, 0.47784588820427837
482.0, 0.4755167604028019
483.0, 0.4649129373514934
484.0, 0.4430023948605417
485.0, 0.42454078118604976
486.0, 0.406282208888139
487.0, 0.3813662017438839
488.0, 0.36524339837026987
489.0, 0.3518824357696392
490.0, 0.3417055202153236
491.0, 0.33606481311979075
492.0, 0.3353082874171539
493.0, 0.3472707169958609
494.0, 0.36742257187298116
495.0, 0.3887853002673882
496.0, 0.42095036241502315
497.0, 0.45679914806868666
498.0, 0.5025756445112083
499.0, 0.5673473969525692
500.0, 0.6266276642033347
501.0, 0.6837914639571947
502.0, 0.7422995525038218
503.0, 0.8062689224002997
504.0, 0.8520077480285547
505.0, 0.9031641767203665
506.0, 0.9461558979522148
507.0, 0.9654207107885143
508.0, 0.9913110798947695
509.0, 0.9985568832959048
510.0, 0.9906099798868768
511.0, 0.9712736567792304
512.0, 0.9492535038349226
513.0, 0.8998859752766415
514.0, 0.8404434467233637
515.0, 0.7855836446970995
516.0, 0.7159916973593198
517.0, 0.6559813722212919
518.0, 0.5987908296097181
519.0, 0.5397108395183505
520.0, 0.4862994270944485
521.0, 0.4371418129870992
522.0, 0.39020866611237087
523.0, 0.3448979197281614
524.0, 0.30991549529950096
525.0, 0.27658427669081787
526.0, 0.2462353747469866
527.0, 0.21998295977069093
528.0, 0.20101046316435753
529.0, 0.18190512961868732
530.0, 0.16448470381621833
531.0, 0.14949676651814722
532.0, 0.13632596822589144
533.0, 0.12433077808251718
534.0, 0.11407135299457574
535.0, 0.10548569350737222
536.0, 0.0971457235442535
537.0, 0.09056466333658447
538.0, 0.08435429197356069
539.0, 0.07899395729289517
540.0, 0.07785714159701619
541.0, 0.07406799961269181
542.0, 0.07480508705618696
543.0, 0.07764115038499055
544.0, 0.07076000453814034
545.0, 0.07502930558010257
546.0, 0.07476673840277462
547.0, 0.07175704332214614
548.0, 0.07561379192959646
549.0, 0.07626137484752019
550.0, 0.076789604232443
551.0, 0.07696972770692738
552.0, 0.07583784979907304
553.0, 0.07859592717348304
554.0, 0.08028113853627637
555.0, 0.08034414967445232
556.0, 0.07846601455232016
557.0, 0.08552749745387202
558.0, 0.08929103674596199
559.0, 0.09236408018238111
560.0, 0.09740804109045097
561.0, 0.0990291105913064
562.0, 0.10819122211157853
563.0, 0.11562393610665418
564.0, 0.11556642705806029
565.0, 0.12286882035362874
566.0, 0.12620884239150792
567.0, 0.12485030591281816
568.0, 0.11925148530514047
569.0, 0.11604584666695929
570.0, 0.1116913147143369
571.0, 0.10425030694207768
572.0, 0.09346636574070857
573.0, 0.08166999704178052
574.0, 0.07644239745037319
575.0, 0.06908419210746569
576.0, 0.058932755501160644
577.0, 0.0509273529740647
578.0, 0.04378102817290217
579.0, 0.03973564279255495
580.0, 0.03741300576701517
581.0, 0.0331514042003634
582.0, 0.025851371334090566
583.0, 0.02557352505993144
584.0, 0.026378640153813422
585.0, 0.018494491454953736
586.0, 0.01661781674732965
587.0, 0.017211619531722296
588.0, 0.01705193704395958
589.0, 0.013325103284503183
590.0, 0.015788322157647486
591.0, 0.01552498854561125
592.0, 0.011951023985610642
593.0, 0.005651717971642946
594.0, 0.006382953657906291
595.0, 0.008195928710242028
596.0, 0.008294579199533513
597.0, 0.0058820464340145606
598.0, 0.0032531408668303695
599.0, 0.005609064528457568
600.0, 0.008856446634163724
601.0, 0.010168716140596808
602.0, 0.004211684023237465
603.0, 0.0029622651122254116
604.0, 0.002296976609074032
605.0, 0.0019169470329242122
606.0, 0.002490311484296464
607.0, 0.002608806344650101
608.0, 0.00189648787757986
609.0, 0.0009257313350968687
610.0, 0.0004300155866358043
611.0, 0.0011221649329264658
612.0, 0.003147057469004542
613.0, 0.004817370541979811
614.0, 0.004708805521252112
615.0, 0.0015174992307678038
616.0, 0.0011613564965517
617.0, 0.0013355839172686903
618.0, 0.0009705796261338907
619.0, 0.0002813191502026291
620.0, 0.0007892599854910506
621.0, 0.0026033290102341327
622.0, 0.004218091779407755
623.0, 0.0009889059841015151
624.0, 0.00033889020596545693
625.0, 0.0023999741592848948
626.0, 0.004917432785011124
627.0, 0.003954481225384465
628.0, 0.009279492280529246
629.0, 0.005995695467319696
630.0, 0.0015324322285487895
631.0, 0.0041349244069708675
632.0, 0.007872880363078115
633.0, 0.005192250791625168
634.0, 0.004353483903236224
635.0, 0.00850374357486699
636.0, 0.0024497361577557166
637.0, 0.00736574774369789
638.0, 0.007497979423291759
639.0, 0.00173478962691024
640.0, 0.00571133723177045
641.0, 0.007030555222840426
642.0, 0.006975990032472819
643.0, 0.005896529119931135
644.0, 0.0040496677349635395
645.0, 0.002926005353777477
646.0, 0.004952522691828779
647.0, 0.0068634049170759595
648.0, 0.005120024846680478
649.0, 0.004047548056535338
650.0, 0.006322872006426069
651.0, 0.006500663877598946
652.0, 0.0031653941690691864
653.0, 0.009872301617428955
654.0, 0.004690300770324966
655.0, 0.003966275137140103
656.0, 0.008522954106824014
657.0, 0.004153928057966691
658.0, 0.0014124812299485035
659.0, 0.00284490506848687
660.0, 0.005579463438634756
661.0, 0.004297118100229755
662.0, 0.0028220165476003137
663.0, 0.0035803539104637587
664.0, 0.007135874107969897
665.0, 0.012802952478046763
666.0, 0.005303323324488186
667.0, 0.004720439280247469
668.0, 0.00419027160804578
669.0, 0.002520021587004077
670.0, 0.00937053149326651
671.0, 0.007023848303682882
672.0, 0.006920990745028526
673.0, 0.011991601444527236
674.0, 0.02300282342041559
675.0, 0.014650489716122572
676.0, 0.013501914587926073
677.0, 0.016106397682431817
678.0, 0.01637258950513244
679.0, 0.013882634841642788
680.0, 0.014174926903707887
681.0, 0.01437086004665455
682.0, 0.014117020752658188
683.0, 0.021224661881673462
684.0, 0.02096754165171099
685.0, 0.019050717589237046
686.0, 0.01753717515727442
687.0, 0.017737331426634938
688.0, 0.014983907529910048
689.0, 0.016668024525179192
690.0, 0.01980255532944339
691.0, 0.019939646252189882
692.0, 0.017505741731911596
693.0, 0.018001086006733207
694.0, 0.018819218750392216
695.0, 0.01854081343874059
696.0, 0.018274268985553777
697.0, 0.019632414139220473
698.0, 0.021025346542275707
699.0, 0.022238651834972967
700.0, 0.023804264687095417
701.0, 0.021897838143227967
702.0, 0.02238360160030852
703.0, 0.021598744537369374
704.0, 0.015529680549425563
705.0, 0.02284709721097762
706.0, 0.030264728060418147
707.0, 0.03336683812665738
708.0, 0.03031745452156635
709.0, 0.023779747628022964
710.0, 0.02822023341588427
711.0, 0.030608064415148493
712.0, 0.031014127256721074
713.0, 0.03571833938138717
714.0, 0.030127110654528715
715.0, 0.031091528969511194
716.0, 0.03299878381028528
717.0, 0.030193567050411405
718.0, 0.030258091967934664
719.0, 0.03637077920067252
720.0, 0.04020747183238028
721.0, 0.03920467227889484
722.0, 0.03695563234981156
723.0, 0.037842164112674256
724.0, 0.03747917935204693
725.0, 0.03571958918112163
726.0, 0.03342093909778853
727.0, 0.04311621757128209
728.0, 0.03808337507923518
729.0, 0.03540336360074114
730.0, 0.044212408680928406
731.0, 0.04596819738108663
732.0, 0.04394334779310838
733.0, 0.04381940527131507
734.0, 0.046229570020159996
735.0, 0.048960390191226486
736.0, 0.0479519651468599
737.0, 0.05195951997349131
738.0, 0.057204134515904836
739.0, 0.05960354508602833
740.0, 0.0633286815575417
741.0, 0.06272549842253868
742.0, 0.062005168474234984
743.0, 0.06353752250104024
744.0, 0.06930937278919712
745.0, 0.07396852896126142
746.0, 0.07247442576938096
747.0, 0.06760618333054279
748.0, 0.06424396456861785
749.0, 0.07061219415489131
750.0, 0.06692948739794936
751.0, 0.06772683016394006
752.0, 0.07595599109552939
753.0, 0.06613466568132781
754.0, 0.07147492037646215
755.0, 0.07116097777736416
756.0, 0.06756074533030365
757.0, 0.071695909563097
758.0, 0.07785753537669127
759.0, 0.07574244621143827
760.0, 0.07495941865610703
761.0, 0.07989870343949662
762.0, 0.07411772324478781
763.0, 0.08175702028391046
764.0, 0.0848124077726523
765.0, 0.08175357834807548
766.0, 0.07901237340580697
767.0, 0.09053257353579902
768.0, 0.08749250096167853
769.0, 0.08393990321275632
770.0, 0.08993026538436043
771.0, 0.08540096129798437
772.0, 0.0840094962580316
773.0, 0.08697105554668007
774.0, 0.09006517938674026
775.0, 0.08298029136980138
776.0, 0.0870206973362263
777.0, 0.08778436871692048
778.0, 0.08556677120764106
779.0, 0.08212346393105116
780.0, 0.08337057540889554
781.0, 0.08313000930132414
782.0, 0.08040773365717367
783.0, 0.07648686195104712
784.0, 0.07512547102489998
785.0, 0.07943161589621157
786.0, 0.08169497281477779
787.0, 0.08315113059653968
788.0, 0.08532766349275311
789.0, 0.08793969500305338
790.0, 0.09044172724960776
791.0, 0.0922703010091331
792.0, 0.0938539612921345
793.0, 0.09656988555216134
794.0, 0.09325019236736982
795.0, 0.09661412975692273
796.0, 0.0974343015022102
797.0, 0.08988758429749048
798.0, 0.09390666712213888
799.0, 0.08703201381978286
800.0, 0.08295577563900826
801.0, 0.0815918210004786
802.0, 0.07459521232427428
803.0, 0.06547395564575945
804.0, 0.0639120666244141
805.0, 0.05966648587447098
806.0, 0.048583609854785305
807.0, 0.05509900314539089
808.0, 0.04927684782173168
809.0, 0.04275688835938708
810.0, 0.038600560495825345
811.0, 0.03708507310904549
812.0, 0.03154105383943813
813.0, 0.027277083865851946
814.0, 0.025412127852461427
815.0, 0.02520115372041194
816.0, 0.02031310802416455
817.0, 0.01593797432784663
818.0, 0.012345650074406585
819.0, 0.010832846241795965
820.0, 0.012801905286708954
821.0, 0.01142250989359758
822.0, 0.008246384538908098
823.0, 0.0075797230881218865
824.0, 0.008652192672875923
825.0, 0.0018141169883252365
826.0, 0.004280882808779557
827.0, 0.003130552969848463
828.0, 0.0007917255562111169
829.0, 0.0012365717208899264
830.0, 0.0016296292369780737
831.0, 0.0009505304130174291
832.0, 0.000763057885967386
833.0, 0.0011701170030964027
834.0, 0.00113512095067981
835.0, 0.0019150364369123199
836.0, 0.0017543713218749826
837.0, 0.00213459580868172
838.0, 0.003484757358137144
839.0, 0.0012081235820838928
840.0, 0.001325113052682236
841.0, 0.0031906686040781705
842.0, 0.005441395236137783
843.0, 0.006149830991185112
844.0, 0.001851884270823361
845.0, 0.0007728837883612043
846.0, 0.0022166524926870257
847.0, 0.004724107884969307
848.0, 0.004852361093223917
849.0, 0.00438611575858144
850.0, 0.0052311020028287195
851.0, 0.006147191227181125
852.0, 0.0057768789941501555
853.0, 0.0050690126165931736
854.0, 0.0053634751632891265
855.0, 0.00372736182965901
856.0, 0.00117183889911529
857.0, 0.0013176186878634784
858.0, 0.0010617594819409893
859.0, 0.004183199679973255
860.0, 0.00529133962490743
861.0, 0.002435069556205748
862.0, 0.001487628454776319
863.0, 0.005985735866933527
864.0, 0.005890299130711402
865.0, 0.0036063192878168808
866.0, 0.0033181901098569264
867.0, 0.0021670253319059753
868.0, 0.003339410664464877
869.0, 0.00329090482995144
870.0, 0.001818435672602757
871.0, 0.0009874324247164299
872.0, 0.0008243796722984755
873.0, 0.0005794774335225652
874.0, 0.0011062514196392456
875.0, 0.0021688334115035164
876.0, 0.0006145546274652859
877.0, 0.002071233751944907
878.0, 0.003625546665297447
879.0, 0.005360915609959362
880.0, 0.007267759442544217
881.0, 0.003650785487072856
882.0, 0.005111135611673514
883.0, 0.004559844407413571
884.0, 0.00272633874999033
885.0, 0.004990090183631132
886.0, 0.006927322140217218
887.0, 0.005890869148523246
888.0, 0.007150977707611387
889.0, 0.0103249801974988
890.0, 0.004090106298751698
891.0, 0.006219212411879069
892.0, 0.008547976961284827
893.0, 0.00933990976607715
894.0, 0.008719359092801734
895.0, 0.013030552242858422
896.0, 0.01178699269210687
897.0, 0.011580118679782765
898.0, 0.013943191011944333
899.0, 0.018421785394978636
900.0, 0.01762753285598967
901.0, 0.015903901384021583
902.0, 0.017687544756209084
903.0, 0.022519424632245988
904.0, 0.02496581478023928
905.0, 0.021324552120078
906.0, 0.025548585793213306
907.0, 0.032476558989824975
908.0, 0.03736959629535687
909.0, 0.0371229001050791
910.0, 0.03282580087518383
911.0, 0.033618998487777704
912.0, 0.038348821012767285
913.0, 0.04330029468758414
914.0, 0.0392591976253707
915.0, 0.04613481784912567
916.0, 0.047642186351384584
917.0, 0.043386305989287194
918.0, 0.039614604375474705
919.0, 0.04971607705855828
920.0, 0.049492826866844905
921.0, 0.04827931994874938
922.0, 0.04846356802420857
923.0, 0.04684207063198697
924.0, 0.052123707964098855
925.0, 0.05142396633833634
926.0, 0.050379195042177916
927.0, 0.0515037954842837
928.0, 0.05091079313699756
929.0, 0.04979265172653137
930.0, 0.0496238556402722
931.0, 0.050616581418065194
932.0, 0.051946969073793654
933.0, 0.04903940715594564
934.0, 0.05131169359699553
935.0, 0.05632474456080273
936.0, 0.05613633501346816
937.0, 0.04571739791313651
938.0, 0.05838588283233673
939.0, 0.052218491489462934
940.0, 0.04996368577832757
941.0, 0.05436089086513549
942.0, 0.05915127134574845
943.0, 0.05666320280335723
944.0, 0.054304758726949544
945.0, 0.05384904560026948
946.0, 0.05503617060783444
947.0, 0.05582155866305666
948.0, 0.06022481502655795
949.0, 0.061957965226684064
950.0, 0.06312365950903708
951.0, 0.06495800517156056
952.0, 0.06747812878745905
953.0, 0.0654707159878533
954.0, 0.065378008210189
955.0, 0.07024319507512788
956.0, 0.07770795109433384
957.0, 0.07208167157304532
958.0, 0.07730456728229258
959.0, 0.07869541773626992
960.0, 0.08028621287576942
961.0, 0.08543808856579906
962.0, 0.08554537313841397
963.0, 0.0860415648675181
964.0, 0.09351486809904364
965.0, 0.09933727521056558
966.0, 0.09548209021465186
967.0, 0.10001323018645289
968.0, 0.09970274068834155
969.0, 0.10167115399140117
970.0, 0.10512793187157524
971.0, 0.1071084589573602
972.0, 0.10987897223914024
973.0, 0.1185485212572985
974.0, 0.1214193157569466
975.0, 0.12133138162316785
976.0, 0.12724576654305678
977.0, 0.1277124722666111
978.0, 0.12441924937064981
979.0, 0.12657752196855077
980.0, 0.1324308215070845
981.0, 0.13297369737100911
982.0, 0.1275095034354759
983.0, 0.13394294795900522
984.0, 0.12927943362102107
985.0, 0.11831413263824657
986.0, 0.130288969628483
987.0, 0.12698918597815353
988.0, 0.12130287567249082
989.0, 0.12073973713326976
990.0, 0.12393268253055514
991.0, 0.11940785986826163
992.0, 0.11414478608714464
993.0, 0.11118149572988785
994.0, 0.11089900733809559
995.0, 0.11264154346324368
996.0, 0.11442707336994287
997.0, 0.10940476765675497
998.0, 0.11057004116101074
999.0, 0.10553366392954242
1000.0, 0.09620237092291566
1001.0, 0.10921393341966251
1002.0, 0.10002003481865859
1003.0, 0.09872107419518347
1004.0, 0.10031277712709441
1005.0, 0.10042717909369328
1006.0, 0.09879575721973488
1007.0, 0.10003254562433667
1008.0, 0.09582167217706591
1009.0, 0.09221526837894813
1010.0, 0.09232547944176071
1011.0, 0.09205688967491632
1012.0, 0.09222946664277905
1013.0, 0.09348881625925497
1014.0, 0.09203229878547327
1015.0, 0.08683969717375863
1016.0, 0.08295629919309848
1017.0, 0.08976098733390245
1018.0, 0.09189831081713072
1019.0, 0.08833536985448867
1020.0, 0.08296560142670545
1021.0, 0.0877810981060342
1022.0, 0.09029182120474932
1023.0, 0.08581834900607048
1024.0, 0.08643516494603325
1025.0, 0.09330465776850472
1026.0, 0.08330948402111722
1027.0, 0.08604264056076105
1028.0, 0.08557233743076381
1029.0, 0.08654322135354471
1030.0, 0.09035270012140431
1031.0, 0.08976070580348333
1032.0, 0.08613227674044649
1033.0, 0.08486649722340177
1034.0, 0.08471359691162776
1035.0, 0.08496806120224061
1036.0, 0.08655999606495135
1037.0, 0.08516597624124779
1038.0, 0.08644459060543126
1039.0, 0.0865968555986824
1040.0, 0.08667884222591166
1041.0, 0.09571416822885731
1042.0, 0.08365475030401147
1043.0, 0.08443183862032176
1044.0, 0.08925540900192207
1045.0, 0.09043836921726206
1046.0, 0.08331770721159126
1047.0, 0.08394597866060442
1048.0, 0.08199733800174643
1049.0, 0.08472002683289645
1050.0, 0.08850170116709152
1051.0, 0.0787638743524302
1052.0, 0.08969596379148112
1053.0, 0.09077616001922637
1054.0, 0.08737322534798186
1055.0, 0.08413236998540911
1056.0, 0.08502217541254542
1057.0, 0.09264257704006738
1058.0, 0.09032071103711896
1059.0, 0.08992539512243593
1060.0, 0.09041889362677057
1061.0, 0.08414934413710144
1062.0, 0.08686798899309045
1063.0, 0.08793243299190252
1064.0, 0.08731545105205504
1065.0, 0.08579555003333172
1066.0, 0.08398377883715692
1067.0, 0.07685287708567215
1068.0, 0.08795683499489518
1069.0, 0.08661795290260402
1070.0, 0.07982967272265261
1071.0, 0.0832364372249828
1072.0, 0.08971399799279617
1073.0, 0.08522677278885868
1074.0, 0.0817452202856843
1075.0, 0.08187407954605977
1076.0, 0.08375555566227799
1077.0, 0.07687886615495355
1078.0, 0.07871161441155045
1079.0, 0.08502699533245285
1080.0, 0.08671708338135403
1081.0, 0.0816379144282671
1082.0, 0.08573986567608784
1083.0, 0.07735758450761018
1084.0, 0.07823456114237072
1085.0, 0.07901271136423227
1086.0, 0.0757182309304743
1087.0, 0.0761280054529127
1088.0, 0.07127207729666563
1089.0, 0.07094543640173771
1090.0, 0.07128133609889926
1091.0, 0.07082020591708914
1092.0, 0.0706886311052984
1093.0, 0.06845092666107246
1094.0, 0.06447271205760412
1095.0, 0.06293816376286544
1096.0, 0.06204974341115182
1097.0, 0.05794168603103267
1098.0, 0.06276972004948353
1099.0, 0.06086859740732749
1100.0, 0.06013553631255308
1101.0, 0.058537887687115875
1102.0, 0.05363640831617052
1103.0, 0.058139845608950164
1104.0, 0.05789247194236865
1105.0, 0.05743348668846054
1106.0, 0.05422940060146906
1107.0, 0.049411331217746865
1108.0, 0.05730705545107334
1109.0, 0.04812730542230224
1110.0, 0.050712786822536576
1111.0, 0.05416878661334593
1112.0, 0.04973448554782623
1113.0, 0.036771194214099225
1114.0, 0.04623914954747644
1115.0, 0.0479187623430745
1116.0, 0.0454979594422169
1117.0, 0.042605944167779956
1118.0, 0.04212336422535757
1119.0, 0.042642451805319656
1120.0, 0.04189022303271509
1121.0, 0.041957563946117764
1122.0, 0.042577044591449065
1123.0, 0.042467620557554195
1124.0, 0.04020253757138769
1125.0, 0.040637192606087134
1126.0, 0.035505551807908535
1127.0, 0.02895106618751839
1128.0, 0.02539301577354788
1129.0, 0.023604896304858358
1130.0, 0.0327211553017629
1131.0, 0.03138882757791506
1132.0, 0.028268287905356668
1133.0, 0.026295332573897517
1134.0, 0.019015434574159426
1135.0, 0.020928175513295007
1136.0, 0.02762009351375279
1137.0, 0.023623104346095648
1138.0, 0.0169876360063985
1139.0, 0.024205245395916168
1140.0, 0.01460825221455949
1141.0, 0.019202910451210198
1142.0, 0.020245336417515882
1143.0, 0.018605936150592122
1144.0, 0.01879523546807617
1145.0, 0.020931878840320755
1146.0, 0.017765858994260194
1147.0, 0.018351620497064666
1148.0, 0.019050706634532247
1149.0, 0.017442889025560366
1150.0, 0.01456096306032853
1151.0, 0.012827015081525147
1152.0, 0.01602861334231474
1153.0, 0.020047117026148305
1154.0, 0.01883386491572815
1155.0, 0.00922924719847527
1156.0, 0.017872445033899943
1157.0, 0.014225258256994286
1158.0, 0.013707149747693362
1159.0, 0.013889963062348309
1160.0, 0.012023458176558033
1161.0, 0.01670838226141702
1162.0, 0.012651853488729924
1163.0, 0.013886714960211186
1164.0, 0.0157809704146692
1165.0, 0.015903314214638125
1166.0, 0.01588856556719898
1167.0, 0.01602419447383722
1168.0, 0.01789342034961972
1169.0, 0.017092382491653367
1170.0, 0.013747270960424595
1171.0, 0.010500042327888788
1172.0, 0.011763036125164406
1173.0, 0.010239393876933026
1174.0, 0.009463022708963653
1175.0, 0.012198383451706343
1176.0, 0.016863353412309816
1177.0, 0.01494359905421451
1178.0, 0.0042150857013469505
1179.0, 0.01007564725798437
1180.0, 0.01084652990284474
1181.0, 0.006411388486679285
1182.0, 0.009542300272050813
1183.0, 0.01123565585367355
1184.0, 0.011811522329727745
1185.0, 0.010676620015309383
1186.0, 0.010494368892111462
1187.0, 0.012368373204149134
1188.0, 0.011949538871423592
1189.0, 0.011651202028700939
1190.0, 0.011315325324458558
1191.0, 0.011067835362320462
1192.0, 0.011175198782485074
1193.0, 0.01143058607251339
1194.0, 0.005137797140515878
1195.0, 0.006417169105813936
1196.0, 0.007759787768349509
1197.0, 0.00984994942279652
1198.0, 0.011703823675670431
1199.0, 0.0013683593819227109
1200.0, 0.013078556702459415
1201.0, 0.008160710323280291
1202.0, 0.009941470113708452
1203.0, 0.01699039702392168
1204.0, 0.006138263635934991
1205.0, 0.011328217767973651
1206.0, 0.01039236735300261
1207.0, 0.008384157360327835
1208.0, 0.005360864671382214
1209.0, 0.0018766347930967108
1210.0, 0.0037580403910044847
1211.0, 0.006111944535684631
1212.0, 0.006378948221188433
1213.0, 0.006617558489802568
1214.0, 0.005842472041660329
1215.0, 0.0017081992982656627
1216.0, 0.0071817717520454155
1217.0, 0.0046091720193694044
1218.0, 0.003114038047063804
1219.0, 0.004364500962162022
1220.0, 0.006380605590250128
1221.0, 0.0037713867133031473
1222.0, 0.001326446992530505
1223.0, 0.00037888276038510957
1224.0, 0.0023220564893965834
1225.0, 0.005241299873281905
1226.0, 0.00566081148454382
1227.0, 0.005239512891378248
1228.0, 0.006510751880584407
1229.0, 0.0072357910468057954
1230.0, 0.006434431159019384
1231.0, 0.004584028437043531
1232.0, 0.004016537536107668
1233.0, 0.0029442260008412055
1234.0, 0.006426535310158839
1235.0, 0.008612658576080932
1236.0, 0.00634140639451821
1237.0, 0.0008465153564912438
1238.0, 0.0045843908173485125
1239.0, 0.0017334403220167782
1240.0, 0.005997341535687621
1241.0, 0.009702552981249092
1242.0, 0.008703457867566697
1243.0, 0.0061459133345323404
1244.0, 0.00834739244900425
1245.0, 0.005663426432261009
1246.0, 0.006636439031760571
1247.0, 0.00816974827761163
1248.0, 0.006561881407931262
1249.0, 0.005535939398000032
1250.0, 0.007590611438722994
1251.0, 0.004970905661320774
1252.0, 0.0032853403613449924
1253.0, 0.003537445452293065
1254.0, 0.0038517287172603453
1255.0, 0.006134932949107722
1256.0, 0.0017056834701100795
1257.0, 0.0041430271303211945
1258.0, 0.006057066613163307
1259.0, 0.004015220651058231
1260.0, 0.003422250049569429
1261.0, 0.0039986639590057224
1262.0, 0.0035417667035928155
1263.0, 0.0018419746846697024
1264.0, 0.0015738454940493313
1265.0, 0.0036409119629368923
1266.0, 0.002731354731436025
1267.0, 0.003206293731827056
1268.0, 0.002699755022527089
1269.0, 0.0032830251098363602
1270.0, 0.004304097346592323
1271.0, 0.00431752254665221
1272.0, 0.006431188219471005
1273.0, 0.005777847084130031
1274.0, 0.0025079531777189674
1275.0, 0.0014193309262915581
1276.0, 0.0029145132303754397
1277.0, 0.0027487603993710343
1278.0, 0.00223682613107384
1279.0, 0.005665800406460613
1280.0, 0.004095910682890682
1281.0, 0.0012581581160023166
1282.0, 0.0008629446605085924
1283.0, 0.0011988678528674856
1284.0, 0.0027562339554735877
1285.0, 0.005041743797074898
1286.0, 0.0042220548292588814
1287.0, 0.0021493733409965296
1288.0, 0.0018191219366371892
1289.0, 0.002722608096535192
1290.0, 0.005364483105759547
1291.0, 0.006078204897274113
1292.0, 0.004013294373402301
1293.0, 0.0012497605776553983
1294.0, 0.0013101300453246829
1295.0, 0.006612704090040588
1296.0, 0.005916035303529126
1297.0, 0.0052184189658367585
1298.0, 0.0038068959848856325
1299.0, 0.0023393971428853698
1300.0, 0.0026051607634656844
1301.0, 0.0015804373775552007
1302.0, 0.002634807401290398
1303.0, 0.00280953803470612
1304.0, 0.0034600153941081544
1305.0, 0.004642488397741336
1306.0, 0.0040097574283935785
1307.0, 0.001044794687875722
1308.0, 0.006106482047702968
1309.0, 0.005548866348040438
1310.0, 0.005293647879459616
1311.0, 0.007431905249028887
1312.0, 0.00018783171656369972
1313.0, 0.0019301319886894665
1314.0, 0.005549147734402521
1315.0, 0.008326261011055174
1316.0, 0.007018345252638746
1317.0, 0.002252950592601742
1318.0, 0.0025239543098958014
1319.0, 0.002234729589292561
1320.0, 0.0035978390909372354
1321.0, 0.004886657910607649
1322.0, 0.0043893315846111535
1323.0, 0.002341721498550225
1324.0, 0.0036325354222894574
1325.0, 0.001098558369552785
1326.0, 0.006572402870938243
1327.0, 0.008160275005594093
1328.0, 0.006483206300616096
1329.0, 0.006534807394933927
1330.0, 0.0022682293447681815
1331.0, 0.006641931524176462
1332.0, 0.008120130913656315
1333.0, 0.006175879878959878
1334.0, 0.0028677647611003686
1335.0, 0.0012227947673942947
1336.0, 0.003263486440731613
1337.0, 0.0014006142158978782
1338.0, 0.0034055339879018737
1339.0, 0.0034133625069251877
1340.0, 0.004110284386785681
1341.0, 0.01035903764151571
1342.0, 0.007620301425308172
1343.0, 0.007903672713109123
1344.0, 0.006220732372120659
1345.0, 0.008419567011333387
1346.0, 0.015232180460842777
1347.0, 0.021328209312603343
1348.0, 0.015565007006445314
1349.0, 0.016993638841294772
1350.0, 0.01149117129311191
1351.0, 0.009607581109645597
1352.0, 0.012270975369493014
1353.0, 0.01304795535624798
1354.0, 0.015692885988778816
1355.0, 0.013939373954464535
1356.0, 0.009270154882032042
1357.0, 0.0127309854517931
1358.0, 0.0198286133696147
1359.0, 0.01730121927269199
1360.0, 0.008870897441562754
1361.0, 0.01844997675444123
1362.0, 0.014007497835285447
1363.0, 0.010405475071898023
1364.0, 0.014283892800897681
1365.0, 0.020291255127529797
1366.0, 0.014786194621971501
1367.0, 0.013681784848165936
1368.0, 0.015185153903052145
1369.0, 0.018885924687423006
1370.0, 0.018967272454373765
1371.0, 0.012492285265245267
1372.0, 0.018432922615581035
1373.0, 0.015921567314408015
1374.0, 0.013817585258259055
1375.0, 0.014571010872331798
1376.0, 0.01480651636234437
1377.0, 0.011057449705940678
1378.0, 0.009185678517644702
1379.0, 0.012062597412704738
1380.0, 0.014826142975717016
1381.0, 0.014680317924944654
1382.0, 0.012981224773428836
1383.0, 0.012630620545786614
1384.0, 0.01475532126468626
1385.0, 0.013883246016584947
1386.0, 0.016731469867338505
1387.0, 0.013591402072936075
1388.0, 0.011105489063515609
1389.0, 0.01435963263189999
1390.0, 0.012023442859518453
1391.0, 0.014851829669295265
1392.0, 0.013492316770078392
1393.0, 0.014149083567089452
1394.0, 0.015106592377469787
1395.0, 0.014495899766113384
1396.0, 0.014227847075772383
1397.0, 0.012001374973253109
1398.0, 0.0093201844354595
1399.0, 0.011350062358586013
1400.0, 0.01268016273164159
1401.0, 0.012184345124774742
1402.0, 0.015563791544765487
1403.0, 0.01666110311368273
1404.0, 0.0122295382444603
1405.0, 0.010989038875143076
1406.0, 0.010618978787684924
1407.0, 0.00894987779284549
1408.0, 0.006820341458211125
1409.0, 0.010134290619627683
1410.0, 0.0147696368178784
1411.0, 0.009662054569283485
1412.0, 0.010462745454561363
1413.0, 0.011144025000973947
1414.0, 0.0026634882586820978
1415.0, 0.014154400017268885
1416.0, 0.008542098692887756
1417.0, 0.011508762381733205
1418.0, 0.01037072560107302
1419.0, 0.011064259369621382
1420.0, 0.01624300019971561
1421.0, 0.006740733684464374
1422.0, 0.009950644872265135
1423.0, 0.009668527404508418
1424.0, 0.011558421003861527
1425.0, 0.012631708833593165
1426.0, 0.010983216574368288
1427.0, 0.009319437739073398
1428.0, 0.008100863898123445
1429.0, 0.010951153750551928
1430.0, 0.01086246023725775
1431.0, 0.00919586727640179
1432.0, 0.009533344229167597
1433.0, 0.013501804929460766
1434.0, 0.01311290688746009
1435.0, 0.006758679292440181
1436.0, 0.01419391375569047
1437.0, 0.01985326208016005
1438.0, 0.01765371471849042
1439.0, 0.012586508064576715
1440.0, 0.017212542943329
1441.0, 0.016173467212848586
1442.0, 0.012494650592468551
1443.0, 0.011514191785078834
1444.0, 0.014132101069667351
1445.0, 0.016517129742301725
1446.0, 0.012829612505438688
1447.0, 0.012417807933757356
1448.0, 0.009254564472890522
1449.0, 0.012941076024397574
1450.0, 0.010300561657096564
1451.0, 0.007979410832563403
1452.0, 0.01867214184908301
1453.0, 0.011568937736126307
1454.0, 0.008428253796922788
1455.0, 0.020460547958253805
1456.0, 0.013905904890262184
1457.0, 0.006241928235792042
1458.0, 0.01566067788474915
1459.0, 0.017619790118750936
1460.0, 0.005170901814749947
1461.0, 0.015186592240596352
1462.0, 0.012153142763811913
1463.0, 0.005207042480681611
1464.0, 0.006660778009335475
1465.0, 0.015128514213625655
1466.0, 0.004054637167307346
1467.0, 0.01661410737369133
1468.0, 0.007743807237810336
1469.0, 0.0057217117722081325
1470.0, 0.011999147170942146
1471.0, 0.014868089228060696
1472.0, 0.013564608701800065
1473.0, 0.0030903309326463443
1474.0, 0.013038017015712992
1475.0, 0.013217058163688015
1476.0, 0.005926694565129188
1477.0, 0.001866204843542391
1478.0, 0.006570375589352391
1479.0, 0.006303072138498964
1480.0, 0.0023117751050406466
1481.0, 0.0004648899693606674
1482, 0.0
1483, 0.0
1484, 0.0
1485, 0.0
1486, 0.0
1487, 0.0
1488, 0.0
1489, 0.0
1490, 0.0
1491, 0.0
1492, 0.0
1493, 0.0
1494, 0.0
1495, 0.0
1496, 0.0
1497, 0.0
1498, 0.0
1499, 0.0
1500, 0.0
1501, 0.0
1502, 0.0
1503, 0.0
1504, 0.0
1505, 0.0
1506, 0.0
1507, 0.0
1508, 0.0
1509, 0.0
1510, 0.0
1511, 0.0
1512, 0.0
1513, 0.0
1514, 0.0
1515, 0.0
1516, 0.0
1517, 0.0
1518, 0.0
1519, 0.0
1520, 0.0
1521, 0.0
1522, 0.0
1523, 0.0
1524, 0.0
1525, 0.0
1526, 0.0
1527, 0.0
1528, 0.0
1529, 0.0
1530, 0.0
1531, 0.0
1532, 0.0
1533, 0.0
1534, 0.0
1535, 0.0
1536, 0.0
1537, 0.0
1538, 0.0
1539, 0.0
1540, 0.0
1541, 0.0
1542, 0.0
1543, 0.0
1544, 0.0
1545, 0.0
1546, 0.0
1547, 0.0
1548, 0.0
1549, 0.0
1550, 0.0
1551, 0.0
1552, 0.0
1553, 0.0
1554, 0.0
1555, 0.0
1556, 0.0
1557, 0.0
1558, 0.0
1559, 0.0
1560, 0.0
1561, 0.0
1562, 0.0
1563, 0.0
1564, 0.0
1565, 0.0
1566, 0.0
1567, 0.0
1568, 0.0
1569, 0.0
1570, 0.0
1571, 0.0
1572, 0.0
1573, 0.0
1574, 0.0
1575, 0.0
1576, 0.0
1577, 0.0
1578, 0.0
1579, 0.0
1580, 0.0
1581, 0.0
1582, 0.0
1583, 0.0
1584, 0.0
1585, 0.0
1586, 0.0
1587, 0.0
1588, 0.0
1589, 0.0
1590, 0.0
1591, 0.0
1592, 0.0
1593, 0.0
1594, 0.0
1595, 0.0
1596, 0.0
1597, 0.0
1598, 0.0
1599, 0.0
