30, 0.0
31, 0.0
32, 0.0
33, 0.0
34, 0.0
35, 0.0
36, 0.0
37, 0.0
38, 0.0
39, 0.0
40, 0.0
41, 0.0
42, 0.0
43, 0.0
44, 0.0
45, 0.0
46, 0.0
47, 0.0
48, 0.0
49, 0.0
50, 0.0
51, 0.0
52, 0.0
53, 0.0
54, 0.0
55, 0.0
56, 0.0
57, 0.0
58, 0.0
59, 0.0
60, 0.0
61, 0.0
62, 0.0
63, 0.0
64, 0.0
65, 0.0
66, 0.0
67, 0.0
68, 0.0
69, 0.0
70, 0.0
71, 0.0
72, 0.0
73, 0.0
74, 0.0
75, 0.0
76, 0.0
77, 0.0
78, 0.0
79, 0.0
80, 0.0
81, 0.0
82, 0.0
83, 0.0
84, 0.0
85, 0.0
86, 0.0
87, 0.0
88, 0.0
89, 0.0
90.0, 4.208720830029409e-05
91.0, 0.0003492931083024397
92.0, 0.003924833671396391
93.0, 0.00967029117009162
94.0, 0.017384346753651393
95.0, 0.030340348233131094
96.0, 0.043328234734161614
97.0, 0.05541761553161728
98.0, 0.06365665952725394
99.0, 0.062496146886064856
100.0, 0.05440003591176788
101.0, 0.03930576706511894
102.0, 0.03601231823952279
103.0, 0.036620428760787194
104.0, 0.04111321766679843
105.0, 0.05222764808288426
106.0, 0.06265528559744679
107.0, 0.07657132485785655
108.0, 0.09698947355709639
109.0, 0.10852151804961478
110.0, 0.12109190624908661
111.0, 0.13172800505567128
112.0, 0.12849351643576062
113.0, 0.11850232965280623
114.0, 0.1091716367649931
115.0, 0.10395760333829498
116.0, 0.07220687874749751
117.0, 0.04962534585620003
118.0, 0.03477738984894364
119.0, 0.024988166739619237
120.0, 0.019418136067741086
121.0, 0.01548488869231977
122.0, 0.012462972990467572
123.0, 0.011195987933777615
124.0, 0.011383093454342302
125.0, 0.012538771391907342
126.0, 0.013991231522842441
127.0, 0.017021766736118552
128.0, 0.021262297274359146
129.0, 0.026572851886836075
130.0, 0.030760348091960182
131.0, 0.03598330070409665
132.0, 0.04191447308065085
133.0, 0.04831483761572169
134.0, 0.058558342018534444
135.0, 0.07213885337348701
136.0, 0.08988366258505275
137.0, 0.11935037826748005
138.0, 0.1500832250504197
139.0, 0.18069878501476883
140.0, 0.20982586630069636
141.0, 0.22516462004735588
142.0, 0.22869961722138696
143.0, 0.21963922591633836
144.0, 0.1907496452058323
145.0, 0.16174326305001127
146.0, 0.13383624395300034
147.0, 0.10798990169194089
148.0, 0.09124771207184944
149.0, 0.08150481058326428
150.0, 0.0786670330484039
151.0, 0.08450574511011788
152.0, 0.09508483168096624
153.0, 0.1119209214760388
154.0, 0.1359598155533472
155.0, 0.15603024565170692
156.0, 0.17642269480995595
157.0, 0.19396908561337775
158.0, 0.2021696297529916
159.0, 0.2022614408974017
160.0, 0.19138216381081688
161.0, 0.16994926117031176
162.0, 0.15178832462404676
163.0, 0.132652908452935
164.0, 0.11447855231083824
165.0, 0.09942428343387573
166.0, 0.09484321715252914
167.0, 0.09107055207452061
168.0, 0.08834477950875268
169.0, 0.09198354443189716
170.0, 0.09572222452563312
171.0, 0.10089377246879754
172.0, 0.10838187667112652
173.0, 0.11388651382577954
174.0, 0.12384459675902908
175.0, 0.13739484138514368
176.0, 0.15339276385645204
177.0, 0.1636924438685074
178.0, 0.1726352407537202
179.0, 0.1811903764578173
180.0, 0.18853978936170718
181.0, 0.19356048508505158
182.0, 0.19636184364049966
183.0, 0.19649504237308182
184.0, 0.19720803288852
185.0, 0.19522956843106387
186.0, 0.19108083743978668
187.0, 0.18825749869518182
188.0, 0.18449820195761
189.0, 0.17774849480861832
190.0, 0.1666496233126
191.0, 0.1514817594359284
192.0, 0.1408453471404624
193.0, 0.1319717272675925
194.0, 0.11984984588941901
195.0, 0.11080400197086271
196.0, 0.10227950485587926
197.0, 0.09377960802277652
198.0, 0.08547777886078711
199.0, 0.07812852571204526
200.0, 0.0711880428025368
201.0, 0.06429497318306326
202.0, 0.06206585946108944
203.0, 0.058891890222850365
204.0, 0.05566875876064411
205.0, 0.05603208494645944
206.0, 0.05359121703058432
207.0, 0.051298566408658076
208.0, 0.04988805727680033
209.0, 0.045197339665557903
210.0, 0.039865224478829966
211.0, 0.034933279354039365
212.0, 0.031722343946416445
213.0, 0.028917776716000685
214.0, 0.025901029714464868
215.0, 0.023536268571904006
216.0, 0.02579900629159041
217.0, 0.026785413087990654
218.0, 0.028667979626220117
219.0, 0.03244066020077522
220.0, 0.037088163180435015
221.0, 0.040050033475455195
222.0, 0.04134859768181203
223.0, 0.040636597962175544
224.0, 0.03912602795634599
225.0, 0.036057928768878304
226.0, 0.030945758673623786
227.0, 0.021666496596280137
228.0, 0.015460945195859527
229.0, 0.010479558027470307
230.0, 0.005951989605071772
231.0, 0.0031155045424551397
232.0, 0.0016800502293297908
233.0, 0.0011681638324725892
234.0, 0.0010088790105128446
235.0, 0.002511130474259002
236.0, 0.0037212072391615285
237.0, 0.004670109401747509
238.0, 0.006998897280609327
239.0, 0.009256726682804509
240.0, 0.010217114894569312
241.0, 0.009216292125421983
242.0, 0.010976937383381537
243.0, 0.012546993398848915
244.0, 0.01343015914725642
245.0, 0.012728740465251662
246.0, 0.01152885478348313
247.0, 0.009572388762508299
248.0, 0.007250407600606591
249.0, 0.006491879467234031
250.0, 0.002809691614496703
251.0, 0.0017405498716465823
252.0, 0.0058460839165453155
253.0, 0.01297021122749964
254.0, 0.020069916166600952
255.0, 0.026707113059895635
256.0, 0.032237258830426524
257.0, 0.03815549707955455
258.0, 0.04216675244813625
259.0, 0.04377073062602439
260.0, 0.041632561624272084
261.0, 0.03742731386777955
262.0, 0.0316362786275544
263.0, 0.024597055564459343
264.0, 0.019875934564045537
265.0, 0.015524667445121963
266.0, 0.012602465431679569
267.0, 0.012311216377870105
268.0, 0.012168889407677148
269.0, 0.013374600070186133
270.0, 0.015268928349871654
271.0, 0.016229040523813344
272.0, 0.016680411579007372
273.0, 0.019240018506883318
274.0, 0.023262506119412087
275.0, 0.01999812472801034
276.0, 0.018742379084796923
277.0, 0.019291340090121446
278.0, 0.021712063886575348
279.0, 0.027074290066265033
280.0, 0.03524921679370024
281.0, 0.0438632747909885
282.0, 0.04946693256944323
283.0, 0.06279860172677743
284.0, 0.06923681343927623
285.0, 0.06962120730854568
286.0, 0.07236418805634603
287.0, 0.07389617991389315
288.0, 0.07350041967080129
289.0, 0.07121395098089432
290.0, 0.07121838189729039
291.0, 0.06845221797051797
292.0, 0.06425622028500032
293.0, 0.059491595804081594
294.0, 0.051307592398413274
295.0, 0.04443003233807587
296.0, 0.03812027810499564
297.0, 0.030911665280392568
298.0, 0.0268900095877677
299.0, 0.023595020905068674
300.0, 0.020244990745968642
301.0, 0.015056529340130744
302.0, 0.013114578966081107
303.0, 0.011534453487417759
304.0, 0.009504522353336195
305.0, 0.010175136566154548
306.0, 0.009733097821423616
307.0, 0.009464062163057426
308.0, 0.010433449993373782
309.0, 0.010924112939949477
310.0, 0.010847063445916409
311.0, 0.010585088015962746
312.0, 0.010799670518149215
313.0, 0.010006425918770491
314.0, 0.009349722945757147
315.0, 0.008903121759142355
316.0, 0.00836214956185533
317.0, 0.006725862400197747
318.0, 0.00499468599522922
319.0, 0.003471039881566711
320.0, 0.0019475220393435594
321.0, 0.0009572384042014215
322.0, 0.0010522395924045757
323.0, 0.002678051616890021
324.0, 0.003227620817048735
325.0, 0.0040945911045051405
326.0, 0.004854386456760872
327.0, 0.004907037885586723
328.0, 0.004045990712459933
329.0, 0.0030886314418971344
330.0, 0.0020430097825616
331.0, 0.0007293264606180253
332.0, 0.003003800033221593
333.0, 0.005192224046150461
334.0, 0.006716112501188224
335.0, 0.008826890976818071
336.0, 0.011784835247481312
337.0, 0.01404836460109947
338.0, 0.015043188127189284
339.0, 0.01688979847194628
340.0, 0.018234283992410335
341.0, 0.01931262284394818
342.0, 0.020291849252092754
343.0, 0.021047430055895253
344.0, 0.021943272636645295
345.0, 0.02287143605737476
346.0, 0.02366238778120958
347.0, 0.022197851363528313
348.0, 0.02204007212466095
349.0, 0.02242702422965
350.0, 0.02038294793957518
351.0, 0.02033098962214105
352.0, 0.020462042359597903
353.0, 0.020346993769177046
354.0, 0.019776407352993707
355.0, 0.020037204761196244
356.0, 0.0198747028976145
357.0, 0.018794571868916955
358.0, 0.017049750029105328
359.0, 0.015605464855229402
360.0, 0.014764431958488792
361.0, 0.014747953916133313
362.0, 0.013834893562962398
363.0, 0.012271574386235783
364.0, 0.010839492433239463
365.0, 0.010456455621733732
366.0, 0.009567306524307392
367.0, 0.00881274886263782
368.0, 0.007975142247603293
369.0, 0.006568691385773429
370.0, 0.007062181970580307
371.0, 0.00719688197344452
372.0, 0.006706678653195312
373.0, 0.005630265980940755
374.0, 0.005731399897498914
375.0, 0.00546121558322306
376.0, 0.004659358861173221
377.0, 0.004413398641441572
378.0, 0.0036597893516535514
379.0, 0.0028345972839234654
380.0, 0.0021304489968558
381.0, 0.001807965290590336
382.0, 0.0014292149265542813
383.0, 0.0015708329996476748
384.0, 0.002552167450618678
385.0, 0.0028737889801848317
386.0, 0.0035857954753474404
387.0, 0.004298540130765738
388.0, 0.004657977632058856
389.0, 0.005579863619294556
390.0, 0.005757634112296698
391.0, 0.006189773053610852
392.0, 0.00829677592852719
393.0, 0.008618062970516005
394.0, 0.009613196582855392
395.0, 0.011225487451051078
396.0, 0.013067659383513317
397.0, 0.015020875152667309
398.0, 0.016409486230114467
399.0, 0.01781178127307528
400.0, 0.021154300201240546
401.0, 0.02206102332952039
402.0, 0.024523229446766708
403.0, 0.028731259253270854
404.0, 0.0320382193665784
405.0, 0.03568482720689971
406.0, 0.03845950937603432
407.0, 0.03998998325048959
408.0, 0.040354677258056734
409.0, 0.03906898009231232
410.0, 0.03801484585901566
411.0, 0.03747796782964046
412.0, 0.03230824421382768
413.0, 0.029339874147110846
414.0, 0.027087372543526847
415.0, 0.024683979848846994
416.0, 0.02119106299013529
417.0, 0.020225637153982318
418.0, 0.019932491773592544
419.0, 0.018994255878642563
420.0, 0.020193278752982234
421.0, 0.022188053599234318
422.0, 0.024293852603930594
423.0, 0.02583752273921578
424.0, 0.028321966450656905
425.0, 0.03106514606185178
426.0, 0.03519253155762242
427.0, 0.04223184598792393
428.0, 0.04583781721317629
429.0, 0.0518705853882676
430.0, 0.06017002352644722
431.0, 0.07019323328993501
432.0, 0.07957686746612075
433.0, 0.08669133073128792
434.0, 0.09138055893072014
435.0, 0.09342056060692222
436.0, 0.09487361409277825
437.0, 0.09096182713113596
438.0, 0.08303554108253236
439.0, 0.07540597406332626
440.0, 0.06713011004639549
441.0, 0.0594724980586967
442.0, 0.05244894950867501
443.0, 0.04557774654007896
444.0, 0.040288940809302724
445.0, 0.03705080290907109
446.0, 0.035478949896692924
447.0, 0.03399899684263508
448.0, 0.03539076426303287
449.0, 0.037189390997100384
450.0, 0.03912730496248646
451.0, 0.04240741714626285
452.0, 0.04357906958943313
453.0, 0.04432785710690718
454.0, 0.04493773824016462
455.0, 0.04462618027506219
456.0, 0.0453845002951402
457.0, 0.04454421044345693
458.0, 0.04212321180647035
459.0, 0.042740198476326464
460.0, 0.0409535296062951
461.0, 0.03775810613013595
462.0, 0.0341688710562361
463.0, 0.0344079631340813
464.0, 0.033015346418831984
465.0, 0.030110199628816194
466.0, 0.026202627872506455
467.0, 0.024637556912362548
468.0, 0.022713638629882738
469.0, 0.020925704580520933
470.0, 0.01955984674787333
471.0, 0.019221327182301132
472.0, 0.018941880413543163
473.0, 0.01775703079653701
474.0, 0.01574744458358401
475.0, 0.01694422278234226
476.0, 0.017836200532631154
477.0, 0.01885739764781363
478.0, 0.0203372469802736
479.0, 0.023365189694930684
480.0, 0.02379862221602785
481.0, 0.02606507883327208
482.0, 0.0314087061549232
483.0, 0.0328886733843621
484.0, 0.03508071277164298
485.0, 0.03908169336013724
486.0, 0.044979593288034435
487.0, 0.04894315507296047
488.0, 0.05378305224917344
489.0, 0.057888431938646616
490.0, 0.060741833168485214
491.0, 0.06420476449165417
492.0, 0.06697157550702205
493.0, 0.06950561836995583
494.0, 0.07149854307548521
495.0, 0.06908007912136716
496.0, 0.06817985842194019
497.0, 0.06864486601592125
498.0, 0.06953961781056113
499.0, 0.06458042272844025
500.0, 0.06088294401118539
501.0, 0.058561314364030566
502.0, 0.05730338384753653
503.0, 0.05465368299658528
504.0, 0.052217194059930507
505.0, 0.04996104882963829
506.0, 0.04834149495020585
507.0, 0.050009432595892356
508.0, 0.05047544480105571
509.0, 0.050931764128937705
510.0, 0.051742090452571124
511.0, 0.052718035940350634
512.0, 0.05520095075019188
513.0, 0.05874036198187843
514.0, 0.06325088554423777
515.0, 0.06893720714000262
516.0, 0.07494339405180692
517.0, 0.08298830778651076
518.0, 0.09245004651081301
519.0, 0.0992565110892579
520.0, 0.11471667145422812
521.0, 0.13118408504071485
522.0, 0.1478569305021135
523.0, 0.16768625832898065
524.0, 0.19470911031286547
525.0, 0.22686355622950655
526.0, 0.26532080241232037
527.0, 0.31450423946852535
528.0, 0.3668007895142091
529.0, 0.43455294564587454
530.0, 0.5214192270400517
531.0, 0.6319863290479345
532.0, 0.7183932471394225
533.0, 0.8170114609306212
534.0, 0.9126414588549894
535.0, 0.9695221673148177
536.0, 0.992124827295783
537.0, 0.9672577480610831
538.0, 0.9039115083675132
539.0, 0.8164071281487225
540.0, 0.7114113101022622
541.0, 0.6069094563859871
542.0, 0.5085166142933344
543.0, 0.4220517182967537
544.0, 0.3590017559193144
545.0, 0.30094137307335866
546.0, 0.25129310857550763
547.0, 0.21341659865923646
548.0, 0.18541741205558818
549.0, 0.16035280782744515
550.0, 0.1387303423474145
551.0, 0.12098571484911314
552.0, 0.10801439513434694
553.0, 0.09810406548082805
554.0, 0.08862244624486307
555.0, 0.07852693843409002
556.0, 0.07256910476274993
557.0, 0.06637385606212977
558.0, 0.06254103835813034
559.0, 0.060917672187680814
560.0, 0.053449088125082575
561.0, 0.050810402963604805
562.0, 0.04832625522977176
563.0, 0.044847127816417955
564.0, 0.04192223868355919
565.0, 0.04001429383708739
566.0, 0.038601911102251175
567.0, 0.03737449788971345
568.0, 0.03577697576713047
569.0, 0.03438772964893163
570.0, 0.03323134144078044
571.0, 0.03233264816224775
572.0, 0.03173879428053252
573.0, 0.03043526970345699
574.0, 0.028625943861075955
575.0, 0.02684467022336207
576.0, 0.025835534883146553
577.0, 0.022858800414453536
578.0, 0.022655006331669534
579.0, 0.022812940230265318
580.0, 0.020810107966212615
581.0, 0.021629774895077183
582.0, 0.020753213055890053
583.0, 0.018754456047687357
584.0, 0.016295852504355623
585.0, 0.016337456604206355
586.0, 0.016759901464995803
587.0, 0.015541922773187862
588.0, 0.012460114999701984
589.0, 0.012463114017448424
590.0, 0.011776705096157573
591.0, 0.009951255934774464
592.0, 0.007852543222339955
593.0, 0.009297960720933177
594.0, 0.008669976690018661
595.0, 0.007868183455871997
596.0, 0.00719992980248637
597.0, 0.0065012653159069005
598.0, 0.005767531891185462
599.0, 0.005123671634859955
600.0, 0.004342099300605338
601.0, 0.0030585553929007173
602.0, 0.002381108758934672
603.0, 0.0010986616587669873
604.0, 0.0002102801274974729
605.0, 0.0006836952107931203
606.0, 0.0008438261053183992
607.0, 0.0009788712577347351
608.0, 0.0010517481863302992
609.0, 0.0010873091250996824
610.0, 0.0015131397214137557
611.0, 0.0017257862384237688
612.0, 0.0027743169635354374
613.0, 0.004226035192273242
614.0, 0.002348512932799862
615.0, 0.002812306990914913
616.0, 0.0031271872775840374
617.0, 0.0026108173478124786
618.0, 0.0009680468879315251
619.0, 0.00042933640589412414
620.0, 0.00030438275261144855
621.0, 0.0008003042164441986
622.0, 0.002327105191759678
623.0, 0.0034330197009512886
624.0, 0.003823830042465811
625.0, 0.0039480209931839535
626.0, 0.004294372167391854
627.0, 0.006056207058414527
628.0, 0.005771008602296248
629.0, 0.0045240456442740195
630.0, 0.0031906738647309004
631.0, 0.0035177877837326977
632.0, 0.001698356789777252
633.0, 0.0008843386969114883
634.0, 0.0012908511371333626
635.0, 0.0005553205656204678
636.0, 0.001115263296264981
637.0, 0.0012616377202728742
638.0, 0.0008751073920482565
639.0, 0.00019968890879858934
640.0, 0.0018892007185310345
641.0, 0.0027581203495187358
642.0, 0.0025777314033243338
643.0, 0.0013872978905562165
644.0, 0.0014463579097892998
645.0, 0.0017820088620964384
646.0, 0.0020486034405500686
647.0, 0.0023234169098991135
648.0, 0.0043363703137973
649.0, 0.00356392658401179
650.0, 0.004636423291041857
651.0, 0.00749704227600155
652.0, 0.007927592169199566
653.0, 0.007187133409503388
654.0, 0.006604222132736821
655.0, 0.00635723880862662
656.0, 0.006444393544350611
657.0, 0.0072202932115713525
658.0, 0.0071148133013179135
659.0, 0.00667806672766267
660.0, 0.006401862619213073
661.0, 0.006113862412206993
662.0, 0.005981359204643305
663.0, 0.006006858539899873
664.0, 0.0059104407161094325
665.0, 0.004466233863943953
666.0, 0.005718113022555356
667.0, 0.0066461189217539105
668.0, 0.006744945959266144
669.0, 0.006282698417424087
670.0, 0.008354005306522297
671.0, 0.008477918784589408
672.0, 0.007571260349524479
673.0, 0.007033358400187929
674.0, 0.009061927449706996
675.0, 0.009010481933670392
676.0, 0.008844485754453749
677.0, 0.009367815569730972
678.0, 0.009008039058559682
679.0, 0.009467004204618962
680.0, 0.01042704607734769
681.0, 0.01120171383933473
682.0, 0.01035334918256359
683.0, 0.011378162719026632
684.0, 0.01159901475359641
685.0, 0.01166159557484919
686.0, 0.012594634432289701
687.0, 0.015099743822237551
688.0, 0.016598515520744064
689.0, 0.019058901832221514
690.0, 0.022696876392872514
691.0, 0.02231780340413088
692.0, 0.024921665588838793
693.0, 0.02594936935454557
694.0, 0.02494554465905129
695.0, 0.02357525778511852
696.0, 0.024645226799224304
697.0, 0.025305625414422127
698.0, 0.025286192226400283
699.0, 0.02472060257073232
700.0, 0.027420925128486595
701.0, 0.028943231494763345
702.0, 0.03192383803116163
703.0, 0.036704726990845524
704.0, 0.038453593879047586
705.0, 0.04198447558692505
706.0, 0.045105530487161365
707.0, 0.04651308875092379
708.0, 0.04466395953865236
709.0, 0.04669273227185814
710.0, 0.04574596384280471
711.0, 0.043076449568250075
712.0, 0.04000120243586925
713.0, 0.03498630706114463
714.0, 0.03188157689328227
715.0, 0.02918665337776556
716.0, 0.026227385882882426
717.0, 0.02275167905523181
718.0, 0.021293667160875142
719.0, 0.018890204575430124
720.0, 0.015905337506919758
721.0, 0.013435612437288719
722.0, 0.01285084316580843
723.0, 0.011698455002857901
724.0, 0.010670712887757913
725.0, 0.010152417816830654
726.0, 0.0098408784279378
727.0, 0.008735990645999798
728.0, 0.00811945629635907
729.0, 0.007554353337884273
730.0, 0.005500191282528791
731.0, 0.006098434557879801
732.0, 0.006527451527610461
733.0, 0.007104832000229841
734.0, 0.0080081302225453
735.0, 0.00686498788393212
736.0, 0.007342965817634504
737.0, 0.007317593898257607
738.0, 0.006633608942852127
739.0, 0.007115081274637415
740.0, 0.005312071253866302
741.0, 0.005540218945095779
742.0, 0.006766593093705592
743.0, 0.007206832258142274
744.0, 0.006651758244855433
745.0, 0.007824813997380182
746.0, 0.009063281467575136
747.0, 0.009931443448324785
748.0, 0.011918306442913796
749.0, 0.013520621154156122
750.0, 0.015249157234590537
751.0, 0.01713502477673914
752.0, 0.019101092555282657
753.0, 0.02132668987345956
754.0, 0.023695775709475654
755.0, 0.02593276104992143
756.0, 0.027883358702042414
757.0, 0.029585859134019257
758.0, 0.03061149885002011
759.0, 0.0313196594683731
760.0, 0.0316941207271231
761.0, 0.03161116336711907
762.0, 0.03251681938032185
763.0, 0.030550146697848685
764.0, 0.029353802320435583
765.0, 0.03005002477199585
766.0, 0.025238179284522974
767.0, 0.023248330514054727
768.0, 0.02098035799039387
769.0, 0.018012045056860958
770.0, 0.014856377076231652
771.0, 0.014448172221888251
772.0, 0.012105094226590998
773.0, 0.010096941911514916
774.0, 0.009501207314512573
775.0, 0.0071406020496108565
776.0, 0.005082357208204741
777.0, 0.004883054170836244
778.0, 0.005305749699570634
779.0, 0.003582353490054868
780.0, 0.0030408402712233168
781.0, 0.0034672836053194784
782.0, 0.0031089170846993613
783.0, 0.0013730618358008039
784.0, 0.0013633216105059375
785.0, 0.0007202934129372468
786.0, 0.0002660271558342085
787.0, 0.00018073247822088207
788.0, 0.0004483074995129125
789.0, 0.00026633493117263305
790.0, 0.00016694403119957085
791.0, 0.00044173159815910244
792.0, 0.0010378053180769525
793.0, 0.0009499665509574988
794.0, 0.0005208084069449907
795.0, 0.0012572015700711944
796.0, 0.0020262131840845976
797.0, 0.0009368064097810293
798.0, 0.0005981410910170726
799.0, 0.0007346849674739585
800.0, 0.001127808848070748
801.0, 0.0015711101467242674
802.0, 0.0017527266261512212
803.0, 0.0005597845372003231
804.0, 0.0004253936897123644
805.0, 0.000996847818975193
806.0, 0.0014105282886825764
807.0, 0.0006779404671739182
808.0, 0.0012473715954138772
809.0, 0.0010617185398762814
810.0, 3.082380045468047e-05
811.0, 9.657556055802205e-05
812.0, 0.0007691505579855585
813.0, 0.0008221843854606983
814.0, 0.0008058030432483375
815.0, 0.0012060602352783447
816.0, 0.0013183904924206427
817.0, 0.0010770216888343965
818.0, 0.0010987054110347223
819.0, 0.0011232707894929866
820.0, 0.00035772041675998976
821.0, 9.09496141948081e-05
822.0, 2.5464488672477157e-05
823.0, 8.520305331591279e-05
824.0, 0.00028449065444990256
825.0, 0.0009264943779929676
826.0, 0.000663250936114731
827.0, 0.00038191013375666867
828.0, 0.000293764259613306
829.0, 0.0004522726581370531
830.0, 0.0005066593443140367
831.0, 0.0005455101772696389
832.0, 0.0008823698364498618
833.0, 0.0011945927417586072
834.0, 0.00029476178214441916
835.0, 0.0008777645999092224
836.0, 0.0008307162615586772
837.0, 0.0009694500187623807
838.0, 0.0017670621882506883
839.0, 0.001034443957285192
840.0, 0.0009767591157588235
841.0, 0.0009337127162699586
842.0, 0.0009667119258974446
843.0, 0.0013924598617299302
844.0, 0.0014581880667139337
845.0, 0.001596704755413538
846.0, 0.0016166265099705603
847.0, 0.001639762239135467
848.0, 0.0023514714798726077
849.0, 0.0015799287066696262
850.0, 0.0016723291943163045
851.0, 0.0024388531152900765
852.0, 0.003238493285483725
853.0, 0.002338393889377688
854.0, 0.0031743675834077657
855.0, 0.003178656238799836
856.0, 0.0026383841940488865
857.0, 0.003101093273731612
858.0, 0.0031656975344284024
859.0, 0.003737568614077957
860.0, 0.0037306099755393925
861.0, 0.003312236935135358
862.0, 0.0047064307558653505
863.0, 0.004793207505320348
864.0, 0.003956394807566457
865.0, 0.003385008202189379
866.0, 0.0036739607477563065
867.0, 0.0019612622759757475
868.0, 0.002254388662501251
869.0, 0.0034064646649958528
870.0, 0.003917380360357165
871.0, 0.002211943775338153
872.0, 0.003160764325932372
873.0, 0.0034612166633376288
874.0, 0.003062380710651039
875.0, 0.0023704356228571306
876.0, 0.002429446598312333
877.0, 0.003067237059468923
878.0, 0.0032874222520277324
879.0, 0.003118764663400692
880.0, 0.0027037658023951433
881.0, 0.0023572934222071047
882.0, 0.002402404212852253
883.0, 0.0025245168063953768
884.0, 0.0030827248255393684
885.0, 0.004176860561152982
886.0, 0.002290949436157186
887.0, 0.001948618013765654
888.0, 0.002404401444743384
889.0, 0.0025982506803795633
890.0, 0.0011820196215183033
891.0, 0.002086569545710544
892.0, 0.0024176819113019047
893.0, 0.0021459706452932486
894.0, 0.0016361913772742899
895.0, 0.0018917423181704237
896.0, 0.003143694810083442
897.0, 0.0038450306310038027
898.0, 0.003454638380551155
899.0, 0.0024916142334982234
900.0, 0.004731235426480195
901.0, 0.004783141080765264
902.0, 0.003972746992406694
903.0, 0.003685748645610799
904.0, 0.004901080147048601
905.0, 0.005194393781234592
906.0, 0.004315246724948839
907.0, 0.004100708970201378
908.0, 0.00435392265657517
909.0, 0.004083517161895835
910.0, 0.005064922424401286
911.0, 0.005264476378973771
912.0, 0.005602689285311747
913.0, 0.006150881908630576
914.0, 0.006239230428546498
915.0, 0.00688570157137733
916.0, 0.007541853383907901
917.0, 0.008062273908983996
918.0, 0.008426513765592392
919.0, 0.008810730238844683
920.0, 0.009675779291330525
921.0, 0.01049420465930268
922.0, 0.011455726396978047
923.0, 0.012794875840581862
924.0, 0.014792881958189414
925.0, 0.01703609092251442
926.0, 0.01957508994783112
927.0, 0.022596506843275733
928.0, 0.026280051596532836
929.0, 0.030797443639917453
930.0, 0.03535195462923144
931.0, 0.041837430833220994
932.0, 0.050339221327672226
933.0, 0.06037894328962285
934.0, 0.07320750296905791
935.0, 0.07990311338961448
936.0, 0.08531045432205632
937.0, 0.0881563037573818
938.0, 0.08407616295893464
939.0, 0.07561587711470952
940.0, 0.06842259721831795
941.0, 0.05837181423797996
942.0, 0.0475620638465554
943.0, 0.043734084479671004
944.0, 0.036297070829650654
945.0, 0.032591037573519
946.0, 0.03160363027668394
947.0, 0.03151188323507705
948.0, 0.0292814954961159
949.0, 0.031665020528543315
950.0, 0.032349897827408894
951.0, 0.03152883781914846
952.0, 0.02954545999603547
953.0, 0.026413501714523155
954.0, 0.022850030776971866
955.0, 0.02065124672490054
956.0, 0.018581548132825195
957.0, 0.01572888702599916
958.0, 0.012558813260690317
959.0, 0.013529207360473822
960.0, 0.013249345108270421
961.0, 0.011925548438462608
962.0, 0.010484524002733248
963.0, 0.009920136886995895
964.0, 0.008541639960058857
965.0, 0.008530186621360684
966.0, 0.008849695630515797
967.0, 0.008569306527683666
968.0, 0.009805697811764777
969.0, 0.009458652517879003
970.0, 0.009756165016559671
971.0, 0.010667613504315193
972.0, 0.011775329114631947
973.0, 0.01337199458714603
974.0, 0.013350099015115677
975.0, 0.013900679683302676
976.0, 0.01516937786942133
977.0, 0.016790873012750878
978.0, 0.01873082026277743
979.0, 0.022001242011003973
980.0, 0.025333100143808168
981.0, 0.030376187768259847
982.0, 0.03835334174550179
983.0, 0.04082263348425611
984.0, 0.04590885550956755
985.0, 0.050935633971327436
986.0, 0.05359174548033772
987.0, 0.05238095153341781
988.0, 0.05150120130438698
989.0, 0.04720614267582845
990.0, 0.04086879295631707
991.0, 0.03572365192009367
992.0, 0.0347659267325047
993.0, 0.032454488877307446
994.0, 0.03298544891028329
995.0, 0.03429870384793134
996.0, 0.03589036416012485
997.0, 0.03785396450235381
998.0, 0.04116832375873439
999.0, 0.046578111515149345
1000.0, 0.050878559049110525
1001.0, 0.05526177265539609
1002.0, 0.06189942269626921
1003.0, 0.0685083586284025
1004.0, 0.07373243735105421
1005.0, 0.07967132097639626
1006.0, 0.0846662363231115
1007.0, 0.08723740683487112
1008.0, 0.09577603854042431
1009.0, 0.09637462493580211
1010.0, 0.0944913190910057
1011.0, 0.09079382540705239
1012.0, 0.08463572436835025
1013.0, 0.0748010012289512
1014.0, 0.07042341586955679
1015.0, 0.06384785836829261
1016.0, 0.05587763151270783
1017.0, 0.049556574121121154
1018.0, 0.0484376232263647
1019.0, 0.042283568134853955
1020.0, 0.038773682038598364
1021.0, 0.036945182255138806
1022.0, 0.0346607414619266
1023.0, 0.03255916559674415
1024.0, 0.03406001324462527
1025.0, 0.03372291993241369
1026.0, 0.03344720089405275
1027.0, 0.03571436060870143
1028.0, 0.04131547290306994
1029.0, 0.04376839684655314
1030.0, 0.04925324385912794
1031.0, 0.054814558223686305
1032.0, 0.058330246058436716
1033.0, 0.06211593394955551
1034.0, 0.06414531629729076
1035.0, 0.0662691377026579
1036.0, 0.06653024230444017
1037.0, 0.06486918022268866
1038.0, 0.06490435425047263
1039.0, 0.06256747373854998
1040.0, 0.0661277950952778
1041.0, 0.07207824541801491
1042.0, 0.07953132120781532
1043.0, 0.0914541048224127
1044.0, 0.10949843582446905
1045.0, 0.12019915459094051
1046.0, 0.12499224531060622
1047.0, 0.12763338080059283
1048.0, 0.13277072233123258
1049.0, 0.11649359536378698
1050.0, 0.10393374321964574
1051.0, 0.08828564314813891
1052.0, 0.07133588117734968
1053.0, 0.05924498497914921
1054.0, 0.05019161528751985
1055.0, 0.04192476038435175
1056.0, 0.036612809204225556
1057.0, 0.0321597461580343
1058.0, 0.026128088556987394
1059.0, 0.024266244472542508
1060.0, 0.025169361222400044
1061.0, 0.022719966785211175
1062.0, 0.019706969316358448
1063.0, 0.01933693791924595
1064.0, 0.019212831527801816
1065.0, 0.018870425500063626
1066.0, 0.018054953686786467
1067.0, 0.016408191800921443
1068.0, 0.014359255568622484
1069.0, 0.013914637203454589
1070.0, 0.013856988925203035
1071.0, 0.012620422035733542
1072.0, 0.011644863741702665
1073.0, 0.011121054308534597
1074.0, 0.009637136430878789
1075.0, 0.008852386033673918
1076.0, 0.010725178747753404
1077.0, 0.011223516426294355
1078.0, 0.010254559379802573
1079.0, 0.010230460271611551
1080.0, 0.010439171806049533
1081.0, 0.01040982531556998
1082.0, 0.011286857322221061
1083.0, 0.011789493635316629
1084.0, 0.010587208800361458
1085.0, 0.01059094405102541
1086.0, 0.013899090590515386
1087.0, 0.013617294979869656
1088.0, 0.014030475542452481
1089.0, 0.017600058375879798
1090.0, 0.017187726355564908
1091.0, 0.01850458124733084
1092.0, 0.021665181654716308
1093.0, 0.02455901292294309
1094.0, 0.026755926899047103
1095.0, 0.030103586065927314
1096.0, 0.03534182679786655
1097.0, 0.03487424009048585
1098.0, 0.03585214239440653
1099.0, 0.03809258898565159
1100.0, 0.03734058594952672
1101.0, 0.0364754704909719
1102.0, 0.03620578141597791
1103.0, 0.03383327506405968
1104.0, 0.030367838016370677
1105.0, 0.0278890568820432
1106.0, 0.028188105335226886
1107.0, 0.021858742061721056
1108.0, 0.01958483214077159
1109.0, 0.01852802505111725
1110.0, 0.016128054031317125
1111.0, 0.013014724120075694
1112.0, 0.012086327491692823
1113.0, 0.010516717725678288
1114.0, 0.009378101043943684
1115.0, 0.008950006274102057
1116.0, 0.008851072226043902
1117.0, 0.008821110420661655
1118.0, 0.00893108333126413
1119.0, 0.00911922559199299
1120.0, 0.008980383502624615
1121.0, 0.008307486797302196
1122.0, 0.007987231011542643
1123.0, 0.0070929598323424764
1124.0, 0.006664817758852147
1125.0, 0.0062996702778469
1126.0, 0.005791207773087539
1127.0, 0.005472278716195956
1128.0, 0.005195438254433759
1129.0, 0.0037880592853338966
1130.0, 0.003235729954297284
1131.0, 0.003629783281048352
1132.0, 0.0037635120311276878
1133.0, 0.002112427987654418
1134.0, 0.003555524027903172
1135.0, 0.003656566319658652
1136.0, 0.0024334841375899616
1137.0, 0.0016079319118544452
1138.0, 0.004340537692848064
1139.0, 0.0024504534879035726
1140.0, 0.0013393131464711772
1141.0, 0.0009130751905532217
1142.0, 0.0007054050199944272
1143.0, 0.0002818569557226041
1144.0, 0.0002170135932245308
1145.0, 0.0015310178025506292
1146.0, 0.0014914610648490642
1147.0, 0.0011802451873812383
1148.0, 0.002229121945815701
1149.0, 0.0029168720521807186
1150.0, 0.0008704859832757522
1151.0, 0.0012126301059415122
1152.0, 0.0018687171240611043
1153.0, 0.0014211283808049755
1154.0, 0.00046994749484252386
1155.0, 0.0005605247803805065
1156.0, 0.0006781701852787205
1157.0, 0.002007058938195485
1158.0, 0.002645316615403774
1159.0, 0.0007250779127300748
1160.0, 0.0012881813610098956
1161.0, 0.0014597257848417038
1162.0, 0.0007013018716394122
1163.0, 0.00031465190864003273
1164.0, 0.0009468205887022635
1165.0, 0.001829073659756145
1166.0, 0.0004652965547526425
1167.0, 0.0014917581110896721
1168.0, 0.0018229031912288325
1169.0, 0.0010118790317805897
1170.0, 0.00022135473154066213
1171.0, 0.0013804016880074699
1172.0, 0.0024195729015130426
1173.0, 0.002959195182449248
1174.0, 0.0021712207045586204
1175.0, 0.0006281541342090508
1176.0, 0.0007565720080175509
1177.0, 0.00023502917884825968
1178.0, 0.0007154847707704943
1179.0, 0.0010118923241368427
1180.0, 0.0009616398245220532
1181.0, 0.0008436793209476178
1182.0, 0.0006063895281312401
1183.0, 0.0013422087905593878
1184.0, 0.00114230946555519
1185.0, 0.0007479627483936802
1186.0, 0.0011141841246961018
1187.0, 0.0027371038015864342
1188.0, 0.001080304957717531
1189.0, 0.0012156358596427717
1190.0, 0.001640186029448701
1191.0, 0.0012924810433668668
1192.0, 7.08369710805697e-05
1193.0, 0.00013383380333069526
1194.0, 0.0010852458010540754
1195.0, 0.0005595486791330333
1196.0, 0.0006977853592645838
1197.0, 0.0014027136356243074
1198.0, 0.0007626987850442532
1199.0, 0.0010789104489847504
1200.0, 0.0007461335981734296
1201.0, 0.00045211942025543273
1202.0, 0.0005354502318772581
1203.0, 0.0013386842272401145
1204.0, 0.0033385503234771643
1205.0, 0.0011937896139959947
1206.0, 0.0017761554696617918
1207.0, 0.0019597086288570416
1208.0, 0.0013810778902092673
1209.0, 0.0011934038975078393
1210.0, 0.0015933689707402256
1211.0, 0.0006211446197090869
1212.0, 0.0006185942675835786
1213.0, 0.0011559137001693877
1214.0, 0.001316583057619327
1215.0, 0.0004306332368759281
1216.0, 0.002463138126119735
1217.0, 0.0016622855169513612
1218.0, 0.0009660287168277331
1219.0, 0.0009438206243528125
1220.0, 0.001215038009220344
1221.0, 0.0009775465260047976
1222.0, 0.002532869557094783
1223.0, 0.003068873243089397
1224.0, 0.002375837523510803
1225.0, 0.001776860310892871
1226.0, 0.002318047251572257
1227.0, 0.00022724437053767426
1228.0, 0.0033882961603059134
1229.0, 0.0034102393454766623
1230.0, 0.001737542522388325
1231.0, 0.001013961745471596
1232.0, 0.003098020097354359
1233.0, 0.003456219120803624
1234.0, 0.00236638549123111
1235.0, 0.002627369732481862
1236.0, 0.0029304541878618943
1237.0, 0.0023412345709144973
1238.0, 0.0022801148044707398
1239.0, 0.0025937029605306605
1240.0, 0.0013438353368249193
1241.0, 0.0018000713240379973
1242.0, 0.002363717219245778
1243.0, 0.0012568508784268511
1244.0, 0.002253418842552767
1245.0, 0.004470023381781862
1246.0, 0.0022943345529758126
1247.0, 0.0014824444248086794
1248.0, 0.002132107524735986
1249.0, 0.0011618676053833231
1250.0, 0.001283075820028742
1251.0, 0.0029259105093019247
1252.0, 0.003307551128484704
1253.0, 0.0023527300729827673
1254.0, 0.0018562922392687978
1255.0, 0.003961205190196388
1256.0, 0.0019411356276311394
1257.0, 0.0021129841066389863
1258.0, 0.0025121265409326857
1259.0, 0.0017313462313211594
1260.0, 0.0006348635364611474
1261.0, 0.0024852619068136024
1262.0, 0.0022910668677957433
1263.0, 0.0018152947975190532
1264.0, 0.0020843281416335147
1265.0, 0.0017965864220063784
1266.0, 0.0007595272167834419
1267.0, 0.0020467048793925825
1268.0, 0.003039565581339124
1269.0, 0.002321701495858861
1270.0, 0.0011129115903190149
1271.0, 0.0011556430637077997
1272.0, 0.0026380472107674037
1273.0, 0.0016316017431761707
1274.0, 0.002013520851539634
1275.0, 0.002611127336038171
1276.0, 0.0020223249630684993
1277.0, 0.0010830174177036654
1278.0, 0.0012301479159879927
1279.0, 0.0018395571986499133
1280.0, 0.001241819199963976
1281.0, 0.0036246571751156103
1282.0, 0.0037635548116189198
1283.0, 0.0025876114992550345
1284.0, 0.003520955962939889
1285.0, 0.0019993831305479275
1286.0, 0.0012392724523903394
1287.0, 0.0015621850479885652
1288.0, 0.0018938023710636546
1289.0, 0.0015115628196685244
1290.0, 0.000829902771374031
1291.0, 0.0036095681943481444
1292.0, 0.001190227394080129
1293.0, 0.0019450207412037722
1294.0, 0.0022681105527071707
1295.0, 0.0012108279323202863
1296.0, 0.001104847194268601
1297.0, 0.003373583478804924
1298.0, 0.0030693996374553767
1299.0, 0.0014003477368708236
1300.0, 0.0016528707717279306
1301.0, 0.002786676654159952
1302.0, 0.00111578850206797
1303.0, 0.001506246946704301
1304.0, 0.0030616370870348566
1305.0, 0.001985825144257206
1306.0, 0.001900914042046468
1307.0, 0.002675006742718943
1308.0, 0.0009346866148633514
1309.0, 0.0002983014106214913
1310.0, 0.0021093022554472497
1311.0, 0.0015545354142834636
1312.0, 0.00045678100736213934
1313.0, 0.00044795344353451376
1314.0, 0.0014914262504862133
1315.0, 0.0005837511586471531
1316.0, 0.0020423344251975666
1317.0, 0.003960943370672903
1318.0, 0.0030763675937870065
1319.0, 0.0019138711591745856
1320.0, 0.005070791655037069
1321.0, 0.0019318145886709915
1322.0, 0.0018097685915438588
1323.0, 0.002529086161622423
1324.0, 0.0018874011917060056
1325.0, 0.0010077558330613828
1326.0, 0.0022441677101406095
1327.0, 0.001760512038852178
1328.0, 0.0006063265930507939
1329.0, 0.002101649351237286
1330.0, 0.0023443312795425313
1331.0, 0.0010753859562057087
1332.0, 0.0007999770354877334
1333.0, 0.0025981776813601555
1334.0, 0.0014073948131407598
1335.0, 0.001346578733037137
1336.0, 0.0015423752070982837
1337.0, 0.0013715927322977691
1338.0, 0.0007593923036259133
1339.0, 0.0001194865597903602
1340.0, 9.639054759269324e-05
1341.0, 0.00012455789537738212
1342.0, 0.0008457031288678267
1343.0, 0.001229076522890654
1344.0, 0.0005657796751441131
1345.0, 0.0007053445333609927
1346.0, 0.0018932030815266441
1347.0, 0.000914584329167809
1348.0, 0.0008870629176585979
1349.0, 0.0021858983105041835
1350.0, 0.0033092373185395233
1351.0, 0.0020645834877704907
1352.0, 0.004164615015814966
1353.0, 0.002660357616217548
1354.0, 0.001488305530174985
1355.0, 0.0022986451552556176
1356.0, 0.003421464305580669
1357.0, 0.0009728156328948265
1358.0, 0.0012228173386168173
1359.0, 0.0015010177661459792
1360.0, 0.0008494065894195884
1361.0, 0.0017080447634535373
1362.0, 0.003468209014302918
1363.0, 0.002928538840583618
1364.0, 0.001954934203242056
1365.0, 0.002811343748388357
1366.0, 0.0028474896580438134
1367.0, 0.002820601836352001
1368.0, 0.00276525682512615
1369.0, 0.002168249089856282
1370.0, 0.0012185928228263848
1371.0, 0.0016881558083877686
1372.0, 0.0014496748427852953
1373.0, 0.0011585867168217704
1374.0, 0.0013948483023739327
1375.0, 0.002026016245344777
1376.0, 0.001812855509263012
1377.0, 0.0005510282510830904
1378.0, 0.002907863143641071
1379.0, 0.002853120109449662
1380.0, 0.002820810840945511
1381.0, 0.003978629458700731
1382.0, 0.0030130363625212467
1383.0, 0.0012951426338192224
1384.0, 0.0025980101593208993
1385.0, 0.003756449361877834
1386.0, 0.002865280694272584
1387.0, 0.0020194794495158805
1388.0, 0.003944407271010735
1389.0, 0.0019221078418632657
1390.0, 0.0020132907335543206
1391.0, 0.0035624442541198967
1392.0, 0.004005974377127755
1393.0, 0.003015569049066437
1394.0, 0.0021130027753054267
1395.0, 0.0034875052179734597
1396.0, 0.0013713609635326235
1397.0, 0.002023810439052992
1398.0, 0.0031641145533630685
1399.0, 0.0031315785227852317
1400.0, 0.002275207691565458
1401.0, 0.002584114480017542
1402.0, 0.00254254742683658
1403.0, 0.0016305948276582748
1404.0, 0.0017685329958223854
1405.0, 0.001529900793796226
1406.0, 0.0013909350299653807
1407.0, 0.002373435377462973
1408.0, 0.0022815729585675642
1409.0, 0.0025319325958682265
1410.0, 0.003659836915362415
1411.0, 0.004133479149924618
1412.0, 0.004237926315993365
1413.0, 0.00427391691101834
1414.0, 0.00366127628440019
1415.0, 0.004135057941418278
1416.0, 0.001353191078916497
1417.0, 0.0029332580176680634
1418.0, 0.00378795981696744
1419.0, 0.0025313802551829513
1420.0, 0.0023357346016026643
1421.0, 0.004672823322687368
1422.0, 0.0012683499272742186
1423.0, 0.0008257506202492935
1424.0, 0.0029903248575385015
1425.0, 0.004083928879300799
1426.0, 0.0026765798311247074
1427.0, 0.0024021014531812736
1428.0, 0.0022510678629702667
1429.0, 0.0018364608672327347
1430.0, 0.003917054055728471
1431.0, 0.004625335387892165
1432.0, 0.0038854850446783063
1433.0, 0.004554597716602212
1434.0, 0.0058753937822267925
1435.0, 0.003801664773113029
1436.0, 0.002937672535736652
1437.0, 0.0037567867229561895
1438.0, 0.004706971839251949
1439.0, 0.004819258213236968
1440.0, 0.004947126088562057
1441.0, 0.005264747712991996
1442.0, 0.005165089080967239
1443.0, 0.005882420287990071
1444.0, 0.006226687148254966
1445.0, 0.005667105876928203
1446.0, 0.005362755242990545
1447.0, 0.008345350076634776
1448.0, 0.00565863380963738
1449.0, 0.006075663961174838
1450.0, 0.006488722186139907
1451.0, 0.006153874210652769
1452.0, 0.006127079286346021
1453.0, 0.007584508703673518
1454.0, 0.007373083396043501
1455.0, 0.005076054861441505
1456.0, 0.005645554616391023
1457.0, 0.005655136846901208
1458.0, 0.004506452724960381
1459.0, 0.0041334876595979725
1460.0, 0.0068102153017959716
1461.0, 0.006512145654357063
1462.0, 0.007190808225058606
1463.0, 0.006583077200677794
1464.0, 0.005487590740351304
1465.0, 0.005539737509695915
1466.0, 0.0068906820669113675
1467.0, 0.005947627296618701
1468.0, 0.005557226434184961
1469.0, 0.005611529370605476
1470.0, 0.00569633112510864
1471.0, 0.005004965339258775
1472.0, 0.004451105093942473
1473.0, 0.0051280736364462
1474.0, 0.002404217742196745
1475.0, 0.003025832786208557
1476.0, 0.006876058963540342
1477.0, 0.0044681251581610015
1478.0, 0.0034383301451920536
1479.0, 0.006558336435040635
1480.0, 0.004021567506278577
1481.0, 0.0031916407696336727
1482.0, 0.004125654216338095
1483.0, 0.003296443890090783
1484.0, 0.002758727973277299
1485.0, 0.0037323268063696544
1486.0, 0.004980415890911421
1487.0, 0.0034152625492391555
1488.0, 0.003380581695864175
1489.0, 0.003067891965673867
1490.0, 0.002050106054548848
1491.0, 0.0023230054147185685
1492.0, 0.003293688911904477
1493.0, 0.003278034271161726
1494.0, 0.0024607885512181707
1495.0, 0.002515812021492566
1496.0, 0.0016439995684722941
1497.0, 0.0015230038902241747
1498.0, 0.0026352882280994707
1499.0, 0.003565089798185174
1500.0, 0.003058314174323075
1501.0, 0.0030332658266359596
1502.0, 0.001916552800661271
1503.0, 0.0012561411518172395
1504.0, 0.0009980790270870351
1505.0, 0.002001519276386983
1506.0, 0.0024045903736395267
1507.0, 0.0006501723352479072
1508.0, 0.0021415845794952354
1509.0, 0.001699633750402215
1510.0, 0.00048514211661557406
1511.0, 0.002750809699368484
1512.0, 0.0036119559972082158
1513.0, 0.0020659042191405303
1514.0, 0.0019178692761926078
1515.0, 0.0037967651521596877
1516.0, 0.002142212878659977
1517.0, 0.002200775315192968
1518.0, 0.0030172776027566624
1519.0, 0.0019858347839534956
1520.0, 0.00038317419520776295
1521.0, 0.0010663681317239718
1522, 0.0
1523, 0.0
1524, 0.0
1525, 0.0
1526, 0.0
1527, 0.0
1528, 0.0
1529, 0.0
1530, 0.0
1531, 0.0
1532, 0.0
1533, 0.0
1534, 0.0
1535, 0.0
1536, 0.0
1537, 0.0
1538, 0.0
1539, 0.0
1540, 0.0
1541, 0.0
1542, 0.0
1543, 0.0
1544, 0.0
1545, 0.0
1546, 0.0
1547, 0.0
1548, 0.0
1549, 0.0
1550, 0.0
1551, 0.0
1552, 0.0
1553, 0.0
1554, 0.0
1555, 0.0
1556, 0.0
1557, 0.0
1558, 0.0
1559, 0.0
1560, 0.0
1561, 0.0
1562, 0.0
1563, 0.0
1564, 0.0
1565, 0.0
1566, 0.0
1567, 0.0
1568, 0.0
1569, 0.0
1570, 0.0
1571, 0.0
1572, 0.0
1573, 0.0
1574, 0.0
1575, 0.0
1576, 0.0
1577, 0.0
1578, 0.0
1579, 0.0
1580, 0.0
1581, 0.0
1582, 0.0
1583, 0.0
1584, 0.0
1585, 0.0
1586, 0.0
1587, 0.0
1588, 0.0
1589, 0.0
1590, 0.0
1591, 0.0
1592, 0.0
1593, 0.0
1594, 0.0
1595, 0.0
1596, 0.0
1597, 0.0
1598, 0.0
1599, 0.0
