30, 0.0
31, 0.0
32, 0.0
33, 0.0
34, 0.0
35, 0.0
36, 0.0
37, 0.0
38, 0.0
39, 0.0
40, 0.0
41, 0.0
42, 0.0
43, 0.0
44, 0.0
45, 0.0
46, 0.0
47, 0.0
48, 0.0
49, 0.0
50, 0.0
51, 0.0
52, 0.0
53, 0.0
54, 0.0
55.0, 0.00012849123620626473
56.0, 0.003907645242272992
57.0, 0.006947338609078447
58.0, 0.009618321166536133
59.0, 0.012472687229350283
60.0, 0.011996067213303308
61.0, 0.010918296822424681
62.0, 0.010123531243490566
63.0, 0.014787596375659956
64.0, 0.015819847608761567
65.0, 0.015174392122145084
66.0, 0.0156727918325067
67.0, 0.012144312323072164
68.0, 0.008892344210936268
69.0, 0.0067882015241333155
70.0, 0.002160979402924872
71.0, 0.0004003438729053341
72.0, 0.00035351666778739234
73.0, 0.0008294007848186364
74.0, 0.0007465380348053961
75.0, 0.0006054235813668891
76.0, 0.0005722601190864264
77.0, 0.0015205923149113408
78.0, 0.0011537020104177623
79.0, 0.0007895000924944122
80.0, 0.0021988763909658927
81.0, 0.007102622001418899
82.0, 0.012483350195624538
83.0, 0.01782758245945245
84.0, 0.023037302303061974
85.0, 0.028406776899941644
86.0, 0.03396668712929291
87.0, 0.03981074007898805
88.0, 0.04881633150437265
89.0, 0.058306577583171176
90.0, 0.06806238838348322
91.0, 0.0789359954807355
92.0, 0.08687093227967824
93.0, 0.09338439742529892
94.0, 0.0993591392985916
95.0, 0.10822369201684298
96.0, 0.11541886695866205
97.0, 0.1212110130420032
98.0, 0.12845261036831196
99.0, 0.13634622879790861
100.0, 0.1436454751501243
101.0, 0.1494742431230137
102.0, 0.15659897795453964
103.0, 0.16610803751978576
104.0, 0.17789097829054507
105.0, 0.19207022907701557
106.0, 0.2102614927779973
107.0, 0.23150234371937092
108.0, 0.2558205441391252
109.0, 0.2945218294052716
110.0, 0.3439642180281133
111.0, 0.40502640232640147
112.0, 0.48294811933345816
113.0, 0.5584690815541896
114.0, 0.6283144585537229
115.0, 0.6910510471739698
116.0, 0.7439432541423193
117.0, 0.7806322242306488
118.0, 0.8087568350945864
119.0, 0.8361971585839082
120.0, 0.8546955374744584
121.0, 0.8525511991077217
122.0, 0.8280309042011301
123.0, 0.7834018511201981
124.0, 0.6948480089425212
125.0, 0.5938001408911026
126.0, 0.5033456137803299
127.0, 0.43136390664412505
128.0, 0.37124667509756104
129.0, 0.3236418813875785
130.0, 0.2957291211141402
131.0, 0.2730988217661173
132.0, 0.25745218822991023
133.0, 0.25046916475753556
134.0, 0.2379079188681661
135.0, 0.2311356140884303
136.0, 0.2279615460273265
137.0, 0.2243915878520186
138.0, 0.23137061087140723
139.0, 0.23994613327398673
140.0, 0.24871733029332685
141.0, 0.26899556376193234
142.0, 0.2911646897733726
143.0, 0.3133728801350154
144.0, 0.33347821621274826
145.0, 0.34863540367890483
146.0, 0.35913639464304414
147.0, 0.36574325225531495
148.0, 0.3719015990293413
149.0, 0.37484596163147726
150.0, 0.37678277244071173
151.0, 0.3788305364770446
152.0, 0.3659722227416785
153.0, 0.3455134469908637
154.0, 0.318938309447678
155.0, 0.2879748416113391
156.0, 0.26395115040085626
157.0, 0.24125834375558494
158.0, 0.21897794144951022
159.0, 0.20497726258033702
160.0, 0.19608297550503484
161.0, 0.18927033795937856
162.0, 0.1816367697479994
163.0, 0.1751031727415232
164.0, 0.16738089721084767
165.0, 0.15814656393426252
166.0, 0.14680105795764545
167.0, 0.14223343854832834
168.0, 0.13988107703500124
169.0, 0.13772407833625752
170.0, 0.12600789451982336
171.0, 0.11844993741828555
172.0, 0.11404819425383718
173.0, 0.11158118491570697
174.0, 0.1114524321147965
175.0, 0.1113136388473338
176.0, 0.11047119220586596
177.0, 0.10710186562055352
178.0, 0.10773883709848926
179.0, 0.10770385895785949
180.0, 0.10320063527722621
181.0, 0.10638594385309917
182.0, 0.10857762915793251
183.0, 0.10932247297986607
184.0, 0.10821291659654074
185.0, 0.10623719144693833
186.0, 0.1058739893609641
187.0, 0.1076281135244847
188.0, 0.1062387263311673
189.0, 0.10699890385205443
190.0, 0.10896092814500544
191.0, 0.11137348322412552
192.0, 0.11099744559578671
193.0, 0.11262112571005863
194.0, 0.11569253492005846
195.0, 0.11676877167113182
196.0, 0.11947749214759698
197.0, 0.12203008869464985
198.0, 0.12393283672782571
199.0, 0.1305642023506963
200.0, 0.1367796377452861
201.0, 0.14253818523746772
202.0, 0.1476820361768743
203.0, 0.15439708192171447
204.0, 0.16287011045766575
205.0, 0.17294502206342527
206.0, 0.18404053270590554
207.0, 0.19208983070530122
208.0, 0.2019954967818338
209.0, 0.21563647519584286
210.0, 0.21903982440050535
211.0, 0.2259185445345963
212.0, 0.23508457999056565
213.0, 0.24539471421101566
214.0, 0.24812405676109892
215.0, 0.25130465197601315
216.0, 0.25490475574274546
217.0, 0.2545943482085492
218.0, 0.24935509743227366
219.0, 0.2411433409815847
220.0, 0.2305411508352584
221.0, 0.21772907022132276
222.0, 0.20104446126651954
223.0, 0.18242137714545836
224.0, 0.16396148263774293
225.0, 0.1487748704853785
226.0, 0.1353102260136762
227.0, 0.12293525549348787
228.0, 0.11000817038612462
229.0, 0.10146749332220334
230.0, 0.09227566309103591
231.0, 0.08099831541864079
232.0, 0.07584869708958461
233.0, 0.0717386719107916
234.0, 0.06828312254584577
235.0, 0.06519886152968558
236.0, 0.059815844143000535
237.0, 0.05569818787347425
238.0, 0.05309016651688718
239.0, 0.05221955127736442
240.0, 0.048779017621643994
241.0, 0.046786792327459456
242.0, 0.046896600556869866
243.0, 0.04389073980807937
244.0, 0.04227146406339069
245.0, 0.04130911295594636
246.0, 0.04053949101783454
247.0, 0.038736222159590945
248.0, 0.03757460436010619
249.0, 0.036799551279998254
250.0, 0.035870461782988666
251.0, 0.034512533336575175
252.0, 0.033571986729176155
253.0, 0.032946610067236946
254.0, 0.03119776042212201
255.0, 0.029437637346576492
256.0, 0.02758396100076135
257.0, 0.025658363344295384
258.0, 0.02611141792623219
259.0, 0.025429618590555224
260.0, 0.024215076495799757
261.0, 0.02312632310271384
262.0, 0.021629123921689607
263.0, 0.02052249362494071
264.0, 0.019581200861632134
265.0, 0.017923353242628233
266.0, 0.01665174729719793
267.0, 0.015900034838832205
268.0, 0.015603568056096853
269.0, 0.01471258136993752
270.0, 0.013934778461674867
271.0, 0.013069918334594019
272.0, 0.011975727094273572
273.0, 0.011519872052925479
274.0, 0.01117913244696051
275.0, 0.01072451755758983
276.0, 0.009774055238817657
277.0, 0.008598755406082187
278.0, 0.008505862303845698
279.0, 0.008957366969324275
280.0, 0.00743442475356749
281.0, 0.005082639959037311
282.0, 0.0038635260695442774
283.0, 0.004062707363252529
284.0, 0.0014625810644676078
285.0, 0.0019988991159364425
286.0, 0.0025540160433672318
287.0, 0.0008843452005888085
288.0, 0.0010884658234718422
289.0, 0.0016763482955155786
290.0, 0.002039185532180075
291.0, 0.0011815716241803463
292.0, 0.0016058367370915688
293.0, 0.0014486605681405913
294.0, 0.0012043286413368707
295.0, 0.0033587094697515507
296.0, 0.002296829079442536
297.0, 0.0025811779001656313
298.0, 0.004909147737713505
299.0, 0.003218493449467669
300.0, 0.002754392731044929
301.0, 0.0030096169465883777
302.0, 0.0037031774597034873
303.0, 0.0024508500294416766
304.0, 0.002388575570065481
305.0, 0.003126613082773045
306.0, 0.004266978432106218
307.0, 0.0035341496824357853
308.0, 0.003240642547032157
309.0, 0.0034370316713260335
310.0, 0.003846379931222039
311.0, 0.0038543992936338027
312.0, 0.003724546590574107
313.0, 0.0036710418027977995
314.0, 0.0045594834689663775
315.0, 0.005113087303187271
316.0, 0.004983413327758726
317.0, 0.004041487058237102
318.0, 0.0032254843738221627
319.0, 0.0036245427900978506
320.0, 0.00419299962609224
321.0, 0.004093220664776889
322.0, 0.002279343886464548
323.0, 0.0009449950868157991
324.0, 0.0004183807829870645
325.0, 0.0012588986376213477
326.0, 0.003921936562624547
327.0, 0.003599496922070151
328.0, 0.0023097634361740676
329.0, 0.007194187733765935
330.0, 0.006409275129518869
331.0, 0.00661836474027163
332.0, 0.009011470200812556
333.0, 0.011678823827862882
334.0, 0.015382082146206486
335.0, 0.01843063759697412
336.0, 0.020641862681917658
337.0, 0.02967610351125765
338.0, 0.03565911103508753
339.0, 0.04067622820118684
340.0, 0.04620747369293976
341.0, 0.05642493883958094
342.0, 0.06781250332814844
343.0, 0.08043065714969706
344.0, 0.09447787838176615
345.0, 0.1074450812712891
346.0, 0.12192643825420259
347.0, 0.13684395816916156
348.0, 0.1494536002260239
349.0, 0.16068365767248116
350.0, 0.17437931766669507
351.0, 0.18904811225158494
352.0, 0.19672433996618693
353.0, 0.20128305877696093
354.0, 0.20297729869359707
355.0, 0.201810118605163
356.0, 0.19770884402920338
357.0, 0.1921943383146327
358.0, 0.18371751766061087
359.0, 0.17164542443938077
360.0, 0.1602862129117494
361.0, 0.14882679184653605
362.0, 0.13655446891832015
363.0, 0.12290831417475184
364.0, 0.11606256160422015
365.0, 0.10759325490907298
366.0, 0.09788698723578441
367.0, 0.08731581260345622
368.0, 0.0823340933264213
369.0, 0.07510823514550444
370.0, 0.06738523767107182
371.0, 0.06314354994983332
372.0, 0.05955990163617966
373.0, 0.057565645762603
374.0, 0.05588318611511725
375.0, 0.05058823130370851
376.0, 0.04992464396588341
377.0, 0.04999486233482989
378.0, 0.049591782921138104
379.0, 0.04693548301928237
380.0, 0.051077531667195884
381.0, 0.052462189192024916
382.0, 0.04919782478180569
383.0, 0.04981232203126013
384.0, 0.05292067270488447
385.0, 0.05448690784105566
386.0, 0.05295131005349757
387.0, 0.05339644001394536
388.0, 0.055261504655249115
389.0, 0.05750789730911404
390.0, 0.059411881273789796
391.0, 0.05911806302310945
392.0, 0.061317470175140915
393.0, 0.0633916506601176
394.0, 0.06288732400235861
395.0, 0.06608063340909041
396.0, 0.07160790179794614
397.0, 0.07815170732495744
398.0, 0.08407734751773044
399.0, 0.0969366569601056
400.0, 0.10701260978520949
401.0, 0.11779749845983487
402.0, 0.1364117347090826
403.0, 0.15615299489511578
404.0, 0.1775627106155262
405.0, 0.20160506113118673
406.0, 0.23063646173287222
407.0, 0.25628033431238495
408.0, 0.27785655233572926
409.0, 0.2965091524511846
410.0, 0.31591057976272907
411.0, 0.3286871303538892
412.0, 0.33782582261852834
413.0, 0.34142649031878697
414.0, 0.329033901563931
415.0, 0.30878926596058337
416.0, 0.2898604834545693
417.0, 0.27209177861985284
418.0, 0.24056994179398436
419.0, 0.2132610165858747
420.0, 0.18776512602913967
421.0, 0.16379192800449022
422.0, 0.145167755928927
423.0, 0.12739335122319498
424.0, 0.10962910608476117
425.0, 0.09248369976070453
426.0, 0.08574520952111891
427.0, 0.07771687211846108
428.0, 0.06910042472427648
429.0, 0.06064397268079413
430.0, 0.05790106043280335
431.0, 0.05178173460677733
432.0, 0.04583304913017908
433.0, 0.042346002563764085
434.0, 0.040302048891021514
435.0, 0.04087891344323441
436.0, 0.04091085177090163
437.0, 0.038198364763915846
438.0, 0.04432595564264099
439.0, 0.04674774338514646
440.0, 0.049464559811164696
441.0, 0.05606261256404572
442.0, 0.06424538174562566
443.0, 0.07027781341701367
444.0, 0.0772019340750614
445.0, 0.08818069754306883
446.0, 0.09916159533231839
447.0, 0.10764343710695994
448.0, 0.11446784538024957
449.0, 0.1205949792319729
450.0, 0.12397356468864248
451.0, 0.12108313555036075
452.0, 0.1152145232449912
453.0, 0.11056575559819762
454.0, 0.10609489671519734
455.0, 0.10121610346756446
456.0, 0.09586331046932507
457.0, 0.08995398525218631
458.0, 0.0819779386566658
459.0, 0.07636075484241596
460.0, 0.07214064838041706
461.0, 0.06762977727742468
462.0, 0.06249795402281992
463.0, 0.05857296648685055
464.0, 0.05543500659309128
465.0, 0.052296724163224784
466.0, 0.049806357319267705
467.0, 0.047256894875950334
468.0, 0.04513627626683958
469.0, 0.04433697207878581
470.0, 0.041414398779887694
471.0, 0.039899585785746365
472.0, 0.03952412054627734
473.0, 0.03947074202415933
474.0, 0.03611720584860072
475.0, 0.03823531022897539
476.0, 0.04179313771100392
477.0, 0.03898852388407457
478.0, 0.04037435013652697
479.0, 0.04375326708598133
480.0, 0.04789518015696108
481.0, 0.05105309994208747
482.0, 0.05208377361647932
483.0, 0.055897127619717143
484.0, 0.06114308164313294
485.0, 0.06508939748409535
486.0, 0.06838646579702014
487.0, 0.07488182432961933
488.0, 0.08257482541545814
489.0, 0.08796471355808826
490.0, 0.09639490467090636
491.0, 0.10600382503231108
492.0, 0.11630209031345103
493.0, 0.12675183770324502
494.0, 0.13758832649335156
495.0, 0.15174568391673077
496.0, 0.1684114485051671
497.0, 0.18631468676426255
498.0, 0.20659899607791038
499.0, 0.22775761638513556
500.0, 0.25141830776389307
501.0, 0.27978948770634543
502.0, 0.3079585562077958
503.0, 0.33900166436070434
504.0, 0.37353616192754185
505.0, 0.41220139272558753
506.0, 0.44822800297094606
507.0, 0.4903761652825304
508.0, 0.5316164799997958
509.0, 0.5644760009198322
510.0, 0.5969831973884018
511.0, 0.6160907354271637
512.0, 0.6273195959709125
513.0, 0.6357479989462773
514.0, 0.6330881591087705
515.0, 0.6154077374411049
516.0, 0.5900377473977435
517.0, 0.5623018883560538
518.0, 0.5154400746264647
519.0, 0.4804060514442918
520.0, 0.44473777737268577
521.0, 0.39986384102007616
522.0, 0.34886460671760683
523.0, 0.31520909506962225
524.0, 0.2853345099327249
525.0, 0.2522628760501032
526.0, 0.22721873478043805
527.0, 0.20248245626085631
528.0, 0.17940119813598115
529.0, 0.15892871595112015
530.0, 0.14308830880435863
531.0, 0.12748979011821412
532.0, 0.11595362882453325
533.0, 0.10833469733929212
534.0, 0.09460698691941469
535.0, 0.08573567053028769
536.0, 0.08006146285998128
537.0, 0.07570296784146345
538.0, 0.0666631583635169
539.0, 0.06218336742824605
540.0, 0.058024437747638415
541.0, 0.05332415938850602
542.0, 0.04875955287806436
543.0, 0.04672366889393869
544.0, 0.04359932602843827
545.0, 0.0394293827922483
546.0, 0.036066128432619
547.0, 0.034908363872717646
548.0, 0.03221199132802944
549.0, 0.029217769597639175
550.0, 0.029331567308021833
551.0, 0.027753726926363315
552.0, 0.028031975364028267
553.0, 0.02853158822985896
554.0, 0.02637477359498726
555.0, 0.02620099814165923
556.0, 0.02520028724740985
557.0, 0.024173609330091782
558.0, 0.024133080788848328
559.0, 0.023652054186686446
560.0, 0.023583261863685583
561.0, 0.023983141652189593
562.0, 0.024803543971368372
563.0, 0.024102223280511523
564.0, 0.025807688250645482
565.0, 0.027589895611668306
566.0, 0.028026320218042414
567.0, 0.02750546403795134
568.0, 0.029071452707808143
569.0, 0.030263220913693135
570.0, 0.03078701944809361
571.0, 0.035491647684987096
572.0, 0.03766184073770401
573.0, 0.03940726656744963
574.0, 0.04095320594689441
575.0, 0.04063294608417474
576.0, 0.04628326975683182
577.0, 0.05090209164672913
578.0, 0.05365000624389044
579.0, 0.056084936241375304
580.0, 0.06091200471614539
581.0, 0.06528527834427292
582.0, 0.06929303728751086
583.0, 0.07369877734623752
584.0, 0.07856648280571181
585.0, 0.08365471698380299
586.0, 0.08853096113854449
587.0, 0.09270923323098407
588.0, 0.0997142668728897
589.0, 0.10848909788267297
590.0, 0.1166002904896334
591.0, 0.12236785509053968
592.0, 0.13115023074024637
593.0, 0.13903918337995874
594.0, 0.14644161352467072
595.0, 0.15389718832528054
596.0, 0.16368590764933366
597.0, 0.1759774255454761
598.0, 0.1831603182552827
599.0, 0.18446008892491955
600.0, 0.18754177757937987
601.0, 0.1856247820434678
602.0, 0.1813641513085359
603.0, 0.17431708335976207
604.0, 0.16200593818457826
605.0, 0.1519551167980881
606.0, 0.13980834792807034
607.0, 0.1265640600673757
608.0, 0.11447357640770303
609.0, 0.09906846076732163
610.0, 0.08829668857209026
611.0, 0.07949527541140736
612.0, 0.0697885275446139
613.0, 0.059847596915709886
614.0, 0.05174565258054395
615.0, 0.045435279128986546
616.0, 0.040670279982318015
617.0, 0.03579237785890044
618.0, 0.032427036433725236
619.0, 0.028793740828141838
620.0, 0.02471223649151659
621.0, 0.02209656975924717
622.0, 0.021018255102083425
623.0, 0.01872595129915931
624.0, 0.015623276966406563
625.0, 0.01391440564961281
626.0, 0.013793462873602324
627.0, 0.012592272137747077
628.0, 0.010021162261912853
629.0, 0.006056457857839625
630.0, 0.009380360641925023
631.0, 0.008672383552103691
632.0, 0.007619388685712562
633.0, 0.00899993955864943
634.0, 0.008926336346991401
635.0, 0.007211133203177061
636.0, 0.005752913364711241
637.0, 0.004978999361337737
638.0, 0.0025345050072095206
639.0, 0.004509616972611166
640.0, 0.005860691284629995
641.0, 0.0055522784137254245
642.0, 0.0041858295377272085
643.0, 0.0073030196307179995
644.0, 0.0053298097823481555
645.0, 0.0014734659949745515
646.0, 0.0018601447996898536
647.0, 0.0016648015669298165
648.0, 0.001050431619853584
649.0, 0.00047139731426591464
650.0, 0.0003037221601472172
651.0, 0.0005721786326406441
652.0, 0.0017399006981841034
653.0, 0.0026599011511219766
654.0, 0.002862257778061042
655.0, 0.0025506373181504627
656.0, 0.003579285318239515
657.0, 0.002926513140233819
658.0, 0.00187764743931735
659.0, 0.004883781414689219
660.0, 0.0033251899612045024
661.0, 0.002071624704907727
662.0, 0.002127086221949826
663.0, 0.004120909559131438
664.0, 0.005660233419866143
665.0, 0.005640760982169596
666.0, 0.005407070280727696
667.0, 0.005728825348184337
668.0, 0.005636270486828612
669.0, 0.005547290228952485
670.0, 0.0053602199167632905
671.0, 0.004844298467739488
672.0, 0.003382696023873597
673.0, 0.0043725602408145854
674.0, 0.003565218556784482
675.0, 0.0016926944317644452
676.0, 0.0008039859853627631
677.0, 0.001833601019927835
678.0, 0.0032245200259293384
679.0, 0.004075018765992293
680.0, 0.0037849402141003595
681.0, 0.0034050776947287045
682.0, 0.003550090808081891
683.0, 0.0037507214873443873
684.0, 0.003348600189619717
685.0, 0.0005980693980127088
686.0, 0.0011599450743946071
687.0, 0.0015477728495489835
688.0, 0.0012440885765780316
689.0, 0.000391947939867689
690.0, 0.0014314994667477164
691.0, 0.0012103244573422444
692.0, 0.0007347586609172138
693.0, 0.0009347896347062467
694.0, 0.001405630909937044
695.0, 0.0018633215340958052
696.0, 0.0032296629789738407
697.0, 0.00476347183582237
698.0, 0.002312992143823289
699.0, 0.00370160448100561
700.0, 0.003996786811102579
701.0, 0.004036173696851441
702.0, 0.0065155708519691
703.0, 0.0054154604150892455
704.0, 0.005466167781305076
705.0, 0.005138178418668291
706.0, 0.0035979599257744414
707.0, 0.005318282660833906
708.0, 0.007086884960781986
709.0, 0.007390618317931116
710.0, 0.0063036656751971065
711.0, 0.005774648628865634
712.0, 0.006509895518801457
713.0, 0.007720051499027027
714.0, 0.008794374700985737
715.0, 0.009047009960536612
716.0, 0.007940063364235448
717.0, 0.007559905096320398
718.0, 0.007805061998228087
719.0, 0.00851266951531416
720.0, 0.00920073223020093
721.0, 0.010023231124779835
722.0, 0.010635077877166265
723.0, 0.011053771772331484
724.0, 0.011534122470071342
725.0, 0.01007121505424446
726.0, 0.010384119664257637
727.0, 0.011167478220333085
728.0, 0.010953701471457519
729.0, 0.011859420695191877
730.0, 0.011968608113996077
731.0, 0.011894044685336854
732.0, 0.012116415013990132
733.0, 0.01339009674682006
734.0, 0.01177282831105102
735.0, 0.01117382178685276
736.0, 0.011023632127385895
737.0, 0.009594444111475474
738.0, 0.01184443096025101
739.0, 0.012582889465262648
740.0, 0.012811361762542255
741.0, 0.0132175500059517
742.0, 0.013784311138616492
743.0, 0.013377684937830828
744.0, 0.013296253160851255
745.0, 0.013367118150226764
746.0, 0.01255210395289709
747.0, 0.013683564900087769
748.0, 0.013590131417865754
749.0, 0.013551916684141019
750.0, 0.014605860196568699
751.0, 0.014548918571714345
752.0, 0.01248956495605987
753.0, 0.013204709046980448
754.0, 0.015475233054454772
755.0, 0.011369116009850433
756.0, 0.012014265642021498
757.0, 0.013865247094771896
758.0, 0.014582000209073971
759.0, 0.012458686826690393
760.0, 0.014672671097643706
761.0, 0.014237053840537568
762.0, 0.013377277254745114
763.0, 0.013241229115465776
764.0, 0.01434364422007352
765.0, 0.014247954782712367
766.0, 0.015287988432457798
767.0, 0.01635339292912621
768.0, 0.015800712113910334
769.0, 0.01757819973738445
770.0, 0.016343061945602328
771.0, 0.0163639222191671
772.0, 0.018237786258448983
773.0, 0.015711312244225322
774.0, 0.017535933139910777
775.0, 0.018211478666469327
776.0, 0.017358345279932855
777.0, 0.015796301221274622
778.0, 0.01727918240004275
779.0, 0.018173312278323677
780.0, 0.018401154993658797
781.0, 0.018174885425104256
782.0, 0.018495080707972077
783.0, 0.01904317617817959
784.0, 0.018405604954156787
785.0, 0.01781685260542992
786.0, 0.019257230960374367
787.0, 0.01859145935057301
788.0, 0.018801462373164737
789.0, 0.019080619636080154
790.0, 0.01952555353506858
791.0, 0.022402565101845375
792.0, 0.023179320046338495
793.0, 0.02387972005664178
794.0, 0.0244799697808184
795.0, 0.024486008583083634
796.0, 0.022863351261066308
797.0, 0.024623025437252664
798.0, 0.02580046425226849
799.0, 0.025613968211529448
800.0, 0.028806910755693537
801.0, 0.029631451451393138
802.0, 0.03121989301218473
803.0, 0.0327956932121031
804.0, 0.032979508833755916
805.0, 0.03380417073547172
806.0, 0.035807613850453855
807.0, 0.03670386260205752
808.0, 0.036776510959912835
809.0, 0.040088942014317765
810.0, 0.04070963628921093
811.0, 0.0417324619724813
812.0, 0.04374286033321604
813.0, 0.04686931088892368
814.0, 0.04985196295979408
815.0, 0.05247079475786356
816.0, 0.05466217801405993
817.0, 0.05658366438088639
818.0, 0.05867396723757882
819.0, 0.06078690507727005
820.0, 0.06338222498120813
821.0, 0.06605515324444594
822.0, 0.06869451450447515
823.0, 0.07320308341170156
824.0, 0.0755585598532234
825.0, 0.079240601934482
826.0, 0.08298717259488798
827.0, 0.0829067270889603
828.0, 0.08987091843879706
829.0, 0.09439902396560342
830.0, 0.10015553296627308
831.0, 0.10937666543245612
832.0, 0.12136108648726726
833.0, 0.13220551179540796
834.0, 0.14441888954022136
835.0, 0.15959102572654918
836.0, 0.1790649106536865
837.0, 0.20304976339888914
838.0, 0.23067250873224693
839.0, 0.26391048896643227
840.0, 0.30174150876004446
841.0, 0.3389775100788862
842.0, 0.3656039312273206
843.0, 0.39479168656019514
844.0, 0.4137359660882575
845.0, 0.4120170771879568
846.0, 0.401490706437205
847.0, 0.3795159047833195
848.0, 0.3461761120975982
849.0, 0.3064855832744595
850.0, 0.26937770848473674
851.0, 0.23445785368584957
852.0, 0.20328606204935498
853.0, 0.17604094700805653
854.0, 0.15264503780018784
855.0, 0.132974346822608
856.0, 0.11757372346176119
857.0, 0.10521993515626833
858.0, 0.09625402123301813
859.0, 0.09034442559698111
860.0, 0.07970188837743242
861.0, 0.07307133101700311
862.0, 0.06851908955121641
863.0, 0.06554848959170721
864.0, 0.06437206634495217
865.0, 0.0584947193375507
866.0, 0.056885183083882934
867.0, 0.05594887525537381
868.0, 0.05382351426555519
869.0, 0.05321695468357891
870.0, 0.053772953502795796
871.0, 0.05312783679625043
872.0, 0.05189439456997699
873.0, 0.05141407388613094
874.0, 0.054451047107655984
875.0, 0.054189114258906455
876.0, 0.05424600857610781
877.0, 0.05545874190012211
878.0, 0.05705966687297423
879.0, 0.06067242582774333
880.0, 0.06480686564441532
881.0, 0.06822388558810676
882.0, 0.07086496654730316
883.0, 0.07530361560500286
884.0, 0.0801715297182171
885.0, 0.0860624393364073
886.0, 0.09333001435007444
887.0, 0.10208516332541619
888.0, 0.11145372077769344
889.0, 0.12287369255651795
890.0, 0.13787731773000986
891.0, 0.15547810815138344
892.0, 0.17328900066849648
893.0, 0.19758329248244538
894.0, 0.22611962019175255
895.0, 0.2580122311948441
896.0, 0.2927767147463804
897.0, 0.33054446504029705
898.0, 0.3700485335721487
899.0, 0.4120519828624103
900.0, 0.4605734519199696
901.0, 0.5181503753283345
902.0, 0.5828273293693322
903.0, 0.6556912810177442
904.0, 0.7408550461156217
905.0, 0.8310103788556438
906.0, 0.9141438604355577
907.0, 0.9657839185476821
908.0, 0.9912075184944735
909.0, 0.9765841383795559
910.0, 0.9225570148987431
911.0, 0.8407597996854672
912.0, 0.7364076114064576
913.0, 0.6373276879726834
914.0, 0.5465792958625487
915.0, 0.46612476027210314
916.0, 0.39754036816993227
917.0, 0.344818196172057
918.0, 0.29665810995881026
919.0, 0.2548566096779808
920.0, 0.2216257546752596
921.0, 0.1991163051100988
922.0, 0.17864377231789122
923.0, 0.1618411494951662
924.0, 0.14738967308210146
925.0, 0.13381093006305333
926.0, 0.12582642107514702
927.0, 0.11774438431072295
928.0, 0.10953988270413012
929.0, 0.1023434686114893
930.0, 0.0977910628073489
931.0, 0.09292723559230787
932.0, 0.0879723317324589
933.0, 0.0840040623731043
934.0, 0.08064191350132717
935.0, 0.07599148821723566
936.0, 0.0745203239065012
937.0, 0.07432559989258376
938.0, 0.07302397033446839
939.0, 0.07070176917598703
940.0, 0.07228923683399158
941.0, 0.06916441481398003
942.0, 0.06983049947689571
943.0, 0.07236571938649823
944.0, 0.07430521653724412
945.0, 0.07460289531528363
946.0, 0.0774661973996366
947.0, 0.08136434139582664
948.0, 0.08579048047944353
949.0, 0.09043171008162589
950.0, 0.09531418824106722
951.0, 0.10049677146411301
952.0, 0.10551810759410515
953.0, 0.11056419284260985
954.0, 0.11565542373814089
955.0, 0.1153044432492102
956.0, 0.11254683391961273
957.0, 0.11059657501784835
958.0, 0.10774591609223816
959.0, 0.09950082295098583
960.0, 0.089843769707609
961.0, 0.08197943343225947
962.0, 0.07580446047568143
963.0, 0.07040486219497916
964.0, 0.06397566457540613
965.0, 0.06056139999286237
966.0, 0.05788105981192817
967.0, 0.05679857459082493
968.0, 0.056080791815697896
969.0, 0.05124369467981175
970.0, 0.04926197623936132
971.0, 0.04884243720359353
972.0, 0.04831858288474819
973.0, 0.04705987186935301
974.0, 0.04654059552782577
975.0, 0.045009717481746175
976.0, 0.04271339380815357
977.0, 0.040684580378022785
978.0, 0.039230377981769884
979.0, 0.03637525257010068
980.0, 0.03398211997194605
981.0, 0.032925685774848494
982.0, 0.03198994215361547
983.0, 0.030265623713106
984.0, 0.029172751227195894
985.0, 0.030889216943539438
986.0, 0.028646378919919606
987.0, 0.026177332713827915
988.0, 0.027177623174520157
989.0, 0.024713651912387523
990.0, 0.025764349523802327
991.0, 0.025676463628964093
992.0, 0.024765966273888995
993.0, 0.024253237467702037
994.0, 0.02311686333488168
995.0, 0.023099895099918926
996.0, 0.0231209286403023
997.0, 0.02282982109258522
998.0, 0.022266722000757546
999.0, 0.02291913692634363
1000.0, 0.023908340955663344
1001.0, 0.022880997788702086
1002.0, 0.022024965159836138
1003.0, 0.024005531854942596
1004.0, 0.01964673586101459
1005.0, 0.021370400001548752
1006.0, 0.021691657051188064
1007.0, 0.020614047451261726
1008.0, 0.020778889917837946
1009.0, 0.0208655193126363
1010.0, 0.019930639299443508
1011.0, 0.018359509622039492
1012.0, 0.017282397398515684
1013.0, 0.017848749888837983
1014.0, 0.017090430344197514
1015.0, 0.016919172669565184
1016.0, 0.015456640968499129
1017.0, 0.013578381167775391
1018.0, 0.013218319312037043
1019.0, 0.013393560460010672
1020.0, 0.012221902467937917
1021.0, 0.011307284586845993
1022.0, 0.010812770976810705
1023.0, 0.010302248009147292
1024.0, 0.009969046578651625
1025.0, 0.009820979328687508
1026.0, 0.009808482230909238
1027.0, 0.009830856492288702
1028.0, 0.009769284493519007
1029.0, 0.009629720212567323
1030.0, 0.009593784501033178
1031.0, 0.00875150982018853
1032.0, 0.007825987179020194
1033.0, 0.007895294779714339
1034.0, 0.006864662977839535
1035.0, 0.0057641607974625135
1036.0, 0.006336025202642665
1037.0, 0.006907119068900179
1038.0, 0.0051980372298128415
1039.0, 0.004358180615190616
1040.0, 0.005293263506314915
1041.0, 0.006345294780811349
1042.0, 0.006397747404199532
1043.0, 0.005018151457689808
1044.0, 0.004991873383222732
1045.0, 0.004919005962311187
1046.0, 0.004409368663123715
1047.0, 0.003893231481841191
1048.0, 0.0037980744706482255
1049.0, 0.0034031399195840334
1050.0, 0.0036526303887466174
1051.0, 0.004103035032338141
1052.0, 0.004129567459720749
1053.0, 0.0035087454951381585
1054.0, 0.0037006273862806743
1055.0, 0.0022485391396020126
1056.0, 0.0016807986105340082
1057.0, 0.0013642143043647288
1058.0, 0.0008288812256386133
1059.0, 0.001611825631315411
1060.0, 0.0005963368776791767
1061.0, 0.0004857809795258775
1062.0, 0.000623103218582504
1063.0, 0.0005001320018555712
1064.0, 0.0007529975860367483
1065.0, 0.0006706976705056441
1066.0, 0.0006004861327767592
1067.0, 0.0004223017226196006
1068.0, 0.0004844688975606282
1069.0, 0.001928061667701346
1070.0, 0.0013650030055564735
1071.0, 0.0006895183870089488
1072.0, 0.0004660424538852474
1073.0, 0.0007329590500954042
1074.0, 0.0009891308135912616
1075.0, 0.00023915211913709365
1076.0, 0.0005612900617606697
1077.0, 0.0008734270147992109
1078.0, 0.0010111946898417763
1079.0, 0.001471063997558409
1080.0, 0.0017491414283278758
1081.0, 0.0009946777018865886
1082.0, 0.0003127573600738621
1083.0, 0.00010169156879622122
1084.0, 0.0004048241451440527
1085.0, 0.0013665853822929946
1086.0, 0.0022201594520333524
1087.0, 0.002610978101073276
1088.0, 0.0024886365311285567
1089.0, 0.0018957968727350563
1090.0, 0.0007221678007828585
1091.0, 0.0009279752853712638
1092.0, 0.0006601161297222214
1093.0, 0.00035404824083828815
1094.0, 0.0006035520610634167
1095.0, 0.001273522334529551
1096.0, 0.0007260210650016009
1097.0, 0.0004154224396614442
1098.0, 0.0006062909149478925
1099.0, 0.0011236213752763892
1100.0, 0.0012725512093014384
1101.0, 0.0010241717579468849
1102.0, 0.0005093776071915541
1103.0, 0.0002725985867088258
1104.0, 0.0003378908323296421
1105.0, 0.00024036048671996125
1106.0, 0.0005879542183177101
1107.0, 0.000306534390191188
1108.0, 0.0004852335836627719
1109.0, 0.0011646028371780869
1110.0, 0.0017723310138663638
1111.0, 0.0015949549056715822
1112.0, 0.0013289016284274075
1113.0, 0.0012341479185360585
1114.0, 0.0009137912961518221
1115.0, 0.0003003742226521443
1116.0, 0.0014182552099918522
1117.0, 0.0010769086357485674
1118.0, 0.0006666855658543933
1119.0, 0.0005589488021503125
1120.0, 0.001156153457239609
1121.0, 0.00321736432987793
1122.0, 0.006194403542181707
1123.0, 0.008458553932693175
1124.0, 0.008881898187761068
1125.0, 0.00724506814349151
1126.0, 0.004270268610613899
1127.0, 0.001066635154063104
1128.0, 0.0006610741521272144
1129.0, 0.0006898506364728493
1130.0, 0.0006247308294843961
1131.0, 0.0008571472101039621
1132.0, 0.001396220736536599
1133.0, 0.0013465700258506097
1134.0, 0.0009002327868526705
1135.0, 0.0010611050544259842
1136.0, 0.001976911737998986
1137.0, 0.0007179163566232549
1138.0, 0.000942354129563764
1139.0, 0.0014266226433991992
1140.0, 0.0012882185150846655
1141.0, 0.000494939990902494
1142.0, 0.00010116769266905459
1143.0, 0.0012023923720420513
1144.0, 0.0014567316526612488
1145.0, 0.0013859660289896976
1146.0, 0.0014764018973299228
1147.0, 0.002030339183816232
1148.0, 0.0021891325053326736
1149.0, 0.001524988860588149
1150.0, 0.00265025342885386
1151.0, 0.0034146950749059956
1152.0, 0.002396751639561791
1153.0, 0.004356781995081498
1154.0, 0.004865859663514404
1155.0, 0.005192046603998422
1156.0, 0.005054350165090041
1157.0, 0.0051831775332237305
1158.0, 0.007552944379429973
1159.0, 0.006627494943767848
1160.0, 0.007096547797325279
1161.0, 0.007180351388257839
1162.0, 0.006978017341062458
1163.0, 0.007269260151002618
1164.0, 0.006265785417227806
1165.0, 0.0056957102495990624
1166.0, 0.005909034647308065
1167.0, 0.005954606515190759
1168.0, 0.005197763725644938
1169.0, 0.004347708669909874
1170.0, 0.004902022980389875
1171.0, 0.004698814461906789
1172.0, 0.004513041603961459
1173.0, 0.004144463748441416
1174.0, 0.0027279869996824917
1175.0, 0.0039796122694391485
1176.0, 0.002631777000286867
1177.0, 0.0028384481260379677
1178.0, 0.003713658671982127
1179.0, 0.003147463964058576
1180.0, 0.0009632046586836511
1181.0, 0.003142123693337323
1182.0, 0.0027573416629401684
1183.0, 0.002437389778665703
1184.0, 0.0033258272711686712
1185.0, 0.003509454784632412
1186.0, 0.0027869187777497815
1187.0, 0.0022750601348180952
1188.0, 0.0018504338950416106
1189.0, 0.001512301858531144
1190.0, 0.0013166264577530238
1191.0, 0.0013274910994885414
1192.0, 0.0009270013595302582
1193.0, 0.0011303216731299653
1194.0, 0.0013313253224563908
1195.0, 0.0010159645905813879
1196.0, 0.00021638380397173294
1197.0, 0.0008741454450817442
1198.0, 0.0006109227610688776
1199.0, 0.0005378028518793063
1200.0, 0.0005240429289278095
1201.0, 0.00025696568497607397
1202.0, 0.0021247210954965456
1203.0, 0.0007013112772912824
1204.0, 0.0012618459637072186
1205.0, 0.0016595929920509521
1206.0, 0.0006488180501485371
1207.0, 0.00023573143702841572
1208.0, 0.0006615116749516926
1209.0, 0.0013694007633205153
1210.0, 0.0012048008239707786
1211.0, 0.0006243229794504165
1212.0, 0.0006905650456668481
1213.0, 0.0011452276306697581
1214.0, 0.00045711109374174923
1215.0, 0.0004117972118884674
1216.0, 0.0005329818468813754
1217.0, 0.00041384518032201874
1218.0, 0.00028094356545972144
1219.0, 0.002484707597988684
1220.0, 0.0018684648482514363
1221.0, 0.0017541011244286407
1222.0, 0.0018417212550930978
1223.0, 0.0009493348816871527
1224.0, 0.0009940148149020598
1225.0, 0.0015829107643806604
1226.0, 0.0019402477878794934
1227.0, 0.0017675323774067558
1228.0, 0.0014643100640165825
1229.0, 0.001928495683821641
1230.0, 0.0011981967828753955
1231.0, 0.0017513920452826473
1232.0, 0.00195446561993355
1233.0, 0.0015981279948314804
1234.0, 0.0012025196356050686
1235.0, 0.0018675923049728412
1236.0, 0.0018889492780501936
1237.0, 0.0018543754575754176
1238.0, 0.0014337785085437552
1239.0, 0.0009128126166577277
1240.0, 0.0009034388127155919
1241.0, 0.0007988921231530872
1242.0, 0.0005909431588428233
1243.0, 0.0006267993810203295
1244.0, 0.0009219562556957028
1245.0, 0.0012018339781374717
1246.0, 0.0009078088599822269
1247.0, 0.0015189680241804043
1248.0, 0.0015566808044320157
1249.0, 0.0022461043014765213
1250.0, 0.0027950652277812273
1251.0, 0.0020655587266698297
1252.0, 0.0010397480147627642
1253.0, 0.00189955898199867
1254.0, 0.0021217867980179244
1255.0, 0.0026730868234064275
1256.0, 0.0033820502652911043
1257.0, 0.003020688583009449
1258.0, 0.00263039837962576
1259.0, 0.002257757952003318
1260.0, 0.0024408631049856514
1261.0, 0.0024659813680923274
1262.0, 0.0018634805468717675
1263.0, 0.0011219070393929257
1264.0, 0.002024817743560248
1265.0, 0.0028631309785413514
1266.0, 0.002083888946733309
1267.0, 0.0008988701560946959
1268.0, 0.0011512845486182643
1269.0, 0.002538998724191604
1270.0, 0.0018333976857963846
1271.0, 0.0019470023123281893
1272.0, 0.002085501446337607
1273.0, 0.00207844245343915
1274.0, 0.0023318001852139962
1275.0, 0.002230405576576713
1276.0, 0.0022248681681918555
1277.0, 0.0017332056928066406
1278.0, 0.0015907914457951775
1279.0, 0.0019676326817151856
1280.0, 0.0019023922972545334
1281.0, 0.0016661217011953522
1282.0, 0.0007340191902063988
1283.0, 0.0007436825871367583
1284.0, 0.0015624515405958603
1285.0, 0.00222318550265783
1286.0, 0.001390327272924382
1287.0, 0.0005982311878092215
1288.0, 0.002011699959221437
1289.0, 0.0021888075303822937
1290.0, 0.001021475305916245
1291.0, 0.0002529821180759142
1292.0, 0.0014787841162309553
1293.0, 0.0016239099226816457
1294.0, 0.0012232151427219494
1295.0, 0.0010112896064941655
1296.0, 0.0008106801212422911
1297.0, 8.835834820346332e-05
1298.0, 0.00033826546086995383
1299.0, 0.0005065150516733923
1300.0, 0.0006791765319371007
1301.0, 0.0009068266636503413
1302.0, 0.0010986377982485122
1303.0, 0.0010214471603478992
1304.0, 0.0003556027052109775
1305.0, 0.00018504971409886694
1306.0, 0.00016843261736773876
1307.0, 0.0005716626905360665
1308.0, 0.0010510504677716385
1309.0, 0.00042482154993112595
1310.0, 0.0007418530491127161
1311.0, 0.001279997731378607
1312.0, 0.0008509684246412136
1313.0, 0.0003590299027226994
1314.0, 0.000721993069746799
1315.0, 0.0015511370265086995
1316.0, 0.0012517220493491168
1317.0, 0.0015370648268578071
1318.0, 0.0018163348102116592
1319.0, 0.0018998412022333217
1320.0, 0.0018184267825284023
1321.0, 0.0016780151852328448
1322.0, 0.0020503359668421536
1323.0, 0.0013085073706676643
1324.0, 0.0011234260088732885
1325.0, 0.0017878959879523888
1326.0, 0.0025156075152374903
1327.0, 0.0017699928575631383
1328.0, 0.0038343320822169344
1329.0, 0.004412264074019599
1330.0, 0.003995596700632072
1331.0, 0.0029772229007890604
1332.0, 0.0020309363856233884
1333.0, 0.0034833215114819095
1334.0, 0.0029866223578660185
1335.0, 0.003392582740661774
1336.0, 0.0035928015914468746
1337.0, 0.003416984491927126
1338.0, 0.0033425291072271997
1339.0, 0.0030493685176656506
1340.0, 0.003541870716199851
1341.0, 0.0033093156785658374
1342.0, 0.0037072563782509674
1343.0, 0.00446958157777709
1344.0, 0.004176178959963023
1345.0, 0.002363762053001041
1346.0, 0.0029924341954945632
1347.0, 0.0037675388878457023
1348.0, 0.004066120043096553
1349.0, 0.003462536835842847
1350.0, 0.002248820623877703
1351.0, 0.0035871077144172783
1352.0, 0.00239515355212427
1353.0, 0.0018874555370488781
1354.0, 0.0018748170918918448
1355.0, 0.002154009662475673
1356.0, 0.0026116177369321625
1357.0, 0.0024176105115328544
1358.0, 0.0017659383192404501
1359.0, 0.0027883999222325434
1360.0, 0.003385980178105455
1361.0, 0.0026069274555098735
1362.0, 0.0010750024758374515
1363.0, 0.0006379835806775557
1364.0, 0.0015754607232076276
1365.0, 0.0017753936706080887
1366.0, 0.001990295179093644
1367.0, 0.002141789025682991
1368.0, 0.0016776492961973364
1369.0, 0.0011585381029655495
1370.0, 0.0027539803692495173
1371.0, 0.001512537042241027
1372.0, 0.0007769597673706577
1373.0, 0.0014817710052151194
1374.0, 0.00238826189991108
1375.0, 0.0018981511189901906
1376.0, 0.002204986899350816
1377.0, 0.0012621537983996617
1378.0, 0.0010854011356240276
1379.0, 0.0020197672304238285
1380.0, 0.002872804899119044
1381.0, 0.0014583886288446336
1382.0, 0.0018759808681029014
1383.0, 0.002260898912187659
1384.0, 0.0031152448530665376
1385.0, 0.003030755543989003
1386.0, 0.0016744304098488807
1387.0, 0.0028061455782353775
1388.0, 0.0019482602071028321
1389.0, 0.001748503494781609
1390.0, 0.0018117470536508984
1391.0, 0.0017859416256229038
1392.0, 0.0017066236479318388
1393.0, 0.0021334193903270863
1394.0, 0.001939420639837445
1395.0, 0.002676673754088496
1396.0, 0.0032774023347754656
1397.0, 0.003576887890705652
1398.0, 0.003457686491120714
1399.0, 0.0026232809796092127
1400.0, 0.0018504103872400372
1401.0, 0.002345155083433959
1402.0, 0.0028290249716219464
1403.0, 0.003349602295200908
1404.0, 0.003715353907154224
1405.0, 0.0035382661987564666
1406.0, 0.00429336170443699
1407.0, 0.0033637785772936426
1408.0, 0.0039703632567613415
1409.0, 0.0038267791753119266
1410.0, 0.0030231326223071134
1411.0, 0.003145829401470453
1412.0, 0.0023642320010514163
1413.0, 0.003683726289405899
1414.0, 0.003757241107753833
1415.0, 0.0033280893074453524
1416.0, 0.003329587510334316
1417.0, 0.003910630261979212
1418.0, 0.0035789617361879434
1419.0, 0.002288309081236097
1420.0, 0.0016444770952590703
1421.0, 0.002003957985892387
1422.0, 0.002742388831680697
1423.0, 0.0027689918017187202
1424.0, 0.0012371489224917186
1425.0, 0.0011248141791711421
1426.0, 0.0010967195316801976
1427.0, 0.0009934814963503528
1428.0, 0.0011246995144635018
1429.0, 0.0015879871025700364
1430.0, 0.002087288263120152
1431.0, 0.002057118321727105
1432.0, 0.0013260714306698403
1433.0, 0.001655135739594663
1434.0, 0.002052238417326354
1435.0, 0.001951031286307233
1436.0, 0.0016266218347797284
1437.0, 0.0021540698018991705
1438.0, 0.003161906638367798
1439.0, 0.0021976008186512207
1440.0, 0.0026992766345385324
1441.0, 0.0034154662349541345
1442.0, 0.002794721618142237
1443.0, 0.0023949345977547754
1444.0, 0.002692921246306766
1445.0, 0.0022889841616499833
1446.0, 0.0015105135752758489
1447.0, 0.0022993165097373257
1448.0, 0.003675513334687493
1449.0, 0.0025545682346759914
1450.0, 0.002203997055231178
1451.0, 0.002966625791316224
1452.0, 0.002169247027982453
1453.0, 0.002006846415712521
1454.0, 0.0021683304728008957
1455.0, 0.0014926028131491617
1456.0, 0.001298227112621632
1457.0, 0.0009296154446030993
1458.0, 0.0006335980492119751
1459.0, 0.0016876938976839893
1460.0, 0.0032408410039216147
1461.0, 0.0036207569157010455
1462.0, 0.0018926962918888873
1463.0, 0.0025056991420806317
1464.0, 0.002225030990068609
1465.0, 0.0015391284967589776
1466.0, 0.001599888219630016
1467.0, 0.0018448264906489181
1468.0, 0.0011812334725229596
1469.0, 0.0009433547774512921
1470.0, 0.0031715013979071944
1471.0, 0.002921039860276713
1472.0, 0.0021243016669431625
1473.0, 0.002000915844672537
1474.0, 0.0021062400039425235
1475.0, 0.0008512837919847068
1476.0, 0.0027491998377410106
1477.0, 0.001563198680835768
1478.0, 0.001832184383725561
1479.0, 0.0014771979633253366
1480.0, 0.0007634534642596932
1481.0, 0.0016653351109042877
1482.0, 0.003363318179540722
1483.0, 0.002499350849247926
1484.0, 0.0015816224079728766
1485.0, 0.0006105218175726885
1486.0, 0.0003372958639124208
1487.0, 0.0006236689176823034
1488.0, 0.00014678018970810502
1489.0, 0.0005469690592783569
1490.0, 0.000988720459173281
1491.0, 0.0013035766487990384
1492.0, 0.0011730349579492573
1493.0, 0.0009232850936417036
1494.0, 0.0010250865983623286
1495.0, 0.001173261488091971
1496.0, 0.0007917867050190597
1497.0, 0.0010886233508026896
1498.0, 0.002421308795369082
1499.0, 0.0025389602544054752
1500.0, 0.0014452186703053445
1501.0, 0.0015697749703853215
1502.0, 0.00031630254508939676
1503.0, 0.0014824567859394071
1504.0, 0.0020445527721457144
1505.0, 0.0025355245128383668
1506.0, 0.0028693783409615616
1507.0, 0.0028385352892139285
1508.0, 0.0027853968302072787
1509.0, 0.00199742850780542
1510.0, 0.0021643685659258525
1511.0, 0.0018693001196068023
1512.0, 0.0014362116306121829
1513.0, 0.001129136412158578
1514.0, 0.000797888814425207
1515.0, 9.018460129165995e-05
1516.0, 0.00010051033027326068
1517.0, 0.0013709573526855142
1518.0, 0.0016911611975688663
1519.0, 0.0014361016653126678
1520.0, 0.0014607406808287956
1521.0, 0.0018047835996762053
1522.0, 0.0012309616476244554
1523.0, 0.0015882697464242724
1524.0, 0.0005725145958375129
1525, 0.0
1526, 0.0
1527, 0.0
1528, 0.0
1529, 0.0
1530, 0.0
1531, 0.0
1532, 0.0
1533, 0.0
1534, 0.0
1535, 0.0
1536, 0.0
1537, 0.0
1538, 0.0
1539, 0.0
1540, 0.0
1541, 0.0
1542, 0.0
1543, 0.0
1544, 0.0
1545, 0.0
1546, 0.0
1547, 0.0
1548, 0.0
1549, 0.0
1550, 0.0
1551, 0.0
1552, 0.0
1553, 0.0
1554, 0.0
1555, 0.0
1556, 0.0
1557, 0.0
1558, 0.0
1559, 0.0
1560, 0.0
1561, 0.0
1562, 0.0
1563, 0.0
1564, 0.0
1565, 0.0
1566, 0.0
1567, 0.0
1568, 0.0
1569, 0.0
1570, 0.0
1571, 0.0
1572, 0.0
1573, 0.0
1574, 0.0
1575, 0.0
1576, 0.0
1577, 0.0
1578, 0.0
1579, 0.0
1580, 0.0
1581, 0.0
1582, 0.0
1583, 0.0
1584, 0.0
1585, 0.0
1586, 0.0
1587, 0.0
1588, 0.0
1589, 0.0
1590, 0.0
1591, 0.0
1592, 0.0
1593, 0.0
1594, 0.0
1595, 0.0
1596, 0.0
1597, 0.0
1598, 0.0
1599, 0.0
