30, 0.0
31, 0.0
32, 0.0
33, 0.0
34, 0.0
35, 0.0
36, 0.0
37, 0.0
38, 0.0
39, 0.0
40, 0.0
41, 0.0
42, 0.0
43, 0.0
44, 0.0
45, 0.0
46, 0.0
47, 0.0
48, 0.0
49, 0.0
50, 0.0
51, 0.0
52, 0.0
53, 0.0
54, 0.0
55, 0.0
56, 0.0
57, 0.0
58, 0.0
59, 0.0
60, 0.0
61, 0.0
62, 0.0
63, 0.0
64, 0.0
65, 0.0
66, 0.0
67, 0.0
68, 0.0
69, 0.0
70, 0.0
71, 0.0
72, 0.0
73, 0.0
74, 0.0
75, 0.0
76, 0.0
77, 0.0
78, 0.0
79, 0.0
80, 0.0
81, 0.0
82, 0.0
83, 0.0
84, 0.0
85, 0.0
86, 0.0
87, 0.0
88, 0.0
89, 0.0
90, 0.0
91, 0.0
92, 0.0
93, 0.0
94, 0.0
95, 0.0
96, 0.0
97, 0.0
98, 0.0
99, 0.0
100, 0.0
101, 0.0
102, 0.0
103, 0.0
104, 0.0
105, 0.0
106, 0.0
107, 0.0
108, 0.0
109, 0.0
110, 0.0
111, 0.0
112, 0.0
113, 0.0
114, 0.0
115, 0.0
116, 0.0
117, 0.0
118, 0.0
119, 0.0
120, 0.0
121, 0.0
122, 0.0
123, 0.0
124, 0.0
125, 0.0
126, 0.0
127, 0.0
128.0, 0.0005770707790906538
129.0, 0.013779088084717091
130.0, 0.01606527591457874
131.0, 0.025643245245875128
132.0, 0.03364273570130298
133.0, 0.02918653404606311
134.0, 0.03857629295311781
135.0, 0.04443346992229577
136.0, 0.04448883818567042
137.0, 0.042785071064905214
138.0, 0.0442512392006432
139.0, 0.05611149488807721
140.0, 0.055479012447422774
141.0, 0.041724407357468345
142.0, 0.042850931700908104
143.0, 0.05264313439189205
144.0, 0.06339211781221187
145.0, 0.07193505923220608
146.0, 0.08618567670615797
147.0, 0.07603895138474896
148.0, 0.061205893876732545
149.0, 0.04911416479047009
150.0, 0.03565657361520919
151.0, 0.02170935935099987
152.0, 0.01485945870645005
153.0, 0.008984229748654721
154.0, 0.0009638561853219474
155.0, 0.0010322821485125098
156.0, 0.003654315069578541
157.0, 0.004971202301891244
158.0, 0.0032490559524828567
159.0, 0.010073437506555448
160.0, 0.003516803174203352
161.0, 0.0007941710083030355
162.0, 0.00208419615975052
163.0, 0.011098936302445286
164.0, 0.0036777442437327676
165.0, 0.006196843570732518
166.0, 0.017352632622848953
167.0, 0.020708813758064777
168.0, 0.010072823929052453
169.0, 0.0068808970282066674
170.0, 0.014107688742747952
171.0, 0.023448679408363548
172.0, 0.019322423454833114
173.0, 0.020182665667674172
174.0, 0.02351583638802609
175.0, 0.02802624240718384
176.0, 0.04016355917121928
177.0, 0.037940417941088156
178.0, 0.04156150798016591
179.0, 0.050759418590389044
180.0, 0.05085931424876921
181.0, 0.07088569330400847
182.0, 0.07803975415095159
183.0, 0.07795336587656654
184.0, 0.08632098230077827
185.0, 0.08263987718290206
186.0, 0.08596297783436663
187.0, 0.0982944118968649
188.0, 0.11075424405955851
189.0, 0.1131500043833946
190.0, 0.13431707110107355
191.0, 0.1499887558791602
192.0, 0.15113256659349034
193.0, 0.15808409018104777
194.0, 0.19400041745731275
195.0, 0.20301854873348726
196.0, 0.1953568877657695
197.0, 0.19653750296806546
198.0, 0.1990729559303036
199.0, 0.2109518732628878
200.0, 0.2204565297949574
201.0, 0.22118309853684417
202.0, 0.2215119724938107
203.0, 0.23550447879514522
204.0, 0.23964679439629943
205.0, 0.23805300594526943
206.0, 0.2497131883522027
207.0, 0.24228743636170255
208.0, 0.24556708418112932
209.0, 0.25477778005822665
210.0, 0.2581323049146755
211.0, 0.2666674223429116
212.0, 0.2615830997261845
213.0, 0.26402100555229563
214.0, 0.27349674435969445
215.0, 0.2649768958901269
216.0, 0.2613188925994311
217.0, 0.26852357575899005
218.0, 0.2761744101437011
219.0, 0.2707142240617583
220.0, 0.24716394968861596
221.0, 0.23932288407301053
222.0, 0.2231785886845006
223.0, 0.18531167175361232
224.0, 0.18436824028081342
225.0, 0.1864491960167738
226.0, 0.1763717832964781
227.0, 0.15642797681411152
228.0, 0.14294383856448267
229.0, 0.12889070410816417
230.0, 0.12649477504400344
231.0, 0.11877996942050109
232.0, 0.10028960467010734
233.0, 0.10334938919683727
234.0, 0.10107529077071724
235.0, 0.0939273859525861
236.0, 0.08817337022321499
237.0, 0.08442412855609902
238.0, 0.07528990591423115
239.0, 0.06951016924283107
240.0, 0.06572352081282475
241.0, 0.058385501792524455
242.0, 0.04236782233523956
243.0, 0.04843262389051596
244.0, 0.049048688573880374
245.0, 0.03533169839824945
246.0, 0.02275088132975793
247.0, 0.026004505934552412
248.0, 0.030474337647675022
249.0, 0.02774474594453029
250.0, 0.01717219270998359
251.0, 0.02432217590265876
252.0, 0.023792998119043462
253.0, 0.018150812000351752
254.0, 0.011630994787651467
255.0, 0.0036470262507323245
256.0, 0.003555320546247203
257.0, 0.012557332984441678
258.0, 0.01371957347108014
259.0, 0.0035544489446400515
260.0, 0.009675220116272186
261.0, 0.011381235894703969
262.0, 0.013511705271363176
263.0, 0.01565967785446809
264.0, 0.008593751366741335
265.0, 0.012954627722135653
266.0, 0.015719360644254873
267.0, 0.012094049150814365
268.0, 0.013373706543199712
269.0, 0.011986201972803416
270.0, 0.019250460047579722
271.0, 0.016982030050594114
272.0, 0.02487949572739381
273.0, 0.02481896342207052
274.0, 0.020488180834038708
275.0, 0.015643436818941404
276.0, 0.01574521230916666
277.0, 0.02633479184105749
278.0, 0.010243922617868544
279.0, 0.024439087823803225
280.0, 0.030231193453502118
281.0, 0.023881621080561657
282.0, 0.02741279543789321
283.0, 0.025910070475322577
284.0, 0.020803465401260175
285.0, 0.020961078783058012
286.0, 0.024444555819504485
287.0, 0.020507284088475276
288.0, 0.020247026612563456
289.0, 0.017856518240989574
290.0, 0.01979048947892084
291.0, 0.027968196011835096
292.0, 0.02484481898587971
293.0, 0.013739750161901203
294.0, 0.011056780297014786
295.0, 0.014394024904290061
296.0, 0.011194860095934317
297.0, 0.006818082517054776
298.0, 0.01165640691280012
299.0, 0.008412625945953668
300.0, 0.003701871102403207
301.0, 0.0007362772440150097
302.0, 0.014730797008549104
303.0, 0.005526554967357899
304.0, 0.005223725716085069
305.0, 0.01078402221611939
306.0, 0.0020110853977834777
307.0, 0.004902714262754568
308.0, 0.002575286485064241
309.0, 0.0030780926741432756
310.0, 0.006375943709611394
311.0, 0.0011299174126836837
312.0, 0.0015821980440009625
313.0, 0.001609589011270147
314.0, 0.004116288304334168
315.0, 0.003076595411364889
316.0, 0.0016580056172787127
317.0, 0.00277205580534428
318.0, 0.00873628207719988
319.0, 0.005372660094849184
320.0, 0.0023994162903774024
321.0, 0.002199314912021601
322.0, 0.002068194500191238
323.0, 0.003712118563264894
324.0, 0.0005926345080647833
325.0, 0.0024627466463926512
326.0, 0.000696170079843615
327.0, 0.005530184362649388
328.0, 0.010250834960381093
329.0, 0.0070689775294391155
330.0, 0.01496064508969849
331.0, 0.011447512096135787
332.0, 0.007265729888243829
333.0, 0.008665636974039805
334.0, 0.0015857648300494338
335.0, 0.005190388762772131
336.0, 0.009801982505865748
337.0, 0.010461512456949472
338.0, 0.009462382249489455
339.0, 0.01157235560803655
340.0, 0.020756255656655415
341.0, 0.023618337483720775
342.0, 0.021108582373302136
343.0, 0.022729941116337683
344.0, 0.02989157320444718
345.0, 0.03199667462492106
346.0, 0.03461058857085906
347.0, 0.03967138440237591
348.0, 0.04522960494437036
349.0, 0.048439161141356574
350.0, 0.051464487455793455
351.0, 0.055943877421109824
352.0, 0.05909614036129444
353.0, 0.06387309051197834
354.0, 0.06525381990847677
355.0, 0.07145794460875891
356.0, 0.07817415458351286
357.0, 0.08063987001779521
358.0, 0.0803279983260573
359.0, 0.07004549473741109
360.0, 0.05442144838991721
361.0, 0.039541748754426974
362.0, 0.03175025491511767
363.0, 0.03530806222749012
364.0, 0.041184894551224385
365.0, 0.03310247888637087
366.0, 0.025959828837248625
367.0, 0.028222351312455395
368.0, 0.022081447645085128
369.0, 0.02539374316365888
370.0, 0.02519663689288221
371.0, 0.022562900823920488
372.0, 0.022685382569137442
373.0, 0.02355879655164312
374.0, 0.023980399582109072
375.0, 0.022343485775630972
376.0, 0.016648611908383956
377.0, 0.007342857615560436
378.0, 0.0019666277264009085
379.0, 0.013460778372173049
380.0, 0.015361647086097769
381.0, 0.010245383021252191
382.0, 0.012001769220408506
383.0, 0.008178564351266125
384.0, 0.003779000162991128
385.0, 0.00401066948216219
386.0, 0.0034351900646268016
387.0, 0.0013741538670727568
388.0, 0.009379320540689125
389.0, 0.009670151090891067
390.0, 0.009621539216781163
391.0, 0.01024219267196486
392.0, 0.00874141425166618
393.0, 0.007703017584400922
394.0, 0.01688855821065025
395.0, 0.011966993097623405
396.0, 0.0030595809602280088
397.0, 0.008257403143616981
398.0, 0.002007980597908239
399.0, 0.0009833032573525683
400.0, 0.0007452654609654514
401.0, 0.004003919416321609
402.0, 0.011484561222256266
403.0, 0.0023531565072586838
404.0, 0.002882359776436227
405.0, 0.0010399827939149664
406.0, 0.005108908516600644
407.0, 0.006271435284063116
408.0, 0.0058603779919435845
409.0, 0.001303268473258004
410.0, 0.006557420122616514
411.0, 0.009664490210572998
412.0, 0.011918948358579264
413.0, 0.003458860059905535
414.0, 0.007069527728162004
415.0, 0.01254507100182343
416.0, 0.00856110311807565
417.0, 0.008666441306158151
418.0, 0.011011999818892233
419.0, 0.016739739513302276
420.0, 0.014107016481365127
421.0, 0.011785187995010538
422.0, 0.014807522290368004
423.0, 0.012321271790727633
424.0, 0.01678823688532631
425.0, 0.015853921045504815
426.0, 0.013537081278736573
427.0, 0.015137124887238786
428.0, 0.019280098873298023
429.0, 0.02432233432097043
430.0, 0.01776221196280667
431.0, 0.013575529370922424
432.0, 0.018138550585131693
433.0, 0.021613224254278227
434.0, 0.020157489344592175
435.0, 0.0244756053207818
436.0, 0.025264380174540954
437.0, 0.02384887126226326
438.0, 0.026942829510054965
439.0, 0.020086557525910244
440.0, 0.028151799619496275
441.0, 0.03242630898057474
442.0, 0.028905786522225557
443.0, 0.027034472558746553
444.0, 0.03144739376071437
445.0, 0.035557669215297835
446.0, 0.03522606671968791
447.0, 0.032152454507830254
448.0, 0.03044097677885716
449.0, 0.03403583028876267
450.0, 0.029309132227441033
451.0, 0.028933748878561382
452.0, 0.030460355775220802
453.0, 0.0286959408891675
454.0, 0.025345903465475682
455.0, 0.024366665987970677
456.0, 0.029581328974842003
457.0, 0.02590436309614124
458.0, 0.01952007028972517
459.0, 0.029447817895241625
460.0, 0.029247753242525685
461.0, 0.02693029768299042
462.0, 0.02591730523183316
463.0, 0.02627790284549282
464.0, 0.025515653599310035
465.0, 0.016168110882500194
466.0, 0.017465511769425242
467.0, 0.014995632036355669
468.0, 0.020171356913074357
469.0, 0.014070916519570795
470.0, 0.013456239204464902
471.0, 0.01281068045607483
472.0, 0.013066940997962389
473.0, 0.013067698659855005
474.0, 0.013201390197642717
475.0, 0.012459254525112564
476.0, 0.011682302099507422
477.0, 0.013487349411911072
478.0, 0.014984616754130278
479.0, 0.015857037663056697
480.0, 0.015045479361882575
481.0, 0.013585164031147566
482.0, 0.02091963314155064
483.0, 0.018773593291561107
484.0, 0.010957060336231091
485.0, 0.011522362708439936
486.0, 0.015678496959040396
487.0, 0.017789920610363878
488.0, 0.01621353312037323
489.0, 0.01758308140693915
490.0, 0.01843532759840969
491.0, 0.011366946893905936
492.0, 0.006901195948049003
493.0, 0.008772486211776393
494.0, 0.011405215552051989
495.0, 0.01193057197563267
496.0, 0.011716179318956198
497.0, 0.013771476199134417
498.0, 0.013662187349064001
499.0, 0.005893030651501617
500.0, 0.004819111327397188
501.0, 0.011951851696846599
502.0, 0.012195103537491246
503.0, 0.016070642073215385
504.0, 0.016128904613689612
505.0, 0.012540703235507673
506.0, 0.008989192798119171
507.0, 0.008155950704764795
508.0, 0.01057291544441234
509.0, 0.007364539312023392
510.0, 0.0110532240531754
511.0, 0.01021414592692593
512.0, 0.008963155172031622
513.0, 0.009915286134302925
514.0, 0.008766137894747261
515.0, 0.004456765118490745
516.0, 0.0019255205047229583
517.0, 0.006807260047137542
518.0, 0.00983192021438514
519.0, 0.004813560432273329
520.0, 0.00943774930088878
521.0, 0.006477003199817658
522.0, 0.007051536479704909
523.0, 0.0088955298105229
524.0, 0.000696877956297184
525.0, 0.0032412299233889903
526.0, 0.013339087867578798
527.0, 0.011881585367685358
528.0, 0.006256630132111129
529.0, 0.004839781016010402
530.0, 0.0017197296549419385
531.0, 0.002818067686941532
532.0, 0.0023737982512528734
533.0, 0.004141770469784456
534.0, 0.010130947890917065
535.0, 0.0068084661005970454
536.0, 0.0016533005049561382
537.0, 0.005178151704094662
538.0, 0.009453988606722315
539.0, 0.005784877562785452
540.0, 0.0012117523365025623
541.0, 0.0016015888275543533
542.0, 0.0031318447396508106
543.0, 0.005418265429041563
544.0, 0.001515503060814901
545.0, 0.0005202701900627747
546.0, 0.005341679647183255
547.0, 0.009331456062964436
548.0, 0.0013843356631211676
549.0, 0.0014677804211097574
550.0, 0.0024430712947129105
551.0, 0.0022162601037838798
552.0, 0.005585362480262386
553.0, 0.0037236221911324365
554.0, 0.0022776530704931896
555.0, 0.0009565701869427476
556.0, 0.004154485009988383
557.0, 0.00809005083080925
558.0, 0.01073077667462646
559.0, 0.004667987315396099
560.0, 0.007352050166776016
561.0, 0.009334306283052917
562.0, 0.006642322867662586
563.0, 0.006308905741673445
564.0, 0.005362956461928067
565.0, 0.00911482022386702
566.0, 0.008178606740297653
567.0, 0.011839027180745042
568.0, 0.011726020814982554
569.0, 0.008209204574705153
570.0, 0.011022630265110083
571.0, 0.01350938814674118
572.0, 0.01286072293417784
573.0, 0.008748142969000642
574.0, 0.009560076203324917
575.0, 0.010569380350402505
576.0, 0.012393823322288122
577.0, 0.003925528228442291
578.0, 0.006488486362642048
579.0, 0.011079583731353398
580.0, 0.0075460523748743106
581.0, 0.0037784910583612075
582.0, 0.012264782487515365
583.0, 0.008561039820146821
584.0, 0.011066278472416292
585.0, 0.01375083545034791
586.0, 0.00876731289405434
587.0, 0.0010863100817146288
588.0, 0.0067738279283250345
589.0, 0.0018577969825984697
590.0, 0.0030724605173802957
591.0, 0.004826647361678824
592.0, 0.006393804841196511
593.0, 0.008054141522096912
594.0, 0.005835710416084415
595.0, 0.011278094600230576
596.0, 0.01312417838004367
597.0, 0.003560814194061033
598.0, 0.0015716927349087991
599.0, 0.006458601737468808
600.0, 0.005624709281012072
601.0, 0.007385138888781281
602.0, 0.005209433020340111
603.0, 0.00323299868356063
604.0, 0.004457180717694023
605.0, 0.005204472744340575
606.0, 0.0066720029249273585
607.0, 0.011377033348474768
608.0, 0.00808805514273259
609.0, 0.004186908833404255
610.0, 0.005976820191549072
611.0, 0.006807181326138486
612.0, 0.0016245545461694487
613.0, 0.0014391268756403402
614.0, 0.0022150455190140354
615.0, 0.004799115803312312
616.0, 0.009761270946044951
617.0, 0.0012043614081288215
618.0, 0.006052140538900863
619.0, 0.005402098806302764
620.0, 0.009102000666825545
621.0, 0.009408613146789035
622.0, 0.006156725108784212
623.0, 0.006584646168309395
624.0, 0.0035673670998172162
625.0, 0.0016167609494533977
626.0, 0.0023697476024117704
627.0, 0.003802167894326227
628.0, 0.012200573744420904
629.0, 0.009797785920217131
630.0, 0.009167071039097592
631.0, 0.005659239050162618
632.0, 0.004815756171045921
633.0, 0.009816247378846756
634.0, 0.011126572834210398
635.0, 0.007395593441579653
636.0, 0.010592907643462057
637.0, 0.011810693056241515
638.0, 0.008938697981429763
639.0, 0.0022665645159417754
640.0, 0.0006737612310718817
641.0, 0.0038400329368258853
642.0, 0.010560561676708512
643.0, 0.01648887417666086
644.0, 0.017997671557097757
645.0, 0.012635591096544638
646.0, 0.01570554061036047
647.0, 0.01908757494063022
648.0, 0.008438164260823978
649.0, 0.00044184080109960997
650.0, 0.010727706124249748
651.0, 0.018047788078935822
652.0, 0.012782461486778135
653.0, 0.009920308547214169
654.0, 0.017641904924312408
655.0, 0.01597445789500567
656.0, 0.009384785417746393
657.0, 0.007231718051768851
658.0, 0.011646104710305886
659.0, 0.017228829133560702
660.0, 0.016720199791602865
661.0, 0.010153917008088948
662.0, 0.010775820936174503
663.0, 0.019224876119317457
664.0, 0.013583187488811627
665.0, 0.014546598975181438
666.0, 0.017602188413789764
667.0, 0.010272971904870235
668.0, 0.01135649557447779
669.0, 0.014153544920133833
670.0, 0.01214878358996613
671.0, 0.01202415010202771
672.0, 0.01001269587829385
673.0, 0.007517234117851498
674.0, 0.011338044491860497
675.0, 0.006413211379703597
676.0, 0.003837034493212469
677.0, 0.01645699745975567
678.0, 0.017765464170660005
679.0, 0.0072552766935312
680.0, 0.007415519006678235
681.0, 0.014086986820296554
682.0, 0.00505432559256341
683.0, 0.009876056458864428
684.0, 0.005018574830848992
685.0, 0.0037569425114692178
686.0, 0.011494547067543126
687.0, 0.009148367495590306
688.0, 0.006819103009457746
689.0, 0.004033133524897158
690.0, 0.008891049456358026
691.0, 0.011684066952322063
692.0, 0.011307682474528749
693.0, 0.013250091430314125
694.0, 0.014674487354804535
695.0, 0.01092397641085381
696.0, 0.010860534230192306
697.0, 0.0057876148298029425
698.0, 0.006680485174022955
699.0, 0.01145326257428195
700.0, 0.004824279236900367
701.0, 0.00039916493711828974
702.0, 0.01070816966487519
703.0, 0.0027491404602311164
704.0, 0.004493250158031153
705.0, 0.0022916555878847154
706.0, 0.0010140310503280008
707.0, 0.0008788314770270136
708.0, 0.0061914054632316974
709.0, 0.009151477093184502
710.0, 0.002451366504888378
711.0, 0.000733711850259943
712.0, 0.004138040617737242
713.0, 0.004581507044160435
714.0, 0.0008940549331211727
715.0, 0.001072254107579223
716.0, 0.005789497068440728
717.0, 0.007626638197151289
718.0, 0.005718410100835019
719.0, 0.003982288615917652
720.0, 0.005610136077774733
721.0, 0.009542748168265813
722.0, 0.00990823409984069
723.0, 0.005959691801952638
724.0, 0.0061714536043176536
725.0, 0.0032250644610485285
726.0, 0.0015717129103787085
727.0, 0.0029520453486182948
728.0, 0.002087625283112363
729.0, 0.004374512257501884
730.0, 0.011854918268156446
731.0, 0.006938500759200346
732.0, 0.0006880498815342922
733.0, 0.001622607687898236
734.0, 0.001929237250381511
735.0, 0.006029849369886796
736.0, 0.001133176795038982
737.0, 0.003805208069784803
738.0, 0.0034755923262229905
739.0, 0.00176118996216608
740.0, 0.0022528142113426445
741.0, 0.0034423946144029067
742.0, 0.0024447582509463848
743.0, 0.009073298180301137
744.0, 0.00874587829408449
745.0, 0.013474680154010116
746.0, 0.014855746466887344
747.0, 0.008263607686154991
748.0, 0.003449140388884113
749.0, 0.00660856584214497
750.0, 0.009024942484855442
751.0, 0.002660647723122911
752.0, 0.0035787784296756817
753.0, 0.00221058016786948
754.0, 0.008313170661679534
755.0, 0.013832845570186358
756.0, 0.012219642835828786
757.0, 0.009777980406019175
758.0, 0.01779187744455043
759.0, 0.013264959003297182
760.0, 0.013621203964170832
761.0, 0.01997734704579685
762.0, 0.015398835318803795
763.0, 0.005593085284351565
764.0, 0.013582097188989586
765.0, 0.010154867304296333
766.0, 0.016694135744496155
767.0, 0.025427987045450344
768.0, 0.03236736038513174
769.0, 0.03490385203800923
770.0, 0.02500982657894746
771.0, 0.026140459018250264
772.0, 0.04118490234725345
773.0, 0.04134100760092148
774.0, 0.04334510777308783
775.0, 0.04437980566868117
776.0, 0.04504609504709711
777.0, 0.053820481449765506
778.0, 0.05227676342756828
779.0, 0.05140920287391713
780.0, 0.06852837040355156
781.0, 0.07962825242681641
782.0, 0.08273162898399132
783.0, 0.08674019960919205
784.0, 0.09782174465683717
785.0, 0.11136064323849904
786.0, 0.10721348525307703
787.0, 0.11539092087931138
788.0, 0.13267073097427384
789.0, 0.15055190213284572
790.0, 0.16616495463145536
791.0, 0.18657119740815675
792.0, 0.2179285546018818
793.0, 0.23372222792890696
794.0, 0.2547296857283158
795.0, 0.2918881289244741
796.0, 0.3359632918518809
797.0, 0.3760068147228105
798.0, 0.4188523284713702
799.0, 0.47069872931559514
800.0, 0.5231575575674366
801.0, 0.5970015003399564
802.0, 0.6741955080299081
803.0, 0.7294849890400477
804.0, 0.7901426709360339
805.0, 0.8650217082860568
806.0, 0.9341872373604045
807.0, 0.9783489466839003
808.0, 0.9945930301667797
809.0, 0.9993722541019363
810.0, 0.9859368953672644
811.0, 0.9546413846986497
812.0, 0.8948090815237054
813.0, 0.8206232182807525
814.0, 0.7453265859738616
815.0, 0.6627227655929552
816.0, 0.5869110484123761
817.0, 0.5207526644030857
818.0, 0.46367411012350185
819.0, 0.4094372570535261
820.0, 0.35851440490333847
821.0, 0.3150728847711876
822.0, 0.2766149643265767
823.0, 0.23945576272600355
824.0, 0.21489047387562257
825.0, 0.19339957012817752
826.0, 0.17074530990035228
827.0, 0.1463140423288852
828.0, 0.13236082649524147
829.0, 0.12431237781100113
830.0, 0.10888664074897007
831.0, 0.09634955631070823
832.0, 0.07646576132737706
833.0, 0.0740941228179029
834.0, 0.06065412567060216
835.0, 0.0526492713616773
836.0, 0.05106596324578286
837.0, 0.05026453459305845
838.0, 0.047842449007270985
839.0, 0.037248802015496726
840.0, 0.03362094939319336
841.0, 0.033426090804508694
842.0, 0.028074145764402748
843.0, 0.023505480821139298
844.0, 0.01829180748234144
845.0, 0.012530800694719907
846.0, 0.01062412298828627
847.0, 0.007726191424588576
848.0, 0.007059476703481574
849.0, 0.011556971701314247
850.0, 0.006307801323357938
851.0, 0.0050135711414744264
852.0, 0.003962740711301423
853.0, 0.006135776079582465
854.0, 0.005775071329001651
855.0, 0.005665614729223176
856.0, 0.005967502646080631
857.0, 0.007003601203659433
858.0, 0.005424450658087921
859.0, 0.003147084887332995
860.0, 0.0033475561775744853
861.0, 0.0025767398919569863
862.0, 0.0015469037126333298
863.0, 0.0021483505302439697
864.0, 0.0074005040022224805
865.0, 0.004835379072755046
866.0, 0.002658938203077176
867.0, 0.005878924526297182
868.0, 0.0015228388077828219
869.0, 0.0013165799038429645
870.0, 0.000309769970956521
871.0, 0.0025586008185170183
872.0, 0.001010972519460947
873.0, 0.003331680217957831
874.0, 0.0025442334675388864
875.0, 0.0031710016641005325
876.0, 0.0021342729206045644
877.0, 0.0009951149163031844
878.0, 0.0027934916169511294
879.0, 0.0018259441399071505
880.0, 0.008253433994533387
881.0, 0.006524656704106737
882.0, 0.005468654100276106
883.0, 0.0017743795206348503
884.0, 0.001193872205120583
885.0, 0.002452404713286195
886.0, 0.007109732480900894
887.0, 0.005481040422625564
888.0, 0.002589357188838885
889.0, 0.0018119722747168437
890.0, 0.005860777585048073
891.0, 0.0033744380773591287
892.0, 0.00325661864534221
893.0, 0.005037066449285308
894.0, 0.0037260555239101174
895.0, 0.006154412377597336
896.0, 0.0037244750370651245
897.0, 0.007429872074413375
898.0, 0.0037106800876663794
899.0, 0.010692110982263582
900.0, 0.005972877469522385
901.0, 0.00321727584558025
902.0, 0.006286546635078488
903.0, 0.008676895682194602
904.0, 0.004898236515040555
905.0, 0.002184795797079659
906.0, 0.008509203281526935
907.0, 0.005794171702527874
908.0, 0.0025267434361175836
909.0, 0.0010202075565624693
910.0, 0.00600578731742926
911.0, 0.005792685853118233
912.0, 0.004915156830354747
913.0, 0.0060485449052494625
914.0, 0.004573491144338696
915.0, 0.006937567850413904
916.0, 0.00631590493265565
917.0, 0.005769001072401012
918.0, 0.009763656452593333
919.0, 0.004206406951413533
920.0, 0.010105038561789799
921.0, 0.011359908804056584
922.0, 0.003354049409947938
923.0, 0.004556651569557018
924.0, 0.00277194207640878
925.0, 0.0018614243354931853
926.0, 0.008312276175143326
927.0, 0.002970052512982463
928.0, 0.0006743139691765029
929.0, 0.0006057627098511298
930.0, 0.0015846620245318671
931.0, 0.0016864636023191147
932.0, 0.005232052124090216
933.0, 0.005217704840485889
934.0, 0.011230504748443807
935.0, 0.00797563267338316
936.0, 0.005054152971488121
937.0, 0.009785531345725547
938.0, 0.004444774374600479
939.0, 0.00183129894574204
940.0, 0.0013523351282355943
941.0, 0.0033706331873401556
942.0, 0.0035663165299016455
943.0, 0.0017831618121880801
944.0, 0.0029816901529108267
945.0, 0.0025886060768467428
946.0, 0.001906185607484877
947.0, 0.005364440321628938
948.0, 0.0011529407745898455
949.0, 0.002032367487791409
950.0, 0.004716440753536306
951.0, 0.009734521931351822
952.0, 0.017475441067927908
953.0, 0.007768664238389224
954.0, 0.0066040495451425716
955.0, 0.01212591054445424
956.0, 0.012168173078742904
957.0, 0.009775130246674276
958.0, 0.007635543675075171
959.0, 0.009255365509460428
960.0, 0.015867395198815862
961.0, 0.020853877437797777
962.0, 0.019334872622800276
963.0, 0.015936087002048058
964.0, 0.02239087640830766
965.0, 0.02210995749985243
966.0, 0.02519183637279182
967.0, 0.03383199430032283
968.0, 0.03650154206517994
969.0, 0.03677831950494057
970.0, 0.04648030966224266
971.0, 0.06123467174802983
972.0, 0.0685185048879755
973.0, 0.07199650180293822
974.0, 0.08192401517000844
975.0, 0.09201050838353511
976.0, 0.08654321898741021
977.0, 0.08768336449978702
978.0, 0.10336862399398318
979.0, 0.11279144662653962
980.0, 0.10727648546646619
981.0, 0.10029780441948033
982.0, 0.08676585430258123
983.0, 0.08265653300602081
984.0, 0.07505802719690347
985.0, 0.06762068594149276
986.0, 0.04694280411248208
987.0, 0.033736684830470196
988.0, 0.029895417338068903
989.0, 0.02404812708806613
990.0, 0.019609627043158627
991.0, 0.020093480704285183
992.0, 0.011886066541060815
993.0, 0.027446204586584606
994.0, 0.028935980213313783
995.0, 0.020237006614842123
996.0, 0.01863509979944805
997.0, 0.016167099100080226
998.0, 0.015074700129078713
999.0, 0.018006837559435197
1000.0, 0.021732610531082237
1001.0, 0.0226135292869647
1002.0, 0.022123149323765794
1003.0, 0.025429030031611784
1004.0, 0.020349319566508473
1005.0, 0.03342804947923993
1006.0, 0.030892193699832447
1007.0, 0.029303594499720708
1008.0, 0.030221022990706236
1009.0, 0.02814575019700346
1010.0, 0.0278045322121861
1011.0, 0.029555338972319267
1012.0, 0.031246516732602134
1013.0, 0.03758779889842569
1014.0, 0.04257059110874069
1015.0, 0.04180418331033691
1016.0, 0.03615929629502824
1017.0, 0.04783624150853356
1018.0, 0.048945058883384025
1019.0, 0.057597004713291496
1020.0, 0.06648186032621477
1021.0, 0.06841554453809642
1022.0, 0.07207534261564814
1023.0, 0.0736235246095656
1024.0, 0.077738415764762
1025.0, 0.07807474017813704
1026.0, 0.07707259125256447
1027.0, 0.07747555560142895
1028.0, 0.070172651178407
1029.0, 0.07031248885380356
1030.0, 0.07435385747384043
1031.0, 0.05740867998291665
1032.0, 0.04105791017426755
1033.0, 0.042280372350883104
1034.0, 0.03226449582167424
1035.0, 0.022146896292183568
1036.0, 0.02721019777157468
1037.0, 0.026209374935308775
1038.0, 0.016272558648863
1039.0, 0.015699117685971292
1040.0, 0.009184714001482856
1041.0, 0.0052163430782029025
1042.0, 0.008984287306143552
1043.0, 0.004856641924778107
1044.0, 0.0027441083204322553
1045.0, 0.0013870817774049307
1046.0, 0.005161124363062387
1047.0, 0.006898793620729326
1048.0, 0.010025874498411589
1049.0, 0.0033233246779103913
1050.0, 0.010385047141393954
1051.0, 0.00979302833288717
1052.0, 0.00939478838126237
1053.0, 0.007337202075131574
1054.0, 0.00585698127693944
1055.0, 0.0019442441756308065
1056.0, 0.0015744533881182638
1057.0, 0.005744510541228539
1058.0, 0.0004804648662926354
1059.0, 0.0035330471895567684
1060.0, 0.005514246067826561
1061.0, 0.0034951113233958058
1062.0, 0.0018034755789890643
1063.0, 0.002798727824313049
1064.0, 0.002499085200075637
1065.0, 0.0027937675833284124
1066.0, 0.0047688184068074065
1067.0, 0.00403539500904624
1068.0, 0.000774868832945595
1069.0, 0.004243223022634041
1070.0, 0.004019371761092175
1071.0, 0.00021140031782437515
1072.0, 0.00426212252540616
1073.0, 0.007431339616781258
1074.0, 0.00785788378872699
1075.0, 0.006785044689159655
1076.0, 0.005129563600627249
1077.0, 0.003257454993763884
1078.0, 0.0022561951484246162
1079.0, 0.002886895019798295
1080.0, 0.008950003377184759
1081.0, 0.008322128380299554
1082.0, 0.005217381745905412
1083.0, 0.00778322601308009
1084.0, 0.012468098737858757
1085.0, 0.020468351478615435
1086.0, 0.016015557429734133
1087.0, 0.018411123616958184
1088.0, 0.02125626800337619
1089.0, 0.022448063484350498
1090.0, 0.02491515312891824
1091.0, 0.02587166522544508
1092.0, 0.02851502245317245
1093.0, 0.02954538272891389
1094.0, 0.038666062007313706
1095.0, 0.05392108749640529
1096.0, 0.04429538285074422
1097.0, 0.044458861200662204
1098.0, 0.05671755868183317
1099.0, 0.05669472703171105
1100.0, 0.06358735587451593
1101.0, 0.06110603375118465
1102.0, 0.07647329716811237
1103.0, 0.08419627678966005
1104.0, 0.08070158606054066
1105.0, 0.07934574727833484
1106.0, 0.07385954038149747
1107.0, 0.07009394404874836
1108.0, 0.07517719595231014
1109.0, 0.06662495552802684
1110.0, 0.06813548645797576
1111.0, 0.058051391145783025
1112.0, 0.05337546506801687
1113.0, 0.04512065849409392
1114.0, 0.04622026820325546
1115.0, 0.036066931644998926
1116.0, 0.0323591295779912
1117.0, 0.034826214410126226
1118.0, 0.02996188118321377
1119.0, 0.02369103060995164
1120.0, 0.02149848090808456
1121.0, 0.018073576234768265
1122.0, 0.01955335219735012
1123.0, 0.019681696035897117
1124.0, 0.02078191728188464
1125.0, 0.020533639909592446
1126.0, 0.01310287704489361
1127.0, 0.01118816202537237
1128.0, 0.012593729463346075
1129.0, 0.012333021825609443
1130.0, 0.00822314314870107
1131.0, 0.010062973572020708
1132.0, 0.012650041063571744
1133.0, 0.009640459246724386
1134.0, 0.010067094429479152
1135.0, 0.012611408220280288
1136.0, 0.0089723538957415
1137.0, 0.007135971807157917
1138.0, 0.011102371082725444
1139.0, 0.008322296943691913
1140.0, 0.010171444609626334
1141.0, 0.01644882272255298
1142.0, 0.014670574666921149
1143.0, 0.003690188446473354
1144.0, 0.005862256069506169
1145.0, 0.009439707204963316
1146.0, 0.013320036719983643
1147.0, 0.010536282932015929
1148.0, 0.00779797267832906
1149.0, 0.00927258680976267
1150.0, 0.0046170175343834136
1151.0, 0.0053406114852182955
1152.0, 0.004500058012547093
1153.0, 0.008889124872928247
1154.0, 0.003370366131363186
1155.0, 0.0012669464400399842
1156.0, 0.0008006009841286896
1157.0, 0.004037454176485523
1158.0, 0.008978328092315255
1159.0, 0.007093654642146248
1160.0, 0.0041208647175574546
1161.0, 0.0034169377823568036
1162.0, 0.005050299049632178
1163.0, 0.005697791657777316
1164.0, 0.007370361111904081
1165.0, 0.005132493537583509
1166.0, 0.005774365485928836
1167.0, 0.005993740851266069
1168.0, 0.0036055427988235817
1169.0, 0.007552569520287821
1170.0, 0.001690486510440144
1171.0, 0.0007990969205650544
1172.0, 0.006262484767147521
1173.0, 0.01118225722889204
1174.0, 0.0025375499427116328
1175.0, 0.0065101652711851855
1176.0, 0.011137731793364058
1177.0, 0.011157141910399335
1178.0, 0.011781872813222625
1179.0, 0.014728107548135435
1180.0, 0.017530951521293654
1181.0, 0.01381677328433785
1182.0, 0.00518055220152284
1183.0, 0.001233522531435678
1184.0, 0.006812685765128796
1185.0, 0.00955398892861036
1186.0, 0.005066883928348237
1187.0, 0.00842848291244139
1188.0, 0.01310593314829875
1189.0, 0.011207565616404614
1190.0, 0.015267712268710987
1191.0, 0.007935142860997458
1192.0, 0.00624411197552413
1193.0, 0.01404380938198103
1194.0, 0.013835139028936237
1195.0, 0.010229845457717166
1196.0, 0.009238362515579246
1197.0, 0.00775669825204472
1198.0, 0.007892887264720113
1199.0, 0.007693394426991627
1200.0, 0.007035939977748072
1201.0, 0.010432925825857028
1202.0, 0.010077749123002048
1203.0, 0.008732740079559967
1204.0, 0.01334568385524667
1205.0, 0.010561382187179977
1206.0, 0.01435522874839213
1207.0, 0.007586695226787664
1208.0, 0.015048380528354681
1209.0, 0.0090828829115145
1210.0, 0.0029673219517331404
1211.0, 0.010135625268446535
1212.0, 0.010468533173492594
1213.0, 0.0035557014056903967
1214.0, 0.0021846496059921387
1215.0, 0.005291086115771895
1216.0, 0.003919323859117502
1217.0, 0.002695939875698659
1218.0, 0.006054846829559097
1219.0, 0.0037040721268486823
1220.0, 0.007653462947533827
1221.0, 0.011960064912659617
1222.0, 0.00035342736312978223
1223.0, 0.003254401264092234
1224.0, 0.009397211743565781
1225.0, 0.005873017759454823
1226.0, 0.007137284072461938
1227.0, 0.009988769976163896
1228.0, 0.006797458791192855
1229.0, 0.008906270281442075
1230.0, 0.0076621458014250465
1231.0, 0.007399535639644796
1232.0, 0.004769442898499472
1233.0, 0.0005076568958481204
1234.0, 0.0014769250924506214
1235.0, 0.002576414062607656
1236.0, 0.004252208769018943
1237.0, 0.003908893454747809
1238.0, 0.008743688434391092
1239.0, 0.007074392583254547
1240.0, 0.004606660997221341
1241.0, 0.005173366592600312
1242.0, 0.004274818902398626
1243.0, 0.0071644159259106645
1244.0, 0.01086778456728768
1245.0, 0.009622140842866056
1246.0, 0.005515268654539223
1247.0, 0.002320169221185164
1248.0, 0.008805107175135912
1249.0, 0.0067181759199183505
1250.0, 0.0035477859794476904
1251.0, 0.007451177191434379
1252.0, 0.01024476536707841
1253.0, 0.011094575172052132
1254.0, 0.004464563420822706
1255.0, 0.0011113991112516118
1256.0, 0.003380195624599668
1257.0, 0.008029780274460717
1258.0, 0.008747249512674915
1259.0, 0.005976516229967156
1260.0, 0.002842344698915818
1261.0, 0.0053673529971396535
1262.0, 0.006003901219923371
1263.0, 0.005662442988894163
1264.0, 0.003125833656052335
1265.0, 0.005047296205123202
1266.0, 0.0025494649496083602
1267.0, 0.00746055095153208
1268.0, 0.008780978263335555
1269.0, 0.0022313275160345163
1270.0, 1.1689314991917355e-05
1271.0, 0.0008299616672114781
1272.0, 0.00826005942357655
1273.0, 0.0032830552075323307
1274, 0.0
1275, 0.0
1276, 0.0
1277, 0.0
1278, 0.0
1279, 0.0
1280, 0.0
1281, 0.0
1282, 0.0
1283, 0.0
1284, 0.0
1285, 0.0
1286, 0.0
1287, 0.0
1288, 0.0
1289, 0.0
1290, 0.0
1291, 0.0
1292, 0.0
1293, 0.0
1294, 0.0
1295, 0.0
1296, 0.0
1297, 0.0
1298, 0.0
1299, 0.0
1300, 0.0
1301, 0.0
1302, 0.0
1303, 0.0
1304, 0.0
1305, 0.0
1306, 0.0
1307, 0.0
1308, 0.0
1309, 0.0
1310, 0.0
1311, 0.0
1312, 0.0
1313, 0.0
1314, 0.0
1315, 0.0
1316, 0.0
1317, 0.0
1318, 0.0
1319, 0.0
1320, 0.0
1321, 0.0
1322, 0.0
1323, 0.0
1324, 0.0
1325, 0.0
1326, 0.0
1327, 0.0
1328, 0.0
1329, 0.0
1330, 0.0
1331, 0.0
1332, 0.0
1333, 0.0
1334, 0.0
1335, 0.0
1336, 0.0
1337, 0.0
1338, 0.0
1339, 0.0
1340, 0.0
1341, 0.0
1342, 0.0
1343, 0.0
1344, 0.0
1345, 0.0
1346, 0.0
1347, 0.0
1348, 0.0
1349, 0.0
1350, 0.0
1351, 0.0
1352, 0.0
1353, 0.0
1354, 0.0
1355, 0.0
1356, 0.0
1357, 0.0
1358, 0.0
1359, 0.0
1360, 0.0
1361, 0.0
1362, 0.0
1363, 0.0
1364, 0.0
1365, 0.0
1366, 0.0
1367, 0.0
1368, 0.0
1369, 0.0
1370, 0.0
1371, 0.0
1372, 0.0
1373, 0.0
1374, 0.0
1375, 0.0
1376, 0.0
1377, 0.0
1378, 0.0
1379, 0.0
1380, 0.0
1381, 0.0
1382, 0.0
1383, 0.0
1384, 0.0
1385, 0.0
1386, 0.0
1387, 0.0
1388, 0.0
1389, 0.0
1390, 0.0
1391, 0.0
1392, 0.0
1393, 0.0
1394, 0.0
1395, 0.0
1396, 0.0
1397, 0.0
1398, 0.0
1399, 0.0
1400, 0.0
1401, 0.0
1402, 0.0
1403, 0.0
1404, 0.0
1405, 0.0
1406, 0.0
1407, 0.0
1408, 0.0
1409, 0.0
1410, 0.0
1411, 0.0
1412, 0.0
1413, 0.0
1414, 0.0
1415, 0.0
1416, 0.0
1417, 0.0
1418, 0.0
1419, 0.0
1420, 0.0
1421, 0.0
1422, 0.0
1423, 0.0
1424, 0.0
1425, 0.0
1426, 0.0
1427, 0.0
1428, 0.0
1429, 0.0
1430, 0.0
1431, 0.0
1432, 0.0
1433, 0.0
1434, 0.0
1435, 0.0
1436, 0.0
1437, 0.0
1438, 0.0
1439, 0.0
1440, 0.0
1441, 0.0
1442, 0.0
1443, 0.0
1444, 0.0
1445, 0.0
1446, 0.0
1447, 0.0
1448, 0.0
1449, 0.0
1450, 0.0
1451, 0.0
1452, 0.0
1453, 0.0
1454, 0.0
1455, 0.0
1456, 0.0
1457, 0.0
1458, 0.0
1459, 0.0
1460, 0.0
1461, 0.0
1462, 0.0
1463, 0.0
1464, 0.0
1465, 0.0
1466, 0.0
1467, 0.0
1468, 0.0
1469, 0.0
1470, 0.0
1471, 0.0
1472, 0.0
1473, 0.0
1474, 0.0
1475, 0.0
1476, 0.0
1477, 0.0
1478, 0.0
1479, 0.0
1480, 0.0
1481, 0.0
1482, 0.0
1483, 0.0
1484, 0.0
1485, 0.0
1486, 0.0
1487, 0.0
1488, 0.0
1489, 0.0
1490, 0.0
1491, 0.0
1492, 0.0
1493, 0.0
1494, 0.0
1495, 0.0
1496, 0.0
1497, 0.0
1498, 0.0
1499, 0.0
1500, 0.0
1501, 0.0
1502, 0.0
1503, 0.0
1504, 0.0
1505, 0.0
1506, 0.0
1507, 0.0
1508, 0.0
1509, 0.0
1510, 0.0
1511, 0.0
1512, 0.0
1513, 0.0
1514, 0.0
1515, 0.0
1516, 0.0
1517, 0.0
1518, 0.0
1519, 0.0
1520, 0.0
1521, 0.0
1522, 0.0
1523, 0.0
1524, 0.0
1525, 0.0
1526, 0.0
1527, 0.0
1528, 0.0
1529, 0.0
1530, 0.0
1531, 0.0
1532, 0.0
1533, 0.0
1534, 0.0
1535, 0.0
1536, 0.0
1537, 0.0
1538, 0.0
1539, 0.0
1540, 0.0
1541, 0.0
1542, 0.0
1543, 0.0
1544, 0.0
1545, 0.0
1546, 0.0
1547, 0.0
1548, 0.0
1549, 0.0
1550, 0.0
1551, 0.0
1552, 0.0
1553, 0.0
1554, 0.0
1555, 0.0
1556, 0.0
1557, 0.0
1558, 0.0
1559, 0.0
1560, 0.0
1561, 0.0
1562, 0.0
1563, 0.0
1564, 0.0
1565, 0.0
1566, 0.0
1567, 0.0
1568, 0.0
1569, 0.0
1570, 0.0
1571, 0.0
1572, 0.0
1573, 0.0
1574, 0.0
1575, 0.0
1576, 0.0
1577, 0.0
1578, 0.0
1579, 0.0
1580, 0.0
1581, 0.0
1582, 0.0
1583, 0.0
1584, 0.0
1585, 0.0
1586, 0.0
1587, 0.0
1588, 0.0
1589, 0.0
1590, 0.0
1591, 0.0
1592, 0.0
1593, 0.0
1594, 0.0
1595, 0.0
1596, 0.0
1597, 0.0
1598, 0.0
1599, 0.0
