30, 0.0
31, 0.0
32, 0.0
33, 0.0
34, 0.0
35, 0.0
36, 0.0
37, 0.0
38, 0.0
39, 0.0
40, 0.0
41, 0.0
42, 0.0
43, 0.0
44, 0.0
45, 0.0
46, 0.0
47, 0.0
48, 0.0
49, 0.0
50, 0.0
51, 0.0
52, 0.0
53, 0.0
54, 0.0
55, 0.0
56, 0.0
57, 0.0
58, 0.0
59, 0.0
60, 0.0
61, 0.0
62, 0.0
63, 0.0
64, 0.0
65, 0.0
66, 0.0
67, 0.0
68, 0.0
69, 0.0
70, 0.0
71, 0.0
72, 0.0
73, 0.0
74, 0.0
75, 0.0
76, 0.0
77, 0.0
78, 0.0
79, 0.0
80, 0.0
81, 0.0
82, 0.0
83, 0.0
84, 0.0
85, 0.0
86, 0.0
87, 0.0
88, 0.0
89, 0.0
90, 0.0
91, 0.0
92, 0.0
93, 0.0
94, 0.0
95, 0.0
96, 0.0
97, 0.0
98, 0.0
99, 0.0
100, 0.0
101, 0.0
102, 0.0
103, 0.0
104, 0.0
105, 0.0
106, 0.0
107, 0.0
108, 0.0
109, 0.0
110, 0.0
111, 0.0
112, 0.0
113, 0.0
114, 0.0
115, 0.0
116, 0.0
117, 0.0
118, 0.0
119, 0.0
120, 0.0
121, 0.0
122, 0.0
123, 0.0
124, 0.0
125, 0.0
126, 0.0
127, 0.0
128, 0.0
129, 0.0
130, 0.0
131, 0.0
132, 0.0
133, 0.0
134, 0.0
135.0, 0.0003290102960422026
136.0, 0.003114071014963228
137.0, 0.013723833850491859
138.0, 0.008004098507322572
139.0, 0.00831779894816497
140.0, 0.019472301355410733
141.0, 0.023953919259683775
142.0, 0.01863028503724674
143.0, 0.009356133265985877
144.0, 0.0018547642078721753
145.0, 0.016412444279838866
146.0, 0.022914807777612078
147.0, 0.019400806503769023
148.0, 0.012887795253553836
149.0, 0.008303790704777467
150.0, 0.010697116715111657
151.0, 0.024110438579045372
152.0, 0.01320305178591682
153.0, 0.014765891299923214
154.0, 0.022474967743062187
155.0, 0.020558319482666978
156.0, 0.025000563505836317
157.0, 0.03148530557819366
158.0, 0.03966846080467891
159.0, 0.05996510377683966
160.0, 0.06908764261666557
161.0, 0.07085011409710114
162.0, 0.06770580482640588
163.0, 0.06850938894196543
164.0, 0.055963116710296454
165.0, 0.03583328348379584
166.0, 0.042354205015475446
167.0, 0.02914695153358267
168.0, 0.02606914578584147
169.0, 0.04899559730061739
170.0, 0.033569314971306725
171.0, 0.043378712242320615
172.0, 0.062366868482146065
173.0, 0.06133254010760404
174.0, 0.08778016394941802
175.0, 0.13199124781781968
176.0, 0.18811859794061353
177.0, 0.22001387900068584
178.0, 0.24012920897457676
179.0, 0.24829732052300352
180.0, 0.2420891920612879
181.0, 0.19778982518696148
182.0, 0.15271955490939657
183.0, 0.111450899314546
184.0, 0.08273093125617118
185.0, 0.05895337438029764
186.0, 0.044653281445368904
187.0, 0.04083110004324887
188.0, 0.03290101767041213
189.0, 0.026855837052689235
190.0, 0.023045363639110313
191.0, 0.022359168207882422
192.0, 0.018215385811845737
193.0, 0.015525562386951736
194.0, 0.014160717647229162
195.0, 0.012203542536744692
196.0, 0.011008571933066254
197.0, 0.01001495697136113
198.0, 0.008961350237931385
199.0, 0.006347660103869317
200.0, 0.005873605278750165
201.0, 0.0053055839734252284
202.0, 0.0017069003200055892
203.0, 0.003569218594470331
204.0, 0.008033157610747745
205.0, 0.012506861950495283
206.0, 0.007088000872874046
207.0, 0.006585743640823735
208.0, 0.013199712925295027
209.0, 0.02810790783441381
210.0, 0.03671901876440067
211.0, 0.050413855049443526
212.0, 0.053275942387706304
213.0, 0.020988036539863298
214.0, 0.03659663148001903
215.0, 0.051428428365943024
216.0, 0.06068986037809844
217.0, 0.0684317281186902
218.0, 0.08298771493379462
219.0, 0.11538660045575128
220.0, 0.17064687455011823
221.0, 0.21325263897862765
222.0, 0.24667609207969496
223.0, 0.269631116114265
224.0, 0.27831354028463634
225.0, 0.25753338679934656
226.0, 0.21323489609871982
227.0, 0.15569091451931386
228.0, 0.11992293422814626
229.0, 0.0994449853379417
230.0, 0.08949062474386424
231.0, 0.08791175818632235
232.0, 0.07477067573000032
233.0, 0.06696234842796227
234.0, 0.06273655713774247
235.0, 0.06092154146037886
236.0, 0.05256969921344997
237.0, 0.05019467220249238
238.0, 0.046614848171786655
239.0, 0.01775086253050992
240.0, 0.019120615463001672
241.0, 0.02531364828504486
242.0, 0.027550120343901887
243.0, 0.007408600403709957
244.0, 0.015311712551387344
245.0, 0.026917387535530815
246.0, 0.02422507458767039
247.0, 0.030042907705497567
248.0, 0.037665275496299395
249.0, 0.04590368884936938
250.0, 0.05280499145683281
251.0, 0.058944106080011945
252.0, 0.05188508260835304
253.0, 0.035353421427965534
254.0, 0.04311412720847052
255.0, 0.03487258134180178
256.0, 0.029944359276004952
257.0, 0.03723204734830463
258.0, 0.027508218618170075
259.0, 0.02471137630142975
260.0, 0.02395120297923674
261.0, 0.019476991250754302
262.0, 0.023092245098843583
263.0, 0.029318033587202398
264.0, 0.03423794847888349
265.0, 0.027146579987638034
266.0, 0.030879872709566745
267.0, 0.03168980754957955
268.0, 0.027812808458424574
269.0, 0.03822372741657562
270.0, 0.03145669975369012
271.0, 0.019500001659576018
272.0, 0.009775237199154872
273.0, 0.02712079310317694
274.0, 0.01861220929933692
275.0, 0.0044490636703433195
276.0, 0.01657789240499176
277.0, 0.012168625339724617
278.0, 0.006425033641880477
279.0, 0.003818969701695511
280.0, 0.01431272497078983
281.0, 0.014202122318708614
282.0, 0.009458224399031533
283.0, 0.004198249595767754
284.0, 0.02311016377164296
285.0, 0.019036158062281143
286.0, 0.018889731290240564
287.0, 0.04246669595980894
288.0, 0.033883191149469596
289.0, 0.03716695573890878
290.0, 0.04649802197264259
291.0, 0.05264097279278402
292.0, 0.028626795330101228
293.0, 0.023330746170381996
294.0, 0.03160017850623938
295.0, 0.01664320852188975
296.0, 0.010774174737074234
297.0, 0.013870315272229197
298.0, 0.023582743079065084
299.0, 0.017571387304778713
300.0, 0.013447587757551137
301.0, 0.014698117170117913
302.0, 0.023670859497211927
303.0, 0.019306521326083785
304.0, 0.013812777972174861
305.0, 0.009244281338746763
306.0, 0.00839878530901822
307.0, 0.01568975536949327
308.0, 0.021525620103084578
309.0, 0.02323423260187474
310.0, 0.01532607558689356
311.0, 0.023904347194440425
312.0, 0.02193794169650588
313.0, 0.010229703060970458
314.0, 0.024305664860847037
315.0, 0.027455881666336533
316.0, 0.029272313855193282
317.0, 0.03295768717751566
318.0, 0.025867472709395073
319.0, 0.018820762114155707
320.0, 0.015090503407674458
321.0, 0.017677205898775375
322.0, 0.010733506500286715
323.0, 0.019913030905647916
324.0, 0.03146426307624547
325.0, 0.023472478841861443
326.0, 0.03083638967545982
327.0, 0.0366944595763018
328.0, 0.039665686979336784
329.0, 0.04047665081116447
330.0, 0.04430437365004362
331.0, 0.05556290650763223
332.0, 0.07251475598016317
333.0, 0.07948513072645291
334.0, 0.08168414004737375
335.0, 0.07692881360365803
336.0, 0.06484623990486471
337.0, 0.05769515742725596
338.0, 0.06055078579992303
339.0, 0.06511685614711028
340.0, 0.06537386755008101
341.0, 0.07498495698335891
342.0, 0.09090831554744205
343.0, 0.09867273300169072
344.0, 0.07826751214263448
345.0, 0.10670560049305124
346.0, 0.09712324457394707
347.0, 0.07223040681813095
348.0, 0.09418428824497942
349.0, 0.08516836901999855
350.0, 0.07875398717003045
351.0, 0.08061003380080824
352.0, 0.0919755368487239
353.0, 0.09179499501509815
354.0, 0.08780989678110188
355.0, 0.08280447373101098
356.0, 0.08090444542714105
357.0, 0.06891741708279657
358.0, 0.059912415824882534
359.0, 0.06045886473116968
360.0, 0.07180324238817676
361.0, 0.06440905651122095
362.0, 0.05599567166251937
363.0, 0.059959395923551914
364.0, 0.07663360400104435
365.0, 0.0909337427867526
366.0, 0.11138289828453732
367.0, 0.1489598224615187
368.0, 0.19954184559227703
369.0, 0.23399516997147174
370.0, 0.24908177231391088
371.0, 0.23962077484297722
372.0, 0.20424282471218452
373.0, 0.1650443121497499
374.0, 0.12684485352423577
375.0, 0.09576933628753327
376.0, 0.09035725244196105
377.0, 0.07593651200555275
378.0, 0.05073253925229311
379.0, 0.03822958005544358
380.0, 0.04294499660674491
381.0, 0.04325177055497463
382.0, 0.03651539655570007
383.0, 0.05328766425615849
384.0, 0.047700908102834845
385.0, 0.03853602936962038
386.0, 0.03621768946961805
387.0, 0.06369194014271143
388.0, 0.07189115927654852
389.0, 0.07895938958395358
390.0, 0.09669075413313634
391.0, 0.11700978749590465
392.0, 0.15464735514206626
393.0, 0.18567590823747793
394.0, 0.1873495851993477
395.0, 0.18988800917218668
396.0, 0.18104825600480398
397.0, 0.15862685647520458
398.0, 0.1190075233875492
399.0, 0.0992664872896579
400.0, 0.0714122141433022
401.0, 0.04961706246741759
402.0, 0.06197569621266996
403.0, 0.04503327245223123
404.0, 0.03860032401484256
405.0, 0.04046628200893878
406.0, 0.03679854811674084
407.0, 0.03310657334619602
408.0, 0.02418329129581586
409.0, 0.01697542606907307
410.0, 0.03554686446002402
411.0, 0.026953693994908323
412.0, 0.030676310180303156
413.0, 0.04841282790700633
414.0, 0.05277749096893053
415.0, 0.06228904998618305
416.0, 0.0652441236828177
417.0, 0.059219967429487645
418.0, 0.04939133377004823
419.0, 0.05432048734886914
420.0, 0.04503565840192374
421.0, 0.016861954931322313
422.0, 0.014053964766134353
423.0, 0.012627181163793525
424.0, 0.009348424584189372
425.0, 0.0042666418297413805
426.0, 0.013036710845132691
427.0, 0.008390167982162843
428.0, 0.006451853203630271
429.0, 0.014887857104547627
430.0, 0.01473851880169233
431.0, 0.007349238165903109
432.0, 0.002438114796085696
433.0, 0.006022641399553608
434.0, 0.007684453768483407
435.0, 0.02495644700947117
436.0, 0.041446640936190715
437.0, 0.04435708522463972
438.0, 0.02903153182809586
439.0, 0.036818903033336785
440.0, 0.04496301738904847
441.0, 0.0331120455258
442.0, 0.012397505725392183
443.0, 0.002981234188035864
444.0, 0.0035649247508773283
445.0, 0.013068157222238273
446.0, 0.005933539262940832
447.0, 0.020701373561289108
448.0, 0.031140008799186318
449.0, 0.006086703568185629
450.0, 0.019990313127305634
451.0, 0.0132505135562302
452.0, 0.0064129112731781575
453.0, 0.02768808097540111
454.0, 0.016011852039174237
455.0, 0.0068383079109321475
456.0, 0.005701196140221755
457.0, 0.018756329015747718
458.0, 0.01143693768458222
459.0, 0.0051623191885928135
460.0, 0.0023523693391149653
461.0, 0.005193997463504657
462.0, 0.006457078091852717
463.0, 0.010306752172275281
464.0, 0.011790639925038267
465.0, 0.0026200215890187116
466.0, 0.006061572409403024
467.0, 0.01572232439091338
468.0, 0.022828841960904143
469.0, 0.01365276140567103
470.0, 0.013704918364438332
471.0, 0.01598835267958581
472.0, 0.015158258603177679
473.0, 0.002985315373384637
474.0, 0.00893014753892878
475.0, 0.013274367829677024
476.0, 0.017170245861183243
477.0, 0.025006300886300972
478.0, 0.02780927182147345
479.0, 0.01838386836866744
480.0, 0.010029449317917445
481.0, 0.02592629307785221
482.0, 0.02333319503049103
483.0, 0.01521045291998031
484.0, 0.01764705941479857
485.0, 0.05586720696209214
486.0, 0.021618127823274567
487.0, 0.007901057845560427
488.0, 0.015062722830775983
489.0, 0.03456127317777505
490.0, 0.01837437171040861
491.0, 0.012853055854753373
492.0, 0.016558387920427575
493.0, 0.02347718490790343
494.0, 0.01669388233783701
495.0, 0.0159511039981309
496.0, 0.019010266034183314
497.0, 0.021433373601913462
498.0, 0.03941815002572671
499.0, 0.027451523704325256
500.0, 0.010100526382121815
501.0, 0.02130493838472225
502.0, 0.00907596189937598
503.0, 0.013573510844710007
504.0, 0.02852594112092372
505.0, 0.045324786800961483
506.0, 0.02663126055552336
507.0, 0.026381261564419112
508.0, 0.030946234659267387
509.0, 0.02525151377992443
510.0, 0.024950048272648195
511.0, 0.028281755762623515
512.0, 0.029028142227015847
513.0, 0.02166053542175244
514.0, 0.02225167426507375
515.0, 0.0309218272164432
516.0, 0.040277872403942434
517.0, 0.04368963201655914
518.0, 0.02625685753825194
519.0, 0.03693683411696807
520.0, 0.05362775166678212
521.0, 0.059243236182315376
522.0, 0.02826707043955029
523.0, 0.01966625626794552
524.0, 0.02699436199278574
525.0, 0.043617263134240566
526.0, 0.03697700194544057
527.0, 0.0282942092180963
528.0, 0.025890920035461902
529.0, 0.033146938287767304
530.0, 0.043639659329629245
531.0, 0.03377643586983897
532.0, 0.02832324965775404
533.0, 0.0316015592608764
534.0, 0.010522558637499372
535.0, 0.02208553237362697
536.0, 0.025136204758432312
537.0, 0.012887724414169936
538.0, 0.014398218588029393
539.0, 0.009092802777864527
540.0, 0.00471283994989683
541.0, 0.0045913549072023165
542.0, 0.01343095800755947
543.0, 0.011989409575395302
544.0, 0.0080773877894522
545.0, 0.0037861691036653366
546.0, 0.0007035767110649867
547.0, 0.003425237683245672
548.0, 0.008812927018394267
549.0, 0.015026576503850236
550.0, 0.0192906635342246
551.0, 0.0131314178710056
552.0, 0.016032771943599394
553.0, 0.023722099028192452
554.0, 0.027431883075541414
555.0, 0.02196681690065863
556.0, 0.013922372581940066
557.0, 0.007541241952951736
558.0, 0.0072477194463481135
559.0, 0.006115511706097054
560.0, 0.01257433122222133
561.0, 0.018495575931310165
562.0, 0.01729513487925062
563.0, 0.017552150202145535
564.0, 0.01441340371945168
565.0, 0.022492182858124987
566.0, 0.04515790835283082
567.0, 0.0239898187583064
568.0, 0.025702445575953217
569.0, 0.023250877749674506
570.0, 0.011107713384928431
571.0, 0.02890895182347026
572.0, 0.026851553077385813
573.0, 0.018837417612199165
574.0, 0.012824106915878635
575.0, 0.022781738723996303
576.0, 0.013688471261931557
577.0, 0.019375847072600327
578.0, 0.03457669786448128
579.0, 0.027810547447022188
580.0, 0.03676901610358993
581.0, 0.0383173053456822
582.0, 0.03431754830369962
583.0, 0.03295656659704196
584.0, 0.05379360829870717
585.0, 0.07016986997774051
586.0, 0.07464363127729723
587.0, 0.06048779411758401
588.0, 0.06002452340762286
589.0, 0.05145003549852307
590.0, 0.04216988330236252
591.0, 0.037839246067538475
592.0, 0.03000510812556665
593.0, 0.03896795627769599
594.0, 0.05274822982599707
595.0, 0.06352159054617776
596.0, 0.06209654069147773
597.0, 0.05566483933329966
598.0, 0.0548871394052096
599.0, 0.06315700348186827
600.0, 0.079039351377641
601.0, 0.07626869253584162
602.0, 0.06386377587811104
603.0, 0.05374636949866691
604.0, 0.07057529892162517
605.0, 0.06074436535728382
606.0, 0.057053782281994404
607.0, 0.06047993915808744
608.0, 0.06701214071027305
609.0, 0.0641021181644315
610.0, 0.06266404835768813
611.0, 0.055800562585841075
612.0, 0.038096464155794235
613.0, 0.04982123931913954
614.0, 0.06708220544717274
615.0, 0.07114728901243354
616.0, 0.05552305371505104
617.0, 0.06047834816714742
618.0, 0.08396801697364488
619.0, 0.09335605474074313
620.0, 0.08751537562380365
621.0, 0.11031252032886713
622.0, 0.09755867667617918
623.0, 0.10207864959066547
624.0, 0.12249188551569341
625.0, 0.13098931489707152
626.0, 0.1345121402029583
627.0, 0.14151694358345304
628.0, 0.14096302423255294
629.0, 0.11750304152288936
630.0, 0.11955005512293058
631.0, 0.1015866794635258
632.0, 0.0788469689790786
633.0, 0.06697847122542648
634.0, 0.10258473032236658
635.0, 0.07611350748246365
636.0, 0.058955267551433224
637.0, 0.0767695880606436
638.0, 0.08984847106974726
639.0, 0.09987551682818449
640.0, 0.09925649393328702
641.0, 0.09560623339860294
642.0, 0.11377661901722066
643.0, 0.1332007563083027
644.0, 0.13122322788303056
645.0, 0.1257912581263571
646.0, 0.14611404017695687
647.0, 0.1741133584630784
648.0, 0.17943948885950864
649.0, 0.17933488081106838
650.0, 0.18881925844418412
651.0, 0.21109251625677108
652.0, 0.20674227933164496
653.0, 0.2176145218594714
654.0, 0.24477003877324208
655.0, 0.20653719027557416
656.0, 0.21320111125886665
657.0, 0.19030792950187259
658.0, 0.15531712512218596
659.0, 0.1857454675967259
660.0, 0.15402290468893556
661.0, 0.14737102550133255
662.0, 0.16268711120850374
663.0, 0.18618715021952714
664.0, 0.1771984894172833
665.0, 0.21457054077974763
666.0, 0.26134822105313793
667.0, 0.29802556953004233
668.0, 0.3642124239014288
669.0, 0.45250118290168606
670.0, 0.5604444528102503
671.0, 0.6853427001278602
672.0, 0.8212949939591354
673.0, 0.9482631565125045
674.0, 0.9676635815719931
675.0, 0.9161903224883613
676.0, 0.8732315293937485
677.0, 0.7146286990443469
678.0, 0.5898351777527076
679.0, 0.4837321357719473
680.0, 0.3817037454583304
681.0, 0.28819930685245065
682.0, 0.2546348266034312
683.0, 0.21728991313537327
684.0, 0.16342896925734793
685.0, 0.1406031528074204
686.0, 0.11619030470997577
687.0, 0.09680473768896604
688.0, 0.09312340611379931
689.0, 0.12083197617316156
690.0, 0.06455838698470644
691.0, 0.06080569843890985
692.0, 0.07192241150369863
693.0, 0.06179290643226177
694.0, 0.037970850416346034
695.0, 0.049704445216324084
696.0, 0.05048977659331953
697.0, 0.02960682722883315
698.0, 0.018472211342427117
699.0, 0.0429537576882558
700.0, 0.03156212973865324
701.0, 0.013798620544830123
702.0, 0.0570818469655507
703.0, 0.02816737710170414
704.0, 0.022977684505292913
705.0, 0.022789741081977444
706.0, 0.014388278278490362
707.0, 0.03338403793365264
708.0, 0.029261759548053407
709.0, 0.016210078399447984
710.0, 0.008870299408829089
711.0, 0.03681944270193066
712.0, 0.01286601517063488
713.0, 0.008650986248890354
714.0, 0.026813587373874983
715.0, 0.056730266853481766
716.0, 0.029780000196580197
717.0, 0.02604619478151616
718.0, 0.022413057303353093
719.0, 0.007426480076936683
720.0, 0.004707083813087791
721.0, 0.008102204394369846
722.0, 0.0116569462396131
723.0, 0.01185240435030623
724.0, 0.004395752198808735
725.0, 0.0013078002121976796
726.0, 0.006786939176925114
727.0, 0.02138757654992679
728.0, 0.041366059989298626
729.0, 0.009877086941604826
730.0, 0.029037743610587845
731.0, 0.030503258607041537
732.0, 0.0058366572386622136
733.0, 0.03758097349921295
734.0, 0.0339753954140459
735.0, 0.02510500434309195
736.0, 0.019371671049697954
737.0, 0.021961575059571185
738.0, 0.02741779416278053
739.0, 0.018243009192924767
740.0, 0.019473381321420527
741.0, 0.038312895757612035
742.0, 0.018803769154414417
743.0, 0.02469547375975487
744.0, 0.032216657362745274
745.0, 0.0317038434078695
746.0, 0.015869295713827485
747.0, 0.05229638850548398
748.0, 0.05836798164136678
749.0, 0.0459725175326892
750.0, 0.035019769609560505
751.0, 0.07751051894227592
752.0, 0.04950650937545704
753.0, 0.039831226882636114
754.0, 0.05696643021256969
755.0, 0.038317876551356
756.0, 0.03589961043575438
757.0, 0.04890786215201086
758.0, 0.050121961229337986
759.0, 0.016094165706762826
760.0, 0.03913167185506855
761.0, 0.04590530413873719
762.0, 0.037514875213340806
763.0, 0.020647420072797643
764.0, 0.015870933093390372
765.0, 0.014867902439997995
766.0, 0.02835579334664205
767.0, 0.037102776250146595
768.0, 0.017586723143806306
769.0, 0.03135530834391546
770.0, 0.03891860311302163
771.0, 0.031211902202517423
772.0, 0.017520042527753053
773.0, 0.051723083092818506
774.0, 0.03928015602010145
775.0, 0.033224274237464595
776.0, 0.031847602806783906
777.0, 0.021643448477999965
778.0, 0.020538126079615575
779.0, 0.030331518365841165
780.0, 0.03370554067626267
781.0, 0.026021754846300888
782.0, 0.027692926127361742
783.0, 0.048068982685852094
784.0, 0.038264161845469505
785.0, 0.02159293673610746
786.0, 0.041860790844731016
787.0, 0.06212581297056046
788.0, 0.033596786807505316
789.0, 0.021092097109305513
790.0, 0.04438473071385241
791.0, 0.0376557714031525
792.0, 0.02764963376982949
793.0, 0.04262489978301679
794.0, 0.05276199339110897
795.0, 0.015659074616877076
796.0, 0.061978065895621076
797.0, 0.04128753135939009
798.0, 0.020749964683861002
799.0, 0.031064015354194938
800.0, 0.055980371865250164
801.0, 0.01969292214153751
802.0, 0.03913241149355224
803.0, 0.06337512464257758
804.0, 0.016063779754337495
805.0, 0.02046930380668784
806.0, 0.03834145204342756
807.0, 0.03370669753379455
808.0, 0.014867437251452134
809.0, 0.057529283924523
810.0, 0.04640378916022337
811.0, 0.03854303588658987
812.0, 0.05185530068396396
813.0, 0.08808002191838404
814.0, 0.026253379271135174
815.0, 0.05058008306585267
816.0, 0.07896639868336433
817.0, 0.07961193986946279
818.0, 0.0485701178833349
819.0, 0.06610859058026934
820.0, 0.06022545380388684
821.0, 0.05393218389207203
822.0, 0.0656658549764145
823.0, 0.06074670123821617
824.0, 0.044960683361726275
825.0, 0.052136172022746834
826.0, 0.06905528474414335
827.0, 0.05573723925440982
828.0, 0.08209208704474685
829.0, 0.08313765634434662
830.0, 0.06671984528994442
831.0, 0.0500075303048263
832.0, 0.08221979941060145
833.0, 0.06632287506864296
834.0, 0.07818420489953996
835.0, 0.09732249364918595
836.0, 0.08135738880302629
837.0, 0.04826381667729164
838.0, 0.07025671641174522
839.0, 0.08884428742459376
840.0, 0.08482722606306585
841.0, 0.07700082841209195
842.0, 0.09674678709222069
843.0, 0.09359652834112112
844.0, 0.09968733773073092
845.0, 0.13143248982617056
846.0, 0.06647658400227856
847.0, 0.08351637463602662
848.0, 0.10903809737925117
849.0, 0.10991649704592912
850.0, 0.0645564451825098
851.0, 0.13896884172717766
852.0, 0.12809608196137914
853.0, 0.10303034890375057
854.0, 0.10691058074774529
855.0, 0.14003187468172015
856.0, 0.12122950583123054
857.0, 0.1397324824192393
858.0, 0.17414677077563556
859.0, 0.18644316788339851
860.0, 0.15880118914161623
861.0, 0.16928414652133342
862.0, 0.1626637555811248
863.0, 0.1487652327439228
864.0, 0.18354435744801267
865.0, 0.156231883528016
866.0, 0.12476035925850656
867.0, 0.12806847001639862
868.0, 0.16032202234341306
869.0, 0.09890297123197972
870.0, 0.13049067394131678
871.0, 0.13411356824827025
872.0, 0.11373966775470876
873.0, 0.09697059568776331
874.0, 0.10826938324457333
875.0, 0.1185761976639626
876.0, 0.10569002152162182
877.0, 0.08045290914493243
878.0, 0.07893225200239119
879.0, 0.10138178356164579
880.0, 0.08941073337484778
881.0, 0.07979886696483394
882.0, 0.08221972815544254
883.0, 0.043948494637579105
884.0, 0.1009194708715834
885.0, 0.09322558531863062
886.0, 0.0696403568255597
887.0, 0.09102837822392043
888.0, 0.06701757880056256
889.0, 0.052112161242179475
890.0, 0.07932690573746315
891.0, 0.11381270705593931
892.0, 0.08449911352110052
893.0, 0.08049035838858692
894.0, 0.0763373551263019
895.0, 0.06944257458696584
896.0, 0.06601600327374635
897.0, 0.08722924215395744
898.0, 0.08013829360217581
899.0, 0.07304156718565319
900.0, 0.0858522444595596
901.0, 0.11267438945011742
902.0, 0.04813282827173455
903.0, 0.11022698050585225
904.0, 0.11777261405982917
905.0, 0.08078368924877115
906.0, 0.05953832788685341
907.0, 0.12039917517258139
908.0, 0.10290284827593074
909.0, 0.09519591568407457
910.0, 0.10255309044821614
911.0, 0.07941123021612245
912.0, 0.0929487643622214
913.0, 0.10659444295309606
914.0, 0.10351208648478087
915.0, 0.08052727627856755
916.0, 0.054439524070085336
917.0, 0.04160755540860034
918.0, 0.060696895996720235
919.0, 0.08591500417513438
920.0, 0.09371118573054583
921.0, 0.07703800705067895
922.0, 0.06042687119558165
923.0, 0.08832372701679923
924.0, 0.10449487079252262
925.0, 0.05490763155288026
926.0, 0.11303947380088455
927.0, 0.09761529788594249
928.0, 0.10101152146276916
929.0, 0.12985981589519607
930.0, 0.15068469729405565
931.0, 0.12644188017248037
932.0, 0.13404493493127687
933.0, 0.1462503680937213
934.0, 0.1383117955259392
935.0, 0.08283436441298972
936.0, 0.1161228922257026
937.0, 0.09946339607448773
938.0, 0.0751905947695471
939.0, 0.0758441178698158
940.0, 0.11415117520614046
941.0, 0.07189069879411167
942.0, 0.07296516981920227
943.0, 0.08056734279912274
944.0, 0.06537619710540257
945.0, 0.07614407880370073
946.0, 0.10369953741868002
947.0, 0.08221887890741872
948.0, 0.0714730581339639
949.0, 0.12519908461041784
950.0, 0.0866502463533301
951.0, 0.07675737789571077
952.0, 0.09821798838575183
953.0, 0.10504512433648365
954.0, 0.04565257015892027
955.0, 0.06698009822861789
956.0, 0.1087196979067245
957.0, 0.10371259639592559
958.0, 0.0734126248558614
959.0, 0.08948845947700641
960.0, 0.04035251198074082
961.0, 0.050115411307208584
962.0, 0.050258382929109495
963.0, 0.028528827124795222
964.0, 0.023232707768187266
965.0, 0.01811475392170666
966.0, 0.014349270421224315
967.0, 0.01722987174525813
968.0, 0.023535307523456676
969.0, 0.017340788771331165
970.0, 0.026576227743382058
971.0, 0.023334147607480867
972.0, 0.020712252659139757
973.0, 0.026953620159181506
974.0, 0.03751126241230492
975.0, 0.03336570228319609
976.0, 0.03309942987826318
977.0, 0.02513040335808152
978.0, 0.00980794666326894
979.0, 0.030260108270008128
980.0, 0.025015789634142263
981.0, 0.027321152360312954
982.0, 0.03240746083882317
983.0, 0.03483093554444375
984.0, 0.047258827779807284
985.0, 0.030583318147687024
986.0, 0.01662995974444178
987.0, 0.01723090314713055
988.0, 0.03147375478416285
989.0, 0.013777628737297792
990.0, 0.004403136635934603
991.0, 0.0316874156325589
992.0, 0.04881495869484208
993.0, 0.012935073004762978
994.0, 0.032073806106770214
995.0, 0.024833352855984227
996.0, 0.01854336069564157
997.0, 0.027181117302751127
998.0, 0.053839999256302014
999.0, 0.045703796375104015
1000.0, 0.08939372065601649
1001.0, 0.13551571975627355
1002.0, 0.14140434432776713
1003.0, 0.0826819691592457
1004.0, 0.09174596522225788
1005.0, 0.054278881191275594
1006.0, 0.022356407874560398
1007.0, 0.02642340085196032
1008.0, 0.07506692207337815
1009.0, 0.027778357809757178
1010.0, 0.011015150410424088
1011.0, 0.02108016037542086
1012.0, 0.03309079138498566
1013.0, 0.019160060737891733
1014.0, 0.044499144708926755
1015.0, 0.05348768119580293
1016.0, 0.040393689616340385
1017.0, 0.043883172549332855
1018.0, 0.10698225614027317
1019.0, 0.06635891627994606
1020.0, 0.07561900191984582
1021.0, 0.0978359726151526
1022.0, 0.10861301028300323
1023.0, 0.09758957738917112
1024.0, 0.16700941275323283
1025.0, 0.14416155384338633
1026.0, 0.13000788379560196
1027.0, 0.16329887669348575
1028.0, 0.2388079081806453
1029.0, 0.16844689835838922
1030.0, 0.20372455739877432
1031.0, 0.21435740736245085
1032.0, 0.18215365857633992
1033.0, 0.13815238596351165
1034.0, 0.14444366742137466
1035.0, 0.10135199962560971
1036.0, 0.0868498255034633
1037.0, 0.09599118587636275
1038.0, 0.0928980091473571
1039.0, 0.04261649039861114
1040.0, 0.10308951399128824
1041.0, 0.09331442002194427
1042.0, 0.05148590882204658
1043.0, 0.06739313344320612
1044.0, 0.10824061929377506
1045.0, 0.03960749048549629
1046.0, 0.05479381418008081
1047.0, 0.10055307233731964
1048.0, 0.08506205339357138
1049.0, 0.05767118605559855
1050.0, 0.11213638577544194
1051.0, 0.11455213330098268
1052.0, 0.09809037159005127
1053.0, 0.11081709249499294
1054.0, 0.11915411554769433
1055.0, 0.10305230709430704
1056.0, 0.17106743108823902
1057.0, 0.20937280271886996
1058.0, 0.16008538428409252
1059.0, 0.2321749823971572
1060.0, 0.3018145634464526
1061.0, 0.28243526787140194
1062.0, 0.2514535743457099
1063.0, 0.25293709517249297
1064.0, 0.21771961491223518
1065.0, 0.17779795505223928
1066.0, 0.1430426653751965
1067.0, 0.11497532398043814
1068.0, 0.10271403320372108
1069.0, 0.1289386821018056
1070.0, 0.16551172048199436
1071.0, 0.11842592408756078
1072.0, 0.1017281634081767
1073.0, 0.12880752074247248
1074.0, 0.09747638762569395
1075.0, 0.08715011563411318
1076.0, 0.09821052295164082
1077.0, 0.09758966548086027
1078.0, 0.093341271500805
1079.0, 0.11958886302549658
1080.0, 0.10341158275928325
1081.0, 0.0833385985804754
1082.0, 0.10452412143253782
1083.0, 0.1316960380422809
1084.0, 0.10291643037838763
1085.0, 0.08534626133904356
1086.0, 0.12241202782350746
1087.0, 0.11875133549634644
1088.0, 0.09429671386808514
1089.0, 0.09150614070520671
1090.0, 0.0803145385524883
1091.0, 0.04015814032166202
1092.0, 0.03367457483089285
1093.0, 0.04689275464788381
1094.0, 0.05331050519315146
1095.0, 0.03254543995567445
1096.0, 0.06113801244092197
1097.0, 0.05081179289621275
1098.0, 0.052897692447929114
1099.0, 0.07849581124215466
1100.0, 0.051052229345134106
1101.0, 0.02928223733613293
1102.0, 0.03698530834868959
1103.0, 0.029320522187102096
1104.0, 0.01311091400949916
1105.0, 0.04390654795193373
1106.0, 0.07668107925498138
1107.0, 0.03600945490136105
1108.0, 0.046377353355669566
1109.0, 0.08077410906600604
1110.0, 0.046648231779839164
1111.0, 0.018798715255317247
1112.0, 0.08765696846049709
1113.0, 0.062383776634177365
1114.0, 0.024255289813829004
1115.0, 0.07241290449582793
1116.0, 0.053913584914253125
1117.0, 0.03192099965075186
1118.0, 0.0542874301595174
1119.0, 0.05154236105220415
1120.0, 0.0016114069445159842
1121.0, 0.009381540841537011
1122.0, 0.0021043681499305455
1123, 0.0
1124, 0.0
1125, 0.0
1126, 0.0
1127, 0.0
1128, 0.0
1129, 0.0
1130, 0.0
1131, 0.0
1132, 0.0
1133, 0.0
1134, 0.0
1135, 0.0
1136, 0.0
1137, 0.0
1138, 0.0
1139, 0.0
1140, 0.0
1141, 0.0
1142, 0.0
1143, 0.0
1144, 0.0
1145, 0.0
1146, 0.0
1147, 0.0
1148, 0.0
1149, 0.0
1150, 0.0
1151, 0.0
1152, 0.0
1153, 0.0
1154, 0.0
1155, 0.0
1156, 0.0
1157, 0.0
1158, 0.0
1159, 0.0
1160, 0.0
1161, 0.0
1162, 0.0
1163, 0.0
1164, 0.0
1165, 0.0
1166, 0.0
1167, 0.0
1168, 0.0
1169, 0.0
1170, 0.0
1171, 0.0
1172, 0.0
1173, 0.0
1174, 0.0
1175, 0.0
1176, 0.0
1177, 0.0
1178, 0.0
1179, 0.0
1180, 0.0
1181, 0.0
1182, 0.0
1183, 0.0
1184, 0.0
1185, 0.0
1186, 0.0
1187, 0.0
1188, 0.0
1189, 0.0
1190, 0.0
1191, 0.0
1192, 0.0
1193, 0.0
1194, 0.0
1195, 0.0
1196, 0.0
1197, 0.0
1198, 0.0
1199, 0.0
1200, 0.0
1201, 0.0
1202, 0.0
1203, 0.0
1204, 0.0
1205, 0.0
1206, 0.0
1207, 0.0
1208, 0.0
1209, 0.0
1210, 0.0
1211, 0.0
1212, 0.0
1213, 0.0
1214, 0.0
1215, 0.0
1216, 0.0
1217, 0.0
1218, 0.0
1219, 0.0
1220, 0.0
1221, 0.0
1222, 0.0
1223, 0.0
1224, 0.0
1225, 0.0
1226, 0.0
1227, 0.0
1228, 0.0
1229, 0.0
1230, 0.0
1231, 0.0
1232, 0.0
1233, 0.0
1234, 0.0
1235, 0.0
1236, 0.0
1237, 0.0
1238, 0.0
1239, 0.0
1240, 0.0
1241, 0.0
1242, 0.0
1243, 0.0
1244, 0.0
1245, 0.0
1246, 0.0
1247, 0.0
1248, 0.0
1249, 0.0
1250, 0.0
1251, 0.0
1252, 0.0
1253, 0.0
1254, 0.0
1255, 0.0
1256, 0.0
1257, 0.0
1258, 0.0
1259, 0.0
1260, 0.0
1261, 0.0
1262, 0.0
1263, 0.0
1264, 0.0
1265, 0.0
1266, 0.0
1267, 0.0
1268, 0.0
1269, 0.0
1270, 0.0
1271, 0.0
1272, 0.0
1273, 0.0
1274, 0.0
1275, 0.0
1276, 0.0
1277, 0.0
1278, 0.0
1279, 0.0
1280, 0.0
1281, 0.0
1282, 0.0
1283, 0.0
1284, 0.0
1285, 0.0
1286, 0.0
1287, 0.0
1288, 0.0
1289, 0.0
1290, 0.0
1291, 0.0
1292, 0.0
1293, 0.0
1294, 0.0
1295, 0.0
1296, 0.0
1297, 0.0
1298, 0.0
1299, 0.0
1300, 0.0
1301, 0.0
1302, 0.0
1303, 0.0
1304, 0.0
1305, 0.0
1306, 0.0
1307, 0.0
1308, 0.0
1309, 0.0
1310, 0.0
1311, 0.0
1312, 0.0
1313, 0.0
1314, 0.0
1315, 0.0
1316, 0.0
1317, 0.0
1318, 0.0
1319, 0.0
1320, 0.0
1321, 0.0
1322, 0.0
1323, 0.0
1324, 0.0
1325, 0.0
1326, 0.0
1327, 0.0
1328, 0.0
1329, 0.0
1330, 0.0
1331, 0.0
1332, 0.0
1333, 0.0
1334, 0.0
1335, 0.0
1336, 0.0
1337, 0.0
1338, 0.0
1339, 0.0
1340, 0.0
1341, 0.0
1342, 0.0
1343, 0.0
1344, 0.0
1345, 0.0
1346, 0.0
1347, 0.0
1348, 0.0
1349, 0.0
1350, 0.0
1351, 0.0
1352, 0.0
1353, 0.0
1354, 0.0
1355, 0.0
1356, 0.0
1357, 0.0
1358, 0.0
1359, 0.0
1360, 0.0
1361, 0.0
1362, 0.0
1363, 0.0
1364, 0.0
1365, 0.0
1366, 0.0
1367, 0.0
1368, 0.0
1369, 0.0
1370, 0.0
1371, 0.0
1372, 0.0
1373, 0.0
1374, 0.0
1375, 0.0
1376, 0.0
1377, 0.0
1378, 0.0
1379, 0.0
1380, 0.0
1381, 0.0
1382, 0.0
1383, 0.0
1384, 0.0
1385, 0.0
1386, 0.0
1387, 0.0
1388, 0.0
1389, 0.0
1390, 0.0
1391, 0.0
1392, 0.0
1393, 0.0
1394, 0.0
1395, 0.0
1396, 0.0
1397, 0.0
1398, 0.0
1399, 0.0
1400, 0.0
1401, 0.0
1402, 0.0
1403, 0.0
1404, 0.0
1405, 0.0
1406, 0.0
1407, 0.0
1408, 0.0
1409, 0.0
1410, 0.0
1411, 0.0
1412, 0.0
1413, 0.0
1414, 0.0
1415, 0.0
1416, 0.0
1417, 0.0
1418, 0.0
1419, 0.0
1420, 0.0
1421, 0.0
1422, 0.0
1423, 0.0
1424, 0.0
1425, 0.0
1426, 0.0
1427, 0.0
1428, 0.0
1429, 0.0
1430, 0.0
1431, 0.0
1432, 0.0
1433, 0.0
1434, 0.0
1435, 0.0
1436, 0.0
1437, 0.0
1438, 0.0
1439, 0.0
1440, 0.0
1441, 0.0
1442, 0.0
1443, 0.0
1444, 0.0
1445, 0.0
1446, 0.0
1447, 0.0
1448, 0.0
1449, 0.0
1450, 0.0
1451, 0.0
1452, 0.0
1453, 0.0
1454, 0.0
1455, 0.0
1456, 0.0
1457, 0.0
1458, 0.0
1459, 0.0
1460, 0.0
1461, 0.0
1462, 0.0
1463, 0.0
1464, 0.0
1465, 0.0
1466, 0.0
1467, 0.0
1468, 0.0
1469, 0.0
1470, 0.0
1471, 0.0
1472, 0.0
1473, 0.0
1474, 0.0
1475, 0.0
1476, 0.0
1477, 0.0
1478, 0.0
1479, 0.0
1480, 0.0
1481, 0.0
1482, 0.0
1483, 0.0
1484, 0.0
1485, 0.0
1486, 0.0
1487, 0.0
1488, 0.0
1489, 0.0
1490, 0.0
1491, 0.0
1492, 0.0
1493, 0.0
1494, 0.0
1495, 0.0
1496, 0.0
1497, 0.0
1498, 0.0
1499, 0.0
1500, 0.0
1501, 0.0
1502, 0.0
1503, 0.0
1504, 0.0
1505, 0.0
1506, 0.0
1507, 0.0
1508, 0.0
1509, 0.0
1510, 0.0
1511, 0.0
1512, 0.0
1513, 0.0
1514, 0.0
1515, 0.0
1516, 0.0
1517, 0.0
1518, 0.0
1519, 0.0
1520, 0.0
1521, 0.0
1522, 0.0
1523, 0.0
1524, 0.0
1525, 0.0
1526, 0.0
1527, 0.0
1528, 0.0
1529, 0.0
1530, 0.0
1531, 0.0
1532, 0.0
1533, 0.0
1534, 0.0
1535, 0.0
1536, 0.0
1537, 0.0
1538, 0.0
1539, 0.0
1540, 0.0
1541, 0.0
1542, 0.0
1543, 0.0
1544, 0.0
1545, 0.0
1546, 0.0
1547, 0.0
1548, 0.0
1549, 0.0
1550, 0.0
1551, 0.0
1552, 0.0
1553, 0.0
1554, 0.0
1555, 0.0
1556, 0.0
1557, 0.0
1558, 0.0
1559, 0.0
1560, 0.0
1561, 0.0
1562, 0.0
1563, 0.0
1564, 0.0
1565, 0.0
1566, 0.0
1567, 0.0
1568, 0.0
1569, 0.0
1570, 0.0
1571, 0.0
1572, 0.0
1573, 0.0
1574, 0.0
1575, 0.0
1576, 0.0
1577, 0.0
1578, 0.0
1579, 0.0
1580, 0.0
1581, 0.0
1582, 0.0
1583, 0.0
1584, 0.0
1585, 0.0
1586, 0.0
1587, 0.0
1588, 0.0
1589, 0.0
1590, 0.0
1591, 0.0
1592, 0.0
1593, 0.0
1594, 0.0
1595, 0.0
1596, 0.0
1597, 0.0
1598, 0.0
1599, 0.0
