30, 0.0
31, 0.0
32, 0.0
33, 0.0
34, 0.0
35, 0.0
36, 0.0
37, 0.0
38, 0.0
39, 0.0
40, 0.0
41, 0.0
42, 0.0
43, 0.0
44, 0.0
45, 0.0
46, 0.0
47, 0.0
48, 0.0
49, 0.0
50, 0.0
51, 0.0
52, 0.0
53, 0.0
54, 0.0
55, 0.0
56, 0.0
57, 0.0
58, 0.0
59, 0.0
60, 0.0
61, 0.0
62, 0.0
63, 0.0
64, 0.0
65, 0.0
66, 0.0
67, 0.0
68, 0.0
69, 0.0
70, 0.0
71, 0.0
72, 0.0
73, 0.0
74, 0.0
75, 0.0
76, 0.0
77, 0.0
78, 0.0
79, 0.0
80, 0.0
81, 0.0
82, 0.0
83, 0.0
84, 0.0
85, 0.0
86, 0.0
87, 0.0
88, 0.0
89, 0.0
90, 0.0
91, 0.0
92, 0.0
93, 0.0
94, 0.0
95, 0.0
96, 0.0
97, 0.0
98, 0.0
99, 0.0
100, 0.0
101, 0.0
102, 0.0
103, 0.0
104, 0.0
105, 0.0
106, 0.0
107, 0.0
108, 0.0
109, 0.0
110, 0.0
111, 0.0
112, 0.0
113, 0.0
114, 0.0
115, 0.0
116, 0.0
117, 0.0
118, 0.0
119, 0.0
120, 0.0
121, 0.0
122, 0.0
123, 0.0
124, 0.0
125, 0.0
126, 0.0
127, 0.0
128, 0.0
129, 0.0
130, 0.0
131, 0.0
132, 0.0
133, 0.0
134, 0.0
135, 0.0
136, 0.0
137, 0.0
138, 0.0
139, 0.0
140, 0.0
141, 0.0
142, 0.0
143, 0.0
144, 0.0
145, 0.0
146, 0.0
147, 0.0
148, 0.0
149, 0.0
150, 0.0
151, 0.0
152, 0.0
153, 0.0
154, 0.0
155, 0.0
156, 0.0
157, 0.0
158, 0.0
159, 0.0
160, 0.0
161, 0.0
162, 0.0
163, 0.0
164, 0.0
165, 0.0
166, 0.0
167, 0.0
168, 0.0
169, 0.0
170, 0.0
171, 0.0
172, 0.0
173, 0.0
174, 0.0
175, 0.0
176, 0.0
177, 0.0
178, 0.0
179, 0.0
180, 0.0
181, 0.0
182, 0.0
183, 0.0
184, 0.0
185, 0.0
186, 0.0
187, 0.0
188, 0.0
189, 0.0
190, 0.0
191, 0.0
192, 0.0
193.0, 0.0005992990092193139
194.0, 0.00035509969842028596
195.0, 0.00714591458331015
196.0, 0.016800054792628024
197.0, 0.027722627176754822
198.0, 0.0446285899763661
199.0, 0.05899842128854469
200.0, 0.07880347702339997
201.0, 0.10231690928711916
202.0, 0.12239347091750481
203.0, 0.13796382239782354
204.0, 0.15483361432914586
205.0, 0.16571031989506546
206.0, 0.16548718771497184
207.0, 0.16061966799189697
208.0, 0.14999321922214998
209.0, 0.13479881497146096
210.0, 0.11773232258301397
211.0, 0.10039864885196305
212.0, 0.0913152408636402
213.0, 0.07559273405220847
214.0, 0.05846883259191445
215.0, 0.046500394819284925
216.0, 0.03429548857372244
217.0, 0.02514221093094945
218.0, 0.015064052159553268
219.0, 0.004393732835221716
220.0, 0.0018661751892085578
221.0, 0.005459322343179596
222.0, 0.005686235867181983
223.0, 0.001695278759043468
224.0, 0.005474190363338479
225.0, 0.010202840825162289
226.0, 0.01763592445098672
227.0, 0.02501118323603832
228.0, 0.029216802424666344
229.0, 0.028686857750070203
230.0, 0.03187576111609146
231.0, 0.03298844283681683
232.0, 0.03249226103676306
233.0, 0.03327612953623939
234.0, 0.03555804504033911
235.0, 0.03626989301337029
236.0, 0.03717353130351683
237.0, 0.04117231576296975
238.0, 0.0509491519351445
239.0, 0.052654358458581886
240.0, 0.051755047003708254
241.0, 0.05628569755888731
242.0, 0.06807107749671089
243.0, 0.0671369668624298
244.0, 0.06721498077547047
245.0, 0.06835838402522287
246.0, 0.07011557949535747
247.0, 0.0735509889995097
248.0, 0.07384229403532287
249.0, 0.07550726297708599
250.0, 0.07861317191829723
251.0, 0.08121384482217729
252.0, 0.08434202005617115
253.0, 0.08896047620698694
254.0, 0.09204643075208002
255.0, 0.0931812615264303
256.0, 0.09379878731923255
257.0, 0.09410756974703392
258.0, 0.09315245885833329
259.0, 0.09259122376514953
260.0, 0.09287967130452442
261.0, 0.09154372317350203
262.0, 0.09190606796664999
263.0, 0.09295029610798373
264.0, 0.09538193276072435
265.0, 0.10083131800261591
266.0, 0.1093581491295451
267.0, 0.11609176083185926
268.0, 0.12429579891005611
269.0, 0.13514682673817185
270.0, 0.1448892790272672
271.0, 0.15093386494701855
272.0, 0.1619871658483415
273.0, 0.17239316050516806
274.0, 0.17575065480621924
275.0, 0.18278667276195906
276.0, 0.19160456538145362
277.0, 0.2006007204594889
278.0, 0.2100028102279116
279.0, 0.2212961437245587
280.0, 0.235145169131426
281.0, 0.24797966869543345
282.0, 0.2599427377272742
283.0, 0.27093585379024643
284.0, 0.27876256541499306
285.0, 0.2873590649317094
286.0, 0.2953207026008679
287.0, 0.30203148302866745
288.0, 0.3080170741574418
289.0, 0.3137225057748989
290.0, 0.3167378672794155
291.0, 0.31965788436394693
292.0, 0.3226301094928593
293.0, 0.32348375093728615
294.0, 0.32578707610021274
295.0, 0.32953277324584346
296.0, 0.3338239894769413
297.0, 0.33944698086050457
298.0, 0.34872444170223604
299.0, 0.3512556528076304
300.0, 0.35382066025257536
301.0, 0.3542408573312466
302.0, 0.3459049912602461
303.0, 0.32952027685507757
304.0, 0.31106379185513644
305.0, 0.2880679959649431
306.0, 0.25917132173538143
307.0, 0.2268226888270294
308.0, 0.1978741339954793
309.0, 0.17022401261236797
310.0, 0.1453063815895671
311.0, 0.12320498198787978
312.0, 0.10163777502949536
313.0, 0.08554729787817052
314.0, 0.0702808085696849
315.0, 0.05642659077984424
316.0, 0.04604982527480059
317.0, 0.037203790031332624
318.0, 0.028540219801298825
319.0, 0.021793824961351564
320.0, 0.016297405507887094
321.0, 0.010628094480363363
322.0, 0.007308838618814857
323.0, 0.004657241794116117
324.0, 0.0027742608819247123
325.0, 0.0026848978377101798
326.0, 0.0042764408817364125
327.0, 0.0027285092243420975
328.0, 0.004255626507901635
329.0, 0.004455230031230872
330.0, 0.0073550786171199655
331.0, 0.008394029503502107
332.0, 0.006771259230618415
333.0, 0.0072202481144203
334.0, 0.007853542838986654
335.0, 0.006193778777202421
336.0, 0.005737480278987744
337.0, 0.004430623874628317
338.0, 0.003004698285652481
339.0, 0.0022264722598488037
340.0, 0.002324701851282142
341.0, 0.002869428380080221
342.0, 0.0006156668219689176
343.0, 0.001715176831408108
344.0, 0.0032834773344907003
345.0, 0.0056113467463511325
346.0, 0.006934059069758759
347.0, 0.008059492796144
348.0, 0.010972226636596515
349.0, 0.015055623621345639
350.0, 0.017514671728785156
351.0, 0.022392027336488173
352.0, 0.026557586609017605
353.0, 0.029934475575364647
354.0, 0.03416671385915765
355.0, 0.040062294402052855
356.0, 0.04662342475782341
357.0, 0.05242799556772608
358.0, 0.057756007645916506
359.0, 0.06302135343193488
360.0, 0.06772301012481458
361.0, 0.07216515314071463
362.0, 0.07609049034045198
363.0, 0.08017058635260688
364.0, 0.08436237692038098
365.0, 0.08611783960313807
366.0, 0.08647950009486678
367.0, 0.087914922110927
368.0, 0.08896285306742754
369.0, 0.0875161027170499
370.0, 0.08585222425935664
371.0, 0.08470979540650964
372.0, 0.08158211388755594
373.0, 0.07714842104363946
374.0, 0.0735639375003708
375.0, 0.06790755175245765
376.0, 0.06503342120543562
377.0, 0.06059988823852236
378.0, 0.053852971543289115
379.0, 0.04875442269164033
380.0, 0.04557546012567424
381.0, 0.03964509627533812
382.0, 0.035421016580783296
383.0, 0.03352628180258825
384.0, 0.029815090042427484
385.0, 0.025670994819272437
386.0, 0.02271162345403372
387.0, 0.02085312852391107
388.0, 0.01874104313567783
389.0, 0.01621193100785322
390.0, 0.015909441934422584
391.0, 0.013740389935066133
392.0, 0.012806048824798234
393.0, 0.014144704037744586
394.0, 0.014516117149985313
395.0, 0.016264278643640526
396.0, 0.017180546367243123
397.0, 0.01862564073113734
398.0, 0.021307466479697987
399.0, 0.024214181081007462
400.0, 0.028198954573161447
401.0, 0.030379534960484195
402.0, 0.03306429339800512
403.0, 0.037895901755515896
404.0, 0.04354388938200369
405.0, 0.04367098825374904
406.0, 0.047104505183165064
407.0, 0.05037452439527119
408.0, 0.052026428550159154
409.0, 0.05636832687051417
410.0, 0.0563614703406543
411.0, 0.057202954418268566
412.0, 0.0585115594006854
413.0, 0.059057060552631956
414.0, 0.05950464696289055
415.0, 0.0596214440655218
416.0, 0.05863628552907332
417.0, 0.05786929980257436
418.0, 0.05831518307389875
419.0, 0.05966125338509723
420.0, 0.060233579971205806
421.0, 0.061599447249129205
422.0, 0.06295048199314028
423.0, 0.06376513062167206
424.0, 0.06478096767087671
425.0, 0.06723529371975243
426.0, 0.07038542545598583
427.0, 0.07257223360229666
428.0, 0.07417999265073667
429.0, 0.07649378517427112
430.0, 0.07401914516728289
431.0, 0.07701857221078211
432.0, 0.07812478208406007
433.0, 0.07493151404686028
434.0, 0.07295999592576873
435.0, 0.07187000087293766
436.0, 0.07115643043910339
437.0, 0.0698009932662538
438.0, 0.06824266254083779
439.0, 0.06719371868674981
440.0, 0.06562030261978216
441.0, 0.06655677950037446
442.0, 0.0700663533022453
443.0, 0.07417289638139915
444.0, 0.07775747147418977
445.0, 0.08301313824251581
446.0, 0.09060575040119136
447.0, 0.09858245459075796
448.0, 0.10827723809698178
449.0, 0.11977305157534697
450.0, 0.12867039310756095
451.0, 0.14103287577171328
452.0, 0.1562445797727971
453.0, 0.17200431621194354
454.0, 0.18712302012693713
455.0, 0.20312611465626235
456.0, 0.21965839875856
457.0, 0.23828742061840708
458.0, 0.25690868575879217
459.0, 0.27422643387485557
460.0, 0.29152161380969416
461.0, 0.30795913327443186
462.0, 0.3235884333898133
463.0, 0.3341046261501259
464.0, 0.34039857038340765
465.0, 0.3459152656865973
466.0, 0.34476952793759214
467.0, 0.3402809178659062
468.0, 0.3328040194883693
469.0, 0.32223657598450045
470.0, 0.3086271741265356
471.0, 0.29020049192374303
472.0, 0.27106506839220784
473.0, 0.2516049733984956
474.0, 0.23273030802005562
475.0, 0.21462517763572844
476.0, 0.1954877920621676
477.0, 0.1752405707146607
478.0, 0.15723874817167646
479.0, 0.14141169674202536
480.0, 0.12632015042753833
481.0, 0.11149438499421634
482.0, 0.09914525532132852
483.0, 0.08596953100154905
484.0, 0.07463500718327809
485.0, 0.06578153465919415
486.0, 0.05769905303344659
487.0, 0.05281914627260703
488.0, 0.04547522204509155
489.0, 0.03687396049159552
490.0, 0.03020601594748597
491.0, 0.02634125967974729
492.0, 0.021283387363248245
493.0, 0.01633615190031212
494.0, 0.013131115415618996
495.0, 0.011210839374349588
496.0, 0.00946884133887861
497.0, 0.007336324992219344
498.0, 0.004819182956790799
499.0, 0.004882699124807819
500.0, 0.004105205490721362
501.0, 0.001120092427163018
502.0, 0.0012410260946944523
503.0, 0.0018108905136446478
504.0, 0.0023685402840240397
505.0, 0.0035444365603516815
506.0, 0.004239093253552567
507.0, 0.004076756332691657
508.0, 0.006119582903757032
509.0, 0.005905387885378219
510.0, 0.005891836788822491
511.0, 0.004740256627076542
512.0, 0.002451387956094147
513.0, 0.0028155574477044263
514.0, 0.003096810348098988
515.0, 0.002659217128652633
516.0, 0.0017954801588510154
517.0, 0.0011571963361989952
518.0, 0.0007754942913908876
519.0, 0.001163506684083167
520.0, 0.0027196921371951794
521.0, 0.003423745615674013
522.0, 0.004109619820849215
523.0, 0.0056584775888618224
524.0, 0.008094302603658272
525.0, 0.009958218006830102
526.0, 0.01087358935372869
527.0, 0.014619417053594602
528.0, 0.019516582212159315
529.0, 0.020651380244855373
530.0, 0.025367379886996198
531.0, 0.03062299622714018
532.0, 0.03191075548999348
533.0, 0.034219161472321846
534.0, 0.04131311750664561
535.0, 0.04570330490571276
536.0, 0.05157327974279746
537.0, 0.05758166519413891
538.0, 0.06345265449309613
539.0, 0.0694047752156754
540.0, 0.0757480065408496
541.0, 0.08238518887831331
542.0, 0.09069175335529417
543.0, 0.09764277975865208
544.0, 0.1029739958524039
545.0, 0.10838100732141669
546.0, 0.11409223475006486
547.0, 0.12009159262803983
548.0, 0.12488786289256919
549.0, 0.13013451411354918
550.0, 0.13604760488169176
551.0, 0.14051535372393284
552.0, 0.14112517431193503
553.0, 0.1430506537704484
554.0, 0.14626229479732172
555.0, 0.1481732763287073
556.0, 0.14619950948585478
557.0, 0.1411875520012286
558.0, 0.13935153455843446
559.0, 0.1332811280443326
560.0, 0.12382383490516534
561.0, 0.11370955533345428
562.0, 0.10350227438355152
563.0, 0.09357318884106956
564.0, 0.08051856738408016
565.0, 0.07018426334825875
566.0, 0.06115509038679066
567.0, 0.05143770355621368
568.0, 0.04329783464870049
569.0, 0.036824485535371175
570.0, 0.03066786335245321
571.0, 0.024581116060435476
572.0, 0.020652873900272525
573.0, 0.01888408948084261
574.0, 0.01456771715788434
575.0, 0.011690289910317496
576.0, 0.007616786443338
577.0, 0.004743187773569307
578.0, 0.004200308986414943
579.0, 0.004366730315026997
580.0, 0.0033415766056808234
581.0, 0.003655602241307376
582.0, 0.002822244135133166
583.0, 0.0007389412408215138
584.0, 0.0004636047797935476
585.0, 0.0004800185082839691
586.0, 0.0032154906069128955
587.0, 0.0040023347311159896
588.0, 0.004451923925767286
589.0, 0.005592210600605247
590.0, 0.007101190914773759
591.0, 0.009201427184767146
592.0, 0.010273077652950591
593.0, 0.011849995459228616
594.0, 0.013774880887982472
595.0, 0.015316785759795426
596.0, 0.016781880388321214
597.0, 0.019752440499572213
598.0, 0.02222747204730102
599.0, 0.02612543534920267
600.0, 0.030352475676662605
601.0, 0.0337119316154517
602.0, 0.036685457237070215
603.0, 0.03793498166132193
604.0, 0.04179313769307848
605.0, 0.0458959258873936
606.0, 0.052677386944909685
607.0, 0.0597952177521348
608.0, 0.05769522958415589
609.0, 0.05919606566966605
610.0, 0.06110683897788715
611.0, 0.0605244277524381
612.0, 0.06000752746799713
613.0, 0.061188279588731555
614.0, 0.05961434979933714
615.0, 0.060285369487049795
616.0, 0.05851313795974709
617.0, 0.05836634001234153
618.0, 0.06043512294024324
619.0, 0.061874237249456565
620.0, 0.06221930147796822
621.0, 0.06387516041464265
622.0, 0.0650142481142402
623.0, 0.06477186712969857
624.0, 0.0653276023133789
625.0, 0.06776674537261884
626.0, 0.06698414684519498
627.0, 0.06590888947917978
628.0, 0.06389900672947241
629.0, 0.06212354123195788
630.0, 0.060164372818345586
631.0, 0.055723950513754165
632.0, 0.051316349695722
633.0, 0.04851588924865
634.0, 0.042930545252976314
635.0, 0.03856228150844492
636.0, 0.036130830142203425
637.0, 0.030743994605074983
638.0, 0.027375185350753842
639.0, 0.027036082844005487
640.0, 0.02263102425109992
641.0, 0.01808599392199213
642.0, 0.01684728898241389
643.0, 0.01559237318139721
644.0, 0.014309791578646128
645.0, 0.011206022438022947
646.0, 0.008808156366126285
647.0, 0.009280481619125534
648.0, 0.01044953976381899
649.0, 0.007575315585157473
650.0, 0.005271308197213594
651.0, 0.005346451899294918
652.0, 0.004491702973731133
653.0, 0.0028092748146707884
654.0, 0.002035787499769206
655.0, 0.002215064027286497
656.0, 0.0017908936310687847
657.0, 0.00015307794837778567
658.0, 0.0026844845406636454
659.0, 0.0061397574349772435
660.0, 0.005470485208105547
661.0, 0.0008665029231727393
662.0, 0.001505236890368225
663.0, 0.0006133188029017336
664.0, 0.0005091725027002443
665.0, 0.000760543813066227
666.0, 0.0017830184525003524
667.0, 0.0005063262523937774
668.0, 0.00029964351041420807
669.0, 0.0007219501772927202
670.0, 0.0007056604519206372
671.0, 0.0014148288322178943
672.0, 0.00041425705619464335
673.0, 0.00030424687773545104
674.0, 0.0011946049690289165
675.0, 0.00034931812185318677
676.0, 9.800466696124236e-05
677.0, 0.00020782283207460242
678.0, 0.0005588466486405043
679.0, 0.0010684573195792197
680.0, 0.000367489113088984
681.0, 0.0015981654855431004
682.0, 0.0003738728212976435
683.0, 0.0004095619210361591
684.0, 0.0018017808837843283
685.0, 0.0017755480335848429
686.0, 0.0005826589861519269
687.0, 0.0013690806947420735
688.0, 0.0004932561470155526
689.0, 0.0023689269745493053
690.0, 0.0023105948042561357
691.0, 0.0015167530818905968
692.0, 0.002506223137740038
693.0, 0.0009623678002287918
694.0, 0.0020547767246733043
695.0, 0.0035208663084735693
696.0, 0.004406510398030393
697.0, 0.004987235483176094
698.0, 0.0048589421023271726
699.0, 0.0028801315174341196
700.0, 0.0021872229213112052
701.0, 0.002738703346293803
702.0, 0.0028000741922447905
703.0, 0.0019278882901693464
704.0, 0.001847397431029236
705.0, 0.003996766738847508
706.0, 0.0034044966374027967
707.0, 0.0033894728204347294
708.0, 0.004123355474563951
709.0, 0.005617815987161924
710.0, 0.007325616330334935
711.0, 0.006609848578921507
712.0, 0.0060581670626996
713.0, 0.0053706754048088315
714.0, 0.00484134762558326
715.0, 0.00483115033214566
716.0, 0.005556995380509208
717.0, 0.00636383863142781
718.0, 0.005254695118092822
719.0, 0.004973519875127388
720.0, 0.004607655427377289
721.0, 0.005925579415675693
722.0, 0.007761599617143456
723.0, 0.007222706384832876
724.0, 0.005591547506593243
725.0, 0.005526063032258909
726.0, 0.005563422225395755
727.0, 0.005813469472217637
728.0, 0.006372641081230924
729.0, 0.006574880704577258
730.0, 0.005832442780914976
731.0, 0.005304047537966387
732.0, 0.006886286695607542
733.0, 0.00619694333889468
734.0, 0.005227586814319828
735.0, 0.006158044339033903
736.0, 0.006877509573407201
737.0, 0.004402039659649776
738.0, 0.0051610282406191485
739.0, 0.0076132179364083825
740.0, 0.006762915403608005
741.0, 0.005578954654071903
742.0, 0.007266525654311289
743.0, 0.00691621531073954
744.0, 0.006747731660752247
745.0, 0.006136223157268717
746.0, 0.005459249937951123
747.0, 0.004595201669920972
748.0, 0.004014730210108589
749.0, 0.004614413201121827
750.0, 0.006543096916214891
751.0, 0.004913925454998414
752.0, 0.004700359491356222
753.0, 0.004699344931591942
754.0, 0.005463768398828952
755.0, 0.0067302911453297545
756.0, 0.005765919624731963
757.0, 0.005555835278145286
758.0, 0.004868066555890232
759.0, 0.004322531817562667
760.0, 0.004029219409057676
761.0, 0.003989837075263868
762.0, 0.003207069068178901
763.0, 0.0003684475713962135
764.0, 0.002572003382891343
765.0, 0.0026919261882147063
766.0, 0.003608235841485752
767.0, 0.005922885321122099
768.0, 0.006357685501564545
769.0, 0.002900709256842895
770.0, 0.0018008426737880865
771.0, 0.0012886032191981073
772.0, 0.002279323866764817
773.0, 0.0025525347463807714
774.0, 0.0015908116739703842
775.0, 0.0004805649808145794
776.0, 1.9650926155277358e-05
777.0, 0.001755925752975391
778.0, 0.002007727363965961
779.0, 0.0017871352924525709
780.0, 0.0018888293777088118
781.0, 0.0016372914489933203
782.0, 0.0009434863480011067
783.0, 0.0015996235707461703
784.0, 0.0027093574874559167
785.0, 0.003538099969762864
786.0, 0.0031232715205303414
787.0, 0.0008737662815626376
788.0, 0.0008722082929030115
789.0, 0.0008201248706894278
790.0, 0.002082498254753376
791.0, 0.00084716644513015
792.0, 0.001045051468412226
793.0, 0.001328774386407217
794.0, 0.0029341809570713963
795.0, 0.003666967564890694
796.0, 0.0020112014811009583
797.0, 0.0015639347658270614
798.0, 0.0008892281746460407
799.0, 0.00031333242324003106
800.0, 7.594285311052256e-05
801.0, 0.0006120024582150358
802.0, 0.001781078674593869
803.0, 0.002363381030918635
804.0, 0.0012488304317318662
805.0, 0.002644343489508941
806.0, 0.002094150579454854
807.0, 0.0021023751307483298
808.0, 0.0031585347641629328
809.0, 0.004026520546701347
810.0, 0.003992041861740225
811.0, 0.0035880803758779013
812.0, 0.004331478122147507
813.0, 0.0040935035803620606
814.0, 0.0042350005120240656
815.0, 0.0035762830690446107
816.0, 0.00288026469899648
817.0, 0.0051189826810787665
818.0, 0.007037191847132157
819.0, 0.006900471238038533
820.0, 0.005617751839853804
821.0, 0.004981926827140985
822.0, 0.006101202482238449
823.0, 0.0074534828505080225
824.0, 0.006142388706245251
825.0, 0.004444910917940645
826.0, 0.005428663677867156
827.0, 0.00521831659211487
828.0, 0.005339932671795462
829.0, 0.0049046633583656315
830.0, 0.004907374275664917
831.0, 0.007423865947720728
832.0, 0.007414915647523968
833.0, 0.006995025048605318
834.0, 0.006324518256208387
835.0, 0.00683020450566958
836.0, 0.007276478268779499
837.0, 0.007384447811868139
838.0, 0.0076963175388419965
839.0, 0.006681338071103694
840.0, 0.008500273903819171
841.0, 0.009983041456560857
842.0, 0.009717460388729645
843.0, 0.009227583034535572
844.0, 0.009501293274217124
845.0, 0.010469528044892835
846.0, 0.01166388630119653
847.0, 0.011178747165997477
848.0, 0.009689493095786463
849.0, 0.00958579189347293
850.0, 0.009736419837100925
851.0, 0.00950212191432002
852.0, 0.009495641955028325
853.0, 0.010338529603227339
854.0, 0.011712572086425834
855.0, 0.011350626680942428
856.0, 0.011443219190353592
857.0, 0.012083686985694122
858.0, 0.011285439928836793
859.0, 0.009489602255972033
860.0, 0.009710754277035603
861.0, 0.012775486048575287
862.0, 0.012531671081924677
863.0, 0.012272823876855778
864.0, 0.010869693669993788
865.0, 0.009912784919104065
866.0, 0.010107392134570055
867.0, 0.010856410117414029
868.0, 0.011261589075374674
869.0, 0.011653224457223561
870.0, 0.01043882070186155
871.0, 0.01118219701932784
872.0, 0.011819175264273639
873.0, 0.012315279970599106
874.0, 0.012807991624569042
875.0, 0.011442914581540797
876.0, 0.010911870071520769
877.0, 0.01227313504198017
878.0, 0.012641867627581106
879.0, 0.011438145717265265
880.0, 0.010465924102861965
881.0, 0.010550767155190138
882.0, 0.010959199971887292
883.0, 0.011302578503393267
884.0, 0.009951565938636133
885.0, 0.010084204818623235
886.0, 0.009789689858108986
887.0, 0.009494639069173163
888.0, 0.00904576025668935
889.0, 0.008673976879171453
890.0, 0.008947995212630502
891.0, 0.007918907590598519
892.0, 0.010396986634528836
893.0, 0.008330789476184436
894.0, 0.007043827842116251
895.0, 0.005413921018168003
896.0, 0.0043655892879161835
897.0, 0.005325830440145124
898.0, 0.004501319224703052
899.0, 0.004737242392821012
900.0, 0.00435929843570218
901.0, 0.003532166564971296
902.0, 0.0034878590797887544
903.0, 0.004266976404466897
904.0, 0.004548769921425894
905.0, 0.003891605699829862
906.0, 0.0038469651719302265
907.0, 0.0032696025333437584
908.0, 0.0038637532789455174
909.0, 0.005303849939902247
910.0, 0.0025486593028710915
911.0, 0.0013304872064902444
912.0, 0.0028228431855308986
913.0, 0.0010762857403792394
914.0, 0.0006577807540682541
915.0, 0.0007629977655235147
916.0, 0.0006856724969336481
917.0, 0.0007322016905783375
918.0, 0.00011479007669433727
919.0, 0.00034495661677078526
920.0, 0.0004708215276351689
921.0, 0.00022230207648669487
922.0, 0.001641698917934603
923.0, 0.0006360000960974
924.0, 0.0027976390891043218
925.0, 0.0038150273693503896
926.0, 0.003242766358282837
927.0, 0.0028657982720594524
928.0, 0.0026091005607394462
929.0, 0.0030156556372874887
930.0, 0.001468749087761439
931.0, 0.0018438883339485764
932.0, 0.003671519946175411
933.0, 0.004555745516044312
934.0, 0.004290339877856101
935.0, 0.003622021199452979
936.0, 0.0027969832035520848
937.0, 0.0019735913251938864
938.0, 0.0017476719422448665
939.0, 0.00021697590926825406
940.0, 0.00020046733897368876
941.0, 0.0018976344616053896
942.0, 0.00423934913886746
943.0, 0.004267096430498564
944.0, 0.00424277661014845
945.0, 0.00854521592626794
946.0, 0.013560840980081552
947.0, 0.010649556917241208
948.0, 0.015212610354408995
949.0, 0.021476095448923323
950.0, 0.027039872685696156
951.0, 0.03281353735143931
952.0, 0.04008962684168199
953.0, 0.04863049553496809
954.0, 0.0554098990750783
955.0, 0.06743035653575048
956.0, 0.08129253229838693
957.0, 0.09846541252505708
958.0, 0.11703132196877686
959.0, 0.13866941641087732
960.0, 0.16608185467737022
961.0, 0.19771809530283693
962.0, 0.2312266530303476
963.0, 0.269980527113263
964.0, 0.30990863844602684
965.0, 0.3584518113958021
966.0, 0.40653941815769407
967.0, 0.45339858769145225
968.0, 0.49804077205338826
969.0, 0.5304766184606291
970.0, 0.5410478928756562
971.0, 0.5344142826488862
972.0, 0.5023938501105387
973.0, 0.45719592289588945
974.0, 0.4041274035105986
975.0, 0.35100892902390457
976.0, 0.3086428149508564
977.0, 0.2756189484668628
978.0, 0.24769625615637664
979.0, 0.23448025837232953
980.0, 0.2295582338885813
981.0, 0.2333882026051876
982.0, 0.2416307456042068
983.0, 0.25803927823907313
984.0, 0.2817979324087884
985.0, 0.31108343308069447
986.0, 0.34438152490343465
987.0, 0.37469966978156244
988.0, 0.3910491295390209
989.0, 0.38816220345324853
990.0, 0.3636553415605909
991.0, 0.3168855525991234
992.0, 0.2600461849502277
993.0, 0.20388103282601794
994.0, 0.15703024094861695
995.0, 0.12210571816534371
996.0, 0.09275183437646191
997.0, 0.07410127035321828
998.0, 0.05407251136380272
999.0, 0.04302336685367673
1000.0, 0.033246646928307276
1001.0, 0.02564616361726256
1002.0, 0.01971051188420603
1003.0, 0.015011407437536508
1004.0, 0.01420790447244507
1005.0, 0.013308844670328192
1006.0, 0.016093637059153527
1007.0, 0.012389856104703693
1008.0, 0.016325282509072454
1009.0, 0.01851819590441507
1010.0, 0.021165227833355997
1011.0, 0.025310773098653393
1012.0, 0.029119290891028955
1013.0, 0.03444465137238139
1014.0, 0.03924782346774773
1015.0, 0.04431257509598841
1016.0, 0.05350004555563227
1017.0, 0.06369819042255342
1018.0, 0.07185637422080698
1019.0, 0.0810012904230337
1020.0, 0.0901627652288123
1021.0, 0.09816941971357183
1022.0, 0.10724724871185463
1023.0, 0.11283749686343324
1024.0, 0.11724200602709195
1025.0, 0.11978726348891888
1026.0, 0.12212443506140726
1027.0, 0.12435934431082807
1028.0, 0.12436574517960347
1029.0, 0.12769742961815062
1030.0, 0.13624638129318303
1031.0, 0.14403104051355567
1032.0, 0.15556063184291116
1033.0, 0.17391780241087776
1034.0, 0.19831210155133375
1035.0, 0.2231508905890385
1036.0, 0.252743535709343
1037.0, 0.28543212141334606
1038.0, 0.32140708327124917
1039.0, 0.3630551231979275
1040.0, 0.4110835696704457
1041.0, 0.4658088834567667
1042.0, 0.52542226325572
1043.0, 0.5874183777562214
1044.0, 0.652018936299284
1045.0, 0.7104234564183073
1046.0, 0.7643107422326153
1047.0, 0.8094398299034131
1048.0, 0.8451874385702306
1049.0, 0.8777210788249217
1050.0, 0.9072292527830923
1051.0, 0.9341102778871153
1052.0, 0.9608672360203532
1053.0, 0.9848691240400859
1054.0, 0.9985488906770504
1055.0, 0.9918186091603549
1056.0, 0.968218153492678
1057.0, 0.924771130113773
1058.0, 0.8536441284495241
1059.0, 0.7614223465816597
1060.0, 0.6648794751580616
1061.0, 0.5703000158510709
1062.0, 0.48198801641927147
1063.0, 0.4066964467667875
1064.0, 0.339929400419668
1065.0, 0.2824660244119382
1066.0, 0.23623883745101024
1067.0, 0.19967932103621777
1068.0, 0.16962041777197048
1069.0, 0.14768305204238147
1070.0, 0.13246203823583094
1071.0, 0.11513962750072511
1072.0, 0.10338236016818551
1073.0, 0.09853615737170715
1074.0, 0.09458227697203912
1075.0, 0.08987275756823876
1076.0, 0.08916472256725938
1077.0, 0.09054440104518756
1078.0, 0.08799948285158395
1079.0, 0.08932713723653458
1080.0, 0.08908246073895712
1081.0, 0.0856554713243899
1082.0, 0.08227691443168572
1083.0, 0.07766523559263566
1084.0, 0.07068773577779523
1085.0, 0.06318064780584352
1086.0, 0.054968325421601315
1087.0, 0.04517095754392149
1088.0, 0.03553310361864609
1089.0, 0.029549309180437924
1090.0, 0.022364293402755545
1091.0, 0.020403268263770112
1092.0, 0.015125882228412447
1093.0, 0.01128135580951069
1094.0, 0.008167578065993124
1095.0, 0.0043380927571017155
1096.0, 0.0015420610081767214
1097.0, 0.00035594800168735406
1098.0, 0.0012107091789274626
1099.0, 0.0033069783958618254
1100.0, 0.0018998045535707005
1101.0, 0.0005366117802307084
1102.0, 0.003731543487484674
1103.0, 0.005847755986747434
1104.0, 0.005951298040016438
1105.0, 0.006762580137731483
1106.0, 0.005867350603865791
1107.0, 0.0030143596185373883
1108.0, 0.0031354506467896432
1109.0, 0.003708008453629749
1110.0, 0.0036275094918816423
1111.0, 0.0010183535710338975
1112.0, 0.00345078156066914
1113.0, 0.0006703877895069665
1114.0, 0.0033160115032922492
1115.0, 0.003353526923051819
1116.0, 0.002728983737200891
1117.0, 0.0034384953633771346
1118.0, 0.00405668216760903
1119.0, 0.00384223779391597
1120.0, 0.008284347964252552
1121.0, 0.008338886676472168
1122.0, 0.008481763191420872
1123.0, 0.009357571733121036
1124.0, 0.010380649023937243
1125.0, 0.008877560153822676
1126.0, 0.00805838835985317
1127.0, 0.008164620447742124
1128.0, 0.006543368518261209
1129.0, 0.0045474711497398125
1130.0, 0.00432972192413672
1131.0, 0.0024634924513536652
1132.0, 0.0019082380393323807
1133.0, 0.0023136229351721094
1134.0, 0.0011479070785301885
1135.0, 0.00013232079014924826
1136.0, 0.0010174181431893063
1137.0, 0.002317798977446787
1138.0, 0.001512171997934473
1139.0, 0.0008370873402166578
1140.0, 0.0020529191489296918
1141.0, 0.0011304933305548441
1142.0, 0.0013081657848746917
1143.0, 0.0006524901747913371
1144.0, 0.000621493022370597
1145.0, 0.0014658623209235794
1146.0, 0.0026560737300054607
1147.0, 0.0013955960272202575
1148.0, 3.912575473610074e-05
1149.0, 0.0019228395066238986
1150.0, 0.0033373206831585284
1151.0, 0.0018763282532135086
1152.0, 0.003598874796578584
1153.0, 0.00254980002911293
1154.0, 0.0027632761660456207
1155.0, 0.004641750850231899
1156.0, 0.005934927017221358
1157.0, 0.006091090298547238
1158.0, 0.006610423930188723
1159.0, 0.007847406851843798
1160.0, 0.009198202629926282
1161.0, 0.010198599766913102
1162.0, 0.011045802699658188
1163.0, 0.011927243560900169
1164.0, 0.011629781363419455
1165.0, 0.01130393850654425
1166.0, 0.013511490431806975
1167.0, 0.016968957536126067
1168.0, 0.018439647397823205
1169.0, 0.018882470908605176
1170.0, 0.02056321620079512
1171.0, 0.024109194698580756
1172.0, 0.027815422795005155
1173.0, 0.030439782912258004
1174.0, 0.03327769189311046
1175.0, 0.038794041285406054
1176.0, 0.044150247926622796
1177.0, 0.04734919655782136
1178.0, 0.04947087215265691
1179.0, 0.05663375175968293
1180.0, 0.061524620258247086
1181.0, 0.06483837838225072
1182.0, 0.07007603829226276
1183.0, 0.07480425500395035
1184.0, 0.07570938719464858
1185.0, 0.07468578684536194
1186.0, 0.075438233156041
1187.0, 0.07588914390175203
1188.0, 0.07294396139064761
1189.0, 0.06697858535676982
1190.0, 0.061720207098132904
1191.0, 0.05691406969396791
1192.0, 0.052993386552791504
1193.0, 0.04764258126574362
1194.0, 0.04235045245991664
1195.0, 0.038195790407040416
1196.0, 0.03418852190496503
1197.0, 0.03087541948593505
1198.0, 0.028303072761350603
1199.0, 0.025292737448104403
1200.0, 0.02373681548922722
1201.0, 0.022018791067470504
1202.0, 0.01895771784459419
1203.0, 0.016854909538266846
1204.0, 0.015796985553155302
1205.0, 0.01422388517533384
1206.0, 0.014453953020238127
1207.0, 0.015108457506399988
1208.0, 0.01354371346324711
1209.0, 0.012419551188173327
1210.0, 0.01311114157623174
1211.0, 0.010579065078367183
1212.0, 0.010129393534768265
1213.0, 0.010303150214167722
1214.0, 0.008240834383708224
1215.0, 0.006990686348512037
1216.0, 0.007166593952000746
1217.0, 0.0071879616566998695
1218.0, 0.005553014613414987
1219.0, 0.00479178452494397
1220.0, 0.004857581291634051
1221.0, 0.0040257758309492275
1222.0, 0.003336786072087272
1223.0, 0.002084660482947927
1224.0, 0.0037766469808203753
1225.0, 0.0048362199806450705
1226.0, 0.004399372315526942
1227.0, 0.004368039055206657
1228.0, 0.004666756918380335
1229.0, 0.004787340384946778
1230.0, 0.003832769550959553
1231.0, 0.0011596572152323974
1232.0, 0.0008421272914528353
1233.0, 0.002862812238939961
1234.0, 0.002989913727111177
1235.0, 0.002585665483018616
1236.0, 0.002894668374207847
1237.0, 0.001589444477508028
1238.0, 0.0029229966238628054
1239.0, 0.0024905714741641637
1240.0, 0.0019477182410968436
1241.0, 0.0038384950249488016
1242.0, 0.002930429173493853
1243.0, 0.002662156718733162
1244.0, 0.0034392753350194726
1245.0, 0.0037066591742026043
1246.0, 0.0027577508768210665
1247.0, 0.0021440557885239416
1248.0, 0.003506598518099877
1249.0, 0.0022985413821832853
1250.0, 9.832306967903981e-05
1251.0, 0.0007093610037764126
1252.0, 0.00313185650013605
1253.0, 0.0017431444401700168
1254.0, 0.002228581254725583
1255.0, 0.001806306486452329
1256.0, 0.002370751188464467
1257.0, 0.0027794542324258154
1258.0, 0.003439194597456337
1259.0, 0.002378519740236344
1260.0, 0.001508077229242902
1261.0, 0.003676110761348344
1262.0, 0.004206391252806039
1263.0, 0.00439317614303802
1264.0, 0.003922852054602639
1265.0, 0.005166294851912099
1266.0, 0.003440393532849087
1267.0, 0.001377115234491006
1268.0, 0.0028950350557515967
1269.0, 0.0022688238752708125
1270.0, 0.002580436997939157
1271.0, 0.0026193153446562364
1272.0, 0.0017443869717929674
1273.0, 0.001370878046225134
1274.0, 0.001432594830114447
1275.0, 0.002212250825927636
1276.0, 0.0031052408131417206
1277.0, 0.0018965304643532507
1278.0, 0.002336268516188459
1279.0, 0.0012856025630251936
1280.0, 6.063970172864189e-05
1281.0, 0.0003936780932828675
1282.0, 0.0005369407598976439
1283.0, 0.00016243610955530636
1284.0, 0.0008417149967320719
1285.0, 0.0013206727382479217
1286.0, 0.0022487238738543272
1287.0, 0.0012162485484167877
1288.0, 0.0007639841551195946
1289.0, 0.002354603458108975
1290.0, 0.0021598552648102107
1291.0, 0.002678397610207931
1292.0, 0.0024360749815061453
1293.0, 0.0025114750314499125
1294.0, 0.0011900534953992925
1295.0, 0.0015890027413849076
1296.0, 0.0005599215508100566
1297.0, 0.00023014766174283578
1298.0, 0.0004063844363360844
1299.0, 0.0019412398790669093
1300.0, 0.003046036707154482
1301.0, 0.001806173329817941
1302.0, 0.0007676470388153154
1303.0, 1.590861334462167e-05
1304, 0.0
1305, 0.0
1306, 0.0
1307, 0.0
1308, 0.0
1309, 0.0
1310, 0.0
1311, 0.0
1312, 0.0
1313, 0.0
1314, 0.0
1315, 0.0
1316, 0.0
1317, 0.0
1318, 0.0
1319, 0.0
1320, 0.0
1321, 0.0
1322, 0.0
1323, 0.0
1324, 0.0
1325, 0.0
1326, 0.0
1327, 0.0
1328, 0.0
1329, 0.0
1330, 0.0
1331, 0.0
1332, 0.0
1333, 0.0
1334, 0.0
1335, 0.0
1336, 0.0
1337, 0.0
1338, 0.0
1339, 0.0
1340, 0.0
1341, 0.0
1342, 0.0
1343, 0.0
1344, 0.0
1345, 0.0
1346, 0.0
1347, 0.0
1348, 0.0
1349, 0.0
1350, 0.0
1351, 0.0
1352, 0.0
1353, 0.0
1354, 0.0
1355, 0.0
1356, 0.0
1357, 0.0
1358, 0.0
1359, 0.0
1360, 0.0
1361, 0.0
1362, 0.0
1363, 0.0
1364, 0.0
1365, 0.0
1366, 0.0
1367, 0.0
1368, 0.0
1369, 0.0
1370, 0.0
1371, 0.0
1372, 0.0
1373, 0.0
1374, 0.0
1375, 0.0
1376, 0.0
1377, 0.0
1378, 0.0
1379, 0.0
1380, 0.0
1381, 0.0
1382, 0.0
1383, 0.0
1384, 0.0
1385, 0.0
1386, 0.0
1387, 0.0
1388, 0.0
1389, 0.0
1390, 0.0
1391, 0.0
1392, 0.0
1393, 0.0
1394, 0.0
1395, 0.0
1396, 0.0
1397, 0.0
1398, 0.0
1399, 0.0
1400, 0.0
1401, 0.0
1402, 0.0
1403, 0.0
1404, 0.0
1405, 0.0
1406, 0.0
1407, 0.0
1408, 0.0
1409, 0.0
1410, 0.0
1411, 0.0
1412, 0.0
1413, 0.0
1414, 0.0
1415, 0.0
1416, 0.0
1417, 0.0
1418, 0.0
1419, 0.0
1420, 0.0
1421, 0.0
1422, 0.0
1423, 0.0
1424, 0.0
1425, 0.0
1426, 0.0
1427, 0.0
1428, 0.0
1429, 0.0
1430, 0.0
1431, 0.0
1432, 0.0
1433, 0.0
1434, 0.0
1435, 0.0
1436, 0.0
1437, 0.0
1438, 0.0
1439, 0.0
1440, 0.0
1441, 0.0
1442, 0.0
1443, 0.0
1444, 0.0
1445, 0.0
1446, 0.0
1447, 0.0
1448, 0.0
1449, 0.0
1450, 0.0
1451, 0.0
1452, 0.0
1453, 0.0
1454, 0.0
1455, 0.0
1456, 0.0
1457, 0.0
1458, 0.0
1459, 0.0
1460, 0.0
1461, 0.0
1462, 0.0
1463, 0.0
1464, 0.0
1465, 0.0
1466, 0.0
1467, 0.0
1468, 0.0
1469, 0.0
1470, 0.0
1471, 0.0
1472, 0.0
1473, 0.0
1474, 0.0
1475, 0.0
1476, 0.0
1477, 0.0
1478, 0.0
1479, 0.0
1480, 0.0
1481, 0.0
1482, 0.0
1483, 0.0
1484, 0.0
1485, 0.0
1486, 0.0
1487, 0.0
1488, 0.0
1489, 0.0
1490, 0.0
1491, 0.0
1492, 0.0
1493, 0.0
1494, 0.0
1495, 0.0
1496, 0.0
1497, 0.0
1498, 0.0
1499, 0.0
1500, 0.0
1501, 0.0
1502, 0.0
1503, 0.0
1504, 0.0
1505, 0.0
1506, 0.0
1507, 0.0
1508, 0.0
1509, 0.0
1510, 0.0
1511, 0.0
1512, 0.0
1513, 0.0
1514, 0.0
1515, 0.0
1516, 0.0
1517, 0.0
1518, 0.0
1519, 0.0
1520, 0.0
1521, 0.0
1522, 0.0
1523, 0.0
1524, 0.0
1525, 0.0
1526, 0.0
1527, 0.0
1528, 0.0
1529, 0.0
1530, 0.0
1531, 0.0
1532, 0.0
1533, 0.0
1534, 0.0
1535, 0.0
1536, 0.0
1537, 0.0
1538, 0.0
1539, 0.0
1540, 0.0
1541, 0.0
1542, 0.0
1543, 0.0
1544, 0.0
1545, 0.0
1546, 0.0
1547, 0.0
1548, 0.0
1549, 0.0
1550, 0.0
1551, 0.0
1552, 0.0
1553, 0.0
1554, 0.0
1555, 0.0
1556, 0.0
1557, 0.0
1558, 0.0
1559, 0.0
1560, 0.0
1561, 0.0
1562, 0.0
1563, 0.0
1564, 0.0
1565, 0.0
1566, 0.0
1567, 0.0
1568, 0.0
1569, 0.0
1570, 0.0
1571, 0.0
1572, 0.0
1573, 0.0
1574, 0.0
1575, 0.0
1576, 0.0
1577, 0.0
1578, 0.0
1579, 0.0
1580, 0.0
1581, 0.0
1582, 0.0
1583, 0.0
1584, 0.0
1585, 0.0
1586, 0.0
1587, 0.0
1588, 0.0
1589, 0.0
1590, 0.0
1591, 0.0
1592, 0.0
1593, 0.0
1594, 0.0
1595, 0.0
1596, 0.0
1597, 0.0
1598, 0.0
1599, 0.0
