30, 0.0
31, 0.0
32, 0.0
33, 0.0
34, 0.0
35, 0.0
36, 0.0
37, 0.0
38, 0.0
39, 0.0
40, 0.0
41, 0.0
42, 0.0
43, 0.0
44, 0.0
45, 0.0
46, 0.0
47, 0.0
48, 0.0
49, 0.0
50, 0.0
51, 0.0
52, 0.0
53, 0.0
54, 0.0
55, 0.0
56, 0.0
57, 0.0
58, 0.0
59, 0.0
60, 0.0
61, 0.0
62, 0.0
63, 0.0
64, 0.0
65, 0.0
66, 0.0
67, 0.0
68, 0.0
69, 0.0
70, 0.0
71, 0.0
72, 0.0
73, 0.0
74, 0.0
75, 0.0
76, 0.0
77, 0.0
78, 0.0
79, 0.0
80, 0.0
81, 0.0
82, 0.0
83, 0.0
84, 0.0
85, 0.0
86, 0.0
87, 0.0
88, 0.0
89, 0.0
90, 0.0
91, 0.0
92, 0.0
93, 0.0
94, 0.0
95, 0.0
96, 0.0
97, 0.0
98, 0.0
99, 0.0
100, 0.0
101, 0.0
102, 0.0
103, 0.0
104, 0.0
105, 0.0
106, 0.0
107, 0.0
108, 0.0
109, 0.0
110, 0.0
111, 0.0
112, 0.0
113, 0.0
114, 0.0
115, 0.0
116, 0.0
117, 0.0
118, 0.0
119, 0.0
120, 0.0
121, 0.0
122, 0.0
123, 0.0
124, 0.0
125, 0.0
126, 0.0
127, 0.0
128, 0.0
129, 0.0
130, 0.0
131.0, 0.0002779354998619219
132.0, 0.0003988040095359573
133.0, 0.00043227730733352637
134.0, 0.0004876934895904474
135.0, 0.00014549876992379015
136.0, 1.882016601397821e-05
137.0, 2.8750577440707637e-05
138.0, 6.557098638428919e-05
139.0, 0.00048269334156103946
140.0, 0.0009288840777905009
141.0, 0.0014979549896153655
142.0, 0.0023040347846427756
143.0, 0.0033174498315535813
144.0, 0.0038541806882051895
145.0, 0.004395894780253077
146.0, 0.005202515480083739
147.0, 0.006290529997236907
148.0, 0.007022427634597456
149.0, 0.00826298454507961
150.0, 0.00962156649589791
151.0, 0.010743921168158154
152.0, 0.012415790426419947
153.0, 0.013974313092141864
154.0, 0.0148618132960518
155.0, 0.014824913956159994
156.0, 0.014095571664847702
157.0, 0.012576904920532907
158.0, 0.01014156591726244
159.0, 0.007565256944364273
160.0, 0.005726986438003297
161.0, 0.003955787350164906
162.0, 0.002595549650706868
163.0, 0.0017844494630153821
164.0, 0.001453061767428753
165.0, 0.001222816682853018
166.0, 0.001069778956152724
167.0, 0.0010438348376624255
168.0, 0.0010782189976372913
169.0, 0.0010373253508357703
170.0, 0.001349147730744428
171.0, 0.0016846461240276453
172.0, 0.0019979644029008165
173.0, 0.002453314695398557
174.0, 0.0027282929710290707
175.0, 0.0032560548766770747
176.0, 0.003905072566253915
177.0, 0.00446084158650235
178.0, 0.004709391185991896
179.0, 0.005478580518871526
180.0, 0.006245916641694455
181.0, 0.006711282207087785
182.0, 0.007033414863131412
183.0, 0.0073032838096263085
184.0, 0.007377726930485443
185.0, 0.007190119643827174
186.0, 0.0067576704857362085
187.0, 0.006590425038240627
188.0, 0.006374213315414019
189.0, 0.0057668343236049
190.0, 0.004816017482756929
191.0, 0.0042438646141198764
192.0, 0.0039581773415908695
193.0, 0.003692252147615462
194.0, 0.0032697073062377038
195.0, 0.002660094429674778
196.0, 0.0020401508616746736
197.0, 0.001979324767730496
198.0, 0.002139218718168986
199.0, 0.0020396303911407575
200.0, 0.0015133917790372084
201.0, 0.0015893413471402167
202.0, 0.0016217618942477214
203.0, 0.0013258299313336735
204.0, 0.0015346273686525024
205.0, 0.0013395364550073433
206.0, 0.0011260383009322691
207.0, 0.0010951248483401425
208.0, 0.0010885126237859372
209.0, 0.000845316407513638
210.0, 0.0006549559816241628
211.0, 0.0005336903794072886
212.0, 0.0005101441422450449
213.0, 0.0006973751023305894
214.0, 0.00022207362214116187
215.0, 5.821762018302443e-05
216.0, 0.00017580920477423652
217.0, 2.7894927768349533e-05
218.0, 2.1662999500232667e-05
219.0, 0.00012162501420589254
220.0, 7.912268258042165e-05
221.0, 0.00011875916212597383
222.0, 4.6756502127588774e-05
223.0, 7.065151904875761e-05
224.0, 0.00011389033337938137
225.0, 0.00023825844622608685
226.0, 5.4900289744496285e-05
227.0, 0.00013629795293666877
228.0, 3.207723209162899e-05
229.0, 0.0001469971475247801
230.0, 0.00011663511888667536
231.0, 4.8765000220694866e-05
232.0, 0.00021045989070880136
233.0, 0.00010397562531335128
234.0, 0.00015084996531133818
235.0, 6.522907522341632e-05
236.0, 0.00011162482720000085
237.0, 0.0001927607713231626
238.0, 0.00021290603133089552
239.0, 0.0001872651520588106
240.0, 9.411148617207342e-06
241.0, 1.6894854727925855e-05
242.0, 0.0001152896138825701
243.0, 0.0002329770015613622
244.0, 0.0003360200603212634
245.0, 0.00026166776360141505
246.0, 0.00014122463783545843
247.0, 7.322539864351249e-05
248.0, 9.462020465239048e-05
249.0, 0.00017330876808789388
250.0, 0.0004106833500220366
251.0, 0.0004407108473028326
252.0, 0.0003483857764980986
253.0, 0.00043398243151966984
254.0, 0.0006255262409481341
255.0, 0.0007257860901097763
256.0, 0.0007220067352474853
257.0, 0.0006853777567845722
258.0, 0.0006927790210041263
259.0, 0.0008030995615394616
260.0, 0.0008933516365719231
261.0, 0.0009829320927472556
262.0, 0.00110051235636327
263.0, 0.0011882506153085013
264.0, 0.0012347282359349374
265.0, 0.0011736709700170618
266.0, 0.0011634961100844478
267.0, 0.0013965325470238258
268.0, 0.0014737652255069535
269.0, 0.0015793293169587184
270.0, 0.0016830367937430877
271.0, 0.001735512053064984
272.0, 0.00176350388061492
273.0, 0.0019148578828617482
274.0, 0.0019695452584500574
275.0, 0.002089782045392487
276.0, 0.002367977307144857
277.0, 0.002285444586914907
278.0, 0.0026973935083122683
279.0, 0.00297297547702876
280.0, 0.0031300170938087946
281.0, 0.003599015470750797
282.0, 0.0029122039120696107
283.0, 0.0027532451943485772
284.0, 0.00278546319579157
285.0, 0.0025345358943500208
286.0, 0.0023023319549912275
287.0, 0.002017668208627512
288.0, 0.0018617374117481152
289.0, 0.0016472775943919696
290.0, 0.0013377247136296515
291.0, 0.0014343694214658427
292.0, 0.0010454415572265599
293.0, 0.0008316980635397154
294.0, 0.000899231262973083
295.0, 0.0008027466858180505
296.0, 0.0005006203047588212
297.0, 0.0004199707007376517
298.0, 0.0005251343040961093
299.0, 0.0005770994909206302
300.0, 0.0004035205390727918
301.0, 0.0003557221592999946
302.0, 0.000480076376122492
303.0, 0.0006328366027286542
304.0, 0.0007089047641449517
305.0, 0.0007369903388736214
306.0, 0.00034783959488644584
307.0, 0.0003247830520176887
308.0, 0.0004191952968341513
309.0, 0.00019846730125869827
310.0, 0.0003103941850010255
311.0, 0.00039329196066663726
312.0, 0.0003215995753488673
313.0, 0.00023888012971514874
314.0, 0.00033950368563019775
315.0, 0.0003664566995161812
316.0, 0.000435860561873753
317.0, 0.0005260702237330337
318.0, 0.0005383737301930888
319.0, 0.00044754552205927167
320.0, 0.00025225672590468106
321.0, 0.0002842925875464722
322.0, 0.0005642675217814206
323.0, 0.0007487889835236771
324.0, 0.0005168505303439678
325.0, 0.0007786993916530568
326.0, 0.0007600587100113578
327.0, 0.0006136528291588779
328.0, 0.0006218349342206074
329.0, 0.000679934833218366
330.0, 0.0006203507189145197
331.0, 0.0007244423262838659
332.0, 0.0008471689196689194
333.0, 0.0008068474166612368
334.0, 0.0008045711993969934
335.0, 0.0007912691037693761
336.0, 0.0008289221818359036
337.0, 0.0008077575337202904
338.0, 0.000630043330502271
339.0, 0.0006095252209049986
340.0, 0.0007108880645603998
341.0, 0.0007339686884686414
342.0, 0.0007161884348925529
343.0, 0.0007377286873436515
344.0, 0.0004852187938309213
345.0, 0.0004991475683908755
346.0, 0.0005095074309016192
347.0, 0.00042553635765533857
348.0, 0.0004135413801539015
349.0, 0.00028738147422480614
350.0, 0.0002269452736747672
351.0, 0.00041403154947358245
352.0, 0.0006806058057097897
353.0, 0.0006763027434246812
354.0, 0.0004497724602350593
355.0, 0.00016197151255771048
356.0, 0.00015987488573018365
357.0, 0.0003275201319449983
358.0, 0.00024182210749647208
359.0, 3.767089925327636e-05
360.0, 0.00011036743775950898
361.0, 5.017572754933699e-05
362.0, 0.00026039101859209304
363.0, 0.00022738847702968826
364.0, 1.3984586086458587e-05
365.0, 9.03774228444527e-05
366.0, 0.00015026229677992978
367.0, 4.266763162143511e-05
368.0, 0.00016587834187128665
369.0, 4.5124370653751524e-05
370.0, 8.31875507419862e-05
371.0, 3.411358644110996e-05
372.0, 7.502689970266156e-05
373.0, 3.436785148130081e-05
374.0, 0.00013329859668601587
375.0, 7.04439402878904e-05
376.0, 3.272294466228794e-05
377.0, 2.6379709687383678e-05
378.0, 6.168112338923813e-05
379.0, 0.00013106920893543546
380.0, 3.646395266571706e-05
381.0, 0.0001730723378705435
382.0, 8.211918349143987e-05
383.0, 3.3830763512311744e-05
384.0, 0.00020458266978126146
385.0, 0.00016296632067978588
386.0, 0.00012293196877058557
387.0, 0.00015109198947456634
388.0, 7.462428867524844e-05
389.0, 0.00018279358154011288
390.0, 5.4686597364917316e-05
391.0, 0.0001194411496424272
392.0, 0.0002566043312084269
393.0, 0.0001584663126172197
394.0, 8.448044728669831e-05
395.0, 0.00014854943902103807
396.0, 0.00024899044925292743
397.0, 0.00024713632279590975
398.0, 0.00016216057649604896
399.0, 0.0003709887134472012
400.0, 0.00037481025160334043
401.0, 0.00028208582172690826
402.0, 0.0001473163339829076
403.0, 2.562025032630801e-05
404.0, 0.0004159822429663032
405.0, 0.00040910506477600324
406.0, 0.0003052820596666356
407.0, 0.0003917077072453785
408.0, 0.0006050109914936055
409.0, 0.0004729572083027167
410.0, 0.00047934393860964375
411.0, 0.0006378027967900181
412.0, 0.0006940026878473654
413.0, 0.0005847236844475813
414.0, 0.0005864017739811162
415.0, 0.0006626134899109357
416.0, 0.0006075667513903705
417.0, 0.0006613019085784118
418.0, 0.0008990519790159318
419.0, 0.0009892041450755267
420.0, 0.0011768829861246136
421.0, 0.001127630174518071
422.0, 0.0011248159492425437
423.0, 0.001365591144281249
424.0, 0.001588183917011583
425.0, 0.0016799092607205134
426.0, 0.0017983456262072785
427.0, 0.0020648247318034254
428.0, 0.0022781139317891927
429.0, 0.0023225621745822283
430.0, 0.00252233878774892
431.0, 0.0031490578119781204
432.0, 0.003683590187915078
433.0, 0.0041678881459974865
434.0, 0.0048025762601034295
435.0, 0.00554025597435434
436.0, 0.0062234560029766
437.0, 0.007177510450921545
438.0, 0.008302290679875186
439.0, 0.00936839037625061
440.0, 0.010358875176293211
441.0, 0.011711900358006701
442.0, 0.013448976211519805
443.0, 0.015129121994108877
444.0, 0.016677348861750284
445.0, 0.01821191521570637
446.0, 0.019249830727152282
447.0, 0.020532678705734178
448.0, 0.022449158776352073
449.0, 0.025193162994939868
450.0, 0.02893352364187892
451.0, 0.033775881984945515
452.0, 0.03906360613826987
453.0, 0.04245324008273017
454.0, 0.04265754160123822
455.0, 0.0396240949273669
456.0, 0.03391890920237161
457.0, 0.029555732818265432
458.0, 0.027169332450501474
459.0, 0.026052000493349426
460.0, 0.025999635516656572
461.0, 0.027439436924283828
462.0, 0.029887266452497303
463.0, 0.03359395392000491
464.0, 0.038282981495395246
465.0, 0.043940567890985424
466.0, 0.05129800463066877
467.0, 0.061030608960522835
468.0, 0.07162904241133455
469.0, 0.08237652743874956
470.0, 0.09139852274121094
471.0, 0.0954531076109924
472.0, 0.09159750067166658
473.0, 0.07990079384045042
474.0, 0.06540946104852356
475.0, 0.05178910600564477
476.0, 0.040870845953209146
477.0, 0.0327759990600719
478.0, 0.026936720099960898
479.0, 0.023339025203149382
480.0, 0.021295470664236132
481.0, 0.020404737472528914
482.0, 0.020533554301890432
483.0, 0.021274351168915122
484.0, 0.021787655286871307
485.0, 0.0223853300920281
486.0, 0.021509211747198557
487.0, 0.018936726522880663
488.0, 0.015606437729344981
489.0, 0.012373655249002751
490.0, 0.009899727254946025
491.0, 0.007690771990828267
492.0, 0.006045186988810238
493.0, 0.0049853870364829035
494.0, 0.004044596026837929
495.0, 0.0034514439854535224
496.0, 0.002798405831864921
497.0, 0.0024220429978737503
498.0, 0.00210257677607371
499.0, 0.0017203163547006336
500.0, 0.0016658965005601745
501.0, 0.0012799777070136669
502.0, 0.0013168671486022243
503.0, 0.0011632416191540503
504.0, 0.0007553577504539807
505.0, 0.0006363689429234975
506.0, 0.0007840404975697834
507.0, 0.0008871834952232046
508.0, 0.0006805559021171004
509.0, 0.00041378518166138543
510.0, 0.0003564481726283808
511.0, 0.0004401149096975279
512.0, 0.0002827248238180173
513.0, 0.00026064645957492104
514.0, 0.0002444123508719502
515.0, 0.00019089488191715543
516.0, 0.0002524384763665191
517.0, 0.0005280628079007937
518.0, 0.00033874056024661844
519.0, 0.0003021373167191372
520.0, 0.00022101855780772518
521.0, 3.2283455479637794e-05
522.0, 6.442649384369502e-05
523.0, 0.0002665011000881413
524.0, 3.4830257310622154e-05
525.0, 0.00010316178392449721
526.0, 2.6276629170039327e-06
527.0, 7.013439419754419e-06
528.0, 1.2387376530968694e-05
529.0, 2.1748291265090526e-05
530.0, 0.00011976809584026259
531.0, 0.0002448391523930521
532.0, 0.00020752293782613104
533.0, 3.8802611826137034e-05
534.0, 9.773474681312864e-05
535.0, 0.00011622100866294636
536.0, 6.276686278406033e-05
537.0, 0.00028676965645069706
538.0, 0.00044574869434270794
539.0, 0.00023343183361950094
540.0, 7.69722129220785e-05
541.0, 0.00010366069900807254
542.0, 4.808167332342325e-05
543.0, 1.5301597749684404e-05
544.0, 9.517866940855984e-05
545.0, 9.493480296038542e-05
546.0, 0.00013646687425192158
547.0, 8.197813066174174e-05
548.0, 2.911590172995581e-05
549.0, 6.63032425896319e-05
550.0, 6.463073440741366e-05
551.0, 6.91688776908829e-05
552.0, 0.0001088703593985978
553.0, 0.00014059020839729867
554.0, 0.00021620216961912747
555.0, 0.0001803681681975365
556.0, 8.465303598559427e-05
557.0, 0.00016764790462577
558.0, 9.67376210749495e-05
559.0, 0.00022806147104514576
560.0, 0.00011305821681317755
561.0, 7.81212251639281e-05
562.0, 0.00015175165621691085
563.0, 7.689160667373094e-05
564.0, 0.00017788504392150908
565.0, 0.0003628824671633555
566.0, 0.00036740275948038886
567.0, 0.0003420916014036637
568.0, 0.0003543598906039137
569.0, 0.00019007417579285449
570.0, 0.00040419222810465533
571.0, 0.0004070473066885462
572.0, 0.00030086671602039776
573.0, 0.0002512455711095644
574.0, 0.0002712525719589093
575.0, 0.00039714445980968056
576.0, 0.0006865222605282087
577.0, 0.0006607731517406211
578.0, 0.0004577953497175957
579.0, 0.00047682793086417056
580.0, 0.0007552125894052275
581.0, 0.0005399997667083548
582.0, 0.000630066701487618
583.0, 0.000552647343843413
584.0, 0.0005584115658688158
585.0, 0.0007715200417435329
586.0, 0.000926270052306973
587.0, 0.0008428810483623361
588.0, 0.0010734272173990663
589.0, 0.001121909918374037
590.0, 0.001078260408040491
591.0, 0.0012345774547880045
592.0, 0.0014771995218488228
593.0, 0.001103818141055729
594.0, 0.0014439692831255762
595.0, 0.0017109167482808462
596.0, 0.0017594659737838502
597.0, 0.0019992809579519183
598.0, 0.0025176300353637513
599.0, 0.002779972473687989
600.0, 0.0033320925503761176
601.0, 0.004192476888161646
602.0, 0.004837325980985215
603.0, 0.005666020539934041
604.0, 0.006571489836733543
605.0, 0.006855856457378849
606.0, 0.0077122962099014335
607.0, 0.008564384628037124
608.0, 0.009791215318508338
609.0, 0.011280156907229147
610.0, 0.01284375672852628
611.0, 0.014603199648175157
612.0, 0.016943893904814013
613.0, 0.019820913107718913
614.0, 0.023574194705052127
615.0, 0.028602318938306802
616.0, 0.03488720862206619
617.0, 0.04165019135917777
618.0, 0.047851676185387715
619.0, 0.04912945345378062
620.0, 0.044981114050362585
621.0, 0.03973355841404784
622.0, 0.03615442363146234
623.0, 0.03486863961152191
624.0, 0.03513909784517034
625.0, 0.03536494863200683
626.0, 0.03304596383552647
627.0, 0.029512205927685116
628.0, 0.02686155047604202
629.0, 0.025870006989277432
630.0, 0.026224252811906296
631.0, 0.02785226954493109
632.0, 0.03130756881143579
633.0, 0.03627129997813264
634.0, 0.042227405698569524
635.0, 0.047789974926201954
636.0, 0.05021892260742431
637.0, 0.047381094793843406
638.0, 0.0422824686431757
639.0, 0.03941514036059712
640.0, 0.040553551777964894
641.0, 0.046503802012887625
642.0, 0.056315560156928075
643.0, 0.06755516313719932
644.0, 0.07795213035842176
645.0, 0.07821710334825581
646.0, 0.06605281040163177
647.0, 0.04803682762125315
648.0, 0.03197227821693188
649.0, 0.021907723221456687
650.0, 0.016423635315447993
651.0, 0.012965196658071118
652.0, 0.009825331199892423
653.0, 0.007142515703941055
654.0, 0.005136391468113411
655.0, 0.0037556632502697366
656.0, 0.002861675447752095
657.0, 0.0023111728590067947
658.0, 0.0019208926707796894
659.0, 0.0014515974390515794
660.0, 0.0012443421841231552
661.0, 0.0011708494268862627
662.0, 0.0009823966099334913
663.0, 0.0008844727291710611
664.0, 0.0007597609516822667
665.0, 0.0008238878270636291
666.0, 0.0007057570196473937
667.0, 0.0005735781888353071
668.0, 0.0004908018550762846
669.0, 0.0003004565036779691
670.0, 0.0002733545100608573
671.0, 0.0002573641198782721
672.0, 0.0002182413667709748
673.0, 0.00017716384003443
674.0, 0.00011104616233152293
675.0, 4.553037674875991e-05
676.0, 6.755202794452544e-05
677.0, 0.00015419124529363756
678.0, 5.6843865059638096e-05
679.0, 9.071254178368594e-05
680.0, 0.00016170540187238986
681.0, 7.134855241401377e-05
682.0, 5.918315519283985e-05
683.0, 4.098738021890419e-05
684.0, 0.00011068851673494008
685.0, 5.145975576896732e-05
686.0, 8.122070418895166e-05
687.0, 7.868066537377526e-06
688.0, 4.545859762657176e-05
689.0, 6.260969827301654e-05
690.0, 9.353702784010336e-05
691.0, 1.960826199841213e-05
692.0, 8.248456246819812e-05
693.0, 0.00010768208216482197
694.0, 6.539803865377458e-05
695.0, 3.877827231756457e-06
696.0, 1.0136905365696063e-05
697.0, 7.380120622718135e-05
698.0, 1.7589793172496613e-05
699.0, 8.808364349703606e-05
700.0, 5.307556349983542e-05
701.0, 3.514988397337644e-05
702.0, 4.1346997107151966e-05
703.0, 8.861204406070982e-05
704.0, 8.977627872282827e-05
705.0, 6.745431948204165e-05
706.0, 0.00011370904048046843
707.0, 0.0002524541424249499
708.0, 0.00020075442868228643
709.0, 3.8336178819656084e-05
710.0, 0.0001442231703459077
711.0, 0.00010477830690579362
712.0, 2.8187909958972427e-05
713.0, 9.850739005291519e-05
714.0, 0.00024389439560585193
715.0, 0.00016321122021450008
716.0, 3.18967349424424e-05
717.0, 2.638886154289436e-05
718.0, 9.887456142372817e-05
719.0, 5.0363993515837605e-05
720.0, 0.00011161288569065691
721.0, 6.59042326340183e-05
722.0, 9.092965489051201e-05
723.0, 0.0001821014557888385
724.0, 3.7912349054432336e-05
725.0, 3.963634029866794e-05
726.0, 1.5725011991208515e-05
727.0, 5.65859563563562e-05
728.0, 9.334854363143856e-05
729.0, 0.00010413192688546493
730.0, 9.388095506625484e-05
731.0, 5.579149752218946e-05
732.0, 0.00018230732889161396
733.0, 7.733261730339182e-05
734.0, 0.0001686379537886955
735.0, 0.00018074351780356115
736.0, 0.0001423210525339467
737.0, 0.00017636972680890452
738.0, 0.00016735013416378487
739.0, 0.00015450794082132725
740.0, 2.2800513977246504e-05
741.0, 2.034517933405043e-06
742.0, 5.654733838174673e-05
743.0, 0.00016827934090668897
744.0, 0.0002363484753513185
745.0, 0.0002443139495027544
746.0, 0.00042993397506638296
747.0, 0.0003478703347818772
748.0, 0.00015238069203525427
749.0, 7.810685218966791e-05
750.0, 8.241716873076265e-05
751.0, 0.00011122751845739706
752.0, 0.00011332782989744069
753.0, 1.7747894171452252e-05
754.0, 0.0002047307004214
755.0, 7.642699478420059e-05
756.0, 0.00012606634945391598
757.0, 0.00021397810933805622
758.0, 0.00019481822007541398
759.0, 8.198841699846034e-05
760.0, 8.695053965231312e-06
761.0, 6.804822155216176e-05
762.0, 0.00014005401833432126
763.0, 3.9318926162551584e-05
764.0, 8.365524453070802e-05
765.0, 6.700060928746071e-05
766.0, 0.00015232527959794482
767.0, 0.00012993512615268717
768.0, 0.00023082070802380459
769.0, 7.054734631077638e-05
770.0, 0.00010033021420636994
771.0, 0.000170500423688753
772.0, 0.0001772188062129133
773.0, 0.00012227607548471287
774.0, 3.918427241798181e-05
775.0, 8.570332695432124e-05
776.0, 0.00038439663002580075
777.0, 0.00028596612176164045
778.0, 0.00020091900299378743
779.0, 9.828275583960567e-05
780.0, 0.00016357151210704188
781.0, 0.00022632872096984405
782.0, 8.526536289847828e-05
783.0, 6.882820390663081e-05
784.0, 0.00016678605600899734
785.0, 0.00020965833245507122
786.0, 0.00011373550913061329
787.0, 4.2796367911978174e-05
788.0, 0.00011544836123766836
789.0, 0.00016971818488373063
790.0, 0.00017943987541257355
791.0, 0.0003722351638186136
792.0, 0.0001696220045221441
793.0, 2.2875234445950453e-05
794.0, 0.00013788111383635388
795.0, 0.00011799054455684187
796.0, 5.7021648499862055e-05
797.0, 0.0001851276900133263
798.0, 0.00025782275385351835
799.0, 1.7388688889075e-05
800.0, 9.300592500452443e-05
801.0, 0.00027002094941106587
802.0, 0.00019184922079181144
803.0, 8.632439893102558e-05
804.0, 6.71956828585786e-05
805.0, 2.451416803467361e-05
806.0, 1.7239074959469765e-05
807.0, 0.0002926886065831529
808.0, 0.0002846088468764507
809.0, 0.00020223265375485987
810.0, 0.00022451004737690866
811.0, 0.0001985262066207874
812.0, 0.00016303828674805302
813.0, 0.00027377673125199693
814.0, 0.0003761618298879444
815.0, 0.00027310502609818464
816.0, 0.00025020365526096214
817.0, 0.0002615812237636292
818.0, 0.00036656918946294633
819.0, 0.0003168642780802961
820.0, 0.0002743283930586589
821.0, 0.00030104726509919187
822.0, 0.00018152905163877064
823.0, 0.00029576570184344705
824.0, 0.0001897830106557764
825.0, 0.0003372824496967026
826.0, 0.0003551130491078169
827.0, 0.0003966224380722703
828.0, 0.000332726993987208
829.0, 0.00028163238054981315
830.0, 0.00043298316908193076
831.0, 0.0003338315523117177
832.0, 0.0002337710439937551
833.0, 0.0003357084220645257
834.0, 0.00040308916831671883
835.0, 0.00029673413209735323
836.0, 0.0002279618325750614
837.0, 0.00033217239555623993
838.0, 0.00047702988207038626
839.0, 0.00044491854424211837
840.0, 0.00036644164576216554
841.0, 0.00048627344333736564
842.0, 0.00047484274896153245
843.0, 0.000408952052365545
844.0, 0.0003732731692353435
845.0, 0.0002840332386252751
846.0, 0.00025059856963643046
847.0, 0.00041757905421585143
848.0, 0.00015591708418047546
849.0, 0.00015257157518541067
850.0, 0.0002802206757534124
851.0, 0.00018909354956085186
852.0, 0.00012165477378823462
853.0, 0.00018729972467937416
854.0, 0.0002621102873716405
855.0, 0.0002208560400581892
856.0, 3.869881866174879e-05
857.0, 5.6644853257459385e-06
858.0, 1.815719098116205e-05
859.0, 2.821458735580151e-05
860.0, 4.012194432659192e-05
861.0, 0.00011495626767065054
862.0, 8.401415089284328e-05
863.0, 0.0004716090867706774
864.0, 0.0012712191189828863
865.0, 0.00013189771214382933
866.0, 6.257463597917448e-05
867.0, 0.00016345473509570634
868.0, 1.294700159893848e-05
869.0, 0.001244458847590822
870.0, 0.001920702461122636
871.0, 0.0008989698521468525
872.0, 0.00014916538324634724
873.0, 0.0003831951021823854
874.0, 0.000389097187425926
875.0, 0.00020555918177984347
876.0, 0.00015292179228112562
877.0, 3.160973629461888e-05
878.0, 2.6590138908006633e-05
879.0, 9.404458438965354e-05
880.0, 9.074412078173471e-05
881.0, 9.946241386639644e-05
882.0, 0.00016734385791241187
883.0, 8.457074628873827e-05
884.0, 5.3182125094431606e-05
885.0, 3.228515769416848e-05
886.0, 0.0001609832629826817
887.0, 0.00025372557565879537
888.0, 0.00023824807471013425
889.0, 0.0002708399264685719
890.0, 0.00035855717465371555
891.0, 0.00021147188057096263
892.0, 0.000398657545536462
893.0, 0.00033020456345309745
894.0, 0.00026027327576272396
895.0, 4.733691772655403e-05
896.0, 0.0006949542873562432
897.0, 0.0008895495512446675
898.0, 0.0004068783266679215
899.0, 0.000309318981989993
900.0, 0.00031569879677186734
901.0, 0.0018973164851006556
902.0, 0.0007913753298661068
903.0, 0.00023239600699756957
904.0, 0.00023893346858214494
905.0, 0.0004300056269319705
906.0, 0.00044610751430373047
907.0, 0.00026074945957349184
908.0, 0.00013549679063120596
909.0, 0.00015358197841171102
910.0, 0.00035719946968091574
911.0, 0.0002553096386469328
912.0, 0.00021317577177947235
913.0, 7.182322902540062e-05
914.0, 4.2361296926304585e-05
915.0, 9.349562260859269e-05
916.0, 6.084900605550508e-06
917.0, 0.00018773111825173768
918.0, 0.00010379534928534078
919.0, 1.9339782538627e-05
920.0, 1.4807951191608636e-05
921.0, 6.989184437978977e-05
922.0, 3.473610411163342e-05
923.0, 0.00015553220074740847
924.0, 0.0001611404582792865
925.0, 0.00010168233203343899
926.0, 3.5537317068697566e-05
927.0, 4.098469887656951e-05
928.0, 0.0002958246743298124
929.0, 6.252679829855831e-05
930.0, 0.00013165662996232462
931.0, 4.970368211251388e-05
932.0, 0.0001137936850868795
933.0, 4.4159288921310076e-05
934.0, 0.00014942145321253603
935.0, 6.470700040904883e-05
936.0, 3.379112630169227e-05
937.0, 7.911285430573344e-05
938.0, 0.00017287870913428055
939.0, 8.714622217392667e-05
940.0, 0.00023191576537673323
941.0, 0.00023397482320533134
942.0, 0.00024159179864815557
943.0, 0.0003701665530242808
944.0, 0.0005070656576895822
945.0, 0.0005076180094412985
946.0, 0.00046198858265009113
947.0, 0.0005551514181878415
948.0, 0.0006686738252019632
949.0, 0.0006668910879458272
950.0, 0.0006697714194439626
951.0, 0.0008688974520089586
952.0, 0.0007959760802240035
953.0, 0.0006560688194105626
954.0, 0.0007337458026810677
955.0, 0.0009379187039191149
956.0, 0.0010820388713521428
957.0, 0.0011175842226680555
958.0, 0.0012074562587485946
959.0, 0.0014912872794228507
960.0, 0.00127077528008676
961.0, 0.0012457740142294894
962.0, 0.0014651289310011863
963.0, 0.001838015667607318
964.0, 0.0020525922136560696
965.0, 0.002190903827188545
966.0, 0.002489047644667625
967.0, 0.0027763120174323446
968.0, 0.0030164796576161515
969.0, 0.0036611974826664378
970.0, 0.0038943012215724142
971.0, 0.004277361551114989
972.0, 0.004919591807609688
973.0, 0.005547392956936501
974.0, 0.006139261321651449
975.0, 0.006997226802350873
976.0, 0.007923407053319348
977.0, 0.008807793648257622
978.0, 0.010150063668213088
979.0, 0.012034152552441212
980.0, 0.014209534847822485
981.0, 0.01702954700914132
982.0, 0.019871947646988557
983.0, 0.02329741110114671
984.0, 0.028008369116823358
985.0, 0.03426140553576556
986.0, 0.042899185050870835
987.0, 0.05618617077035434
988.0, 0.07511190465523546
989.0, 0.09623449360036093
990.0, 0.11562614614333484
991.0, 0.13023814355609484
992.0, 0.14522173839998403
993.0, 0.16791620481596847
994.0, 0.19672846354668633
995.0, 0.23496328993531124
996.0, 0.28434596245425425
997.0, 0.34754347025741544
998.0, 0.433265453349441
999.0, 0.5561427971300841
1000.0, 0.7254061085994539
1001.0, 0.9100817766236021
1002.0, 0.9928409016779407
1003.0, 0.8625095109524739
1004.0, 0.6045012924557079
1005.0, 0.37426413984989043
1006.0, 0.22852523145538903
1007.0, 0.14709607600405275
1008.0, 0.10131760965875043
1009.0, 0.07437006709477707
1010.0, 0.05708055727214381
1011.0, 0.044823072147308025
1012.0, 0.03566069331830727
1013.0, 0.029150605507626257
1014.0, 0.024607554874296923
1015.0, 0.021176790500149888
1016.0, 0.01789340200675169
1017.0, 0.015439228886523106
1018.0, 0.013904919378263415
1019.0, 0.01237068441868093
1020.0, 0.010796242090846215
1021.0, 0.009623805000363033
1022.0, 0.008622950352130884
1023.0, 0.007503305441818294
1024.0, 0.006958736172280824
1025.0, 0.006356238266794371
1026.0, 0.005927857997345345
1027.0, 0.00520621699520677
1028.0, 0.004757142668079918
1029.0, 0.004366446481196684
1030.0, 0.003906417676017287
1031.0, 0.003559068203319483
1032.0, 0.003335643465289009
1033.0, 0.002977744452639631
1034.0, 0.0026021507986110715
1035.0, 0.0025651566931400808
1036.0, 0.002133156291612562
1037.0, 0.002218928556052191
1038.0, 0.0017069093063772824
1039.0, 0.0013805265409060244
1040.0, 0.001298231747613698
1041.0, 0.0012171356648357885
1042.0, 0.001276524522331913
1043.0, 0.0012313928908641676
1044.0, 0.0010755516998585835
1045.0, 0.0010848417967346045
1046.0, 0.0010419554550872125
1047.0, 0.0007828956158966437
1048.0, 0.0005783578466746421
1049.0, 0.000605295938041425
1050.0, 0.0004089421938601597
1051.0, 0.000268092052950259
1052.0, 0.0003951555021681127
1053.0, 0.0002302043662228037
1054.0, 6.860276437092019e-05
1055.0, 3.608424718646359e-05
1056.0, 0.00013767791732779543
1057.0, 0.00021361153031096598
1058.0, 3.732645493002106e-05
1059.0, 5.687451729283254e-05
1060.0, 0.0002712148719875308
1061.0, 0.00018372722831894498
1062.0, 7.986348008998082e-05
1063.0, 7.030996022701931e-05
1064.0, 6.54698161999002e-05
1065.0, 0.0001728027271348854
1066.0, 0.00017940479935041467
1067.0, 0.0001787333364599006
1068.0, 0.00020378635274073627
1069.0, 0.00016731397793356474
1070.0, 0.00012443152821040636
1071.0, 0.0002164951873467949
1072.0, 0.00026876598462806183
1073.0, 3.8302018074031435e-05
1074.0, 7.097865774642377e-05
1075.0, 8.362593465471403e-05
1076.0, 0.0001472406289439896
1077.0, 0.0001491174900722955
1078.0, 0.00015104654547711094
1079.0, 0.00038593095738591153
1080.0, 0.0004809157644728449
1081.0, 0.0005397855208240222
1082.0, 0.0007954946976667064
1083.0, 0.0009889455695101736
1084.0, 0.0008910732421013147
1085.0, 0.000906037143233239
1086.0, 0.0014036970896042626
1087.0, 0.001859469363982046
1088.0, 0.0026052584134768804
1089.0, 0.003007370546293318
1090.0, 0.003668078384141572
1091.0, 0.004658610768339252
1092.0, 0.005708383843418273
1093.0, 0.0069209109716641525
1094.0, 0.008394042568722953
1095.0, 0.00999669705507015
1096.0, 0.011514981515203524
1097.0, 0.01315209764101903
1098.0, 0.01532912196395617
1099.0, 0.01805112456295009
1100.0, 0.02120942089517076
1101.0, 0.02496088884633238
1102.0, 0.028996107340229286
1103.0, 0.03406584820774562
1104.0, 0.03862431769121703
1105.0, 0.04277327838474701
1106.0, 0.04447963089165402
1107.0, 0.04205233162148417
1108.0, 0.03676310591433325
1109.0, 0.029702760838045385
1110.0, 0.023065959713951874
1111.0, 0.01778660154896082
1112.0, 0.013468678041173396
1113.0, 0.010566111415588308
1114.0, 0.008300968972790219
1115.0, 0.006557339989569164
1116.0, 0.005929459793363821
1117.0, 0.005495569053931514
1118.0, 0.004651577272284584
1119.0, 0.004307768574658529
1120.0, 0.0046426496423476685
1121.0, 0.0047236810691382155
1122.0, 0.004688685618182625
1123.0, 0.005157218764649192
1124.0, 0.005949254359117165
1125.0, 0.007121062949658501
1126.0, 0.008734749582436934
1127.0, 0.010614052551374042
1128.0, 0.01269709339521683
1129.0, 0.014696679115776564
1130.0, 0.01712652081852447
1131.0, 0.0197505774880141
1132.0, 0.02293603973348169
1133.0, 0.02741444839425334
1134.0, 0.032976262011470095
1135.0, 0.03995707121941996
1136.0, 0.04905955044645219
1137.0, 0.05993216693237679
1138.0, 0.07332361712588364
1139.0, 0.08581159859932098
1140.0, 0.08947691077827072
1141.0, 0.08076678727300202
1142.0, 0.06395755436006141
1143.0, 0.04635889437620961
1144.0, 0.03317191828180518
1145.0, 0.024727691329770683
1146.0, 0.019176779986778032
1147.0, 0.015936605468995887
1148.0, 0.014054254340162204
1149.0, 0.01364848880666733
1150.0, 0.01365075130980413
1151.0, 0.014458498633167461
1152.0, 0.015516139083439566
1153.0, 0.017055856870033147
1154.0, 0.018828503064097387
1155.0, 0.020062472149625456
1156.0, 0.020298862020174585
1157.0, 0.019343409364786648
1158.0, 0.0175491382371571
1159.0, 0.015493506498759751
1160.0, 0.013733926566828642
1161.0, 0.01272489738495375
1162.0, 0.012324013331071934
1163.0, 0.012717984458356663
1164.0, 0.013607754627279641
1165.0, 0.015408801570891245
1166.0, 0.017912248735741505
1167.0, 0.020734229887766287
1168.0, 0.023996112135229133
1169.0, 0.026068987636013362
1170.0, 0.025520906654821453
1171.0, 0.0221806178314445
1172.0, 0.017484622383398242
1173.0, 0.012809455345429583
1174.0, 0.00917800815341673
1175.0, 0.00696715987212479
1176.0, 0.005381587797858993
1177.0, 0.003860319387153478
1178.0, 0.0028244442546451346
1179.0, 0.002210582572980656
1180.0, 0.0017889547133126712
1181.0, 0.0013549365878210982
1182.0, 0.0011575838974484521
1183.0, 0.0010015841012231755
1184.0, 0.0006455991032236493
1185.0, 0.000620928135937725
1186.0, 0.00037667721305819024
1187.0, 4.636093575705716e-05
1188.0, 3.587809834639255e-05
1189.0, 0.00017786249210254178
1190.0, 0.0001220568605476027
1191.0, 3.535152175007114e-05
1192.0, 0.00013685742185815525
1193.0, 9.81269319942841e-05
1194.0, 9.694555185474402e-05
1195.0, 0.00021286442798760074
1196.0, 0.00021431775704855313
1197.0, 0.00012349122292152335
1198.0, 0.00019450367708263115
1199.0, 0.00019243554445623034
1200.0, 9.094051878626204e-05
1201.0, 9.709098155516523e-05
1202.0, 0.00031366855065225173
1203.0, 0.00010477825591669737
1204.0, 1.380042065858696e-05
1205.0, 8.365661403828807e-05
1206.0, 0.00014573054014885878
1207.0, 7.326553069373156e-05
1208.0, 0.00012397773653954528
1209.0, 0.0001108307577883998
1210.0, 6.955804275717581e-05
1211.0, 1.7172650645155654e-05
1212.0, 0.00024694508558990386
1213.0, 0.00037211436755842813
1214.0, 0.0004420510989819366
1215.0, 0.00047309673387336176
1216.0, 0.00028152533298835973
1217.0, 0.00031598720943733043
1218.0, 0.0005250826068255994
1219.0, 0.0004478995173609469
1220.0, 0.00034752793238707676
1221.0, 0.00034380310816903775
1222.0, 0.0006927994302397554
1223.0, 0.0005376063933575758
1224.0, 0.0006931990464112773
1225.0, 0.0007558576151620695
1226.0, 0.0007501691183225114
1227.0, 0.000719072899116516
1228.0, 0.0007289054114532317
1229.0, 0.0007709034614889251
1230.0, 0.0010898503826736402
1231.0, 0.0009597279399625664
1232.0, 0.0010368737053297386
1233.0, 0.0014174890352319604
1234.0, 0.0013903205761092643
1235.0, 0.0014030122799051296
1236.0, 0.0014551655537470988
1237.0, 0.0012330909754936573
1238.0, 0.0013269758185462037
1239.0, 0.0014388514303711514
1240.0, 0.0012635444126958305
1241.0, 0.0014902920331763163
1242.0, 0.0012182256273552178
1243.0, 0.0011759529528791981
1244.0, 0.0011422484415916678
1245.0, 0.001159790259077134
1246.0, 0.00124233567016681
1247.0, 0.0008106833595707083
1248.0, 0.0010964823265992027
1249.0, 0.001437110460115898
1250.0, 0.0009689902757345079
1251.0, 0.0013639555387177777
1252.0, 0.0011992949653252367
1253.0, 0.0011033101799997316
1254.0, 0.0013480069795031304
1255.0, 0.00110263398143728
1256.0, 0.0013362255427938957
1257.0, 0.0014231086344554935
1258.0, 0.0014303670015457749
1259.0, 0.001348530895109732
1260.0, 0.0012936555596010464
1261.0, 0.001350095054843824
1262.0, 0.0012158787795047159
1263.0, 0.001231177368971894
1264.0, 0.0014210789970443953
1265.0, 0.0013549315546666776
1266.0, 0.0011880384336395266
1267.0, 0.0010437285526967584
1268.0, 0.0008762086335430124
1269.0, 0.0010399411301355288
1270.0, 0.0008657018331625532
1271.0, 0.0007521808448603563
1272.0, 0.0007489691464377421
1273.0, 0.0003751439841030496
1274.0, 0.0003594337599633325
1275.0, 0.0002518635630045781
1276.0, 6.201935581499912e-05
1277.0, 1.1754864446179069e-05
1278.0, 0.00011263876403998983
1279.0, 2.146812896903351e-06
1280, 0.0
1281, 0.0
1282, 0.0
1283, 0.0
1284, 0.0
1285, 0.0
1286, 0.0
1287, 0.0
1288, 0.0
1289, 0.0
1290, 0.0
1291, 0.0
1292, 0.0
1293, 0.0
1294, 0.0
1295, 0.0
1296, 0.0
1297, 0.0
1298, 0.0
1299, 0.0
1300, 0.0
1301, 0.0
1302, 0.0
1303, 0.0
1304, 0.0
1305, 0.0
1306, 0.0
1307, 0.0
1308, 0.0
1309, 0.0
1310, 0.0
1311, 0.0
1312, 0.0
1313, 0.0
1314, 0.0
1315, 0.0
1316, 0.0
1317, 0.0
1318, 0.0
1319, 0.0
1320, 0.0
1321, 0.0
1322, 0.0
1323, 0.0
1324, 0.0
1325, 0.0
1326, 0.0
1327, 0.0
1328, 0.0
1329, 0.0
1330, 0.0
1331, 0.0
1332, 0.0
1333, 0.0
1334, 0.0
1335, 0.0
1336, 0.0
1337, 0.0
1338, 0.0
1339, 0.0
1340, 0.0
1341, 0.0
1342, 0.0
1343, 0.0
1344, 0.0
1345, 0.0
1346, 0.0
1347, 0.0
1348, 0.0
1349, 0.0
1350, 0.0
1351, 0.0
1352, 0.0
1353, 0.0
1354, 0.0
1355, 0.0
1356, 0.0
1357, 0.0
1358, 0.0
1359, 0.0
1360, 0.0
1361, 0.0
1362, 0.0
1363, 0.0
1364, 0.0
1365, 0.0
1366, 0.0
1367, 0.0
1368, 0.0
1369, 0.0
1370, 0.0
1371, 0.0
1372, 0.0
1373, 0.0
1374, 0.0
1375, 0.0
1376, 0.0
1377, 0.0
1378, 0.0
1379, 0.0
1380, 0.0
1381, 0.0
1382, 0.0
1383, 0.0
1384, 0.0
1385, 0.0
1386, 0.0
1387, 0.0
1388, 0.0
1389, 0.0
1390, 0.0
1391, 0.0
1392, 0.0
1393, 0.0
1394, 0.0
1395, 0.0
1396, 0.0
1397, 0.0
1398, 0.0
1399, 0.0
1400, 0.0
1401, 0.0
1402, 0.0
1403, 0.0
1404, 0.0
1405, 0.0
1406, 0.0
1407, 0.0
1408, 0.0
1409, 0.0
1410, 0.0
1411, 0.0
1412, 0.0
1413, 0.0
1414, 0.0
1415, 0.0
1416, 0.0
1417, 0.0
1418, 0.0
1419, 0.0
1420, 0.0
1421, 0.0
1422, 0.0
1423, 0.0
1424, 0.0
1425, 0.0
1426, 0.0
1427, 0.0
1428, 0.0
1429, 0.0
1430, 0.0
1431, 0.0
1432, 0.0
1433, 0.0
1434, 0.0
1435, 0.0
1436, 0.0
1437, 0.0
1438, 0.0
1439, 0.0
1440, 0.0
1441, 0.0
1442, 0.0
1443, 0.0
1444, 0.0
1445, 0.0
1446, 0.0
1447, 0.0
1448, 0.0
1449, 0.0
1450, 0.0
1451, 0.0
1452, 0.0
1453, 0.0
1454, 0.0
1455, 0.0
1456, 0.0
1457, 0.0
1458, 0.0
1459, 0.0
1460, 0.0
1461, 0.0
1462, 0.0
1463, 0.0
1464, 0.0
1465, 0.0
1466, 0.0
1467, 0.0
1468, 0.0
1469, 0.0
1470, 0.0
1471, 0.0
1472, 0.0
1473, 0.0
1474, 0.0
1475, 0.0
1476, 0.0
1477, 0.0
1478, 0.0
1479, 0.0
1480, 0.0
1481, 0.0
1482, 0.0
1483, 0.0
1484, 0.0
1485, 0.0
1486, 0.0
1487, 0.0
1488, 0.0
1489, 0.0
1490, 0.0
1491, 0.0
1492, 0.0
1493, 0.0
1494, 0.0
1495, 0.0
1496, 0.0
1497, 0.0
1498, 0.0
1499, 0.0
1500, 0.0
1501, 0.0
1502, 0.0
1503, 0.0
1504, 0.0
1505, 0.0
1506, 0.0
1507, 0.0
1508, 0.0
1509, 0.0
1510, 0.0
1511, 0.0
1512, 0.0
1513, 0.0
1514, 0.0
1515, 0.0
1516, 0.0
1517, 0.0
1518, 0.0
1519, 0.0
1520, 0.0
1521, 0.0
1522, 0.0
1523, 0.0
1524, 0.0
1525, 0.0
1526, 0.0
1527, 0.0
1528, 0.0
1529, 0.0
1530, 0.0
1531, 0.0
1532, 0.0
1533, 0.0
1534, 0.0
1535, 0.0
1536, 0.0
1537, 0.0
1538, 0.0
1539, 0.0
1540, 0.0
1541, 0.0
1542, 0.0
1543, 0.0
1544, 0.0
1545, 0.0
1546, 0.0
1547, 0.0
1548, 0.0
1549, 0.0
1550, 0.0
1551, 0.0
1552, 0.0
1553, 0.0
1554, 0.0
1555, 0.0
1556, 0.0
1557, 0.0
1558, 0.0
1559, 0.0
1560, 0.0
1561, 0.0
1562, 0.0
1563, 0.0
1564, 0.0
1565, 0.0
1566, 0.0
1567, 0.0
1568, 0.0
1569, 0.0
1570, 0.0
1571, 0.0
1572, 0.0
1573, 0.0
1574, 0.0
1575, 0.0
1576, 0.0
1577, 0.0
1578, 0.0
1579, 0.0
1580, 0.0
1581, 0.0
1582, 0.0
1583, 0.0
1584, 0.0
1585, 0.0
1586, 0.0
1587, 0.0
1588, 0.0
1589, 0.0
1590, 0.0
1591, 0.0
1592, 0.0
1593, 0.0
1594, 0.0
1595, 0.0
1596, 0.0
1597, 0.0
1598, 0.0
1599, 0.0
