30, 0.0
31, 0.0
32, 0.0
33, 0.0
34, 0.0
35, 0.0
36, 0.0
37, 0.0
38, 0.0
39, 0.0
40, 0.0
41, 0.0
42, 0.0
43, 0.0
44, 0.0
45, 0.0
46, 0.0
47, 0.0
48, 0.0
49, 0.0
50, 0.0
51, 0.0
52, 0.0
53, 0.0
54, 0.0
55, 0.0
56, 0.0
57, 0.0
58, 0.0
59, 0.0
60, 0.0
61, 0.0
62, 0.0
63, 0.0
64, 0.0
65, 0.0
66, 0.0
67, 0.0
68, 0.0
69, 0.0
70, 0.0
71, 0.0
72, 0.0
73, 0.0
74, 0.0
75, 0.0
76, 0.0
77, 0.0
78, 0.0
79, 0.0
80, 0.0
81, 0.0
82, 0.0
83, 0.0
84, 0.0
85, 0.0
86, 0.0
87, 0.0
88, 0.0
89, 0.0
90, 0.0
91, 0.0
92, 0.0
93, 0.0
94, 0.0
95, 0.0
96, 0.0
97, 0.0
98, 0.0
99, 0.0
100, 0.0
101, 0.0
102, 0.0
103, 0.0
104, 0.0
105, 0.0
106, 0.0
107, 0.0
108, 0.0
109, 0.0
110, 0.0
111, 0.0
112, 0.0
113, 0.0
114, 0.0
115, 0.0
116, 0.0
117, 0.0
118, 0.0
119, 0.0
120, 0.0
121, 0.0
122, 0.0
123, 0.0
124, 0.0
125, 0.0
126, 0.0
127, 0.0
128, 0.0
129, 0.0
130, 0.0
131, 0.0
132, 0.0
133, 0.0
134, 0.0
135, 0.0
136, 0.0
137, 0.0
138, 0.0
139, 0.0
140, 0.0
141, 0.0
142, 0.0
143, 0.0
144, 0.0
145, 0.0
146, 0.0
147, 0.0
148, 0.0
149, 0.0
150, 0.0
151, 0.0
152, 0.0
153, 0.0
154, 0.0
155, 0.0
156, 0.0
157, 0.0
158, 0.0
159, 0.0
160, 0.0
161, 0.0
162, 0.0
163, 0.0
164, 0.0
165, 0.0
166, 0.0
167, 0.0
168, 0.0
169, 0.0
170, 0.0
171, 0.0
172, 0.0
173, 0.0
174, 0.0
175, 0.0
176, 0.0
177, 0.0
178, 0.0
179, 0.0
180, 0.0
181, 0.0
182, 0.0
183, 0.0
184, 0.0
185, 0.0
186, 0.0
187, 0.0
188, 0.0
189, 0.0
190, 0.0
191, 0.0
192, 0.0
193, 0.0
194, 0.0
195, 0.0
196, 0.0
197, 0.0
198, 0.0
199, 0.0
200, 0.0
201, 0.0
202, 0.0
203, 0.0
204, 0.0
205, 0.0
206, 0.0
207, 0.0
208, 0.0
209, 0.0
210, 0.0
211, 0.0
212, 0.0
213, 0.0
214, 0.0
215, 0.0
216, 0.0
217, 0.0
218, 0.0
219, 0.0
220, 0.0
221, 0.0
222.0, 0.001074108336370178
223.0, 0.0038957043952508167
224.0, 0.0035695749553316257
225.0, 0.004724557400122753
226.0, 0.013639742081954637
227.0, 0.00627884163366167
228.0, 0.01096869827065042
229.0, 0.009257633392628604
230.0, 0.015668615048123932
231.0, 0.02924326143753199
232.0, 0.01908075421548209
233.0, 0.030499128858665608
234.0, 0.037424919780877725
235.0, 0.04342169768340082
236.0, 0.051218148237504896
237.0, 0.05988802584617619
238.0, 0.057308718946161144
239.0, 0.07206186646980481
240.0, 0.07700561949583191
241.0, 0.0819014418180996
242.0, 0.0891906833208074
243.0, 0.09154847940842625
244.0, 0.09002281095795452
245.0, 0.10303118851525085
246.0, 0.10830820625198757
247.0, 0.11271730144002656
248.0, 0.12309634313028948
249.0, 0.13073799500592617
250.0, 0.12842558186510306
251.0, 0.12845830773481698
252.0, 0.13486428256184121
253.0, 0.14014713147146565
254.0, 0.13821177057601472
255.0, 0.15635296563663556
256.0, 0.14171777181235462
257.0, 0.16037390825308886
258.0, 0.1780063220091413
259.0, 0.1760295516044361
260.0, 0.16845480466064494
261.0, 0.1934263272501241
262.0, 0.1591883103180837
263.0, 0.13703182833007083
264.0, 0.12842656744971492
265.0, 0.12251899880818094
266.0, 0.12284445759359712
267.0, 0.13414770548198174
268.0, 0.12535894492021116
269.0, 0.11883336383323996
270.0, 0.11394885358548736
271.0, 0.10729858830210845
272.0, 0.13296266124949138
273.0, 0.13938940440130138
274.0, 0.13337582987179214
275.0, 0.12347372768800559
276.0, 0.11543773886203026
277.0, 0.11081248828903399
278.0, 0.10453278504226986
279.0, 0.09793485657910501
280.0, 0.09089459754164983
281.0, 0.08297895423454978
282.0, 0.07685483783258985
283.0, 0.07840955113814738
284.0, 0.0688138237245654
285.0, 0.06609747592469535
286.0, 0.06355897442035703
287.0, 0.05807037898297358
288.0, 0.05073426991104518
289.0, 0.048920269044369726
290.0, 0.03720434694117236
291.0, 0.034890417511807936
292.0, 0.036374495447709675
293.0, 0.03326275462076881
294.0, 0.022363423178125334
295.0, 0.023652238183692168
296.0, 0.028825031837920158
297.0, 0.031465065630655105
298.0, 0.03252929365137469
299.0, 0.030979690175299814
300.0, 0.026133897193536846
301.0, 0.03539583676691721
302.0, 0.03992541577876124
303.0, 0.03612003072406171
304.0, 0.032727735447668424
305.0, 0.03135858728214259
306.0, 0.023854241166668413
307.0, 0.028591493358075506
308.0, 0.03223468853369787
309.0, 0.023723212473917173
310.0, 0.018837058427550193
311.0, 0.02487785521081094
312.0, 0.022104210442892847
313.0, 0.004369542608112182
314.0, 0.0028942226036001734
315.0, 0.0033779627650288736
316.0, 0.00539049592664433
317.0, 0.009485207994140394
318.0, 0.00536543444642101
319.0, 0.004762140513569023
320.0, 0.001970399203376637
321.0, 0.0009977455457034078
322.0, 0.002741333537454355
323.0, 0.005021375158762276
324.0, 0.002167383220695291
325.0, 0.0038476252759624026
326.0, 0.0031556580269727144
327.0, 0.0019441298978952074
328.0, 0.004020414868272927
329.0, 0.011370979639030235
330.0, 0.01523135600184325
331.0, 0.009461789663581159
332.0, 0.015004124338974205
333.0, 0.02459618014066568
334.0, 0.026846647553032215
335.0, 0.016080366357466718
336.0, 0.019468833474213715
337.0, 0.020718695513510434
338.0, 0.023614303515727457
339.0, 0.031439496307395794
340.0, 0.037230762376108936
341.0, 0.031561627408016914
342.0, 0.0542286768482401
343.0, 0.03364431932569814
344.0, 0.026097472892218605
345.0, 0.030364015804590003
346.0, 0.033928656594989115
347.0, 0.02734848744176277
348.0, 0.03440144789687036
349.0, 0.04728038539191172
350.0, 0.045827741797602656
351.0, 0.04695430137219928
352.0, 0.05528963687178077
353.0, 0.05345490999329215
354.0, 0.05052104248989972
355.0, 0.04897715748029688
356.0, 0.05208362984341588
357.0, 0.056995874027758964
358.0, 0.06229895211675806
359.0, 0.07023359640989554
360.0, 0.08090618817184651
361.0, 0.08614255125337883
362.0, 0.09265609653986287
363.0, 0.09905346770530316
364.0, 0.10517452788024187
365.0, 0.1141212925350955
366.0, 0.11505940307542602
367.0, 0.12577269088460916
368.0, 0.13445455307504883
369.0, 0.14319827601326132
370.0, 0.1536447291640649
371.0, 0.16377097241394928
372.0, 0.19522412440501824
373.0, 0.19994444984034482
374.0, 0.22221454577804767
375.0, 0.2322822790386834
376.0, 0.22386726864027123
377.0, 0.23996295520430308
378.0, 0.25358096093074783
379.0, 0.26618049873114824
380.0, 0.2836750456502082
381.0, 0.3054951138591488
382.0, 0.32553641020882707
383.0, 0.3359415352425882
384.0, 0.3552432533784257
385.0, 0.3852634687509324
386.0, 0.4075259946830301
387.0, 0.4334770524983314
388.0, 0.46654932914320685
389.0, 0.4959265146164424
390.0, 0.532719703393752
391.0, 0.5710716837504762
392.0, 0.603417488167087
393.0, 0.6382637871882944
394.0, 0.6777772238421541
395.0, 0.7157714986954419
396.0, 0.7560590715875279
397.0, 0.8021610615877643
398.0, 0.8428588328138389
399.0, 0.8787107197110372
400.0, 0.9142199787004901
401.0, 0.9517193524278702
402.0, 0.9735104966106508
403.0, 0.9872227670236187
404.0, 0.9963972839754227
405.0, 0.9972461093566235
406.0, 0.9895146939671746
407.0, 0.9755310135590077
408.0, 0.9542194563462704
409.0, 0.9252277936977958
410.0, 0.8914558101559005
411.0, 0.856306013915482
412.0, 0.8194207703752192
413.0, 0.7793881281155898
414.0, 0.7389345154491518
415.0, 0.698451708291395
416.0, 0.6474723969102881
417.0, 0.6077594143968618
418.0, 0.572014364131338
419.0, 0.5300180570572457
420.0, 0.49843611649889885
421.0, 0.46175515963140634
422.0, 0.424238682647881
423.0, 0.39334020243419465
424.0, 0.36160372829772924
425.0, 0.32591978856461645
426.0, 0.2985116886950367
427.0, 0.27287355120113294
428.0, 0.24556201380479667
429.0, 0.22149874448695883
430.0, 0.1994556687822483
431.0, 0.17797370281877944
432.0, 0.1581914077609422
433.0, 0.14769740329394598
434.0, 0.140328077820014
435.0, 0.1255727410894876
436.0, 0.10716575677079307
437.0, 0.09399569903334273
438.0, 0.09149767270384015
439.0, 0.08120807036806747
440.0, 0.08327861685985588
441.0, 0.06910809317674232
442.0, 0.06165520678841134
443.0, 0.06649659531603265
444.0, 0.0699327392592286
445.0, 0.04745813580359842
446.0, 0.05109837012177069
447.0, 0.05277917522296657
448.0, 0.05095801064411832
449.0, 0.04821341773650195
450.0, 0.050488850128297534
451.0, 0.064313596686273
452.0, 0.058369540456058834
453.0, 0.06567205006037359
454.0, 0.0705866573947472
455.0, 0.07574649170688011
456.0, 0.0848780710885818
457.0, 0.09655656563180191
458.0, 0.10755153002297362
459.0, 0.12939252256359451
460.0, 0.1457388973548811
461.0, 0.16224039451787067
462.0, 0.17589863007522105
463.0, 0.18286909709638685
464.0, 0.2071571446293645
465.0, 0.23109272142014997
466.0, 0.2541681517925713
467.0, 0.28124189542877115
468.0, 0.3113529434709908
469.0, 0.34196378768654995
470.0, 0.37366386583531735
471.0, 0.4086257454218971
472.0, 0.4458286087504624
473.0, 0.4862189022233002
474.0, 0.5298371513429002
475.0, 0.5737271099073626
476.0, 0.6137034962879535
477.0, 0.6565344774789307
478.0, 0.6976218338085339
479.0, 0.7151215629537344
480.0, 0.7401028221411421
481.0, 0.7663728892569537
482.0, 0.7668909669082549
483.0, 0.7468318480084543
484.0, 0.7096903447819514
485.0, 0.6800305079670065
486.0, 0.6362154909392359
487.0, 0.591200671424893
488.0, 0.5530254998356224
489.0, 0.5030730378127009
490.0, 0.45909315724134553
491.0, 0.396266567731483
492.0, 0.3598856880363679
493.0, 0.3223205303382793
494.0, 0.27399813894007485
495.0, 0.23220163251463516
496.0, 0.20550312371367935
497.0, 0.19296289700199812
498.0, 0.16350649907575338
499.0, 0.13796406512037043
500.0, 0.1204531835768768
501.0, 0.1058428215736724
502.0, 0.09082880215076738
503.0, 0.07850039386271064
504.0, 0.07333105443587785
505.0, 0.062166385322483926
506.0, 0.05171985974796241
507.0, 0.04621808422589032
508.0, 0.041961846335756364
509.0, 0.031166313085453437
510.0, 0.03252121301635465
511.0, 0.021494407686182153
512.0, 0.013460068955785623
513.0, 0.011070433724478338
514.0, 0.010778880616129501
515.0, 0.011487803372340497
516.0, 0.004266361269447033
517.0, 0.0020546938273706557
518.0, 0.0036523636413847605
519.0, 0.0034692237925613616
520.0, 0.0014243202666435442
521.0, 0.002574083765190451
522.0, 0.009095078809206208
523.0, 0.00448277367325486
524.0, 0.0038990817960963473
525.0, 0.0023600264594379763
526.0, 0.0023984202414252098
527.0, 0.005677290617614777
528.0, 0.007573793397590822
529.0, 0.010240278371121285
530.0, 0.003934544921938517
531.0, 0.0011270336245900443
532.0, 0.002134150617986073
533.0, 0.0051388132109331216
534.0, 0.007524710299611778
535.0, 0.005218498619200664
536.0, 0.01553039933306978
537.0, 0.006430943657244173
538.0, 0.007328776019312599
539.0, 0.011430775813423166
540.0, 0.009765600263085646
541.0, 0.006022424657597054
542.0, 0.0031863639910999298
543.0, 0.0027078062221453786
544.0, 0.0059962525542701815
545.0, 0.005526184410949168
546.0, 0.0024266523489162276
547.0, 0.0019109161147857563
548.0, 0.006102554524604722
549.0, 0.010707686423253256
550.0, 0.002961406614972138
551.0, 0.0014583338541520193
552.0, 0.0031760034668837844
553.0, 0.006871626913022768
554.0, 0.011219400918449805
555.0, 0.0012062795626902193
556.0, 0.013953372682524619
557.0, 0.013909375607581088
558.0, 0.008526093514174809
559.0, 0.00757573013212585
560.0, 0.012081618829755947
561.0, 0.013037676221521808
562.0, 0.00489016178733673
563.0, 0.0039139359405416605
564.0, 0.01183216355809137
565.0, 0.012768925163989942
566.0, 0.014905036878333364
567.0, 0.025089872732789877
568.0, 0.029142257382076295
569.0, 0.0208837722541355
570.0, 0.025644543804197433
571.0, 0.021539365299117985
572.0, 0.023900284191575336
573.0, 0.028769758247226673
574.0, 0.025052630140389148
575.0, 0.021600748490408606
576.0, 0.03585701927791992
577.0, 0.03009173023101187
578.0, 0.027907063067677703
579.0, 0.03574269160850099
580.0, 0.04173235905233902
581.0, 0.0341541097281712
582.0, 0.033926785209081295
583.0, 0.04007359007928769
584.0, 0.04160265994301824
585.0, 0.04665123927924768
586.0, 0.05171871281341379
587.0, 0.052578500820528416
588.0, 0.05067100238574245
589.0, 0.05641248307890404
590.0, 0.06106264677387131
591.0, 0.059762409185263765
592.0, 0.058944782928342196
593.0, 0.06476229303949195
594.0, 0.07456012808617515
595.0, 0.07839538371791875
596.0, 0.07831463113088633
597.0, 0.08872985766811141
598.0, 0.08912997694634528
599.0, 0.10102930375989855
600.0, 0.11249290051844148
601.0, 0.11498664555069217
602.0, 0.12299507620863614
603.0, 0.1312148815587045
604.0, 0.13678110585371273
605.0, 0.14271205010958735
606.0, 0.15187730078799122
607.0, 0.1635118539116068
608.0, 0.17486368811502012
609.0, 0.18329036625483563
610.0, 0.18684350947804526
611.0, 0.19265260811901672
612.0, 0.20203636011730602
613.0, 0.2145175523676778
614.0, 0.2264617392964778
615.0, 0.23098593846536192
616.0, 0.22388186757307968
617.0, 0.23633456089323263
618.0, 0.22358974153497396
619.0, 0.21877417972651284
620.0, 0.21365851422086163
621.0, 0.20928781848158154
622.0, 0.20719777866685013
623.0, 0.2001113623913217
624.0, 0.19464584232503257
625.0, 0.18768912616968417
626.0, 0.17421053538661144
627.0, 0.1613171064436415
628.0, 0.1562053054490772
629.0, 0.15136449488935144
630.0, 0.1279886763713068
631.0, 0.12919579130300324
632.0, 0.11418930531232593
633.0, 0.11031740537645698
634.0, 0.10754958242671411
635.0, 0.10197487028344886
636.0, 0.09377484720577485
637.0, 0.08399678947599264
638.0, 0.08634830416232245
639.0, 0.08386282026112604
640.0, 0.07710759771231009
641.0, 0.07832739172582588
642.0, 0.08161984681721736
643.0, 0.08200292709409197
644.0, 0.08508605977797201
645.0, 0.0850118748013667
646.0, 0.08182713418697259
647.0, 0.07952470561114924
648.0, 0.07631518064737437
649.0, 0.06925790690722361
650.0, 0.06122263324853751
651.0, 0.05895262483181419
652.0, 0.0577420719512742
653.0, 0.05410588592444532
654.0, 0.06000590726526007
655.0, 0.060614729586872085
656.0, 0.05398193696151606
657.0, 0.04847923038438626
658.0, 0.04945433416697164
659.0, 0.03909145229844231
660.0, 0.047170965852984234
661.0, 0.04356712315467237
662.0, 0.0338759178894259
663.0, 0.027369677088250735
664.0, 0.026384935735488883
665.0, 0.02626632863078227
666.0, 0.022065001607514942
667.0, 0.016838046428311985
668.0, 0.016980567991253866
669.0, 0.01496496717469868
670.0, 0.01664720760588735
671.0, 0.018031862470063914
672.0, 0.014372123211397478
673.0, 0.012523709027874655
674.0, 0.015974594175606163
675.0, 0.01195711444278363
676.0, 0.00707693773359707
677.0, 0.005913413699422087
678.0, 0.004127043589588427
679.0, 0.0024437048352831687
680.0, 0.007631866391678423
681.0, 0.001238594909824343
682.0, 0.007858088660886773
683.0, 0.003542078518239596
684.0, 0.0013714524420167058
685.0, 0.0016074433170580442
686.0, 0.003741613636291062
687.0, 0.007457115610051563
688.0, 0.003628244326107417
689.0, 0.002604534549412222
690.0, 0.0021240400842237345
691.0, 0.0023663260872656563
692.0, 0.0025378705597565486
693.0, 0.0035102834845130615
694.0, 0.006047195414381269
695.0, 0.008141558712416173
696.0, 0.005332684859036448
697.0, 0.0033171432403326616
698.0, 0.005971170708437089
699.0, 0.004496493447734389
700.0, 0.002334121019814628
701.0, 0.004267655188811861
702.0, 0.007532694720699567
703.0, 0.004580229973742103
704.0, 0.0034370112923639115
705.0, 0.005225858980007182
706.0, 0.0025044733586809522
707.0, 0.0066489322635635865
708.0, 0.009979424761348527
709.0, 0.005205019820901219
710.0, 0.019796008792663054
711.0, 0.013734205297176715
712.0, 0.01661112817136173
713.0, 0.007265779705501169
714.0, 0.00639843497060257
715.0, 0.0113421869117079
716.0, 0.009837805725037882
717.0, 0.003495180740432178
718.0, 0.019540634259031353
719.0, 0.01703661089869885
720.0, 0.011087526928650542
721.0, 0.012451246466210888
722.0, 0.018505508850976064
723.0, 0.021494341781753922
724.0, 0.02006850715306542
725.0, 0.025240272371706354
726.0, 0.02665142987445348
727.0, 0.02442208876769229
728.0, 0.028399775237474098
729.0, 0.02367349574099015
730.0, 0.01808955906249711
731.0, 0.019930469327538065
732.0, 0.024013217374330795
733.0, 0.02727889830466974
734.0, 0.03059029535067747
735.0, 0.02560881110970681
736.0, 0.0268415325674672
737.0, 0.0274830912607658
738.0, 0.029484615274114074
739.0, 0.03451291725168684
740.0, 0.032829265169305746
741.0, 0.04271277459280196
742.0, 0.03986011474427523
743.0, 0.0344512625085523
744.0, 0.034674869567185164
745.0, 0.03481677795083779
746.0, 0.03402793985487717
747.0, 0.036219863679553085
748.0, 0.03559830757828929
749.0, 0.03460103364452731
750.0, 0.040044538777091084
751.0, 0.04244132023806825
752.0, 0.04425378383875
753.0, 0.047375312027549576
754.0, 0.05041163893484775
755.0, 0.0510723044023049
756.0, 0.052558312437318865
757.0, 0.055389209542822934
758.0, 0.047986732512537794
759.0, 0.060134982298335846
760.0, 0.07066907239910167
761.0, 0.06714117006281782
762.0, 0.05988813318979754
763.0, 0.06648115248910114
764.0, 0.06984483464198701
765.0, 0.07614235198560496
766.0, 0.07954448650791303
767.0, 0.08423781018445403
768.0, 0.09167878586951826
769.0, 0.09659158056084416
770.0, 0.09814092548953932
771.0, 0.10645585910781385
772.0, 0.10758795483323122
773.0, 0.11892444156852647
774.0, 0.11937543742081694
775.0, 0.12764560545358888
776.0, 0.1344791184768957
777.0, 0.1362562946418821
778.0, 0.1414601013649091
779.0, 0.15409973020810477
780.0, 0.16119825825570036
781.0, 0.15429325611177291
782.0, 0.166581594761346
783.0, 0.17284486005519525
784.0, 0.18066597357472955
785.0, 0.19002952788459365
786.0, 0.18914133833420863
787.0, 0.1839588957880701
788.0, 0.19733422437900658
789.0, 0.20519937519040282
790.0, 0.20849765769912043
791.0, 0.20250192469406939
792.0, 0.19921785541137843
793.0, 0.1989034284312659
794.0, 0.19508172864285497
795.0, 0.20019216445536495
796.0, 0.19501932331468805
797.0, 0.20042799098039266
798.0, 0.19539563186811104
799.0, 0.19103706009241708
800.0, 0.18301522770622386
801.0, 0.1739920944479094
802.0, 0.17058391055042846
803.0, 0.16428679314878933
804.0, 0.17477811764931536
805.0, 0.15910080487668593
806.0, 0.14663980797446602
807.0, 0.14574736056770254
808.0, 0.1536562117380071
809.0, 0.15483252857641372
810.0, 0.14601798100577823
811.0, 0.1539917619610822
812.0, 0.14701147830709663
813.0, 0.12866584339875056
814.0, 0.12661629814397724
815.0, 0.13371085033268185
816.0, 0.13353003096226201
817.0, 0.1282388426825284
818.0, 0.12805071875693347
819.0, 0.12921077042739496
820.0, 0.13174031115764986
821.0, 0.12297742009137837
822.0, 0.11980032503053627
823.0, 0.10930421635885225
824.0, 0.09901986354070019
825.0, 0.09330546759503755
826.0, 0.08512513423314895
827.0, 0.06861978708567738
828.0, 0.07040726403651763
829.0, 0.06355684666690321
830.0, 0.05901016910988786
831.0, 0.05464213060722053
832.0, 0.05376478246386009
833.0, 0.05046802363669638
834.0, 0.042100453774626644
835.0, 0.037415929855989766
836.0, 0.04416936182894603
837.0, 0.036070032238191364
838.0, 0.03949728852695626
839.0, 0.04122527205582835
840.0, 0.034642120576459504
841.0, 0.03289204461832342
842.0, 0.04042397001922618
843.0, 0.046343037511486426
844.0, 0.04263484577211393
845.0, 0.02900570905177112
846.0, 0.045756020270558605
847.0, 0.05253903712334876
848.0, 0.05261790169838156
849.0, 0.05938762831222637
850.0, 0.06665830052672182
851.0, 0.06747489906940561
852.0, 0.07273496663261521
853.0, 0.07405676526630431
854.0, 0.09031578940436298
855.0, 0.08649915837705814
856.0, 0.0832511759153193
857.0, 0.08873172218037502
858.0, 0.09033382291306563
859.0, 0.08656051479466055
860.0, 0.0903586100697089
861.0, 0.09428909394387701
862.0, 0.08114478045310292
863.0, 0.07601788450345184
864.0, 0.07000789266006296
865.0, 0.06178775304792209
866.0, 0.058309274739930514
867.0, 0.05280242982540382
868.0, 0.03805324384723314
869.0, 0.027010908251713865
870.0, 0.03709637971316043
871.0, 0.022645203201602737
872.0, 0.026436473166994198
873.0, 0.025385277553565178
874.0, 0.020482916688890355
875.0, 0.018812455366396127
876.0, 0.02007988348377125
877.0, 0.020983589345212196
878.0, 0.026981582352462154
879.0, 0.02107622052941588
880.0, 0.00456875470049495
881.0, 0.014513512325553094
882.0, 0.020180273210988194
883.0, 0.011494257009862601
884.0, 0.0033518281538853396
885.0, 0.0040167584803168545
886.0, 0.0025836091230809384
887.0, 0.0028490708684078994
888.0, 0.0018119132817061459
889.0, 0.0020944909937342924
890.0, 0.0031472385781856444
891.0, 0.0028092523882988093
892.0, 0.002037924715381818
893.0, 0.004719007850345723
894.0, 0.01040527976785274
895.0, 0.010453701369933196
896.0, 0.0008378900912801033
897.0, 0.011570815701240886
898.0, 0.006469305986422691
899.0, 0.009908734362985424
900.0, 0.014454905551801952
901.0, 0.010566106242503434
902.0, 0.007819127285448322
903.0, 0.01221597655697709
904.0, 0.0037372524289320547
905.0, 0.01134050743917746
906.0, 0.011759756023387719
907.0, 0.013949057309015038
908.0, 0.009412400127764668
909.0, 0.003801469189285307
910.0, 0.002041066335155638
911.0, 0.004940594337491315
912.0, 0.009641353714890255
913.0, 0.010795098325628652
914.0, 0.0027301878592951656
915.0, 0.0028035825899356535
916.0, 0.006315219107477418
917.0, 0.003838269780563769
918.0, 0.006373324407029432
919.0, 0.005800559641539712
920.0, 0.001627647358191217
921.0, 0.0051460700576564065
922.0, 0.009321232965741045
923.0, 0.0020322703134845414
924.0, 0.014100802575301316
925.0, 0.005646901101335694
926.0, 0.005195684018518377
927.0, 0.005308636175900465
928.0, 0.013081679509699308
929.0, 0.018525125514751113
930.0, 0.008016732558279031
931.0, 0.008334209349312414
932.0, 0.0021853675467357735
933.0, 0.0019504969803370632
934.0, 0.0038650308220294018
935.0, 0.0036266568991968964
936.0, 0.002121491180990566
937.0, 0.0019504447689654458
938.0, 0.002011776755081694
939.0, 0.0018467994974915856
940.0, 0.005804979110754556
941.0, 0.0053533521052961325
942.0, 0.0013150404720179375
943.0, 0.001534465963946271
944.0, 0.007735615678384161
945.0, 0.005353545099814596
946.0, 0.0029289236265341314
947.0, 0.0028292095183592722
948.0, 0.0009169323712682033
949.0, 0.0033380533936936746
950.0, 0.01368303326437852
951.0, 0.022941119674053805
952.0, 0.024252834461226447
953.0, 0.024589612092375923
954.0, 0.027100296504382004
955.0, 0.022494897202924306
956.0, 0.016132063485283833
957.0, 0.012160804583719601
958.0, 0.007695608733717507
959.0, 0.01926625753367344
960.0, 0.011825834520097469
961.0, 0.02488893017847897
962.0, 0.02017530344461755
963.0, 0.01913045304462467
964.0, 0.011799418826933139
965.0, 0.009025222980540886
966.0, 0.017157115834079473
967.0, 0.024440232051695654
968.0, 0.022621659362970798
969.0, 0.010253918730978745
970.0, 0.01159897558568042
971.0, 0.01299310144795584
972.0, 0.014235809130119539
973.0, 0.014620283847078048
974.0, 0.01172239331975036
975.0, 0.011292806892619935
976.0, 0.015245971402484496
977.0, 0.016167261742527618
978.0, 0.018654232479401223
979.0, 0.02474026031146285
980.0, 0.016197850183242386
981.0, 0.021607015273957458
982.0, 0.019213226679615454
983.0, 0.025168266573453422
984.0, 0.03274999596471034
985.0, 0.035207294198067014
986.0, 0.033208852516938205
987.0, 0.02331261896133664
988.0, 0.032877298684503266
989.0, 0.02478494934163276
990.0, 0.021623328929434592
991.0, 0.033326028495885424
992.0, 0.034529204252788034
993.0, 0.03724658862923281
994.0, 0.036401718753536004
995.0, 0.03474031961840236
996.0, 0.042557694373004835
997.0, 0.03687716156238164
998.0, 0.058627671845999374
999.0, 0.06634530655471911
1000.0, 0.08226870166063813
1001.0, 0.08594492157014762
1002.0, 0.0890379494215781
1003.0, 0.08274523626429729
1004.0, 0.0741746957145629
1005.0, 0.07040591558066248
1006.0, 0.0641891116087193
1007.0, 0.0641500375024157
1008.0, 0.05940353339994255
1009.0, 0.0467037518370642
1010.0, 0.04993528214157266
1011.0, 0.05692305364335111
1012.0, 0.05137725071475975
1013.0, 0.049732287074348056
1014.0, 0.057764756213791596
1015.0, 0.06441085794858875
1016.0, 0.06329700975144047
1017.0, 0.058338201666236676
1018.0, 0.06586260435317304
1019.0, 0.07848166706960118
1020.0, 0.07197045848718234
1021.0, 0.07087211330945489
1022.0, 0.06642542307520602
1023.0, 0.06696669007145571
1024.0, 0.07346405275129587
1025.0, 0.07617537932041703
1026.0, 0.07260485875678573
1027.0, 0.07318982584255908
1028.0, 0.0855188348776702
1029.0, 0.09215210726626968
1030.0, 0.09386994947781573
1031.0, 0.07778344856948197
1032.0, 0.07642854568807363
1033.0, 0.07748057985950216
1034.0, 0.07352898273811585
1035.0, 0.07495664156907852
1036.0, 0.07923178124438059
1037.0, 0.06586250055451899
1038.0, 0.07663957886570952
1039.0, 0.0764541124912181
1040.0, 0.08113152961152321
1041.0, 0.07689191585957375
1042.0, 0.07289599695368257
1043.0, 0.07686752312166259
1044.0, 0.07992665640484109
1045.0, 0.07606723116473535
1046.0, 0.0714723024546998
1047.0, 0.07314726005142083
1048.0, 0.08599734928738846
1049.0, 0.06878475118058214
1050.0, 0.07271314166826615
1051.0, 0.06720720827358534
1052.0, 0.07124897460711958
1053.0, 0.06357188933165167
1054.0, 0.06625210943449385
1055.0, 0.072176964806401
1056.0, 0.06661639830923674
1057.0, 0.06907136754924309
1058.0, 0.06425730467308892
1059.0, 0.056357674178332984
1060.0, 0.06808308739022441
1061.0, 0.06645711162121476
1062.0, 0.06042939771882366
1063.0, 0.059521683723669144
1064.0, 0.05852172392073461
1065.0, 0.0596136547524287
1066.0, 0.060370054158487604
1067.0, 0.058546884562433114
1068.0, 0.06507185466647254
1069.0, 0.0638795558729463
1070.0, 0.06542934611192805
1071.0, 0.0678241811367955
1072.0, 0.06165531318155016
1073.0, 0.06511525920545595
1074.0, 0.07098237635884773
1075.0, 0.07049998800729694
1076.0, 0.06965564678269671
1077.0, 0.06715287234067353
1078.0, 0.06367454371974778
1079.0, 0.08425415865459031
1080.0, 0.07258757707197408
1081.0, 0.0874925382957342
1082.0, 0.09896859406790884
1083.0, 0.10300176637841801
1084.0, 0.11275785095271106
1085.0, 0.11373484137546477
1086.0, 0.10769241069867229
1087.0, 0.10264675942280706
1088.0, 0.09912630889217605
1089.0, 0.0948391897930631
1090.0, 0.09431333492086624
1091.0, 0.1035548209756026
1092.0, 0.09696633433042848
1093.0, 0.10312434700470034
1094.0, 0.10828782029258632
1095.0, 0.10706642290989687
1096.0, 0.11051012299440997
1097.0, 0.11491479522641922
1098.0, 0.12094295120898069
1099.0, 0.12575711965257313
1100.0, 0.12107017027084484
1101.0, 0.12035952112473448
1102.0, 0.12036731653086083
1103.0, 0.14084191024182194
1104.0, 0.1438567032358644
1105.0, 0.1522257502351318
1106.0, 0.1363132918436419
1107.0, 0.14564690014610174
1108.0, 0.15423315103969878
1109.0, 0.1483847933030181
1110.0, 0.15204615505168426
1111.0, 0.16548478217777365
1112.0, 0.15849599016679286
1113.0, 0.1574169547736779
1114.0, 0.1646063329260674
1115.0, 0.1617579551187147
1116.0, 0.1674778566760952
1117.0, 0.15816970026559823
1118.0, 0.15908130830029507
1119.0, 0.1585828837741271
1120.0, 0.14738326729797419
1121.0, 0.14582792335031206
1122.0, 0.1539192771068169
1123.0, 0.1448596142286679
1124.0, 0.16756399746584483
1125.0, 0.1557122702802848
1126.0, 0.14909690256392424
1127.0, 0.14200725102457873
1128.0, 0.1415673274956029
1129.0, 0.1398388645159445
1130.0, 0.1294475347149142
1131.0, 0.13249761861992074
1132.0, 0.1408136635168951
1133.0, 0.14082238741779896
1134.0, 0.14138054947250314
1135.0, 0.13386573360324466
1136.0, 0.13252544101868674
1137.0, 0.13213459099426472
1138.0, 0.12735961656799993
1139.0, 0.1249660119903739
1140.0, 0.12486931245407087
1141.0, 0.127182656424945
1142.0, 0.12744791244056738
1143.0, 0.12730595013452456
1144.0, 0.12702630173239376
1145.0, 0.12618253230151844
1146.0, 0.12646062369498914
1147.0, 0.12363620361741283
1148.0, 0.12142198715689861
1149.0, 0.11520410703374723
1150.0, 0.1138425759246503
1151.0, 0.11407206107985578
1152.0, 0.12692921180433223
1153.0, 0.13368292282925456
1154.0, 0.13154544482382238
1155.0, 0.13032544158214476
1156.0, 0.12961408615743766
1157.0, 0.12850924873801034
1158.0, 0.12960227689637913
1159.0, 0.1156720987995473
1160.0, 0.1076360699173531
1161.0, 0.12583344603383165
1162.0, 0.12514161184798053
1163.0, 0.11487376845206894
1164.0, 0.11356732016645832
1165.0, 0.11071282048948229
1166.0, 0.10967162589296035
1167.0, 0.10678129098579574
1168.0, 0.10489921593989525
1169.0, 0.10538552179525003
1170.0, 0.10142795479194984
1171.0, 0.09954880826909267
1172.0, 0.09412063004683759
1173.0, 0.09395867427497244
1174.0, 0.09173284709613008
1175.0, 0.09528523430604871
1176.0, 0.09931586899777282
1177.0, 0.09162294643338458
1178.0, 0.08332776009831347
1179.0, 0.07595475869801825
1180.0, 0.07110465780060783
1181.0, 0.06837372190657529
1182.0, 0.06589767295048987
1183.0, 0.06644380948284813
1184.0, 0.05962409630289343
1185.0, 0.05199041647948939
1186.0, 0.051089746091906384
1187.0, 0.06686610306548932
1188.0, 0.06212958466111241
1189.0, 0.05945767817813988
1190.0, 0.049806209052550655
1191.0, 0.04178696216701319
1192.0, 0.039357828960081706
1193.0, 0.031012130258328125
1194.0, 0.021729575108511773
1195.0, 0.026756196906503195
1196.0, 0.028207582865931866
1197.0, 0.02553370345460915
1198.0, 0.02825682980724683
1199.0, 0.003644032016243281
1200.0, 0.020919223403931743
1201.0, 0.013051930005413576
1202.0, 0.010085399450732401
1203.0, 0.012510124253900088
1204.0, 0.01125611356569654
1205.0, 0.011821933662060425
1206.0, 0.00984973503598388
1207.0, 0.007480266398651911
1208.0, 0.012204700861344812
1209.0, 0.0015421305523507472
1210.0, 0.0037293629010975347
1211.0, 0.0029967268432616813
1212.0, 0.0020610651047765767
1213.0, 0.001301958680343442
1214.0, 0.006434205430973223
1215.0, 0.002573632992743677
1216.0, 0.0010920017348740696
1217.0, 0.0010590742790723693
1218.0, 0.0017099484076396037
1219.0, 0.0020820357101190416
1220.0, 0.002901437758137902
1221.0, 0.004134709945411578
1222.0, 0.0007666847935730778
1223.0, 0.0016382420288735759
1224.0, 0.0039694754507780625
1225.0, 0.007830369061807715
1226.0, 0.006429500978750277
1227.0, 0.0012547952882948112
1228.0, 0.00446729576930882
1229.0, 0.005461106881635381
1230.0, 0.012801688240663842
1231.0, 0.008103394969258866
1232.0, 0.0019025120549184668
1233.0, 0.003435611701598371
1234.0, 0.0050591203907153015
1235.0, 0.008091981586011338
1236.0, 0.0042238544032763385
1237.0, 0.013872893459703928
1238.0, 0.0008866664799745353
1239.0, 0.025262116640901652
1240.0, 0.016227243809911418
1241.0, 0.0038487415697496113
1242.0, 0.00039833680401163483
1243.0, 0.0027196109948333185
1244.0, 0.0047170021715828
1245.0, 0.006522333290951772
1246.0, 0.005125733946946623
1247.0, 0.008500805173972776
1248.0, 0.01952713420593764
1249.0, 0.016416834868070773
1250.0, 0.004630596472181693
1251.0, 0.01755109414688132
1252.0, 0.00827171612499865
1253.0, 0.004320682162316803
1254.0, 0.007790130949141985
1255.0, 0.010185156121378299
1256.0, 0.004105431910604014
1257.0, 0.0032511175368803227
1258.0, 0.006129363788841609
1259.0, 0.007820830491856633
1260.0, 0.005099660841362939
1261.0, 0.004832990981128979
1262.0, 0.012416994802628107
1263.0, 0.019193087174260486
1264.0, 0.02058540463759591
1265.0, 0.020517991524302566
1266.0, 0.022321029156785757
1267.0, 0.00488947503666364
1268.0, 0.02691390371256493
1269.0, 0.027639783151449437
1270.0, 0.013162290745439228
1271.0, 0.024229989079146405
1272.0, 0.023385148132132678
1273.0, 0.027459001812240095
1274.0, 0.03515902845283308
1275.0, 0.033722836088571954
1276.0, 0.029723272223991716
1277.0, 0.027276392262053938
1278.0, 0.02346324195374453
1279.0, 0.02836832217775153
1280.0, 0.01435371859637202
1281.0, 0.016124663340820727
1282.0, 0.004667469251187315
1283.0, 0.018386909064469728
1284.0, 0.015180499469017152
1285.0, 0.02076333350934477
1286.0, 0.01623620967115985
1287.0, 0.017210301227312708
1288.0, 0.017990128199325627
1289.0, 0.02183711202919121
1290.0, 0.02409474273950267
1291.0, 0.022825821159450376
1292.0, 0.021498000062603686
1293.0, 0.017985947369197165
1294.0, 0.02875618035570652
1295.0, 0.02644326453440477
1296.0, 0.043029092977203406
1297.0, 0.03055735436298152
1298.0, 0.024348180659100875
1299.0, 0.022239617805514218
1300.0, 0.0176057465105295
1301.0, 0.017919618682535218
1302.0, 0.014811815996710567
1303.0, 0.021308099919456293
1304.0, 0.03236658830052763
1305.0, 0.037464226569172664
1306.0, 0.0337533712653919
1307.0, 0.03112411958278554
1308.0, 0.038149168531703526
1309.0, 0.038689098997376416
1310.0, 0.0275689658905944
1311.0, 0.031871687969434556
1312.0, 0.030221381245415485
1313.0, 0.03211871912168858
1314.0, 0.03377687320373855
1315.0, 0.030553481374585016
1316.0, 0.03478076753882139
1317.0, 0.03941587162460121
1318.0, 0.04099410452806394
1319.0, 0.03938965407553147
1320.0, 0.03584367181508432
1321.0, 0.02909639353239056
1322.0, 0.027226412400341213
1323.0, 0.02743145276419966
1324.0, 0.02628392261282174
1325.0, 0.03901565305628385
1326.0, 0.032221838343343585
1327.0, 0.01886062610076946
1328.0, 0.024709756723383706
1329.0, 0.018067810993686213
1330.0, 0.03126010811046166
1331.0, 0.015040411683442861
1332.0, 0.013085399802911917
1333.0, 0.02354279395520186
1334.0, 0.020714745539380994
1335.0, 0.015143615302540464
1336.0, 0.010001431452816052
1337.0, 0.009058265001567782
1338.0, 0.012693281334682891
1339.0, 0.01123728170794285
1340.0, 0.01220984311567976
1341.0, 0.019167115004079093
1342.0, 0.0075773719132911765
1343.0, 0.017090788192850304
1344.0, 0.011430522043849619
1345.0, 0.010657999979884147
1346.0, 0.020164396468278372
1347.0, 0.020375454507605258
1348.0, 0.00977158076494711
1349.0, 0.011149318691033661
1350.0, 0.013217431713988148
1351.0, 0.010309953529660142
1352.0, 0.01383426531489768
1353.0, 0.009104717519130357
1354.0, 0.004065827254018067
1355.0, 0.0031085665358108108
1356.0, 0.006187661602767601
1357.0, 0.011280236351828295
1358.0, 0.008610676961444685
1359.0, 0.0035294168664234127
1360.0, 0.0022583605914511615
1361.0, 0.004855180632270383
1362.0, 0.011474298746279178
1363.0, 0.0058089699101833625
1364.0, 0.018954097380983505
1365.0, 0.00951559052901501
1366.0, 0.01590409281646913
1367.0, 0.01040208118966132
1368.0, 0.00399277184345795
1369.0, 0.0035711813335233423
1370.0, 0.008435561601670772
1371.0, 0.015279103078837977
1372.0, 0.019360831391418205
1373.0, 0.01814960627645425
1374.0, 0.02082982648841019
1375.0, 0.02333271396283358
1376.0, 0.017778880255961638
1377.0, 0.017894854867090144
1378.0, 0.014297327483461237
1379.0, 0.019252523863147547
1380.0, 0.023673107504988473
1381.0, 0.0053336616782373135
1382.0, 0.0035411774789958148
1383.0, 0.010932219817277997
1384.0, 0.013139603871832925
1385.0, 0.027526338555014802
1386.0, 0.020561512161407544
1387.0, 0.019423587398549564
1388.0, 0.02387461050277464
1389.0, 0.01338286744176009
1390.0, 0.009507993297979172
1391.0, 0.01518709798786548
1392.0, 0.018690805586560326
1393.0, 0.01844243266471012
1394.0, 0.020002402930864183
1395.0, 0.018978864678586407
1396.0, 0.010750539648713869
1397.0, 0.013746106333760007
1398.0, 0.005396489509890614
1399.0, 0.004411377024061178
1400.0, 0.0056587085282279025
1401.0, 0.0018635546912345582
1402.0, 0.015269358051275708
1403.0, 0.002750923862248571
1404.0, 0.009759063161397755
1405.0, 0.015546303309832109
1406.0, 0.007288770612074955
1407.0, 0.009892874501460622
1408.0, 0.006899227489236437
1409.0, 0.011336057570437652
1410.0, 0.008386124099773786
1411.0, 0.004159043571468859
1412.0, 0.01019635366112644
1413.0, 0.009011533501465963
1414.0, 0.004090197531840902
1415.0, 0.007001047542969983
1416.0, 0.004136902204169436
1417.0, 0.015331276044782105
1418.0, 0.016904314255110988
1419.0, 0.003547635109577729
1420.0, 0.017008658829120605
1421.0, 0.026455534155774296
1422.0, 0.02175868488120081
1423.0, 0.009074651368081384
1424.0, 0.032790776990273024
1425.0, 0.031894824647296385
1426.0, 0.016040299191697374
1427.0, 0.01962267351754339
1428.0, 0.032617627530509105
1429.0, 0.03893377714895373
1430.0, 0.0376821618901823
1431.0, 0.04121886037015885
1432.0, 0.041252831748998325
1433.0, 0.04572878199692722
1434.0, 0.05083723617942117
1435.0, 0.0601760282625534
1436.0, 0.08426750534959182
1437.0, 0.10457919499774715
1438.0, 0.11543272658386519
1439.0, 0.09114060142408403
1440.0, 0.10640413174433719
1441.0, 0.12323289990193767
1442.0, 0.12201694291666308
1443.0, 0.13234290136575264
1444.0, 0.1429248351434283
1445.0, 0.1487016139001737
1446.0, 0.15319294864009125
1447.0, 0.15773155294986174
1448.0, 0.15732520264185912
1449.0, 0.16047058307935827
1450.0, 0.16239380316238397
1451.0, 0.16131365948636683
1452.0, 0.16139104651712988
1453.0, 0.16535467410363466
1454.0, 0.15883517932595126
1455.0, 0.15623087488443296
1456.0, 0.15695986085197064
1457.0, 0.15021181937149325
1458.0, 0.15081743939672512
1459.0, 0.15203478620526673
1460.0, 0.14070135554965055
1461.0, 0.13676406363245153
1462.0, 0.12468215209413695
1463.0, 0.1230883488528645
1464.0, 0.10026589666148482
1465.0, 0.08319676920837629
1466.0, 0.07714517959951837
1467.0, 0.07501268472768928
1468.0, 0.08221374774139184
1469.0, 0.08218239212310376
1470.0, 0.07887505571187865
1471.0, 0.060625848003094625
1472.0, 0.04850288095729454
1473.0, 0.05217300897644085
1474.0, 0.04683816449379931
1475.0, 0.04934783428310825
1476.0, 0.048391011633310686
1477.0, 0.05043477763566301
1478.0, 0.04559649746681222
1479.0, 0.04283947613548641
1480.0, 0.04312060985417549
1481.0, 0.03643338520115541
1482.0, 0.03496455548457079
1483.0, 0.03213954134077818
1484.0, 0.017639848935603247
1485.0, 0.019650645329338863
1486.0, 0.027599678457221746
1487.0, 0.022923865214889896
1488.0, 0.017181380242811024
1489.0, 0.017087643388096103
1490.0, 0.028283023746178665
1491.0, 0.0035278728134075224
1492.0, 0.01365410971051761
1493.0, 0.020761588144043677
1494.0, 0.0012003942863932793
1495.0, 0.01911599744676923
1496.0, 0.00534503851984046
1497.0, 0.010555339123206837
1498.0, 0.004025365332086401
1499.0, 0.009774824456745181
1500.0, 0.006915576870395849
1501.0, 0.008959386827114951
1502.0, 0.010701702757548871
1503.0, 0.011580018828782528
1504.0, 0.010094808575414832
1505.0, 0.00532333455927422
1506.0, 0.002610514758611267
1507.0, 0.0019031550331670226
1508.0, 0.0013057737583367607
1509.0, 0.0017927830996696803
1510.0, 0.0016103738217183375
1511.0, 0.0024311712015350393
1512.0, 0.008534790879055431
1513.0, 0.013699147190870817
1514.0, 0.012179868610053827
1515.0, 0.0100518725177302
1516.0, 0.01232798112586862
1517.0, 0.009835397936584382
1518.0, 0.013571310829738458
1519.0, 0.011788972410272335
1520.0, 0.011834993659423846
1521.0, 0.018365280851597887
1522.0, 0.006206651193368004
1523.0, 0.005761662595262889
1524.0, 0.002194914743961318
1525.0, 0.0007485897826631055
1526.0, 0.01541544026257394
1527.0, 0.007158057992645054
1528.0, 0.01873073932711473
1529.0, 0.024991172613067172
1530.0, 0.019410781434591736
1531.0, 0.02364229167313599
1532.0, 0.027161139492254942
1533.0, 0.01618024118694921
1534.0, 0.021597091660044043
1535.0, 0.022254016233739887
1536.0, 0.023500552686141027
1537.0, 0.017966560700065724
1538.0, 0.024938146365782756
1539.0, 0.0325721518892738
1540.0, 0.016783983757326607
1541.0, 0.01713720098872394
1542.0, 0.027927680514875933
1543.0, 0.01668479260531941
1544.0, 0.014510003159421947
1545.0, 0.028828951105215776
1546.0, 0.027548816945654968
1547.0, 0.0074229643733543255
1548.0, 0.006970902927107773
1549.0, 0.02623692976352488
1550.0, 0.024530165647466563
1551.0, 0.03223601432762434
1552.0, 0.04322401621510265
1553.0, 0.04814039351156167
1554.0, 0.052242110747228815
1555.0, 0.06584270641430155
1556.0, 0.0467727959816408
1557.0, 0.018595441952429983
1558.0, 0.015181525998203636
1559.0, 0.01247976304667927
1560.0, 0.02560140917951276
1561.0, 0.01751673063718532
1562.0, 0.015942318074299352
1563.0, 0.014177137923731872
1564.0, 0.016163469462840585
1565.0, 0.008062287322041239
1566.0, 0.013351731455129079
1567.0, 0.016787590558312828
1568.0, 0.0163252382828095
1569.0, 0.005655625344386206
1570.0, 0.010784304704446883
1571.0, 0.0068535005787237115
1572, 0.0
1573, 0.0
1574, 0.0
1575, 0.0
1576, 0.0
1577, 0.0
1578, 0.0
1579, 0.0
1580, 0.0
1581, 0.0
1582, 0.0
1583, 0.0
1584, 0.0
1585, 0.0
1586, 0.0
1587, 0.0
1588, 0.0
1589, 0.0
1590, 0.0
1591, 0.0
1592, 0.0
1593, 0.0
1594, 0.0
1595, 0.0
1596, 0.0
1597, 0.0
1598, 0.0
1599, 0.0
