30, 0.0
31, 0.0
32, 0.0
33, 0.0
34, 0.0
35, 0.0
36, 0.0
37, 0.0
38, 0.0
39, 0.0
40, 0.0
41, 0.0
42, 0.0
43, 0.0
44, 0.0
45, 0.0
46, 0.0
47, 0.0
48, 0.0
49, 0.0
50, 0.0
51, 0.0
52, 0.0
53, 0.0
54, 0.0
55, 0.0
56, 0.0
57, 0.0
58, 0.0
59, 0.0
60, 0.0
61, 0.0
62, 0.0
63, 0.0
64, 0.0
65, 0.0
66, 0.0
67, 0.0
68, 0.0
69, 0.0
70, 0.0
71, 0.0
72, 0.0
73, 0.0
74, 0.0
75, 0.0
76, 0.0
77, 0.0
78, 0.0
79, 0.0
80, 0.0
81, 0.0
82, 0.0
83, 0.0
84, 0.0
85, 0.0
86, 0.0
87, 0.0
88, 0.0
89, 0.0
90, 0.0
91.0, 0.11904443452137374
92.0, 0.08978199766009871
93.0, 0.058525909555007916
94.0, 0.05847642681027375
95.0, 0.05152946824817853
96.0, 0.041604072472986774
97.0, 0.035308865788316594
98.0, 0.036410562473343136
99.0, 0.04755949754797476
100.0, 0.04397591058667679
101.0, 0.03755993757455707
102.0, 0.039855661526751955
103.0, 0.013975449016721441
104.0, 0.039024010853254944
105.0, 0.05755748303534089
106.0, 0.028606136504881655
107.0, 0.03002500385734233
108.0, 0.04202340987142127
109.0, 0.042303977583723784
110.0, 0.031097973122546065
111.0, 0.020309599572859233
112.0, 0.02029457114630491
113.0, 0.033438417130087016
114.0, 0.0519128851177137
115.0, 0.08293733913321094
116.0, 0.04371270501524308
117.0, 0.04005451330143891
118.0, 0.04850727379347522
119.0, 0.01390265011748146
120.0, 0.011165432009034245
121.0, 0.03307186444864344
122.0, 0.04840627274051098
123.0, 0.03549827506489114
124.0, 0.007092714833041709
125.0, 0.0026106478785022386
126.0, 0.005082533856363413
127.0, 0.003730220989582953
128.0, 0.012633197107281544
129.0, 0.010798252343693839
130.0, 0.007632654124932175
131.0, 0.007059937520115644
132.0, 0.007844249821842642
133.0, 0.0031366733038250484
134.0, 0.015484633648631185
135.0, 0.027143700894646638
136.0, 0.011184118742917165
137.0, 0.011959210674433588
138.0, 0.004788474847522316
139.0, 0.002861025300916272
140.0, 0.004979669398923938
141.0, 0.019490481886790745
142.0, 0.023169198353950027
143.0, 0.01371944473418031
144.0, 0.011892402703430786
145.0, 0.03321574315199001
146.0, 0.03892579645993189
147.0, 0.05753912673522051
148.0, 0.0894595129969449
149.0, 0.11358549319271811
150.0, 0.12269994053540761
151.0, 0.14549500886571679
152.0, 0.15936425707133783
153.0, 0.13874899756736978
154.0, 0.11330532807856374
155.0, 0.10986569872267407
156.0, 0.10984277246570083
157.0, 0.09868932701017571
158.0, 0.07617030169558114
159.0, 0.07641956738254
160.0, 0.08574578307340167
161.0, 0.09204730918306321
162.0, 0.09049606115606888
163.0, 0.09743652330352279
164.0, 0.10964841540886075
165.0, 0.10932056796734496
166.0, 0.09437799205879115
167.0, 0.09548161043855635
168.0, 0.09110579369608364
169.0, 0.08515342713092432
170.0, 0.08844346248086145
171.0, 0.10922641434073702
172.0, 0.1048503302276221
173.0, 0.09664151626780226
174.0, 0.08925396440355812
175.0, 0.07272486437029312
176.0, 0.07883654113416856
177.0, 0.07789729546496404
178.0, 0.07145271234374469
179.0, 0.07200578413393738
180.0, 0.0650955679325917
181.0, 0.05086029889960046
182.0, 0.04025727079875687
183.0, 0.035805437769785474
184.0, 0.028274549929200043
185.0, 0.038909358268007094
186.0, 0.04751625487318502
187.0, 0.041197063621036714
188.0, 0.02293685159649439
189.0, 0.016521281789831366
190.0, 0.008498034230803605
191.0, 0.0014238960470611102
192.0, 0.00042733612304500756
193.0, 0.00116550436793442
194.0, 0.0009784774998883054
195.0, 0.004364943423228934
196.0, 0.010899263535456857
197.0, 0.01649580797023572
198.0, 0.012472129739130451
199.0, 0.015734146807722376
200.0, 0.017011092343843577
201.0, 0.0018829598124432603
202.0, 0.001764698721877122
203.0, 0.006372073739454752
204.0, 0.006039893123889312
205.0, 0.0011102108601771148
206.0, 0.002489119540677603
207.0, 0.004263263240154033
208.0, 0.0016291044840969473
209.0, 0.0006763544073320624
210.0, 0.016378061177546737
211.0, 0.026962275510890265
212.0, 0.042882326413519495
213.0, 0.05129440147528422
214.0, 0.048408001907680145
215.0, 0.08119720229287244
216.0, 0.10756105329832863
217.0, 0.12196406347018733
218.0, 0.1333100001038298
219.0, 0.1544048429178141
220.0, 0.17586906146711542
221.0, 0.20515083609616372
222.0, 0.230237628353055
223.0, 0.24476533938565023
224.0, 0.2766015922506212
225.0, 0.2887507740402837
226.0, 0.3057074724570098
227.0, 0.3407569443970436
228.0, 0.3870734517357765
229.0, 0.41575433036664333
230.0, 0.45047422047771957
231.0, 0.492790067319643
232.0, 0.5349221145855666
233.0, 0.5768318404927985
234.0, 0.6115156290682425
235.0, 0.6380474301843196
236.0, 0.6544798517370397
237.0, 0.6571702014616676
238.0, 0.6579102637965504
239.0, 0.6426571506141295
240.0, 0.6184059158599424
241.0, 0.5933358320831515
242.0, 0.5442777261784901
243.0, 0.47761192586601026
244.0, 0.426095416055446
245.0, 0.39076941382451497
246.0, 0.33908510665398245
247.0, 0.2979379827999085
248.0, 0.2699277715796848
249.0, 0.24480244754455815
250.0, 0.21745346492193895
251.0, 0.19964392947478302
252.0, 0.2055118358820198
253.0, 0.21122033502233062
254.0, 0.21183773351355578
255.0, 0.21850639770927877
256.0, 0.21961218126078896
257.0, 0.23985114448539052
258.0, 0.26365623901274304
259.0, 0.2766755104232295
260.0, 0.29177954098061176
261.0, 0.3123439976986139
262.0, 0.3415331745481468
263.0, 0.3784182885421365
264.0, 0.418888315224271
265.0, 0.45809727584317217
266.0, 0.4997131326613116
267.0, 0.552641510812424
268.0, 0.6186253643297226
269.0, 0.687976268755344
270.0, 0.7599527376922138
271.0, 0.8252077545949112
272.0, 0.8879293095155033
273.0, 0.950149687108063
274.0, 0.9889026194676251
275.0, 0.9998224526849976
276.0, 0.9842870444427857
277.0, 0.9447059128924413
278.0, 0.884013566080389
279.0, 0.8107905848057809
280.0, 0.7176207119580041
281.0, 0.6281029008523492
282.0, 0.558220177829429
283.0, 0.4846771910281949
284.0, 0.4128164363884938
285.0, 0.3490799092343259
286.0, 0.30403205555943846
287.0, 0.27678100055979094
288.0, 0.23265248419492798
289.0, 0.2070445337834202
290.0, 0.18976628053240766
291.0, 0.1718152767878707
292.0, 0.16280922742893408
293.0, 0.15496919512284119
294.0, 0.14679507706256092
295.0, 0.14114953119974835
296.0, 0.13799203542210953
297.0, 0.12840313058682276
298.0, 0.1431582960723957
299.0, 0.17337229588072142
300.0, 0.18580559057195858
301.0, 0.16606047893009088
302.0, 0.18383423001710913
303.0, 0.224186271596313
304.0, 0.2529328684064583
305.0, 0.26505201711514637
306.0, 0.2857124512700938
307.0, 0.30379870341406934
308.0, 0.34131363287280037
309.0, 0.38271040758852837
310.0, 0.4165759514969737
311.0, 0.46519609101103465
312.0, 0.5268885924146953
313.0, 0.5804345349209779
314.0, 0.6311432119962828
315.0, 0.6897340068639543
316.0, 0.7336856944614373
317.0, 0.7498371551728635
318.0, 0.7486753396260604
319.0, 0.7300390153494841
320.0, 0.6838808791451393
321.0, 0.6240191272113522
322.0, 0.5499809621471934
323.0, 0.4758283513716029
324.0, 0.407514676997154
325.0, 0.3371561463647879
326.0, 0.2911887439861378
327.0, 0.24455472360483035
328.0, 0.19652835890506237
329.0, 0.15624751304980417
330.0, 0.12306134918143395
331.0, 0.11305997776784917
332.0, 0.0875981330077623
333.0, 0.058645898946458844
334.0, 0.05881127215000244
335.0, 0.053440308192414285
336.0, 0.050895031851299545
337.0, 0.04177201686826886
338.0, 0.02798660200027662
339.0, 0.022242826184562314
340.0, 0.011629267405053736
341.0, 0.005892170528879155
342.0, 0.004605957622189483
343.0, 0.003041805839582613
344.0, 0.0004836198330675697
345.0, 0.006022970505788301
346.0, 0.004440446430839035
347.0, 0.011394338799392702
348.0, 0.027903653759241098
349.0, 0.015240512675528348
350.0, 0.023006952792115273
351.0, 0.023039438415816536
352.0, 0.010258657503479793
353.0, 0.001199709237463217
354.0, 0.0008188717781131699
355.0, 0.007475263904638898
356.0, 0.00749202116872299
357.0, 0.0037873080288347767
358.0, 0.003323961095371196
359.0, 0.00934715016382525
360.0, 0.004480256772540275
361.0, 0.0032267056092382587
362.0, 0.002267556665704537
363.0, 0.02259259073198758
364.0, 0.028794323833880888
365.0, 0.03976731834529388
366.0, 0.04011962597359831
367.0, 0.03503563116761839
368.0, 0.04803504692408497
369.0, 0.06664375842822377
370.0, 0.07231493914762743
371.0, 0.08038171310499329
372.0, 0.08875578176899225
373.0, 0.07266058851712978
374.0, 0.07976623874443257
375.0, 0.08132523061352621
376.0, 0.07194482554865932
377.0, 0.058741725519008
378.0, 0.05571742641100818
379.0, 0.05541834971790615
380.0, 0.060801072791167025
381.0, 0.06383303915016876
382.0, 0.057789471787072715
383.0, 0.04897565723796081
384.0, 0.059003502955854104
385.0, 0.06244716470205077
386.0, 0.06082262901784722
387.0, 0.06174601613594001
388.0, 0.05987183799855612
389.0, 0.06349264978252299
390.0, 0.08396939363178885
391.0, 0.0964412744675395
392.0, 0.09420978213037205
393.0, 0.11579397292186434
394.0, 0.12013520538947361
395.0, 0.12762362597128532
396.0, 0.14465318405602115
397.0, 0.1641279586725599
398.0, 0.1776241423572569
399.0, 0.20211524290586738
400.0, 0.21892340554898668
401.0, 0.23082802721339452
402.0, 0.24548729535623767
403.0, 0.27104289560917433
404.0, 0.29170497631902387
405.0, 0.29560989429226614
406.0, 0.2924027101241727
407.0, 0.28733147521673663
408.0, 0.2548016746273566
409.0, 0.23339895581089867
410.0, 0.2028863657630605
411.0, 0.16382826287477656
412.0, 0.134554721873271
413.0, 0.12848582170312373
414.0, 0.09760202361438829
415.0, 0.0811446282877035
416.0, 0.06973857015827273
417.0, 0.049112261601058894
418.0, 0.03650995484031369
419.0, 0.03242275491795719
420.0, 0.021334412282619456
421.0, 0.013388385156362264
422.0, 0.01596643036309333
423.0, 0.015192017450605154
424.0, 0.020532616010909666
425.0, 0.011107455624770548
426.0, 0.007706946555539947
427.0, 0.01928912178308484
428.0, 0.017049589790412316
429.0, 0.011677381557431333
430.0, 0.01316993702905028
431.0, 0.0157412724751176
432.0, 0.017940386719603116
433.0, 0.02860603768734806
434.0, 0.02816597737253158
435.0, 0.02521639817443001
436.0, 0.021655254649322057
437.0, 0.022889731907153057
438.0, 0.03503626130306606
439.0, 0.03444698316869982
440.0, 0.04112445957607608
441.0, 0.039349718160700285
442.0, 0.03069051674158216
443.0, 0.03540233514963765
444.0, 0.03247564845932247
445.0, 0.033339421618228345
446.0, 0.02599866798102563
447.0, 0.010987917572611854
448.0, 0.004028051879049744
449.0, 0.018388278277471325
450.0, 0.013696654340460157
451.0, 0.009285714593763405
452.0, 0.011383346390983451
453.0, 0.009527747384060372
454.0, 0.0013521643443367651
455.0, 0.003915198926388787
456.0, 0.010956651178243734
457.0, 0.012607315852015697
458.0, 0.009677259875515773
459.0, 0.002927437054166615
460.0, 0.009538238240351944
461.0, 0.006997988581951639
462.0, 0.0016859509323254157
463.0, 0.005177798014010353
464.0, 0.0064140485879942595
465.0, 0.0011587189218909772
466.0, 0.0023782244365725073
467.0, 0.0015454694156382903
468.0, 0.00046616943434135824
469.0, 0.0032361238059716887
470.0, 0.00041045906319770473
471.0, 0.003715760410850053
472.0, 0.00391353206136444
473.0, 0.0011011482781096908
474.0, 0.005243527562339269
475.0, 0.0020326881852292165
476.0, 0.00025911448990397184
477.0, 0.001050528211424894
478.0, 0.0026991694370343093
479.0, 0.010466375305870225
480.0, 0.00822149416336504
481.0, 0.01715719281037188
482.0, 0.015225672780230286
483.0, 0.016061434337068664
484.0, 0.030262226823328724
485.0, 0.03389966140826799
486.0, 0.021616238102718108
487.0, 0.020960813523641722
488.0, 0.031277406070669735
489.0, 0.045197730368264084
490.0, 0.05971121124745717
491.0, 0.06815775920599758
492.0, 0.07428657539460079
493.0, 0.08885727350951289
494.0, 0.10410066429478823
495.0, 0.10989923186135207
496.0, 0.13299660806608732
497.0, 0.14381820795503672
498.0, 0.16436995454614045
499.0, 0.1936186154617697
500.0, 0.21941747210284546
501.0, 0.24452659246145741
502.0, 0.2613027254910325
503.0, 0.2894886111779058
504.0, 0.32198856386864405
505.0, 0.34504545813471654
506.0, 0.3536872359229191
507.0, 0.3603281923729622
508.0, 0.35650637034966376
509.0, 0.31831298596343427
510.0, 0.261194449119473
511.0, 0.21928755838263647
512.0, 0.1876749630682571
513.0, 0.16627963621842232
514.0, 0.1486828366791704
515.0, 0.12291604187934702
516.0, 0.10008983626612572
517.0, 0.11146898669593057
518.0, 0.10323978365343335
519.0, 0.10559098143835229
520.0, 0.11338141194312797
521.0, 0.11889690723395897
522.0, 0.12761622043096055
523.0, 0.14691259445856494
524.0, 0.1672886853017425
525.0, 0.18227547451026205
526.0, 0.20835993038538603
527.0, 0.25322026617575855
528.0, 0.2860396080413452
529.0, 0.3213261152334061
530.0, 0.35525890017091577
531.0, 0.39313765490230435
532.0, 0.4409627638210344
533.0, 0.49599211390176734
534.0, 0.547563484574545
535.0, 0.5997680264780029
536.0, 0.6564147221055822
537.0, 0.7116196786314403
538.0, 0.7587036686293009
539.0, 0.7963842658173228
540.0, 0.8227130558230035
541.0, 0.8407210446877076
542.0, 0.8379226576916963
543.0, 0.8074916654594007
544.0, 0.7569638513971728
545.0, 0.6954084377824752
546.0, 0.6235888385842547
547.0, 0.5684201415889617
548.0, 0.5092024108687911
549.0, 0.43122421755535223
550.0, 0.39293194636024054
551.0, 0.33459926828361586
552.0, 0.28773155878637785
553.0, 0.25060837801887803
554.0, 0.2186339300973521
555.0, 0.19608073179593902
556.0, 0.1732156813139915
557.0, 0.15196199711561295
558.0, 0.13189253717442043
559.0, 0.11438136863974754
560.0, 0.10001351244200998
561.0, 0.08671138974951219
562.0, 0.08096002417584318
563.0, 0.07605516180968544
564.0, 0.06877901087668274
565.0, 0.05497235259793279
566.0, 0.036342347309086684
567.0, 0.03950225792911292
568.0, 0.04689964335307051
569.0, 0.041697492400849814
570.0, 0.031239573794917534
571.0, 0.03184432492232443
572.0, 0.041748759288176056
573.0, 0.027186182185899466
574.0, 0.017552341813475907
575.0, 0.023864116022746195
576.0, 0.02820093214633118
577.0, 0.020492352528229115
578.0, 0.03207313095792162
579.0, 0.028184700022310532
580.0, 0.018966696302309564
581.0, 0.01693906042702701
582.0, 0.019112629433383755
583.0, 0.01445396058036698
584.0, 0.010853653336718708
585.0, 0.019553405084767907
586.0, 0.01940133149523736
587.0, 0.013205704346989115
588.0, 0.010869125146761034
589.0, 0.012652619017336707
590.0, 0.012008251800405495
591.0, 0.011403248297384629
592.0, 0.008357314986626748
593.0, 0.005602876832634439
594.0, 0.00505530152941082
595.0, 0.004208947282406258
596.0, 0.0032658646349558165
597.0, 0.0032632830380903933
598.0, 0.008072784775366
599.0, 0.00875918775100254
600.0, 0.00790716950144745
601.0, 0.008337207908123919
602.0, 0.0018147642849416653
603.0, 0.0002803507654219014
604.0, 0.006330270209593758
605.0, 0.007578059128696413
606.0, 0.0029085106547442493
607.0, 0.0036469616254829287
608.0, 0.0013474226254082623
609.0, 0.0016791572835432225
610.0, 0.007284783779290994
611.0, 0.015841350510623964
612.0, 0.010108469773808686
613.0, 0.01200505056215329
614.0, 0.015449577044932107
615.0, 0.012897334640698994
616.0, 0.01812259852992238
617.0, 0.03230351273788356
618.0, 0.028326300613884206
619.0, 0.029050029352300354
620.0, 0.03498030741031715
621.0, 0.05352768425779519
622.0, 0.07250521428530332
623.0, 0.079826879686516
624.0, 0.08477051382568786
625.0, 0.09267556762619518
626.0, 0.10245007856296638
627.0, 0.11014948452924236
628.0, 0.11698452720312942
629.0, 0.12686300457821093
630.0, 0.14115568269176781
631.0, 0.1535493593864198
632.0, 0.16326985500079755
633.0, 0.1695684713776956
634.0, 0.17113261763999998
635.0, 0.17324030769230786
636.0, 0.1895602526320906
637.0, 0.18570210098380197
638.0, 0.1852223265093261
639.0, 0.1781383476719944
640.0, 0.16544076454853684
641.0, 0.15666842782937554
642.0, 0.14494142622438674
643.0, 0.13957627525971547
644.0, 0.13425354284412766
645.0, 0.11535117382710755
646.0, 0.0896820961933817
647.0, 0.07559560411559689
648.0, 0.07813123232333362
649.0, 0.07224702610874922
650.0, 0.06264055412510952
651.0, 0.053658853454556246
652.0, 0.04880621441331091
653.0, 0.04748805105565451
654.0, 0.043821732751527974
655.0, 0.03670889828104565
656.0, 0.04110011411199049
657.0, 0.04473600235357696
658.0, 0.0396555923532142
659.0, 0.02878170359355131
660.0, 0.017997788419697455
661.0, 0.013227572435825756
662.0, 0.015635753494855804
663.0, 0.01617445777775407
664.0, 0.018839026302995866
665.0, 0.02472715354528303
666.0, 0.015709949787412334
667.0, 0.022306813970537135
668.0, 0.020800227498174846
669.0, 0.010320872822976206
670.0, 0.0029502997628456976
671.0, 0.007346766603372573
672.0, 0.01496630405830795
673.0, 0.0035603963938047522
674.0, 0.014945832411977772
675.0, 0.015757058889441598
676.0, 0.012211022863006507
677.0, 0.017651448412725094
678.0, 0.00975295057039602
679.0, 0.019968342674249687
680.0, 0.016382051507853334
681.0, 0.010133377150379364
682.0, 0.005960699506495186
683.0, 0.005591901413566387
684.0, 0.012473586859070001
685.0, 0.0061797087459301795
686.0, 0.018862632551303455
687.0, 0.01743279340426124
688.0, 0.009816869137199572
689.0, 0.006383424363563309
690.0, 0.0011904762598359303
691.0, 0.0014143185626254672
692.0, 0.007142488814461646
693.0, 0.007486487063982976
694.0, 0.004742292095860086
695.0, 0.004088400848422365
696.0, 0.013551426372206056
697.0, 0.004789020073917371
698.0, 0.015148643846281267
699.0, 0.004875534484846336
700.0, 0.005793321486557385
701.0, 0.012531411131710232
702.0, 0.008080015453599768
703.0, 0.014929662146843768
704.0, 0.00822840081497392
705.0, 0.004370351307994897
706.0, 0.008435788938033114
707.0, 0.013390978248478841
708.0, 0.012969190744894938
709.0, 0.009154001711802221
710.0, 0.013984036388429752
711.0, 0.006438085880564439
712.0, 0.0017122478563593338
713.0, 0.010340185487719226
714.0, 0.005744728334921918
715.0, 0.005070509022455615
716.0, 0.017808283027143504
717.0, 0.011016605543186243
718.0, 0.00825538723628811
719.0, 0.005931656025356494
720.0, 0.0050205427399628196
721.0, 0.0037967808352578495
722.0, 0.0003077682398348441
723.0, 0.0019688518478083693
724.0, 0.012541622743183102
725.0, 0.011980656022744045
726.0, 0.008323912022200683
727.0, 0.011969925728560364
728.0, 0.018782494638835568
729.0, 0.01670401158986962
730.0, 0.006490172627241275
731.0, 0.006915623589017193
732.0, 0.01733463575690454
733.0, 0.023982513466512145
734.0, 0.017985496610117092
735.0, 0.003387509043806421
736.0, 0.005029211742974273
737.0, 0.004374375099152589
738.0, 0.014971522023323625
739.0, 0.017529110295082306
740.0, 0.01444301237309017
741.0, 0.012500785145534892
742.0, 0.011887439635448983
743.0, 0.011638864978295284
744.0, 0.01868523935206252
745.0, 0.017991613841210872
746.0, 0.013047587111407744
747.0, 0.013363230154564669
748.0, 0.010336991275367314
749.0, 0.009927423969635894
750.0, 0.011372315902029504
751.0, 0.02121391802648569
752.0, 0.021892174494043303
753.0, 0.015564920539170884
754.0, 0.020382368331864666
755.0, 0.020032002368283536
756.0, 0.017161633528123714
757.0, 0.014405406203110068
758.0, 0.01316197668967011
759.0, 0.019322680499552623
760.0, 0.024411458959242127
761.0, 0.017212480701816486
762.0, 0.03261599868476441
763.0, 0.028382556545702316
764.0, 0.009718111794730224
765.0, 0.014190473084618052
766.0, 0.02553722541261204
767.0, 0.013771240550613694
768.0, 0.00514998462085175
769.0, 0.016076700765123166
770.0, 0.023565133014321105
771.0, 0.023737865102095287
772.0, 0.02092624389690294
773.0, 0.01625342170425202
774.0, 0.009639918355397839
775.0, 0.007327281470751959
776.0, 0.00555998202761867
777.0, 0.012824175955634804
778.0, 0.01965586483771558
779.0, 0.017676599775105967
780.0, 0.012448060087019024
781.0, 0.014596128398534547
782.0, 0.011503360583147382
783.0, 0.003127653635486981
784.0, 0.0027994785912475477
785.0, 0.00981287200933441
786.0, 0.017131030877598263
787.0, 0.013719605193102783
788.0, 0.001789295837524881
789.0, 0.01502154822093925
790.0, 0.0057789712871165674
791.0, 0.008651581698650136
792.0, 0.014036940458107421
793.0, 0.015388625291446547
794.0, 0.016925195154102207
795.0, 0.015470645411031457
796.0, 0.0023023706881977707
797.0, 0.002235965383221338
798.0, 0.008925302176505712
799.0, 0.008358257552450708
800.0, 0.00432677619996748
801.0, 0.01086967055952193
802.0, 0.010806048102806338
803.0, 0.00253861263667859
804.0, 0.0013101684611294454
805.0, 0.0049900905192356
806.0, 0.01685504249615913
807.0, 0.02442104118210291
808.0, 0.016559068717787326
809.0, 0.011820483267767795
810.0, 0.006054281204700233
811.0, 0.0061533165708852365
812.0, 0.00370771688950566
813.0, 0.0008052378358394931
814.0, 0.004875899105311285
815.0, 0.013583147225528256
816.0, 0.009078668251969601
817.0, 0.018972568659232483
818.0, 0.013471330450032926
819.0, 0.0026422817538112905
820.0, 0.005242321267046033
821.0, 0.010731659482929128
822.0, 0.01071317018914459
823.0, 0.02392862953840949
824.0, 0.008741073835271134
825.0, 0.006362099362780121
826.0, 0.020687256020330082
827.0, 0.02360142680757144
828.0, 0.015724630364591315
829.0, 0.016166031599364625
830.0, 0.02781036125509776
831.0, 0.036377841378339076
832.0, 0.032080087090312334
833.0, 0.041077560607454176
834.0, 0.03952687885884357
835.0, 0.033245899475162446
836.0, 0.037544841272102975
837.0, 0.03995570262345661
838.0, 0.039823159306353204
839.0, 0.04002053485263917
840.0, 0.030227008389811703
841.0, 0.028385646820395908
842.0, 0.030966045656055135
843.0, 0.02535050252278385
844.0, 0.016325264765741927
845.0, 0.021678654904130467
846.0, 0.024351372970202078
847.0, 0.022188988753868984
848.0, 0.015779150612690307
849.0, 0.017571462637348958
850.0, 0.026434844428633666
851.0, 0.024584888611787238
852.0, 0.01013354750211844
853.0, 0.012654505862426108
854.0, 0.02567289771536426
855.0, 0.020922525735928215
856.0, 0.015073442834707245
857.0, 0.017592530289059154
858.0, 0.015934127955790488
859.0, 0.00475036888537983
860.0, 0.016328075487760794
861.0, 0.02341286017479708
862.0, 0.013220546881650972
863.0, 0.0023425915893830946
864.0, 0.006422305967209405
865.0, 0.0182804130157655
866.0, 0.01886182300597468
867.0, 0.014137646585272622
868.0, 0.003323981791673094
869.0, 0.007203891653095157
870.0, 0.014236198524809845
871.0, 0.013938844040936971
872.0, 0.013976163203894736
873.0, 0.018570858494392987
874.0, 0.013348298071548843
875.0, 0.01804873467103642
876.0, 0.012121975089120536
877.0, 0.0016764438289693419
878.0, 0.005408400143250214
879.0, 0.01698208462541693
880.0, 0.01758494725401307
881.0, 0.012633106971126275
882.0, 0.013049923637839059
883.0, 0.010342493025285173
884.0, 0.0065308259548418944
885.0, 0.008047441286223738
886.0, 0.003593644830834441
887.0, 0.006959137549754849
888.0, 0.01908394941102775
889.0, 0.006495566548029933
890.0, 0.003076155041867951
891.0, 0.0009602115426301572
892.0, 0.012195364097253723
893.0, 0.013845889168329182
894.0, 0.007010397870011795
895.0, 0.008229917842131881
896.0, 0.013748291728107865
897.0, 0.007904714549921294
898.0, 0.013504948502864777
899.0, 0.013687319835374601
900.0, 0.005704487375862162
901.0, 0.0043456453587211435
902.0, 0.0025311632395285982
903.0, 0.005023136834148352
904.0, 0.010027007723254181
905.0, 0.014239114239249718
906.0, 0.011668935655741406
907.0, 0.009728763364431002
908.0, 0.007872655224752783
909.0, 0.008286644597104703
910.0, 0.007476750587810988
911.0, 0.003523885906853859
912.0, 0.002538339782321122
913.0, 0.007727808246490367
914.0, 0.01699227221825319
915.0, 0.00949322995185788
916.0, 0.005818368424146443
917.0, 0.0039477431257898725
918.0, 0.0007590413737671631
919.0, 0.002649252671343476
920.0, 0.013142904333610319
921.0, 0.01461017982825948
922.0, 0.004780950953871877
923.0, 0.011333448162434222
924.0, 0.008840895837174331
925.0, 0.004440838557760803
926.0, 0.003437432449758359
927.0, 0.0012085202046244292
928.0, 0.0035549192960151687
929.0, 0.004690101333362052
930.0, 0.01278870378435749
931.0, 0.008290780034211681
932.0, 0.0018518177967454799
933.0, 0.002334913536059025
934.0, 0.0025954838164493057
935.0, 0.0019491541614994508
936.0, 0.00870214599417364
937.0, 0.00630332357703394
938.0, 0.0006766705805753372
939.0, 0.01193351311679371
940.0, 0.010607624414478092
941.0, 0.000684321055228036
942.0, 0.002815976196736291
943.0, 0.006221167301443717
944.0, 0.001705984836953217
945.0, 0.011010907088255037
946.0, 0.01166663754254264
947.0, 0.014789306081776409
948.0, 0.013553998349735544
949.0, 0.010651358745218041
950.0, 0.012330281514425874
951.0, 0.013620460855456146
952.0, 0.00818491473564427
953.0, 0.006490372903168455
954.0, 0.01073468389321956
955.0, 0.00995090572601332
956.0, 0.013944393973734839
957.0, 0.018253037249542758
958.0, 0.023390650059856466
959.0, 0.01979826171165176
960.0, 0.004845818418537198
961.0, 0.009095559591081225
962.0, 0.013573665171263906
963.0, 0.012556091531437628
964.0, 0.0124245172088205
965.0, 0.012890948639930686
966.0, 0.017280448602486634
967.0, 0.01630265355092717
968.0, 0.008059639083749286
969.0, 0.011117265369667137
970.0, 0.01316309948771205
971.0, 0.004264036631955413
972.0, 0.003351128194742288
973.0, 0.004488397957333434
974.0, 0.0064827133270845844
975.0, 0.009443060429385804
976.0, 0.0026180903437229993
977.0, 0.008810263612877362
978.0, 0.019922669413663933
979.0, 0.017966585548014995
980.0, 0.008860307273413753
981.0, 0.01073560510479635
982.0, 0.01025068024603716
983.0, 0.008189904108329333
984.0, 0.01041599923948928
985.0, 0.012394753038038322
986.0, 0.007501577322513586
987.0, 0.006246742012091788
988.0, 0.008250153186351526
989.0, 0.0032897437773174
990.0, 0.00936888024250649
991.0, 0.018484889461306823
992.0, 0.021581064571745828
993.0, 0.01724763712776168
994.0, 0.006632952259762234
995.0, 0.01848012430328004
996.0, 0.008320244466028226
997.0, 0.009159953545239914
998.0, 0.004164280311682833
999.0, 0.003020077169201609
1000.0, 0.006659253233529489
1001.0, 0.022463449300623963
1002.0, 0.025545723405913264
1003.0, 0.02175817305795886
1004.0, 0.016284542001145135
1005.0, 0.009651316446107923
1006.0, 0.01812055459286524
1007.0, 0.026634978917365326
1008.0, 0.01381007412496894
1009.0, 0.013488303864450312
1010.0, 0.021692657498938825
1011.0, 0.020646298017964644
1012.0, 0.021513193117240616
1013.0, 0.018470744203982033
1014.0, 0.021790230108846304
1015.0, 0.015618049156528315
1016.0, 0.016503922874969677
1017.0, 0.027318680128148743
1018.0, 0.02735799362902758
1019.0, 0.02372827736664681
1020.0, 0.024300524809467157
1021.0, 0.015531023987475119
1022.0, 0.007198133223918612
1023.0, 0.014812677216010796
1024.0, 0.017894798693010604
1025.0, 0.02774193994543334
1026.0, 0.02647839027290179
1027.0, 0.02415563193766431
1028.0, 0.022636876446683163
1029.0, 0.022874788551701615
1030.0, 0.030515578900644016
1031.0, 0.026527157459049718
1032.0, 0.029568910909812115
1033.0, 0.030426570786814655
1034.0, 0.022962406039202396
1035.0, 0.04100498311489182
1036.0, 0.0417449656199002
1037.0, 0.03208483029030112
1038.0, 0.03723254207125515
1039.0, 0.04331138890198865
1040.0, 0.04155548968610922
1041.0, 0.049901227286017036
1042.0, 0.04568300907532256
1043.0, 0.057745057511861216
1044.0, 0.04847711050049657
1045.0, 0.050422889688122655
1046.0, 0.04616827374819391
1047.0, 0.037837242142499845
1048.0, 0.04465590142619443
1049.0, 0.040354363130953363
1050.0, 0.03465821160509829
1051.0, 0.04165310389797645
1052.0, 0.034821085053098805
1053.0, 0.03525109945281009
1054.0, 0.03613555016636951
1055.0, 0.026903132730987874
1056.0, 0.021493702932756896
1057.0, 0.025094048676905588
1058.0, 0.024261790714265194
1059.0, 0.021897676569764806
1060.0, 0.015862316162981234
1061.0, 0.015482424113940595
1062.0, 0.01882675662254379
1063.0, 0.023746990140854414
1064.0, 0.02002716683516612
1065.0, 0.012062356844575172
1066.0, 0.004232019128747032
1067.0, 0.006540628691037444
1068.0, 0.01119711419342528
1069.0, 0.002204070913699633
1070.0, 0.0035799569728054426
1071.0, 0.0012078616283753218
1072.0, 0.00719517082353563
1073.0, 0.010933834897975713
1074.0, 0.009613361560414787
1075.0, 0.006078130826440026
1076.0, 0.006080301698558397
1077.0, 0.011057817681235257
1078.0, 0.010369877734935203
1079.0, 0.002633427596613075
1080.0, 0.016190279022168904
1081.0, 0.005866033877794759
1082.0, 0.005440013064211865
1083.0, 0.006254672677446971
1084.0, 0.0014959662543094924
1085.0, 0.004390775405742429
1086.0, 0.004861381311341454
1087.0, 0.00265839067002884
1088.0, 0.006544226377688115
1089.0, 0.010757437351985885
1090.0, 0.012043036915410445
1091.0, 0.014778509252155342
1092.0, 0.0121422906802
1093.0, 0.009492370481621062
1094.0, 0.011312665657825337
1095.0, 0.012926050393688115
1096.0, 0.013157377503181446
1097.0, 0.007926571755985995
1098.0, 0.0026399081296415642
1099.0, 0.004899121491270278
1100.0, 0.003302942670782048
1101.0, 0.00013362476842793732
1102.0, 0.0032717821614594756
1103.0, 0.007438769493095595
1104.0, 0.0018062403321957967
1105.0, 0.0022351989179779336
1106.0, 0.0013640918714752297
1107.0, 0.003298051102480831
1108.0, 0.014346941586694839
1109.0, 0.01056733446365522
1110.0, 0.0020655940462095
1111.0, 0.00624654863860678
1112.0, 0.007451814992861185
1113.0, 0.005072377976372843
1114.0, 0.01141723946650862
1115.0, 0.006661243889540062
1116.0, 0.0024547793371494492
1117.0, 0.003390820425274278
1118.0, 0.007898829459060008
1119.0, 0.011465341680110121
1120.0, 0.006352749930725124
1121.0, 0.013577612386199119
1122.0, 0.012920241069985636
1123.0, 0.010233998468883862
1124.0, 0.019026951728253905
1125.0, 0.011829940489991293
1126.0, 0.009543372262239594
1127.0, 0.01347115239946068
1128.0, 0.01240414661939824
1129.0, 0.013420853232548501
1130.0, 0.0015093663622044178
1131.0, 0.009704040920551176
1132.0, 0.01032140487211431
1133.0, 0.021637286303206424
1134.0, 0.018955644774078965
1135.0, 0.004846929522145035
1136.0, 0.011539980427747435
1137.0, 0.019492390188163324
1138.0, 0.018283890616713504
1139.0, 0.013912957476304381
1140.0, 0.005153594198152663
1141.0, 0.01916789179017539
1142.0, 0.009885086809193267
1143.0, 0.021448627349591253
1144.0, 0.02267585727242748
1145.0, 0.014120786954540826
1146.0, 0.016835490233034944
1147.0, 0.008335519655729052
1148.0, 0.005806989962196157
1149.0, 0.01700093509677995
1150.0, 0.016252278328360487
1151.0, 0.010699379304457003
1152.0, 0.01816689539915489
1153.0, 0.021938898771381065
1154.0, 0.021792854375671245
1155.0, 0.015493280011895967
1156.0, 0.027425971442568323
1157.0, 0.016810750576901116
1158.0, 0.007433835665111018
1159.0, 0.005041045840105031
1160.0, 0.01714414020798482
1161.0, 0.030600015797075428
1162.0, 0.02256788133062948
1163.0, 0.023080187477586285
1164.0, 0.022233939924754503
1165.0, 0.022388726570128657
1166.0, 0.02221253223776708
1167.0, 0.014726721637215546
1168.0, 0.012084292690230501
1169.0, 0.017819188975302585
1170.0, 0.01759098758996043
1171.0, 0.016637510686439465
1172.0, 0.014889593846645016
1173.0, 0.01259206850564712
1174.0, 0.019408854576762283
1175.0, 0.018793449799936753
1176.0, 0.02094414253382159
1177.0, 0.027652673628898856
1178.0, 0.014200379040955188
1179.0, 0.01898927735865556
1180.0, 0.010012006949088452
1181.0, 0.014993370937385635
1182.0, 0.02148239577300083
1183.0, 0.021502375149451008
1184.0, 0.020270492386452604
1185.0, 0.017990406198847418
1186.0, 0.016081619955472467
1187.0, 0.005178959493613381
1188.0, 0.01702635976221505
1189.0, 0.028479511513202743
1190.0, 0.013674304424214717
1191.0, 0.013382696049402598
1192.0, 0.02261204507474262
1193.0, 0.017922279703977806
1194.0, 0.015084509157653987
1195.0, 0.018223015160768838
1196.0, 0.019877572845251684
1197.0, 0.017275294963606743
1198.0, 0.01160401206347476
1199.0, 0.01644249253882729
1200.0, 0.013305194907509248
1201.0, 0.01496610973339675
1202.0, 0.010235691579058837
1203.0, 0.007893399173486143
1204.0, 0.015945050330541676
1205.0, 0.019098345856806666
1206.0, 0.013694975292702045
1207.0, 0.020575470496511615
1208.0, 0.014231261829086211
1209.0, 0.002128470920098853
1210.0, 0.01197993323353795
1211.0, 0.014834968127718697
1212.0, 0.01539291747932582
1213.0, 0.005238452498898596
1214.0, 0.011069766790155457
1215.0, 0.010350453967770656
1216.0, 0.009614821482714891
1217.0, 0.003773331333512546
1218.0, 0.010282704850815085
1219.0, 0.014979143365710941
1220.0, 0.010366319412494027
1221.0, 0.00808308461917547
1222.0, 0.01045089299313285
1223.0, 0.014228872202312412
1224.0, 0.019840713626644444
1225.0, 0.009832602607380838
1226.0, 0.0023671082133383432
1227.0, 0.008790670607977785
1228.0, 0.013193251315117178
1229.0, 0.00563941538729952
1230.0, 0.008149199532785832
1231.0, 0.02055626258343553
1232.0, 0.01682906822911528
1233.0, 0.004598958570912024
1234.0, 0.0035132441891369266
1235.0, 0.0081536945999724
1236.0, 0.002097094231671343
1237.0, 0.003024105094344364
1238.0, 0.0060746269487636645
1239.0, 0.003389961866580884
1240.0, 0.0031647541182282814
1241.0, 0.021738376849596695
1242.0, 0.023407782498497808
1243.0, 0.015452207326106741
1244.0, 0.00752628499606034
1245.0, 0.007917643123651365
1246.0, 0.011158116791897408
1247.0, 0.010075957928312493
1248.0, 0.008230004523643062
1249.0, 0.005715307896882943
1250.0, 0.0004248193610732373
1251.0, 0.0008483628869222512
1252.0, 0.007589621099019088
1253.0, 0.005273713076175628
1254.0, 0.015108526849367412
1255.0, 0.013482747373453561
1256.0, 0.00805161690010806
1257.0, 0.014438051688747683
1258.0, 0.020678676631975267
1259.0, 0.015567973274263206
1260.0, 0.016305578169277926
1261.0, 0.02257649996830105
1262.0, 0.02275500484330599
1263.0, 0.021047358349470306
1264.0, 0.02293878267890565
1265.0, 0.023363139151762646
1266.0, 0.014427720549975058
1267.0, 0.025609079194258085
1268.0, 0.015217991268873432
1269.0, 0.006922803142462574
1270.0, 0.015447948843714837
1271.0, 0.011402869977336898
1272.0, 0.017238153706962363
1273.0, 0.019984881060467585
1274.0, 0.012292609072649856
1275.0, 0.007294293238218692
1276.0, 0.014146490834480281
1277.0, 0.02297035659892229
1278.0, 0.020019989337543523
1279.0, 0.01634624436631956
1280.0, 0.02003906984461767
1281.0, 0.014587620222056723
1282.0, 0.0058068955907779754
1283.0, 0.012241083986133178
1284.0, 0.022162207868118674
1285.0, 0.012005252233857467
1286.0, 0.002281880897234263
1287.0, 0.0006770915348351134
1288.0, 0.0065001127168699355
1289.0, 0.014625224089684169
1290.0, 0.017901973995675054
1291.0, 0.017096197849211504
1292.0, 0.011808817537749894
1293.0, 0.007257932940667209
1294.0, 0.012534268558941845
1295.0, 0.01563665846167085
1296.0, 0.004959598566283553
1297.0, 0.0005079957227980763
1298.0, 0.001389629772244056
1299.0, 0.011207904710595119
1300.0, 0.007905646303880475
1301.0, 0.0021675483368813484
1302.0, 0.006724550618141347
1303.0, 0.0002446505886175808
1304, 0.0
1305, 0.0
1306, 0.0
1307, 0.0
1308, 0.0
1309, 0.0
1310, 0.0
1311, 0.0
1312, 0.0
1313, 0.0
1314, 0.0
1315, 0.0
1316, 0.0
1317, 0.0
1318, 0.0
1319, 0.0
1320, 0.0
1321, 0.0
1322, 0.0
1323, 0.0
1324, 0.0
1325, 0.0
1326, 0.0
1327, 0.0
1328, 0.0
1329, 0.0
1330, 0.0
1331, 0.0
1332, 0.0
1333, 0.0
1334, 0.0
1335, 0.0
1336, 0.0
1337, 0.0
1338, 0.0
1339, 0.0
1340, 0.0
1341, 0.0
1342, 0.0
1343, 0.0
1344, 0.0
1345, 0.0
1346, 0.0
1347, 0.0
1348, 0.0
1349, 0.0
1350, 0.0
1351, 0.0
1352, 0.0
1353, 0.0
1354, 0.0
1355, 0.0
1356, 0.0
1357, 0.0
1358, 0.0
1359, 0.0
1360, 0.0
1361, 0.0
1362, 0.0
1363, 0.0
1364, 0.0
1365, 0.0
1366, 0.0
1367, 0.0
1368, 0.0
1369, 0.0
1370, 0.0
1371, 0.0
1372, 0.0
1373, 0.0
1374, 0.0
1375, 0.0
1376, 0.0
1377, 0.0
1378, 0.0
1379, 0.0
1380, 0.0
1381, 0.0
1382, 0.0
1383, 0.0
1384, 0.0
1385, 0.0
1386, 0.0
1387, 0.0
1388, 0.0
1389, 0.0
1390, 0.0
1391, 0.0
1392, 0.0
1393, 0.0
1394, 0.0
1395, 0.0
1396, 0.0
1397, 0.0
1398, 0.0
1399, 0.0
1400, 0.0
1401, 0.0
1402, 0.0
1403, 0.0
1404, 0.0
1405, 0.0
1406, 0.0
1407, 0.0
1408, 0.0
1409, 0.0
1410, 0.0
1411, 0.0
1412, 0.0
1413, 0.0
1414, 0.0
1415, 0.0
1416, 0.0
1417, 0.0
1418, 0.0
1419, 0.0
1420, 0.0
1421, 0.0
1422, 0.0
1423, 0.0
1424, 0.0
1425, 0.0
1426, 0.0
1427, 0.0
1428, 0.0
1429, 0.0
1430, 0.0
1431, 0.0
1432, 0.0
1433, 0.0
1434, 0.0
1435, 0.0
1436, 0.0
1437, 0.0
1438, 0.0
1439, 0.0
1440, 0.0
1441, 0.0
1442, 0.0
1443, 0.0
1444, 0.0
1445, 0.0
1446, 0.0
1447, 0.0
1448, 0.0
1449, 0.0
1450, 0.0
1451, 0.0
1452, 0.0
1453, 0.0
1454, 0.0
1455, 0.0
1456, 0.0
1457, 0.0
1458, 0.0
1459, 0.0
1460, 0.0
1461, 0.0
1462, 0.0
1463, 0.0
1464, 0.0
1465, 0.0
1466, 0.0
1467, 0.0
1468, 0.0
1469, 0.0
1470, 0.0
1471, 0.0
1472, 0.0
1473, 0.0
1474, 0.0
1475, 0.0
1476, 0.0
1477, 0.0
1478, 0.0
1479, 0.0
1480, 0.0
1481, 0.0
1482, 0.0
1483, 0.0
1484, 0.0
1485, 0.0
1486, 0.0
1487, 0.0
1488, 0.0
1489, 0.0
1490, 0.0
1491, 0.0
1492, 0.0
1493, 0.0
1494, 0.0
1495, 0.0
1496, 0.0
1497, 0.0
1498, 0.0
1499, 0.0
1500, 0.0
1501, 0.0
1502, 0.0
1503, 0.0
1504, 0.0
1505, 0.0
1506, 0.0
1507, 0.0
1508, 0.0
1509, 0.0
1510, 0.0
1511, 0.0
1512, 0.0
1513, 0.0
1514, 0.0
1515, 0.0
1516, 0.0
1517, 0.0
1518, 0.0
1519, 0.0
1520, 0.0
1521, 0.0
1522, 0.0
1523, 0.0
1524, 0.0
1525, 0.0
1526, 0.0
1527, 0.0
1528, 0.0
1529, 0.0
1530, 0.0
1531, 0.0
1532, 0.0
1533, 0.0
1534, 0.0
1535, 0.0
1536, 0.0
1537, 0.0
1538, 0.0
1539, 0.0
1540, 0.0
1541, 0.0
1542, 0.0
1543, 0.0
1544, 0.0
1545, 0.0
1546, 0.0
1547, 0.0
1548, 0.0
1549, 0.0
1550, 0.0
1551, 0.0
1552, 0.0
1553, 0.0
1554, 0.0
1555, 0.0
1556, 0.0
1557, 0.0
1558, 0.0
1559, 0.0
1560, 0.0
1561, 0.0
1562, 0.0
1563, 0.0
1564, 0.0
1565, 0.0
1566, 0.0
1567, 0.0
1568, 0.0
1569, 0.0
1570, 0.0
1571, 0.0
1572, 0.0
1573, 0.0
1574, 0.0
1575, 0.0
1576, 0.0
1577, 0.0
1578, 0.0
1579, 0.0
1580, 0.0
1581, 0.0
1582, 0.0
1583, 0.0
1584, 0.0
1585, 0.0
1586, 0.0
1587, 0.0
1588, 0.0
1589, 0.0
1590, 0.0
1591, 0.0
1592, 0.0
1593, 0.0
1594, 0.0
1595, 0.0
1596, 0.0
1597, 0.0
1598, 0.0
1599, 0.0
