30, 0.0
31, 0.0
32, 0.0
33, 0.0
34, 0.0
35, 0.0
36, 0.0
37, 0.0
38, 0.0
39, 0.0
40, 0.0
41, 0.0
42, 0.0
43, 0.0
44, 0.0
45, 0.0
46, 0.0
47, 0.0
48, 0.0
49, 0.0
50, 0.0
51, 0.0
52, 0.0
53, 0.0
54, 0.0
55, 0.0
56, 0.0
57, 0.0
58, 0.0
59, 0.0
60, 0.0
61, 0.0
62, 0.0
63, 0.0
64, 0.0
65, 0.0
66, 0.0
67, 0.0
68, 0.0
69, 0.0
70, 0.0
71, 0.0
72, 0.0
73, 0.0
74, 0.0
75, 0.0
76, 0.0
77, 0.0
78.0, 0.00011507712973994301
79.0, 0.0003253414691902592
80.0, 0.0001351320552417895
81.0, 0.001978843862401822
82.0, 0.004292730100603633
83.0, 0.0052200023585487944
84.0, 0.005017369906816413
85.0, 0.004043936740303547
86.0, 0.002441581999863424
87.0, 0.00150019936056561
88.0, 0.0020892025976971696
89.0, 0.0034553571394164762
90.0, 0.00489319630702404
91.0, 0.008594498420868499
92.0, 0.010349819986336916
93.0, 0.009795332720510447
94.0, 0.01210039974035139
95.0, 0.012093348018553513
96.0, 0.010674560141970442
97.0, 0.008463445439972529
98.0, 0.01023781635102728
99.0, 0.01116187378250039
100.0, 0.01071943173197902
101.0, 0.011856450064716728
102.0, 0.010379747039043975
103.0, 0.008360056466736644
104.0, 0.00795566778177583
105.0, 0.008527988728208924
106.0, 0.00918080743805533
107.0, 0.009589939237128772
108.0, 0.008122250116205819
109.0, 0.008018805702813108
110.0, 0.009331488598890507
111.0, 0.012542473522752114
112.0, 0.015442659537201446
113.0, 0.017927092781253148
114.0, 0.019978160588873466
115.0, 0.021515993571724294
116.0, 0.023132714814650648
117.0, 0.02407155692042202
118.0, 0.023559650863283682
119.0, 0.0258989598184702
120.0, 0.029918781466559536
121.0, 0.03615480391542666
122.0, 0.047999629747707086
123.0, 0.06678023430191012
124.0, 0.08995274940957629
125.0, 0.11689374553065364
126.0, 0.15203519487042838
127.0, 0.1801051229252181
128.0, 0.1993495086358011
129.0, 0.20343645677040292
130.0, 0.19936427742801432
131.0, 0.1831612630105693
132.0, 0.15162965008078855
133.0, 0.11592242424193432
134.0, 0.08517271528590077
135.0, 0.06049245784752825
136.0, 0.046243640338857944
137.0, 0.036262829370394885
138.0, 0.029001067204431012
139.0, 0.024145930075534384
140.0, 0.01999675096026222
141.0, 0.015871483592007806
142.0, 0.0123434684041021
143.0, 0.010487356994491165
144.0, 0.007881551714385432
145.0, 0.006161099349181691
146.0, 0.005405636923080616
147.0, 0.00341246973453868
148.0, 0.0021239821217087914
149.0, 0.0012900021825566128
150.0, 0.0007938339453896189
151.0, 0.0005073109521452143
152.0, 0.00026527147100924504
153.0, 0.00012764135246293523
154.0, 0.0004807706240240472
155.0, 0.0003445764933251207
156.0, 0.0002523491503785008
157.0, 0.0005158527409587119
158.0, 0.0010614540864016448
159.0, 0.0016758288821401767
160.0, 0.0022329901829013887
161.0, 0.002391197476325135
162.0, 0.002937581098301382
163.0, 0.003642893900500932
164.0, 0.004345304875615531
165.0, 0.002663913630989094
166.0, 0.0027605866686082493
167.0, 0.0034241448615556936
168.0, 0.0030332181801579062
169.0, 0.0023340838638238634
170.0, 0.0019736879747125737
171.0, 0.0021107426513320075
172.0, 0.003127954927077611
173.0, 0.0026916339852251473
174.0, 0.0021449548142362805
175.0, 0.002486202639145935
176.0, 0.0029424685244949533
177.0, 0.0030305273331450275
178.0, 0.0028433778930721473
179.0, 0.002709039864292413
180.0, 0.002951417468529859
181.0, 0.00296740603867861
182.0, 0.00254905758948647
183.0, 0.002927862400867229
184.0, 0.003444167907295974
185.0, 0.004117041408331365
186.0, 0.005018946348535542
187.0, 0.004270357153019304
188.0, 0.004644264723569675
189.0, 0.006269416005065933
190.0, 0.006880482266015988
191.0, 0.00678844801959953
192.0, 0.007291647627686039
193.0, 0.00940684627705963
194.0, 0.00931732034636688
195.0, 0.00991602646627551
196.0, 0.011333984244050696
197.0, 0.01382437957807376
198.0, 0.017187141438054963
199.0, 0.020199451262107634
200.0, 0.022674249726520435
201.0, 0.02776072343671757
202.0, 0.0336008276114444
203.0, 0.03907394482847801
204.0, 0.042815140090292955
205.0, 0.046588790539558445
206.0, 0.04846888383943719
207.0, 0.04841992022048331
208.0, 0.04685247029466049
209.0, 0.041444825262876635
210.0, 0.03590857641689844
211.0, 0.03184005343133349
212.0, 0.026577741143642957
213.0, 0.022211916123245228
214.0, 0.018239092702794977
215.0, 0.013937072912708905
216.0, 0.010913673952572851
217.0, 0.009157556790939547
218.0, 0.00835126629375962
219.0, 0.006623142708957546
220.0, 0.005671930151588857
221.0, 0.004629920728482991
222.0, 0.0029826859036951765
223.0, 0.001696610451523594
224.0, 0.0012961926548751964
225.0, 0.0013348056973815489
226.0, 0.0010097656555934172
227.0, 0.001157981770837615
228.0, 0.001161975204672418
229.0, 0.0008921316005040909
230.0, 0.0002988723880981717
231.0, 0.0007705093937966402
232.0, 0.0015316081088338446
233.0, 0.0021154159841213073
234.0, 0.0018925246572177672
235.0, 0.0015414429239990685
236.0, 0.0012473668210271876
237.0, 0.0013885138322863332
238.0, 0.0021158244536677927
239.0, 0.002233317827603754
240.0, 0.0016468889174212082
241.0, 0.001539619417104745
242.0, 0.0023128987190443734
243.0, 0.002892000629755635
244.0, 0.002551699637676695
245.0, 0.0015604443284962424
246.0, 0.0008679956675154934
247.0, 0.0005052026957796806
248.0, 0.0005702139674790965
249.0, 0.0006131581889108058
250.0, 0.0007934454347030475
251.0, 0.0011706295039788687
252.0, 0.0019265978840036907
253.0, 0.0024158302135971295
254.0, 0.003096321463133955
255.0, 0.0042421499870770275
256.0, 0.00508783411620475
257.0, 0.005225854711797852
258.0, 0.005429801640862681
259.0, 0.00698211117865837
260.0, 0.007843919462293037
261.0, 0.00835391859181844
262.0, 0.008560945451204562
263.0, 0.008445501683085234
264.0, 0.008805256382570728
265.0, 0.009164293548258665
266.0, 0.009324575835801754
267.0, 0.00946040509618837
268.0, 0.009647836506973442
269.0, 0.009808114552079476
270.0, 0.009844011522412918
271.0, 0.010322533692805348
272.0, 0.010542044184922607
273.0, 0.010627024595413951
274.0, 0.01111675230954614
275.0, 0.011659360800051068
276.0, 0.012053862809366758
277.0, 0.012233369438570892
278.0, 0.012164162031201669
279.0, 0.012576147851650104
280.0, 0.012582403506047848
281.0, 0.011482438645821314
282.0, 0.011796678939375317
283.0, 0.012540924992703753
284.0, 0.013203952632550094
285.0, 0.012853656532162219
286.0, 0.013801460598979215
287.0, 0.014064638414153471
288.0, 0.013636820293710347
289.0, 0.01391203595977894
290.0, 0.014076669923708762
291.0, 0.014297801732230095
292.0, 0.014639058170909105
293.0, 0.014933456974685986
294.0, 0.01505691567411911
295.0, 0.015536621078027463
296.0, 0.016945430437213263
297.0, 0.01789068842778074
298.0, 0.01826713033241067
299.0, 0.018214961573358484
300.0, 0.017999899540295624
301.0, 0.01933987615533365
302.0, 0.019825299155118284
303.0, 0.01934635156386801
304.0, 0.019927383022246066
305.0, 0.02082307497728134
306.0, 0.021756245702788675
307.0, 0.02259588233374641
308.0, 0.02321354911495405
309.0, 0.024131367414629446
310.0, 0.02528262555984597
311.0, 0.026632031577505596
312.0, 0.027747813006436747
313.0, 0.029630293817766738
314.0, 0.031887751641158195
315.0, 0.03359443610502864
316.0, 0.03657659453223479
317.0, 0.03978069090723608
318.0, 0.04322392499827869
319.0, 0.04793559087143085
320.0, 0.05342674115406402
321.0, 0.05830051728520113
322.0, 0.06199229222361575
323.0, 0.06506032655320662
324.0, 0.06811887270919344
325.0, 0.07083053029545376
326.0, 0.07287667194024121
327.0, 0.07155002279925898
328.0, 0.06963774742109241
329.0, 0.06679321380555005
330.0, 0.062205903944176605
331.0, 0.05862672520664796
332.0, 0.05511276940703532
333.0, 0.05132229432319361
334.0, 0.04646913867640781
335.0, 0.04391136706652217
336.0, 0.04084355297427081
337.0, 0.036865879614797786
338.0, 0.034840931914774616
339.0, 0.03288786851830347
340.0, 0.030849555426669464
341.0, 0.028690281279998283
342.0, 0.02791256078957697
343.0, 0.02667618584633215
344.0, 0.025259787423337326
345.0, 0.02392622506194983
346.0, 0.02353475932523878
347.0, 0.023336463183743585
348.0, 0.02301479654954927
349.0, 0.022013222547983675
350.0, 0.020980460621187174
351.0, 0.020739617350191333
352.0, 0.02096330866911615
353.0, 0.02018484439220157
354.0, 0.019953482958874124
355.0, 0.01994074556332576
356.0, 0.02004993996670913
357.0, 0.020200384983769352
358.0, 0.020291944256853038
359.0, 0.020277230445425006
360.0, 0.020144642108905784
361.0, 0.020205622508816957
362.0, 0.0199317860160748
363.0, 0.019643819476405564
364.0, 0.019607584746023567
365.0, 0.019709198449033977
366.0, 0.01958882490259586
367.0, 0.019584488601458387
368.0, 0.020202718139927127
369.0, 0.02009813364509999
370.0, 0.020219288046680325
371.0, 0.020450650312250736
372.0, 0.02034534064254416
373.0, 0.020513349739414967
374.0, 0.020479827721368294
375.0, 0.020135859187613434
376.0, 0.019362148144196525
377.0, 0.01996805722976246
378.0, 0.020183423056589867
379.0, 0.0196970629774548
380.0, 0.020118163079530127
381.0, 0.020671433202588425
382.0, 0.02130298952769294
383.0, 0.021984455531516983
384.0, 0.022617865603379677
385.0, 0.023472154383523305
386.0, 0.024694711853475045
387.0, 0.02641791056736362
388.0, 0.028488434622527117
389.0, 0.0320875933760697
390.0, 0.03617770257716818
391.0, 0.03959684268092549
392.0, 0.04692731933431894
393.0, 0.055436204497800894
394.0, 0.06482145261917342
395.0, 0.07485420883218336
396.0, 0.08266198114196789
397.0, 0.08729866890430962
398.0, 0.08894522633073582
399.0, 0.08800780708028873
400.0, 0.08078890760179375
401.0, 0.07132070514239096
402.0, 0.060960369754800695
403.0, 0.05202267852454111
404.0, 0.04377518599507094
405.0, 0.03714002438222462
406.0, 0.03224802190661454
407.0, 0.028326575775093055
408.0, 0.026272762893822566
409.0, 0.024248112494596446
410.0, 0.02171023633541895
411.0, 0.02019067882795892
412.0, 0.018229644563741505
413.0, 0.01694858958009925
414.0, 0.01689502918579326
415.0, 0.016622045874664787
416.0, 0.01569844085652548
417.0, 0.014830340261164544
418.0, 0.014519725515864244
419.0, 0.014021862344002226
420.0, 0.01356150742290077
421.0, 0.012913597008012733
422.0, 0.011848225791023233
423.0, 0.011962597717662523
424.0, 0.011550405687371451
425.0, 0.011180816806028743
426.0, 0.011625296159432703
427.0, 0.01119058320627399
428.0, 0.010799707112045656
429.0, 0.010264417086854065
430.0, 0.00918641269691513
431.0, 0.008862162261939002
432.0, 0.009273127806789018
433.0, 0.009706653865675654
434.0, 0.008684777471970995
435.0, 0.008813747204734806
436.0, 0.009005171350674924
437.0, 0.008958233709867345
438.0, 0.008236042117408878
439.0, 0.008410600849231916
440.0, 0.008538650286027013
441.0, 0.008476859573376266
442.0, 0.008272089898605686
443.0, 0.008337525856304378
444.0, 0.008291886078817258
445.0, 0.008183652980079613
446.0, 0.008528701946623684
447.0, 0.008620684672389616
448.0, 0.008742912498295315
449.0, 0.008794916888468465
450.0, 0.007942473242560581
451.0, 0.007482343763017115
452.0, 0.007719280583410551
453.0, 0.008406755133693943
454.0, 0.0075340443203441645
455.0, 0.00818603707787386
456.0, 0.008198833160792349
457.0, 0.007183519413385526
458.0, 0.008014969659856012
459.0, 0.00817944336075569
460.0, 0.007750117672371368
461.0, 0.006903552035724046
462.0, 0.006951609582328615
463.0, 0.006561661947224804
464.0, 0.006315715554004667
465.0, 0.006442552162025422
466.0, 0.006478200910295857
467.0, 0.006739642762239179
468.0, 0.006658867756032149
469.0, 0.005996508799362054
470.0, 0.005475419784449453
471.0, 0.005091374327809596
472.0, 0.004898519975755724
473.0, 0.005018282274722843
474.0, 0.0065038831461090695
475.0, 0.007071215216985202
476.0, 0.006767150908063048
477.0, 0.005775016167095948
478.0, 0.006710913967935408
479.0, 0.006402186407120667
480.0, 0.006204213684613659
481.0, 0.006890050210492615
482.0, 0.007366628363483807
483.0, 0.006910075247160819
484.0, 0.006324774195730429
485.0, 0.006088479114287311
486.0, 0.00572568616186353
487.0, 0.005782922489540921
488.0, 0.006303106411230175
489.0, 0.007230620014859847
490.0, 0.006993399823310423
491.0, 0.007037690846043728
492.0, 0.0071737995966205705
493.0, 0.007262656547714633
494.0, 0.0070005138576880125
495.0, 0.0073823323299336266
496.0, 0.00770050078648491
497.0, 0.007597299116704887
498.0, 0.008404474570219133
499.0, 0.007602122044989343
500.0, 0.0074113662487021465
501.0, 0.008852065404881908
502.0, 0.007373424690015064
503.0, 0.007697935401320635
504.0, 0.008198530102194075
505.0, 0.008035420264474286
506.0, 0.00832450542528921
507.0, 0.008828392190983376
508.0, 0.009463285422176736
509.0, 0.010125297622967065
510.0, 0.010196451885791477
511.0, 0.010287505995190785
512.0, 0.010792796667098304
513.0, 0.011742054605500908
514.0, 0.011610138564988494
515.0, 0.011221193184568632
516.0, 0.011572509975158098
517.0, 0.012797279444793398
518.0, 0.012483589693204681
519.0, 0.01280068749433573
520.0, 0.013620262125227293
521.0, 0.014709724229617178
522.0, 0.014915505715172094
523.0, 0.01628551138046556
524.0, 0.017370964010539468
525.0, 0.018009460573533156
526.0, 0.02000214208287311
527.0, 0.021496843684032683
528.0, 0.023517061573684637
529.0, 0.026058770027235563
530.0, 0.027778292622502598
531.0, 0.029613581487618387
532.0, 0.03237774475546753
533.0, 0.03609258593764002
534.0, 0.040126411092345556
535.0, 0.04210346001580715
536.0, 0.044823770261198166
537.0, 0.04820464322939686
538.0, 0.05036899019857937
539.0, 0.054629266417121264
540.0, 0.057803015468281496
541.0, 0.05956503587728848
542.0, 0.06032354691369503
543.0, 0.06079178087654732
544.0, 0.060432453065559964
545.0, 0.059379927597742986
546.0, 0.057989547725344766
547.0, 0.055162034733993594
548.0, 0.05260126138769223
549.0, 0.049752371215436804
550.0, 0.04557960782376686
551.0, 0.042651376405588234
552.0, 0.039553988737227756
553.0, 0.036283167082762954
554.0, 0.032906719908988885
555.0, 0.0300303197361427
556.0, 0.027282854779780413
557.0, 0.024627773960232784
558.0, 0.022065024962179523
559.0, 0.02074375828578448
560.0, 0.018903768482709506
561.0, 0.017064030474818043
562.0, 0.015618195129804655
563.0, 0.014835462637281664
564.0, 0.013495740798327955
565.0, 0.011935941837860498
566.0, 0.010383632541169039
567.0, 0.009218639296851527
568.0, 0.008373814778133282
569.0, 0.007607020791215497
570.0, 0.006896896278963607
571.0, 0.006631249977793675
572.0, 0.006273111470201279
573.0, 0.005799489538625438
574.0, 0.005361491420085903
575.0, 0.0055204864589981995
576.0, 0.0049788823448208026
577.0, 0.005298829476280068
578.0, 0.0060556075513856335
579.0, 0.005464755969137548
580.0, 0.0040321328233715115
581.0, 0.0041693538232487615
582.0, 0.004746357045076021
583.0, 0.003324794077475349
584.0, 0.0032829134563366904
585.0, 0.002857360006025039
586.0, 0.0019586307626841565
587.0, 0.0006042890016134762
588.0, 0.00058848571945964
589.0, 0.00043793756731648367
590.0, 0.0007527910952789332
591.0, 0.0018920393296678717
592.0, 0.0010229861883181606
593.0, 0.0009852690781342042
594.0, 0.001338672009857838
595.0, 0.0017128262667356806
596.0, 0.0011731530352429636
597.0, 0.0011156202346753077
598.0, 0.0009911567354772592
599.0, 0.0006998314583642464
600.0, 0.0007418912595276636
601.0, 0.0005590454432222822
602.0, 0.0004266474819353713
603.0, 0.0005236741965870108
604.0, 0.0011680940988729122
605.0, 0.0011933632927390372
606.0, 0.0011725078581241262
607.0, 0.001056836476805557
608.0, 0.0006250056838414215
609.0, 0.00020462619584555992
610.0, 5.3176264649637424e-05
611.0, 0.000488999114165995
612.0, 0.0018009500224223
613.0, 0.0007481313706890458
614.0, 0.0007785861857138999
615.0, 0.0009396732431309449
616.0, 0.0005828641166122622
617.0, 0.0004302554696896834
618.0, 0.00042926150384893096
619.0, 0.0003718322976781994
620.0, 0.0002257007376874964
621.0, 0.0003178811835545281
622.0, 0.0005237347402514246
623.0, 0.00045555769581694604
624.0, 0.00028578678676613516
625.0, 0.0008188857139006435
626.0, 0.0007311213777715776
627.0, 0.00038884692744589264
628.0, 0.00012857782604363947
629.0, 0.0004353913111381269
630.0, 0.00029497116888915667
631.0, 0.0002756827926995795
632.0, 0.00038490322229243893
633.0, 0.0005833889274532806
634.0, 0.00031977116438602324
635.0, 0.0005220522075615297
636.0, 0.0006429550383166965
637.0, 0.0004561539113548372
638.0, 0.0008418501669537117
639.0, 0.0010282480737590662
640.0, 0.0009664427409078906
641.0, 0.0007075470013370445
642.0, 0.0005024024765569466
643.0, 0.00025044676230399855
644.0, 0.00028808329319787967
645.0, 0.0005712147573070151
646.0, 0.0008937863029608606
647.0, 0.0007725239695211051
648.0, 0.0004668057601925639
649.0, 0.00042588240881725505
650.0, 0.0010737138302259906
651.0, 0.0005688708105956951
652.0, 0.0002536218462893422
653.0, 0.0001523183377645617
654.0, 0.00024175737613915796
655.0, 0.0002569454782394293
656.0, 0.00010851215641347699
657.0, 2.9266789437926485e-05
658.0, 0.00011582621880164949
659.0, 0.0004282135234059134
660.0, 0.0002964806363037698
661.0, 0.000517866441828745
662.0, 0.0010391757336706724
663.0, 0.0015492684562785053
664.0, 0.001203756596560044
665.0, 0.001280402880072664
666.0, 0.001788945894068545
667.0, 0.0025982705281972595
668.0, 0.002347266928487844
669.0, 0.0026206363829710364
670.0, 0.0036788913874234337
671.0, 0.00515912013581736
672.0, 0.004581608504528923
673.0, 0.00506082227673103
674.0, 0.005303059314114372
675.0, 0.005432658017211034
676.0, 0.00645898562544332
677.0, 0.006965246380622151
678.0, 0.007509729607323163
679.0, 0.007934254816842455
680.0, 0.008016523533655945
681.0, 0.008312261748731694
682.0, 0.009057386459466988
683.0, 0.009826941353152324
684.0, 0.010377172106640088
685.0, 0.010845369778332777
686.0, 0.011428221675104917
687.0, 0.012124558729211152
688.0, 0.01292413353361477
689.0, 0.013799776826702517
690.0, 0.014916974176232748
691.0, 0.0160094856460276
692.0, 0.017286816974684996
693.0, 0.019017050089527192
694.0, 0.019315443088461705
695.0, 0.02076079135623793
696.0, 0.02238955076206984
697.0, 0.02353023222155606
698.0, 0.023938773568210767
699.0, 0.023355010124523536
700.0, 0.022634750387615223
701.0, 0.02176371831704183
702.0, 0.020048275902460083
703.0, 0.019553690048929952
704.0, 0.018332332113366736
705.0, 0.01676333929200523
706.0, 0.015538900763438205
707.0, 0.014543167577035493
708.0, 0.012182806879139477
709.0, 0.009505895641318948
710.0, 0.007426950562120821
711.0, 0.007572582777794677
712.0, 0.0069871612868102895
713.0, 0.005878201668524876
714.0, 0.004754337741898138
715.0, 0.004603420044757756
716.0, 0.0036983380149617946
717.0, 0.003196435194051307
718.0, 0.003085545927202141
719.0, 0.0032026590895335052
720.0, 0.002566998899778613
721.0, 0.0026236531419875616
722.0, 0.0020925976388952005
723.0, 0.0009062933260345017
724.0, 0.0009916807494593342
725.0, 0.0008163890014351066
726.0, 0.0009872269464652357
727.0, 0.0010554467357868098
728.0, 0.0001853015516938717
729.0, 0.0001610784094327185
730.0, 0.000507904164012141
731.0, 0.0006142658392800768
732.0, 0.00020426531755417775
733.0, 0.0003378934575787499
734.0, 0.00043311471836093455
735.0, 0.0007923156570594547
736.0, 0.0010430740445712817
737.0, 0.00010869555490754961
738.0, 7.279047445999794e-05
739.0, 0.00041005732758872646
740.0, 0.0005712850397658033
741.0, 0.0001327367828459369
742.0, 0.0002955254145755982
743.0, 0.0006329083387992805
744.0, 0.0005283532747599292
745.0, 0.00016225135075480473
746.0, 0.0010237752560542785
747.0, 0.0004487358109392882
748.0, 0.00034964950312898335
749.0, 0.0004794236047174476
750.0, 0.00019249493527813026
751.0, 0.000657123965434894
752.0, 0.0010430015301110228
753.0, 0.0008180344844307234
754.0, 0.00010347375359483972
755.0, 0.0007830890872219198
756.0, 0.0003252610277684305
757.0, 0.00016481703228183038
758.0, 0.0005910044047128019
759.0, 0.0015935168759814468
760.0, 0.0008119555477354844
761.0, 0.001376691903979595
762.0, 0.002001818897772843
763.0, 0.002028457690255888
764.0, 0.002963108262957088
765.0, 0.0033034566985011625
766.0, 0.0038562757820821093
767.0, 0.004598263228580099
768.0, 0.005112458827956478
769.0, 0.006220566548056896
770.0, 0.00684008649462634
771.0, 0.0073945450644101645
772.0, 0.008117101018860932
773.0, 0.008153567397566659
774.0, 0.008382910403001088
775.0, 0.008078977704982379
776.0, 0.007686502600400614
777.0, 0.008515062412625334
778.0, 0.007718796414363749
779.0, 0.007242596918075557
780.0, 0.007012108124777605
781.0, 0.006962996242567899
782.0, 0.007602158788441799
783.0, 0.007711888674530184
784.0, 0.007393912004706065
785.0, 0.006761717675430295
786.0, 0.005999072301777827
787.0, 0.006707159702559251
788.0, 0.006583100364768293
789.0, 0.006435321971910839
790.0, 0.006804750423250198
791.0, 0.006495799531508152
792.0, 0.005816847636508303
793.0, 0.005823500750772661
794.0, 0.006216993658980758
795.0, 0.005880011228002935
796.0, 0.005077234567019428
797.0, 0.004729392939774815
798.0, 0.004929854622781029
799.0, 0.005600250522612943
800.0, 0.006106996725522642
801.0, 0.006521655875311036
802.0, 0.006160151441510642
803.0, 0.005382832441001802
804.0, 0.005066122143294197
805.0, 0.005897798401621483
806.0, 0.0064895758790973115
807.0, 0.006267234168998919
808.0, 0.005330457584003695
809.0, 0.00562547080843315
810.0, 0.006795319411986336
811.0, 0.00646906626144435
812.0, 0.005781143967057606
813.0, 0.006794239216782284
814.0, 0.00725505389488136
815.0, 0.007408098838159602
816.0, 0.007679856588776931
817.0, 0.008195655087115969
818.0, 0.008673562313091236
819.0, 0.008690877793325988
820.0, 0.008890901957386317
821.0, 0.009242973459602353
822.0, 0.009658505527182627
823.0, 0.010501923362121851
824.0, 0.01029183721965829
825.0, 0.01025829375607928
826.0, 0.010791880889703186
827.0, 0.011762651059468535
828.0, 0.012976822146143123
829.0, 0.013106671976867027
830.0, 0.013005193247287591
831.0, 0.01342019114696489
832.0, 0.014392450937885395
833.0, 0.014856119496184922
834.0, 0.014721592206409348
835.0, 0.014842508953036066
836.0, 0.016520337448299338
837.0, 0.017351115564128116
838.0, 0.01807774033666804
839.0, 0.01948249629214538
840.0, 0.021267945382953648
841.0, 0.021003168531523952
842.0, 0.021949563524732027
843.0, 0.023532691445239732
844.0, 0.02487186182768206
845.0, 0.025314585891733726
846.0, 0.026758686303166433
847.0, 0.02947100901990997
848.0, 0.032259407968215616
849.0, 0.03561767204906053
850.0, 0.04123966111637568
851.0, 0.041948434454047015
852.0, 0.046648596464916925
853.0, 0.048795649947215206
854.0, 0.04678727750332709
855.0, 0.052462107555121
856.0, 0.055202802805355604
857.0, 0.059012777451231985
858.0, 0.06400431849658954
859.0, 0.0694862078179047
860.0, 0.07489544263311758
861.0, 0.08128780927356541
862.0, 0.08888081897043373
863.0, 0.0975385729651291
864.0, 0.10677954431646211
865.0, 0.11585133169106457
866.0, 0.12699633787173428
867.0, 0.13927396465846684
868.0, 0.15227999995659988
869.0, 0.1674367855454337
870.0, 0.18587612140696885
871.0, 0.2083508247168441
872.0, 0.23398357683430954
873.0, 0.2619833230548195
874.0, 0.2985356431882976
875.0, 0.3407120807681136
876.0, 0.3903259227225783
877.0, 0.44998208639645026
878.0, 0.5229752152964366
879.0, 0.6065647037731126
880.0, 0.6930191467955583
881.0, 0.7815514680493527
882.0, 0.8687944153518663
883.0, 0.9445658387183902
884.0, 0.9862638292769822
885.0, 0.9873857414759662
886.0, 0.955874439713769
887.0, 0.9005418023696581
888.0, 0.8117799754254436
889.0, 0.7103410563024029
890.0, 0.6138309644074755
891.0, 0.5255673107383353
892.0, 0.44369490090446656
893.0, 0.37228696188466326
894.0, 0.32036935073736117
895.0, 0.27485296520285707
896.0, 0.2322810694843674
897.0, 0.1983204597053414
898.0, 0.1717799239197942
899.0, 0.1489539194444065
900.0, 0.1296186748518112
901.0, 0.11371187102952215
902.0, 0.10178756068174805
903.0, 0.08973486635169303
904.0, 0.08017519773274
905.0, 0.0716207790222572
906.0, 0.06263834185992123
907.0, 0.05737354848535252
908.0, 0.05225889714096022
909.0, 0.04733263313445045
910.0, 0.04277550569181954
911.0, 0.03883672143830044
912.0, 0.0360476206586508
913.0, 0.03263600009257038
914.0, 0.029555158665020394
915.0, 0.027330998508150108
916.0, 0.026222893184152603
917.0, 0.023182760601598063
918.0, 0.022372954692317863
919.0, 0.0214388354372574
920.0, 0.019436983344808534
921.0, 0.018216201511901245
922.0, 0.017366905753825036
923.0, 0.016069433365906025
924.0, 0.014803327929885993
925.0, 0.013853880873574103
926.0, 0.012279127655914858
927.0, 0.012474354466208001
928.0, 0.012226532158427648
929.0, 0.011536093851582791
930.0, 0.010852823174165131
931.0, 0.010242969109803738
932.0, 0.010310374375277976
933.0, 0.01000287041483147
934.0, 0.009317362381679923
935.0, 0.00868691903915271
936.0, 0.00823769188561683
937.0, 0.007411803731809074
938.0, 0.006941636810952458
939.0, 0.006970671135568964
940.0, 0.007213812224069066
941.0, 0.006732987216785484
942.0, 0.00618077617090924
943.0, 0.0061987711447637995
944.0, 0.006722842728254294
945.0, 0.006757595538361932
946.0, 0.005569589854021464
947.0, 0.005214234099145072
948.0, 0.0050979035068518305
949.0, 0.004986220139508371
950.0, 0.0056507010260471524
951.0, 0.005240730008325654
952.0, 0.0047877546198944665
953.0, 0.004588622507371787
954.0, 0.004686043079556547
955.0, 0.004562336617287663
956.0, 0.005547820795790861
957.0, 0.005047014066063279
958.0, 0.004305514472192253
959.0, 0.004662126746176227
960.0, 0.004747578411103996
961.0, 0.0038572887518393004
962.0, 0.0037254690385814244
963.0, 0.003777103006735181
964.0, 0.003200186918831605
965.0, 0.0038512896022369313
966.0, 0.0028248429269332447
967.0, 0.0023785909930048492
968.0, 0.0027016990808098294
969.0, 0.00318530033336501
970.0, 0.0025121364347024415
971.0, 0.001609125105117583
972.0, 0.0014082978074812123
973.0, 0.0020860614474013817
974.0, 0.003233656010116075
975.0, 0.0009770362139440917
976.0, 0.0016507010833820884
977.0, 0.001663023889724332
978.0, 0.000912866340884509
979.0, 0.001226210438969253
980.0, 0.0005046031271708796
981.0, 0.0004611201501939017
982.0, 0.0008248753250414873
983.0, 0.0011409977479492663
984.0, 0.0008332855738235847
985.0, 0.0018623189599999395
986.0, 0.0012734553210194538
987.0, 0.0008792710235195148
988.0, 0.0008806337999149407
989.0, 0.0001391312265353329
990.0, 0.0004893821411423471
991.0, 0.0008411251981916373
992.0, 0.0010214785970987968
993.0, 0.0009221625997580439
994.0, 0.0004950599772190066
995.0, 0.0011682655300761218
996.0, 0.0005802812012204847
997.0, 7.488113825088542e-05
998.0, 0.00017049580340571546
999.0, 0.000534029135670855
1000.0, 0.000487178195851034
1001.0, 0.0002745427844567114
1002.0, 0.0002926921955414186
1003.0, 0.00047087520312537963
1004.0, 0.00023369099248217624
1005.0, 0.0004017262217525171
1006.0, 0.0004650826058956095
1007.0, 0.0006326688730297734
1008.0, 0.0007438024155576301
1009.0, 0.00023562007342155624
1010.0, 0.0004983333626224875
1011.0, 0.0010680004530531338
1012.0, 0.0011583619158052954
1013.0, 0.000681992981906213
1014.0, 0.0002672946634343598
1015.0, 0.00016026233555048452
1016.0, 0.0003601757119245549
1017.0, 0.000603063234255193
1018.0, 0.0006934033187963964
1019.0, 0.0005088966439744405
1020.0, 0.0005319250084766348
1021.0, 0.0006539487209022478
1022.0, 0.000768749233717556
1023.0, 0.0008026418520964815
1024.0, 0.0007135021726782134
1025.0, 0.000606335219361441
1026.0, 0.0004939555109896975
1027.0, 0.0005624536431687496
1028.0, 0.0005772216386766834
1029.0, 5.9344387301224816e-05
1030.0, 0.0001960923209278092
1031.0, 0.0008337304533096839
1032.0, 0.0007641888540859466
1033.0, 0.00038755507075758483
1034.0, 0.0009132625458430441
1035.0, 0.0006755493451331085
1036.0, 0.0004389930413983734
1037.0, 0.0005225042389967536
1038.0, 0.0007185545661357993
1039.0, 0.0006018357489087886
1040.0, 0.00023609377359788222
1041.0, 0.0013458589282987752
1042.0, 0.0010434250580033046
1043.0, 0.0003383144248746453
1044.0, 0.001059120318547561
1045.0, 0.0003908794583690733
1046.0, 0.0007342703915578299
1047.0, 0.0011888544990782451
1048.0, 0.00130472670386735
1049.0, 0.001013844671044665
1050.0, 0.0014954980759941951
1051.0, 0.0011726573026698908
1052.0, 0.0006628053816163178
1053.0, 0.0008638129912181887
1054.0, 0.0018532238806454019
1055.0, 0.0008831564499750547
1056.0, 0.0008358250826752566
1057.0, 0.0016218336003872584
1058.0, 0.0022697451890664943
1059.0, 0.0021363409373485686
1060.0, 0.0015233089829627872
1061.0, 0.0013904191649112916
1062.0, 0.0012957432028259425
1063.0, 0.0013811365132196832
1064.0, 0.0014289769790355915
1065.0, 0.0006525787912175091
1066.0, 0.0011681893406739496
1067.0, 0.0015670902607977423
1068.0, 0.001656565201178717
1069.0, 0.001703268930990148
1070.0, 0.0023185869123364964
1071.0, 0.0017216879394449968
1072.0, 0.0015744745924521192
1073.0, 0.0014973442364000368
1074.0, 0.001567393509043173
1075.0, 0.002024903712643181
1076.0, 0.0019017883886217628
1077.0, 0.0013195867500120488
1078.0, 0.0016783715617737299
1079.0, 0.0021669090909558035
1080.0, 0.0017346339016669195
1081.0, 0.0024473847801194234
1082.0, 0.0015543538934689786
1083.0, 0.000643237738455245
1084.0, 0.0007257832974107165
1085.0, 0.0016931985980279966
1086.0, 0.000554020334725781
1087.0, 0.000737785625851192
1088.0, 0.00143379502188241
1089.0, 0.0017291675847122118
1090.0, 0.0014951117645196311
1091.0, 0.0018631201716615524
1092.0, 0.001393449466096754
1093.0, 0.0017163021890215565
1094.0, 0.0015438901751594126
1095.0, 0.001182097364254622
1096.0, 0.0021883896728971558
1097.0, 0.0011279356686923119
1098.0, 0.001020263449421053
1099.0, 0.0010313919184132205
1100.0, 0.0010167711761836138
1101.0, 0.0010384223180613702
1102.0, 0.00030615676444778906
1103.0, 0.0003694318867687896
1104.0, 0.000411640956931873
1105.0, 0.0007016685473842774
1106.0, 0.0012345388960246333
1107.0, 0.00041917187209567164
1108.0, 0.0006276645366420995
1109.0, 0.0010175427087449678
1110.0, 0.0009276029150428196
1111.0, 0.0004034797035452189
1112.0, 0.0004753627029868828
1113.0, 0.0007767756374103217
1114.0, 0.000678532434277226
1115.0, 0.0004264098901489429
1116.0, 0.0005083723199697469
1117.0, 0.0013984969148451943
1118.0, 0.0017663196824414466
1119.0, 0.0006357484241316822
1120.0, 0.00031115391082475405
1121.0, 0.0003946257437775747
1122.0, 0.00013105017416808248
1123.0, 0.001042350000684663
1124.0, 0.0011781157819821943
1125.0, 0.0014124267496670945
1126.0, 0.0011776863697768375
1127.0, 0.0007028558781106363
1128.0, 0.0018290511799803249
1129.0, 0.00041080473500826114
1130.0, 0.0003769723461215261
1131.0, 0.0005551763075405084
1132.0, 0.0004967846616360568
1133.0, 0.0004093214877898082
1134.0, 0.00039771300724594056
1135.0, 0.00030013962945133355
1136.0, 0.00024551544188926777
1137.0, 0.0002678974588653886
1138.0, 0.0003264582420336894
1139.0, 0.00023235964242943768
1140.0, 0.0003014239672430076
1141.0, 0.0003284570636356336
1142.0, 0.00037958428574544426
1143.0, 0.0004664896048503337
1144.0, 0.0004878001275458151
1145.0, 0.0005532702433537438
1146.0, 0.0007579221859319523
1147.0, 0.0005955998773614036
1148.0, 0.0006049659344899195
1149.0, 0.001419670855283768
1150.0, 0.0001831053802734035
1151.0, 0.0002791338779692775
1152.0, 0.0007417148621498889
1153.0, 0.0009589432580068766
1154.0, 0.0007749949887496844
1155.0, 0.0008792662596830213
1156.0, 0.0003886818409864546
1157.0, 0.0007497653611614592
1158.0, 0.001100001537986039
1159.0, 0.0012385982110978337
1160.0, 0.0015137302704856933
1161.0, 0.0007207342889473045
1162.0, 0.0007482105831309725
1163.0, 0.000669207878328163
1164.0, 0.0007067397029201042
1165.0, 0.0010297801014038843
1166.0, 0.0005525354636920024
1167.0, 0.0007753587609875139
1168.0, 0.0008915508989597999
1169.0, 0.0005851080655821666
1170.0, 7.099640198234967e-05
1171.0, 1.9356054951774978e-05
1172.0, 0.00011731877553962147
1173.0, 0.000301558805143248
1174.0, 0.0003292959682701794
1175.0, 0.00025384428956005066
1176.0, 0.00032782291059901846
1177.0, 0.0010991145829291325
1178.0, 0.0009519140667849739
1179.0, 0.0005128554856998718
1180.0, 0.0007451666254002448
1181.0, 0.0013960151222703662
1182.0, 0.0009540661558340076
1183.0, 0.000669804735335248
1184.0, 0.0012294719921837648
1185.0, 0.0010860281345014425
1186.0, 0.0005943502909752105
1187.0, 0.0005003810674810078
1188.0, 0.0003144889125633948
1189.0, 0.00037841230401211687
1190.0, 0.0006355542314401738
1191.0, 0.0004802034133272878
1192.0, 0.00011354986810558563
1193.0, 0.000525954091245995
1194.0, 0.0012868065441299342
1195.0, 0.0007456383629831855
1196.0, 0.0006167371034188548
1197.0, 0.000703142068071294
1198.0, 0.00044539383930303526
1199.0, 9.188380765203974e-05
1200.0, 0.00045180783267630186
1201.0, 0.000577806148693083
1202.0, 0.000787772605909795
1203.0, 0.001021864599135569
1204.0, 0.0009012124960310678
1205.0, 0.0006013972817772963
1206.0, 0.0012738961787240276
1207.0, 0.0012713515210299692
1208.0, 0.0010679842218952586
1209.0, 0.0011189568267187698
1210.0, 0.0008127123716000685
1211.0, 0.0013878860397456576
1212.0, 0.0007831624481543843
1213.0, 0.0010052120764909207
1214.0, 0.0014151234270131116
1215.0, 0.0006044641922607859
1216.0, 0.0015310303228490295
1217.0, 0.001098237625400911
1218.0, 0.0011693854310064829
1219.0, 0.0010710270385907625
1220.0, 0.0006666333907133215
1221.0, 0.0008658664051251421
1222.0, 0.0014756076271320647
1223.0, 0.000829572451814803
1224.0, 0.0008012520308434427
1225.0, 0.0010598906124498137
1226.0, 0.0009828166644799325
1227.0, 0.0012747085528915473
1228.0, 0.0005032656778957633
1229.0, 0.001764645097989638
1230.0, 0.0021109734019029588
1231.0, 0.0012856908084395336
1232.0, 0.0009851276425266525
1233.0, 0.001444326380219223
1234.0, 0.0009326802489687158
1235.0, 0.0010578917138265938
1236.0, 0.0014782565265074737
1237.0, 0.001759891085253027
1238.0, 0.0018142630963457953
1239.0, 0.0017705559338656374
1240.0, 0.0014495272769000764
1241.0, 0.0012874938245469355
1242.0, 0.0015168738778900148
1243.0, 0.0017957229053310276
1244.0, 0.0006804714912161711
1245.0, 0.0010886722343630734
1246.0, 0.001915100328445698
1247.0, 0.0022634176802283482
1248.0, 0.002117212553245126
1249.0, 0.0019882975145801896
1250.0, 0.002210678429009964
1251.0, 0.0019606084897386073
1252.0, 0.0019278788451295137
1253.0, 0.001613816295166399
1254.0, 0.0010781873876449075
1255.0, 0.0010876652781459449
1256.0, 0.0027170139627587897
1257.0, 0.0020757451200402394
1258.0, 0.001829263770759755
1259.0, 0.0014644479092989797
1260.0, 0.0005809310523559895
1261.0, 7.733324796242139e-05
1262.0, 0.0015193921117851057
1263.0, 0.001974450670201875
1264.0, 0.001764609037037639
1265.0, 0.001392228508963008
1266.0, 0.001206553667504715
1267.0, 0.0010374989724399458
1268.0, 0.0016752231809782653
1269.0, 0.0010272067236769497
1270.0, 0.0009883301808265024
1271.0, 0.0015217271417982652
1272.0, 0.0016288452777148995
1273.0, 0.001092030721621358
1274.0, 0.0017802519582145058
1275.0, 0.0018583992066271648
1276.0, 0.0014434325494789518
1277.0, 0.0009656267299075716
1278.0, 0.000870977758632706
1279.0, 0.0011380530855726577
1280.0, 0.0004101790044034193
1281.0, 0.000517570055001201
1282.0, 0.0010507801961021888
1283.0, 0.0013391258517766668
1284.0, 0.001014476787934874
1285.0, 0.001395994607908559
1286.0, 0.0016749408025775684
1287.0, 0.0013501632039423807
1288.0, 0.0010012655362834516
1289.0, 0.0008860597108915019
1290.0, 0.0006835639144077668
1291.0, 0.0018434844617085354
1292.0, 0.0020761023669380995
1293.0, 0.002043238655349971
1294.0, 0.001557995607578955
1295.0, 0.0008580672251863576
1296.0, 0.0010042925290096234
1297.0, 0.0004110649017297897
1298.0, 0.0005213761403454559
1299.0, 0.0006025345089625832
1300.0, 0.0007561851105659501
1301.0, 0.001035946628453044
1302.0, 0.0009415467824495068
1303.0, 0.0006536387502518402
1304.0, 0.0012602917593629761
1305.0, 0.0012702987299642394
1306.0, 0.0007129831207902356
1307.0, 0.00022742704671444036
1308.0, 0.0003714236006310091
1309.0, 0.0010583746642931272
1310.0, 0.0007685784366120928
1311.0, 0.0005875292733590005
1312.0, 0.000722766438139247
1313.0, 0.0008213015852151812
1314.0, 0.00024255079141145068
1315.0, 0.00096791867814518
1316.0, 0.00038538730129873634
1317.0, 0.00027303696359101334
1318.0, 0.000632359768110957
1319.0, 0.000982367922433663
1320.0, 0.0017004472576559822
1321.0, 0.0006357912056911687
1322.0, 0.000626696869334324
1323.0, 0.0007795274455884755
1324.0, 0.0007001342513117102
1325.0, 0.0005063990593921553
1326.0, 0.0008284581313843102
1327.0, 0.0015851037786550407
1328.0, 0.0012046741468989984
1329.0, 0.0014124490549899708
1330.0, 0.0019337626331428278
1331.0, 0.0017964831550946448
1332.0, 0.0006596002136467601
1333.0, 0.0006988614333552389
1334.0, 0.0003161789289626263
1335.0, 0.0007195599111711255
1336.0, 0.0012936625890585974
1337.0, 0.0012689061043583741
1338.0, 0.001154986485835985
1339.0, 0.000859908263450157
1340.0, 0.0010909601877887257
1341.0, 0.0016282509333327066
1342.0, 0.0016259987331746577
1343.0, 0.0011118700423022128
1344.0, 0.0018202486425634465
1345.0, 0.0007417826595263819
1346.0, 0.0008103188200203503
1347.0, 0.0009767197144407776
1348.0, 0.0006944628193236729
1349.0, 0.00024900593500290784
1350.0, 0.0006949677372949932
1351.0, 0.0001749883099228098
1352.0, 0.0006171866765154422
1353.0, 0.0012984423982987186
1354.0, 0.0010380172780054117
1355.0, 0.00010470383278893034
1356.0, 0.000393313076259745
1357.0, 0.0007691560289871147
1358.0, 0.0004454407577842815
1359.0, 0.0007033563338848421
1360.0, 0.0009755097773297029
1361.0, 0.0008922573188820881
1362.0, 0.000758693543681417
1363.0, 0.0013096501635725963
1364.0, 0.0004005820983499367
1365.0, 0.0010031932042669548
1366.0, 0.0017145252756190414
1367.0, 0.0013574320462635327
1368.0, 0.00016595661062300803
1369.0, 0.0010394549039171525
1370.0, 0.0014762382824894098
1371.0, 0.00093976733869629
1372.0, 0.000934021037907317
1373.0, 0.0011967460718513747
1374.0, 0.0009795965434296603
1375.0, 0.0015365140227878355
1376.0, 0.0008752873196370227
1377.0, 0.000496937641719912
1378.0, 0.000657767019916533
1379.0, 0.00097958207096325
1380.0, 0.0009727403397720048
1381.0, 0.0005515548237112356
1382.0, 0.0011977135001487505
1383.0, 0.001440019501893475
1384.0, 0.001727822230059041
1385.0, 0.0017493789522897618
1386.0, 0.0014533793179918536
1387.0, 0.0013569739679449196
1388.0, 0.0013852151829483403
1389.0, 0.0012345444044183564
1390.0, 0.0008878989589861917
1391.0, 0.0010038066805112139
1392.0, 0.001044297329026059
1393.0, 0.00010348638578838861
1394.0, 0.0006914215820640519
1395.0, 0.0008459775101534981
1396.0, 0.0011422753042965618
1397.0, 0.0015196249701135145
1398.0, 0.001509845185855015
1399.0, 0.0010242961899297437
1400.0, 0.0013190116076589853
1401.0, 0.0008486671898716536
1402.0, 0.0007401617079123887
1403.0, 0.0004042055723416952
1404.0, 0.0005131695615197874
1405.0, 0.0011512802133302887
1406.0, 0.0009943144041791255
1407.0, 0.00021384715488657397
1408.0, 0.0009856086252593432
1409.0, 0.0014082225769422429
1410.0, 0.0014810351466915804
1411.0, 0.001399028839537288
1412.0, 0.0012582657720469688
1413.0, 0.0014334490752031194
1414.0, 0.0005661126422343489
1415.0, 0.0012868385852495229
1416.0, 0.0012177449382741125
1417.0, 0.0007166017887160177
1418.0, 0.0010341217200181265
1419.0, 0.0015210768425549812
1420.0, 0.0002884873097324307
1421.0, 0.0007771932725189198
1422.0, 0.001003107175401641
1423.0, 0.0011600900459651595
1424.0, 0.001572943386998185
1425.0, 0.001884131295454081
1426.0, 0.0015440886436086877
1427.0, 0.0018988001806088083
1428.0, 0.0018199617633023934
1429.0, 0.001255822225941975
1430.0, 0.0009051717143513353
1431.0, 0.0011480965115330788
1432.0, 0.0005712670603926587
1433.0, 0.000662132546667754
1434.0, 0.0002958027255583657
1435.0, 6.218482419824455e-05
1436.0, 0.00025796243292964475
1437.0, 0.0005541827211947134
1438.0, 0.00023276076566745607
1439.0, 0.0004413153261581475
1440.0, 0.0007921926575863839
1441.0, 0.0007623250164260251
1442.0, 0.0011178260657876778
1443.0, 0.0012963600353609352
1444.0, 0.0005805610100115631
1445.0, 0.0005601477019956758
1446.0, 0.0011353385694623033
1447.0, 0.0007703503351701325
1448.0, 0.0005473762675967591
1449.0, 0.0006490883461191529
1450.0, 0.0010434401970003488
1451.0, 0.0016100514906191897
1452.0, 0.0007518021423836709
1453.0, 0.0010038536971876783
1454.0, 0.0004645120004470823
1455.0, 0.0006845793239290463
1456.0, 0.0012254889538864662
1457.0, 0.0010495383106851686
1458.0, 0.0010947656176396232
1459.0, 0.0004223650651731007
1460.0, 0.001213907786871536
1461.0, 0.0012213371792065757
1462.0, 0.000907032361327987
1463.0, 0.0009481626007244423
1464.0, 0.0012695362502214281
1465.0, 0.0011129630279105112
1466.0, 0.001904117444250144
1467.0, 0.0011116944473526917
1468.0, 0.000400401492998357
1469.0, 0.0005194553699712978
1470.0, 0.0009134750554511664
1471.0, 0.000335830384704033
1472.0, 0.0014456980039996487
1473.0, 0.0008440708158033468
1474.0, 0.0016170650934975545
1475.0, 0.0021208772568157147
1476.0, 0.0017997644475272983
1477.0, 0.0013276395736174502
1478.0, 0.0009240212616782666
1479.0, 0.0013273992188712065
1480.0, 0.001506648343330294
1481.0, 0.0010134236243639313
1482.0, 0.001000131081676119
1483.0, 0.001484037691693818
1484.0, 0.0011495659962605343
1485.0, 7.927054550883525e-05
1486.0, 0.0010154073769156897
1487.0, 0.0009326387898474361
1488.0, 0.0009183122109502623
1489.0, 0.0012159866336824705
1490.0, 0.0016304513964110927
1491.0, 0.0019453407199251458
1492.0, 0.0013808548214080244
1493.0, 0.0011891956583590052
1494.0, 0.0013394981676039482
1495.0, 0.0014734270333561883
1496.0, 0.0009990301586745407
1497.0, 0.0003208408911948165
1498.0, 0.0014533201863964102
1499.0, 0.0015344995074224733
1500.0, 0.0010941580514822959
1501.0, 0.0017360699949373534
1502.0, 0.0016949140814630703
1503.0, 0.0008541107894712037
1504.0, 0.0004356616596326449
1505.0, 0.0005636488400072716
1506.0, 0.00013831811308744385
1507.0, 0.0005218540320276381
1508.0, 0.0005536183035513378
1509.0, 0.0006529344615130641
1510.0, 0.0011827150987205107
1511.0, 0.001656028295066539
1512.0, 0.00045898339794164377
1513.0, 0.001356239118766707
1514.0, 0.0009643336987017132
1515.0, 0.0003448566306347128
1516.0, 0.0004306506120274554
1517.0, 0.001019712196979578
1518.0, 0.001071060165149305
1519.0, 0.0005830636370895182
1520.0, 0.00132095942599426
1521.0, 0.0004606971240355748
1522.0, 9.799681877654796e-06
1523, 0.0
1524, 0.0
1525, 0.0
1526, 0.0
1527, 0.0
1528, 0.0
1529, 0.0
1530, 0.0
1531, 0.0
1532, 0.0
1533, 0.0
1534, 0.0
1535, 0.0
1536, 0.0
1537, 0.0
1538, 0.0
1539, 0.0
1540, 0.0
1541, 0.0
1542, 0.0
1543, 0.0
1544, 0.0
1545, 0.0
1546, 0.0
1547, 0.0
1548, 0.0
1549, 0.0
1550, 0.0
1551, 0.0
1552, 0.0
1553, 0.0
1554, 0.0
1555, 0.0
1556, 0.0
1557, 0.0
1558, 0.0
1559, 0.0
1560, 0.0
1561, 0.0
1562, 0.0
1563, 0.0
1564, 0.0
1565, 0.0
1566, 0.0
1567, 0.0
1568, 0.0
1569, 0.0
1570, 0.0
1571, 0.0
1572, 0.0
1573, 0.0
1574, 0.0
1575, 0.0
1576, 0.0
1577, 0.0
1578, 0.0
1579, 0.0
1580, 0.0
1581, 0.0
1582, 0.0
1583, 0.0
1584, 0.0
1585, 0.0
1586, 0.0
1587, 0.0
1588, 0.0
1589, 0.0
1590, 0.0
1591, 0.0
1592, 0.0
1593, 0.0
1594, 0.0
1595, 0.0
1596, 0.0
1597, 0.0
1598, 0.0
1599, 0.0
