30, 0.0
31, 0.0
32, 0.0
33, 0.0
34, 0.0
35, 0.0
36, 0.0
37, 0.0
38, 0.0
39, 0.0
40, 0.0
41, 0.0
42, 0.0
43, 0.0
44, 0.0
45, 0.0
46, 0.0
47, 0.0
48, 0.0
49, 0.0
50, 0.0
51, 0.0
52, 0.0
53, 0.0
54, 0.0
55, 0.0
56, 0.0
57, 0.0
58, 0.0
59, 0.0
60, 0.0
61, 0.0
62, 0.0
63, 0.0
64, 0.0
65, 0.0
66, 0.0
67, 0.0
68, 0.0
69, 0.0
70, 0.0
71, 0.0
72, 0.0
73, 0.0
74, 0.0
75, 0.0
76, 0.0
77, 0.0
78, 0.0
79, 0.0
80, 0.0
81, 0.0
82, 0.0
83, 0.0
84, 0.0
85, 0.0
86, 0.0
87, 0.0
88, 0.0
89, 0.0
90, 0.0
91, 0.0
92, 0.0
93, 0.0
94, 0.0
95, 0.0
96, 0.0
97, 0.0
98, 0.0
99, 0.0
100, 0.0
101, 0.0
102, 0.0
103, 0.0
104, 0.0
105, 0.0
106.0, 0.000550987179785783
107.0, 3.638524781091031e-05
108.0, 0.0007653475765452932
109.0, 0.0007340056614311869
110.0, 0.001452154751060959
111.0, 0.0016842208997571084
112.0, 0.00037839195937946384
113.0, 0.0004529055789916186
114.0, 0.002056241475609278
115.0, 0.002786897332069125
116.0, 0.002113971251437508
117.0, 0.0005306666339778622
118.0, 0.001132303500664913
119.0, 0.0011632109618127582
120.0, 0.0002676488669092202
121.0, 4.296614599519162e-05
122.0, 0.0003521862490872974
123.0, 0.00025391295149624336
124.0, 0.0005057480280840891
125.0, 0.00019505934663367172
126.0, 0.00011092854407655881
127.0, 0.0006735445722664919
128.0, 0.0014915745714290357
129.0, 0.0022420736951196877
130.0, 0.0029098221368874687
131.0, 0.004103575833258885
132.0, 0.004345779272306816
133.0, 0.004240891117696056
134.0, 0.005169007101781708
135.0, 0.002750813240241796
136.0, 0.0011582239665413766
137.0, 0.0007606366323481408
138.0, 0.0005923861332953678
139.0, 0.00012625020235202636
140.0, 0.0001633584609852801
141.0, 0.0008888184526067998
142.0, 0.0018380913177840344
143.0, 0.0035868999539934703
144.0, 0.003775364946169382
145.0, 0.0044043500527074335
146.0, 0.00564253951987652
147.0, 0.006390709169141568
148.0, 0.007222840470351479
149.0, 0.008073076410493003
150.0, 0.008439348253939327
151.0, 0.008412268451323056
152.0, 0.008931881384406381
153.0, 0.009227327508720913
154.0, 0.009659714174338266
155.0, 0.010239742671617511
156.0, 0.01046527583690761
157.0, 0.009656297267113464
158.0, 0.011314657324800574
159.0, 0.01482159366269724
160.0, 0.01793205899748767
161.0, 0.01986309667015834
162.0, 0.015267260520436934
163.0, 0.010050692184808623
164.0, 0.00782924842096875
165.0, 0.0068351799550237695
166.0, 0.005519647180662542
167.0, 0.005313202638527905
168.0, 0.006550296050915151
169.0, 0.008010709601911806
170.0, 0.00705750147796391
171.0, 0.006389362019069916
172.0, 0.005761498499730656
173.0, 0.00506545817891637
174.0, 0.005320326196354767
175.0, 0.005215733593453786
176.0, 0.005457719639222394
177.0, 0.005976276482002606
178.0, 0.0061276986062847845
179.0, 0.004966931029021133
180.0, 0.0046904042000924535
181.0, 0.004960325964947304
182.0, 0.00488995759490213
183.0, 0.004112901032833719
184.0, 0.0028324423474004315
185.0, 0.0024161586518465835
186.0, 0.003032174845542877
187.0, 0.0038327991830514824
188.0, 0.004151754258163097
189.0, 0.004098238964482587
190.0, 0.0030989506558568134
191.0, 0.002013002636610894
192.0, 0.0026233627186145357
193.0, 0.00334894183577309
194.0, 0.0029162028712824287
195.0, 0.0027192466988033843
196.0, 0.003720901148914219
197.0, 0.0036741557532080954
198.0, 0.0034236041430213597
199.0, 0.00365498682992377
200.0, 0.0037728473923865176
201.0, 0.0024589696108968336
202.0, 0.0025815017288467346
203.0, 0.003091342786974755
204.0, 0.0031195271107018765
205.0, 0.0025144051985710367
206.0, 0.002916077257525898
207.0, 0.0033814474372594566
208.0, 0.003051374283399465
209.0, 0.002641146152430944
210.0, 0.003857225067311101
211.0, 0.004719469306053444
212.0, 0.00809517155644591
213.0, 0.01262546734543436
214.0, 0.017170869719351393
215.0, 0.02399428632111565
216.0, 0.03269237800901357
217.0, 0.04133889650982677
218.0, 0.049673328426725366
219.0, 0.062235910794615365
220.0, 0.09587608273717332
221.0, 0.12379584428986483
222.0, 0.10679261378649743
223.0, 0.0584049310846042
224.0, 0.028963185351488223
225.0, 0.020607418052670502
226.0, 0.0203836817981149
227.0, 0.021994013260078785
228.0, 0.02578765718271463
229.0, 0.03695151188637602
230.0, 0.04473307689376232
231.0, 0.03550429264932764
232.0, 0.01610334413242983
233.0, 0.007156380802303954
234.0, 0.004365103420261459
235.0, 0.002789063583863762
236.0, 0.0016481030682883129
237.0, 0.0013084106417397307
238.0, 0.0016007012567171137
239.0, 0.0010290968693089523
240.0, 0.0008621968422278529
241.0, 0.0014393742633061156
242.0, 0.002184659706557509
243.0, 0.0024504437726051015
244.0, 0.0008212378837344542
245.0, 0.00028587701460829274
246.0, 0.0012068124099555329
247.0, 0.0016483577236515966
248.0, 0.0007904216013605858
249.0, 0.0020446240925831418
250.0, 0.003940932496013614
251.0, 0.004451550832151879
252.0, 0.0037475058066855894
253.0, 0.00471708426457852
254.0, 0.007268920761292035
255.0, 0.0076717435067838345
256.0, 0.004900131346278345
257.0, 0.0029381958419729196
258.0, 0.0011952912735966922
259.0, 0.0003250353067032233
260.0, 0.0006839795738541917
261.0, 0.00027128682855079083
262.0, 0.0002621187284142605
263.0, 0.00015176240493122316
264.0, 5.836108595911371e-05
265.0, 0.00040241430733656063
266.0, 0.000824961598988334
267.0, 0.0003326183782348536
268.0, 0.0008048688909185362
269.0, 0.0016398452041717975
270.0, 0.0030083954273409396
271.0, 0.003920636774166156
272.0, 0.005843139405571005
273.0, 0.008070117754875617
274.0, 0.01010943328320118
275.0, 0.012145556213263728
276.0, 0.015034486007465521
277.0, 0.015959293826273944
278.0, 0.01996336498638497
279.0, 0.021114350224659125
280.0, 0.01395696511431208
281.0, 0.007339739361288512
282.0, 0.0033058921327068537
283.0, 0.001697026535685357
284.0, 0.000782569713846698
285.0, 0.0003186034615899055
286.0, 0.0002659886184289887
287.0, 0.0014082475794925252
288.0, 0.0020038311347219426
289.0, 0.0016760295803480516
290.0, 0.0019039340058314281
291.0, 0.0029441421719536573
292.0, 0.004427462177354972
293.0, 0.006026918163299224
294.0, 0.0074585925040282774
295.0, 0.008620812721457925
296.0, 0.010243580238141701
297.0, 0.00979376503997007
298.0, 0.006941463826062814
299.0, 0.003911418817385328
300.0, 0.004180984038597388
301.0, 0.0032009432575900417
302.0, 0.0026383949170062523
303.0, 0.00206299517186164
304.0, 0.0023791233329281203
305.0, 0.004970650613358076
306.0, 0.0043704063772885896
307.0, 0.0034651389134879476
308.0, 0.0029332310485393866
309.0, 0.0027189433603726793
310.0, 0.0031636765858937205
311.0, 0.003596959906801627
312.0, 0.003205044991701644
313.0, 0.00256389952572168
314.0, 0.0022897263039476793
315.0, 0.0021047861887373495
316.0, 0.0009262910900172778
317.0, 0.00019959916405145502
318.0, 0.00011678775303928328
319.0, 0.00028647956841601686
320.0, 9.702191587254944e-05
321.0, 0.000415120485672794
322.0, 0.00015261222449418414
323.0, 0.0005311837435188154
324.0, 0.00014536069269615703
325.0, 0.0020064998247409298
326.0, 0.0002956261855278818
327.0, 0.00013368944984409398
328.0, 0.0010707542023005398
329.0, 0.0011750524309590133
330.0, 0.0011389257419200977
331.0, 0.00039244816125120715
332.0, 0.000913226647113557
333.0, 0.001072528055119838
334.0, 0.0006261016561850364
335.0, 0.0021231271244002664
336.0, 0.0013037068874156834
337.0, 0.0009659512400899841
338.0, 0.0014398138582572915
339.0, 0.002311994382049468
340.0, 0.003956071372726504
341.0, 0.006460964305054226
342.0, 0.008372817483196033
343.0, 0.00943471169645814
344.0, 0.010616416283734869
345.0, 0.013651152083449533
346.0, 0.021782911349819387
347.0, 0.02647038788133095
348.0, 0.022827003253684235
349.0, 0.013632053104989402
350.0, 0.006313686988820176
351.0, 0.0022151062129322986
352.0, 0.0015026302109750562
353.0, 0.0015114959050555054
354.0, 0.0006780702676228133
355.0, 0.00036946121689040415
356.0, 0.00055164470479964
357.0, 0.0015655957714222446
358.0, 0.0007282180112711843
359.0, 0.0004259830419523527
360.0, 0.000603631851954504
361.0, 0.0012685031045412511
362.0, 0.0011642872373685454
363.0, 0.0004164708678772026
364.0, 0.00025154033556225335
365.0, 4.913431321622774e-05
366.0, 0.001175720332072492
367.0, 0.0019246475861341248
368.0, 0.0022352744018647947
369.0, 0.0022362262538492407
370.0, 0.0018727397727428094
371.0, 0.0012513165290188746
372.0, 0.002074509717351621
373.0, 0.002450646773555654
374.0, 0.002510525769826141
375.0, 0.003878056877117141
376.0, 0.006926134088765885
377.0, 0.010783461945429323
378.0, 0.011962443219762366
379.0, 0.01288017707148771
380.0, 0.0163964355795548
381.0, 0.02255989020477616
382.0, 0.029686051975849476
383.0, 0.03383261580062726
384.0, 0.028766565688422098
385.0, 0.016401751471026366
386.0, 0.006903685497419704
387.0, 0.0033446902092288157
388.0, 0.0017748881984173135
389.0, 0.0015603760098405824
390.0, 0.001195069110003175
391.0, 5.740190635100155e-05
392.0, 0.0004459994042101381
393.0, 0.0003913911507770562
394.0, 0.0006722108894083471
395.0, 0.0011776673728850346
396.0, 0.0014658305104466407
397.0, 0.0014589807708472937
398.0, 0.0010164378286782536
399.0, 0.0013332209312931324
400.0, 0.001219644492822341
401.0, 0.0006157754980924946
402.0, 0.0004991273558664078
403.0, 0.0005896483378806279
404.0, 0.00010840639762445476
405.0, 0.000552880548089501
406.0, 0.0007918208892498997
407.0, 0.000830291585920819
408.0, 0.00029289920921173404
409.0, 0.00014934966078550927
410.0, 0.0007360959486532918
411.0, 0.001666275137902652
412.0, 0.0017698694801573905
413.0, 0.00025245409149045144
414.0, 0.00035465371347116937
415.0, 0.00018333309769427025
416.0, 0.00015601361631856957
417.0, 0.00038911059497238724
418.0, 0.0008204198771966804
419.0, 0.0009175823395249504
420.0, 0.002295828532674409
421.0, 0.002582112746015308
422.0, 0.00186987563462802
423.0, 0.0016390145991836257
424.0, 0.002337952078971059
425.0, 0.0020830498997316165
426.0, 0.003123085472309965
427.0, 0.0032415196880547716
428.0, 0.002402983350640255
429.0, 0.0029648909969338007
430.0, 0.003241547862259348
431.0, 0.0017837694570474268
432.0, 0.0013348248512278311
433.0, 0.0023626684759247194
434.0, 0.003708083278139316
435.0, 0.005157165598266908
436.0, 0.009178030262935592
437.0, 0.014047956206245443
438.0, 0.01894741406040828
439.0, 0.024370713006518684
440.0, 0.030865509297948967
441.0, 0.036685761991911044
442.0, 0.047493109493093
443.0, 0.06417332810754943
444.0, 0.07416084924757695
445.0, 0.06466070654880747
446.0, 0.037041995212232934
447.0, 0.018125808915815868
448.0, 0.008054524819430978
449.0, 0.004110771750640521
450.0, 0.0035013819022625
451.0, 0.003656415243154937
452.0, 0.002388897721519407
453.0, 0.001647412407683537
454.0, 0.001467805722129173
455.0, 0.0013553161719606168
456.0, 0.0015238515082180721
457.0, 0.002986384664140302
458.0, 0.0018890601255742434
459.0, 0.0027827765693774244
460.0, 0.003951687605792706
461.0, 0.004205721611332676
462.0, 0.004579796355821897
463.0, 0.0056034007492490176
464.0, 0.006942167869948313
465.0, 0.0062367125185318045
466.0, 0.0033687008816618113
467.0, 0.0006108546360192486
468.0, 0.00016954283718490705
469.0, 0.0006636412413234094
470.0, 0.0006417009770655388
471.0, 0.0010801215192239903
472.0, 0.0013529167739595837
473.0, 0.0008868762948621646
474.0, 0.002154989309805538
475.0, 0.0035006057291142975
476.0, 0.004912395886577401
477.0, 0.005047933080726934
478.0, 0.005548769596293916
479.0, 0.008463296759319502
480.0, 0.009772360635740275
481.0, 0.007261533800128681
482.0, 0.006199688267796698
483.0, 0.0060527472228854105
484.0, 0.005028869097328973
485.0, 0.003178732281833494
486.0, 0.003815837787035856
487.0, 0.0018393073101490877
488.0, 5.291378176886237e-05
489.0, 0.0005639057547127131
490.0, 0.0019853375017977698
491.0, 0.000211203823423985
492.0, 0.0005292647714042898
493.0, 0.0006331038703891092
494.0, 0.0005012133584468293
495.0, 0.00035403201037474815
496.0, 0.000373650783198295
497.0, 0.0013628765411227801
498.0, 0.001255242294348407
499.0, 0.002755944304067626
500.0, 0.0018868710802467986
501.0, 0.00042451176743202274
502.0, 0.00029223119894590765
503.0, 0.00038540869992144367
504.0, 3.997650482174082e-05
505.0, 0.0005217147894462002
506.0, 0.001807969652447734
507.0, 0.0021775377806808223
508.0, 0.0011638422112952148
509.0, 0.0013259300935727775
510.0, 0.0012565172186764276
511.0, 0.0011575558317635831
512.0, 0.00174645018902677
513.0, 0.0021392893823653936
514.0, 0.0016322008041487065
515.0, 0.003632371810561822
516.0, 0.005207129319669569
517.0, 0.007609235917436169
518.0, 0.011364491262995302
519.0, 0.014730446333530283
520.0, 0.017156695701993425
521.0, 0.02327877380589501
522.0, 0.027021677534461358
523.0, 0.03502753372415318
524.0, 0.04480317620922394
525.0, 0.046522397572538496
526.0, 0.034147949545205634
527.0, 0.020563352481636436
528.0, 0.010909592336696423
529.0, 0.005561970915111893
530.0, 0.0028624369689219755
531.0, 0.001723013776091286
532.0, 0.0015530917550528
533.0, 0.001184845630231156
534.0, 0.0007151656834117475
535.0, 0.00033778674390153854
536.0, 0.00021352191908427816
537.0, 0.0002970927505570682
538.0, 0.0017488035976564982
539.0, 0.00259633276942896
540.0, 0.0020953908709192854
541.0, 0.0019561304303819258
542.0, 0.0016477633581443865
543.0, 0.0013944198931295961
544.0, 0.0019162724888180296
545.0, 0.00219374469105669
546.0, 0.000628493014936604
547.0, 0.00037111492930019303
548.0, 0.00034257898270458265
549.0, 0.0009757540332105113
550.0, 0.0008407743999802317
551.0, 0.0002600038671887301
552.0, 7.918198955409765e-05
553.0, 0.0001421907062686414
554.0, 8.284630524560575e-05
555.0, 0.0002266112513079502
556.0, 0.0011509619262184707
557.0, 0.0007418956682641462
558.0, 0.0014658175462132174
559.0, 0.0014297448702563016
560.0, 0.0012981538207434643
561.0, 0.0007780968120891588
562.0, 0.0003095358031507093
563.0, 0.0014545222435905674
564.0, 0.0005973137932713733
565.0, 0.000710831776812546
566.0, 0.0003919099742769756
567.0, 0.0004847245998518816
568.0, 0.0010060340014277163
569.0, 0.0007503006994276685
570.0, 0.0030818264867622375
571.0, 0.002497244453729635
572.0, 0.0041154114581072885
573.0, 0.005333233500710679
574.0, 0.004615454513960498
575.0, 0.006555634411101397
576.0, 0.008225120391496102
577.0, 0.008085199936614912
578.0, 0.0062430068751672925
579.0, 0.004732449021334033
580.0, 0.003726951985092276
581.0, 0.0024267665737708714
582.0, 0.0016028221436643927
583.0, 0.0023259518127819916
584.0, 0.0019050800944250084
585.0, 0.0011599953022110572
586.0, 0.0011602781865996115
587.0, 0.0012479720271586572
588.0, 0.0005651693427782132
589.0, 0.0015272511405115712
590.0, 0.0028883196297999365
591.0, 0.004968741236336931
592.0, 0.007961985274672826
593.0, 0.010810883219800971
594.0, 0.013335955242114948
595.0, 0.0173607914641368
596.0, 0.02074060726090682
597.0, 0.02799065017226125
598.0, 0.03750144414890069
599.0, 0.04412166437352372
600.0, 0.04103320577299782
601.0, 0.02638098383369793
602.0, 0.013053829424703537
603.0, 0.005721648731346857
604.0, 0.003385742080729495
605.0, 0.00374205280049992
606.0, 0.004110106238199989
607.0, 0.003295580395176029
608.0, 0.0036546490242432774
609.0, 0.00527336064921574
610.0, 0.005408646321853147
611.0, 0.0056205850813056185
612.0, 0.0073446425025305495
613.0, 0.009521636108640553
614.0, 0.010521439249678154
615.0, 0.012023595793621082
616.0, 0.010713665019538705
617.0, 0.008522587972083313
618.0, 0.00558639715972992
619.0, 0.003432211824469587
620.0, 0.0025690169039533045
621.0, 2.1929437343360053e-05
622.0, 0.0011914260803794277
623.0, 0.0021555510098960136
624.0, 0.0020847873064197926
625.0, 0.0015077079840003862
626.0, 0.0014779492506374547
627.0, 0.0020285492694435405
628.0, 0.0008037639488165381
629.0, 0.00046438827998100896
630.0, 0.0009039244403553706
631.0, 0.002325382064100566
632.0, 0.002287853002755332
633.0, 0.0006256225320014107
634.0, 0.0009983120106567716
635.0, 0.00038313889702551663
636.0, 0.0010349011546677326
637.0, 0.0013525773827909003
638.0, 0.0007300848897846996
639.0, 0.0006136897077923064
640.0, 0.001322260085752033
641.0, 0.0007508088857514795
642.0, 3.974008114949679e-05
643.0, 0.0012674117100709501
644.0, 0.0017193811855242638
645.0, 0.0005775074497499651
646.0, 0.0003183176042109682
647.0, 0.0004339725171162965
648.0, 0.0008818511462161477
649.0, 0.001550567169805474
650.0, 0.0003946290273983604
651.0, 0.0003768999402849497
652.0, 0.0009999367706782713
653.0, 0.0015648665744741185
654.0, 0.000636630027797163
655.0, 0.0005975902746234584
656.0, 0.0017835842148090778
657.0, 0.0009529722279862637
658.0, 0.0008727666704595129
659.0, 0.002190674291892302
660.0, 0.0029239200632631716
661.0, 0.0023082502294335455
662.0, 0.0015449897967529135
663.0, 0.0021117055840634983
664.0, 0.0026624192148114304
665.0, 0.0028987583310971024
666.0, 0.0032243975708468762
667.0, 0.0034748425385036775
668.0, 0.0029811508745897696
669.0, 0.0024929919861230985
670.0, 0.002667837510544245
671.0, 0.0027269359106529105
672.0, 0.0018432674550811386
673.0, 0.0012689696782256059
674.0, 0.0017790289088163115
675.0, 0.002499975777089285
676.0, 0.0016045175953837065
677.0, 0.0016256407606468316
678.0, 0.002633509648357432
679.0, 0.003301983239928078
680.0, 0.004452418301362834
681.0, 0.005457183296379225
682.0, 0.005379660901557512
683.0, 0.005861673517804556
684.0, 0.00836574689412492
685.0, 0.008548519910475602
686.0, 0.009980088054542112
687.0, 0.009554322365639053
688.0, 0.0062396590526788785
689.0, 0.003638153438734623
690.0, 0.00374521742307782
691.0, 0.0030894224166873306
692.0, 0.0027210821425466417
693.0, 0.004526816897158208
694.0, 0.004944196191927187
695.0, 0.004317900845088377
696.0, 0.005275226474442302
697.0, 0.00648436324138026
698.0, 0.007740600466671932
699.0, 0.00804305452288793
700.0, 0.00898710143305773
701.0, 0.010747915383826993
702.0, 0.012689156129016324
703.0, 0.012678914593575051
704.0, 0.009709525572636305
705.0, 0.009680782647977847
706.0, 0.005059187189557461
707.0, 0.003076878063379449
708.0, 0.002142247132307139
709.0, 0.0011856909705447157
710.0, 0.0003176391681124883
711.0, 0.00026975693031686284
712.0, 0.001556956889069909
713.0, 0.0011036398414402382
714.0, 7.52439882619653e-05
715.0, 0.00034539785667635637
716.0, 0.0008444304583063069
717.0, 0.0012711187770545022
718.0, 0.00031578743975051215
719.0, 0.00018682945599175088
720.0, 0.0010236535551199264
721.0, 0.0017713723377766788
722.0, 0.0010829802780611532
723.0, 0.0014394654747119354
724.0, 0.003408053226109238
725.0, 0.004274010136591552
726.0, 0.004185047405762972
727.0, 0.006039256406708207
728.0, 0.004290690795830294
729.0, 0.005321335918888843
730.0, 0.006164516822478226
731.0, 0.005470640583844983
732.0, 0.0037743871877167737
733.0, 0.0020941494670387306
734.0, 0.0013601566341897504
735.0, 0.001710514754498593
736.0, 0.000688596273829841
737.0, 0.0006982478001537788
738.0, 0.0008626649109217141
739.0, 0.0005931288541996226
740.0, 0.00011592617916769629
741.0, 0.00022517967296938252
742.0, 0.0008726665059834947
743.0, 0.0003924950919229426
744.0, 5.190746002300668e-05
745.0, 0.0006828840292375019
746.0, 0.000840736381543708
747.0, 0.00026791450305759976
748.0, 0.0005287690940307209
749.0, 0.00014461408674568336
750.0, 0.0006077346406845196
751.0, 0.0009857565021136902
752.0, 0.0007036994566515313
753.0, 0.0001619407005234815
754.0, 0.0005885173671054204
755.0, 0.001111374155660071
756.0, 0.001322873281521845
757.0, 0.002076693584344083
758.0, 0.0038191632701920766
759.0, 0.004870794296632791
760.0, 0.0060081953202545885
761.0, 0.008262343980463934
762.0, 0.009921895419007712
763.0, 0.010849926154205141
764.0, 0.01206420993344992
765.0, 0.01299972723790402
766.0, 0.012015679959448402
767.0, 0.010752427211830765
768.0, 0.008737231403599376
769.0, 0.008449225532590955
770.0, 0.008135098018814246
771.0, 0.009702171793551323
772.0, 0.012814908455220464
773.0, 0.015519282080297528
774.0, 0.018441898483850503
775.0, 0.022751268166634996
776.0, 0.024473200123660995
777.0, 0.02481179892390988
778.0, 0.022852092399648413
779.0, 0.018572520454871833
780.0, 0.015583129256114896
781.0, 0.014838892867950296
782.0, 0.013524601846638163
783.0, 0.01366026077998705
784.0, 0.01606274405850374
785.0, 0.019233719059648657
786.0, 0.018880625587457952
787.0, 0.01771935465038366
788.0, 0.015040073021413174
789.0, 0.010764485192500747
790.0, 0.0076497843766618456
791.0, 0.005771548025931255
792.0, 0.004698433299733755
793.0, 0.004875863354586327
794.0, 0.004559826505811033
795.0, 0.0035831452325979936
796.0, 0.002411755523372483
797.0, 0.0015908524730395262
798.0, 0.0013683977366375488
799.0, 0.001293948386100585
800.0, 0.002002748422377669
801.0, 0.0032001734232821764
802.0, 0.004490804008620051
803.0, 0.0054435268214249885
804.0, 0.005221975335758307
805.0, 0.004947167458670288
806.0, 0.00519864523834029
807.0, 0.004737595164868073
808.0, 0.0031426467528011164
809.0, 0.0026083367625822857
810.0, 0.0017663893521055257
811.0, 0.001799139173899936
812.0, 0.0015631704249354861
813.0, 0.000490638987870728
814.0, 0.00020304255970842434
815.0, 0.00039894820678669686
816.0, 0.0006521439873247103
817.0, 0.0005858296202835171
818.0, 0.0003627557124753438
819.0, 0.0007828465629763639
820.0, 0.0004724730686698906
821.0, 6.193580985425212e-05
822.0, 0.00011039929350221186
823.0, 0.00010943224089610555
824.0, 0.0005461076082747304
825.0, 0.00022778525033302532
826.0, 0.0007225381181067113
827.0, 0.0006912260700592387
828.0, 0.000611788631352956
829.0, 0.0005161813308519488
830.0, 0.0013451491207845166
831.0, 0.0004234791313484594
832.0, 0.0002950377433141694
833.0, 0.000492855822217508
834.0, 0.0008054265739728598
835.0, 0.0005889648139826196
836.0, 0.0010551208234963762
837.0, 0.0011258043993307393
838.0, 0.00027535537847529643
839.0, 0.00023809002145365888
840.0, 0.00015259367332601565
841.0, 0.00036264405316032246
842.0, 0.0010213600628034044
843.0, 0.0013719393276983335
844.0, 0.00048360478512850464
845.0, 0.00013517756139683331
846.0, 0.00014260784653529127
847.0, 0.0012762585764573326
848.0, 0.0024599100347935895
849.0, 0.0015012652521722292
850.0, 0.0010205714610686534
851.0, 0.0023543798737456646
852.0, 0.0011274388915647688
853.0, 0.0016650093207003103
854.0, 0.0035065175051458173
855.0, 0.00422189616483405
856.0, 0.005326642176631801
857.0, 0.005727754244514385
858.0, 0.006377780627202906
859.0, 0.007568898536222842
860.0, 0.009157531757997732
861.0, 0.012106470575607807
862.0, 0.012896734902610759
863.0, 0.014595463223210718
864.0, 0.019238602814451902
865.0, 0.023122388176766675
866.0, 0.02960428967657054
867.0, 0.039794311924898636
868.0, 0.054066638247502706
869.0, 0.07570698120625503
870.0, 0.10789106646680152
871.0, 0.15223017182211968
872.0, 0.21793316295913534
873.0, 0.3005383457787306
874.0, 0.4036342302312101
875.0, 0.5283782542159797
876.0, 0.6753321201954645
877.0, 0.8422917501824658
878.0, 0.9747143190294005
879.0, 0.9590293520030159
880.0, 0.749742636674298
881.0, 0.4902501558370409
882.0, 0.2991691555055837
883.0, 0.18939068039192958
884.0, 0.12754224725237379
885.0, 0.0900366191887454
886.0, 0.06877343380214357
887.0, 0.05506012574741489
888.0, 0.04449233605642357
889.0, 0.03765922547667342
890.0, 0.03083131703428792
891.0, 0.028808756604225653
892.0, 0.023381110346071318
893.0, 0.020380418612567147
894.0, 0.01939569039334099
895.0, 0.01664330361723822
896.0, 0.014449807067825797
897.0, 0.01303468098938509
898.0, 0.011860112139427594
899.0, 0.01134042721423034
900.0, 0.01009377232626847
901.0, 0.008854012384012098
902.0, 0.009196837741246255
903.0, 0.009128880958401041
904.0, 0.008588256345669315
905.0, 0.00837316897991483
906.0, 0.008841749406970571
907.0, 0.00990934193416281
908.0, 0.01200140580424115
909.0, 0.015224110857811148
910.0, 0.0180675139375988
911.0, 0.0209443507499011
912.0, 0.026516191289215923
913.0, 0.03268511349435366
914.0, 0.039075548489198975
915.0, 0.0488666325774045
916.0, 0.05450369218092382
917.0, 0.054171336415859916
918.0, 0.048780536717945244
919.0, 0.040046204416864094
920.0, 0.03253861843245542
921.0, 0.027282163964163133
922.0, 0.028272916911205176
923.0, 0.0282844639771665
924.0, 0.028078805542157064
925.0, 0.024215928431666173
926.0, 0.019564615713211535
927.0, 0.013378997417446858
928.0, 0.011008445137600475
929.0, 0.010872976491882225
930.0, 0.010185005647757508
931.0, 0.014520284679586375
932.0, 0.017040119210649376
933.0, 0.02147115027782761
934.0, 0.023050605011526545
935.0, 0.027446600107258263
936.0, 0.03280446984529125
937.0, 0.035641245818006664
938.0, 0.03712217938251524
939.0, 0.03422625454884044
940.0, 0.02802494304595363
941.0, 0.024385253866976975
942.0, 0.022343120670100726
943.0, 0.022292072382028946
944.0, 0.02604942752636092
945.0, 0.032415289797056115
946.0, 0.04008537438231731
947.0, 0.04905453541910406
948.0, 0.060874107831692524
949.0, 0.07357843077067147
950.0, 0.08002602556578067
951.0, 0.0743278062316905
952.0, 0.05811016111696705
953.0, 0.03884699181711261
954.0, 0.02590219608085702
955.0, 0.017105430889859767
956.0, 0.010653024095068186
957.0, 0.007056419910083549
958.0, 0.004746809403132347
959.0, 0.004673333966263673
960.0, 0.0034466616640802424
961.0, 0.002160227644629584
962.0, 0.0018893492677502944
963.0, 0.0015671959195641307
964.0, 0.001937344063470337
965.0, 0.0007272467838426464
966.0, 0.0002905489628883529
967.0, 0.0012484821236711115
968.0, 0.00028877814021436763
969.0, 0.000215598040663294
970.0, 8.27795950311267e-05
971.0, 0.00096198872553256
972.0, 0.0006858692234634576
973.0, 0.0007504338651603856
974.0, 0.000715183479782538
975.0, 0.0003357564451088109
976.0, 0.00026597913388854864
977.0, 0.0006164938115551276
978.0, 0.0011263301308416587
979.0, 0.0007595596376094315
980.0, 0.0010667193511150837
981.0, 0.0010523377042106232
982.0, 0.0011388082414639565
983.0, 0.0004952654373530308
984.0, 0.0009636580475534291
985.0, 0.0013298922164710395
986.0, 0.0010116873779932674
987.0, 0.0014579078997126011
988.0, 0.0014840390096524944
989.0, 0.0006592241038876126
990.0, 0.0017431356938014827
991.0, 0.0026916174886705067
992.0, 0.0016790095213440217
993.0, 0.002066849598498333
994.0, 0.003982748465431664
995.0, 0.002901950716390754
996.0, 0.00215647992943774
997.0, 0.002125952266220076
998.0, 0.001904917115490441
999.0, 0.002356376536424928
1000.0, 0.002242507592020358
1001.0, 0.0018900404609491933
1002.0, 0.0027114040463243894
1003.0, 0.002464523867411128
1004.0, 0.0026417515530373476
1005.0, 0.003776434592081133
1006.0, 0.005273591033251156
1007.0, 0.003582485474659203
1008.0, 0.005753989988188938
1009.0, 0.009377887046228309
1010.0, 0.009765740759457419
1011.0, 0.0088963372977108
1012.0, 0.0091030605831915
1013.0, 0.009751644819964597
1014.0, 0.010320769080734376
1015.0, 0.010724068476818463
1016.0, 0.010682766216902482
1017.0, 0.013394177539121258
1018.0, 0.012268597294771698
1019.0, 0.011491997892891116
1020.0, 0.011951670441954013
1021.0, 0.011683704857941462
1022.0, 0.009011781822776854
1023.0, 0.007220561402954681
1024.0, 0.005676568709763897
1025.0, 0.0032340673393305834
1026.0, 0.0033826803140354655
1027.0, 0.00296744635021447
1028.0, 0.0021616275129391184
1029.0, 0.002710158948657653
1030.0, 0.0033180396320284414
1031.0, 0.0031228359313876897
1032.0, 0.002142506865134946
1033.0, 0.001557425226450388
1034.0, 0.0006960486894498791
1035.0, 0.0024080333447265125
1036.0, 0.002717589022056387
1037.0, 0.0011687548263110289
1038.0, 0.0012869140848034515
1039.0, 0.001722588479438609
1040.0, 0.0013301685452560804
1041.0, 0.0007631152384712627
1042.0, 0.00273593610092757
1043.0, 0.0013075089259968018
1044.0, 0.0014299561165142156
1045.0, 0.0006955913830459827
1046.0, 0.0002519687706898202
1047.0, 0.0007878605848066813
1048.0, 0.0017691351106760538
1049.0, 0.0007570309384732442
1050.0, 0.0008314445472748133
1051.0, 0.0008368940538567571
1052.0, 0.0017515269887737244
1053.0, 0.0013203698750723653
1054.0, 0.0003242859916893466
1055.0, 0.001660035176989708
1056.0, 0.0011451131862165304
1057.0, 0.0006780926283788886
1058.0, 0.001498289837900625
1059.0, 0.0013138633253396072
1060.0, 0.000608612656029608
1061.0, 0.0009808675040766616
1062.0, 0.00039849228550785257
1063.0, 0.0006049547859020617
1064.0, 0.0005909328523928254
1065.0, 0.0007264909667448795
1066.0, 0.0007763719438566433
1067.0, 0.0017529092533933167
1068.0, 0.0009226559286956123
1069.0, 0.0009948274653199236
1070.0, 0.002644390973492748
1071.0, 0.0005574729294829527
1072.0, 0.0003252241915010075
1073.0, 0.0016788253129680984
1074.0, 0.0021316577481998596
1075.0, 0.0020789219966699302
1076.0, 0.0020410675998184806
1077.0, 0.0017467112633773561
1078.0, 0.0013217500282337602
1079.0, 0.00088449213341441
1080.0, 0.0013795663736129171
1081.0, 0.0008370235145213388
1082.0, 0.0001191945012416947
1083.0, 0.0008075334572442252
1084.0, 0.0011376626208236254
1085.0, 0.0019529100907723202
1086.0, 0.0011577899427336722
1087.0, 0.0012588016389780121
1088.0, 0.000637183493493129
1089.0, 0.000895775638739598
1090.0, 0.0012676417910539495
1091.0, 0.0006639092243163089
1092.0, 0.0013795738924583497
1093.0, 0.0012775088232921546
1094.0, 0.0003337869071885903
1095.0, 0.00048356849723818674
1096.0, 0.0014327142909227619
1097.0, 0.0015717510049165068
1098.0, 0.0010677247409393226
1099.0, 0.0012422919955902192
1100.0, 0.0012523323879658614
1101.0, 0.0007294037325273655
1102.0, 0.0010601091338335298
1103.0, 0.00106818833152432
1104.0, 0.0020818745804251702
1105.0, 0.0023948719033227506
1106.0, 5.574221268581634e-05
1107.0, 0.0014840584662775542
1108.0, 0.002523209272577703
1109.0, 0.0007032974456091115
1110.0, 0.0009562734225013266
1111.0, 0.0010413196616478198
1112.0, 0.0021042315241195666
1113.0, 0.0012105893172266644
1114.0, 0.00034651081983197424
1115.0, 0.0005806639890137023
1116.0, 0.0004572698272702541
1117.0, 0.0014481376664987348
1118.0, 0.002626514118740555
1119.0, 0.002306735653386605
1120.0, 0.0006522176021131102
1121.0, 0.0020194271977509023
1122.0, 0.0020740390207995584
1123.0, 0.00204247357164769
1124.0, 0.000726686895870116
1125.0, 0.001122821697500781
1126.0, 0.0010540882365842293
1127.0, 0.0009882841062568944
1128.0, 0.0018249625697024684
1129.0, 0.0014725077427375775
1130.0, 0.00019673309315467109
1131.0, 0.000539763010219079
1132.0, 0.0014229089250010446
1133.0, 0.0009513436894853576
1134.0, 0.0008693795199553752
1135.0, 0.0015427849238876866
1136.0, 0.0014477726607963757
1137.0, 0.001200691025803023
1138.0, 0.001578255332014904
1139.0, 0.0017071482242050956
1140.0, 0.0003198941340783969
1141.0, 0.0028400067108613697
1142.0, 0.001052281360320791
1143.0, 0.0017288424755692031
1144.0, 0.0023390435323293
1145.0, 0.0013344824563056817
1146.0, 0.001957616587790824
1147.0, 0.0010103384788510343
1148.0, 6.404817494812904e-05
1149.0, 0.0004943144481453543
1150.0, 0.00025156215380082374
1151.0, 0.0003271830427181998
1152.0, 0.00037997478656801606
1153.0, 0.0002498863945046418
1154.0, 0.0013232908612218074
1155.0, 0.0016571527609714456
1156.0, 0.0008325191389190424
1157.0, 0.0003878029806455139
1158.0, 0.0005691073957873327
1159.0, 0.0005083648503178347
1160.0, 0.0008595299466027242
1161.0, 0.000114897305657849
1162.0, 0.00013100364142702275
1163.0, 0.0012789164169595513
1164.0, 0.0013125354859094087
1165.0, 0.0019003831122023295
1166.0, 0.000476825824409688
1167.0, 0.0005243127787016025
1168.0, 0.00014637341585137475
1169.0, 0.00041521655604739383
1170.0, 0.0023155540238242746
1171.0, 0.0023400942276420155
1172.0, 0.002029460826167554
1173.0, 0.0018926946050167386
1174.0, 0.000879905313556149
1175.0, 0.00043283852319365757
1176.0, 0.0009446090800432037
1177.0, 0.0018222059742534842
1178.0, 0.0023943599503342123
1179.0, 0.0014752665441796825
1180.0, 0.0014243360847875208
1181.0, 0.001471256637109856
1182.0, 0.0007197805848168506
1183.0, 0.0014977437449293965
1184.0, 0.0015682541981733575
1185.0, 0.0022547380004581206
1186.0, 0.0006786414386764517
1187.0, 0.001623761060660017
1188.0, 0.001225624241879856
1189.0, 0.00218567924685763
1190.0, 0.0028402407545178917
1191.0, 0.0021653934432783032
1192.0, 0.0003777344248963832
1193.0, 0.001820389870998622
1194.0, 0.002431240823870893
1195.0, 0.001247425553686371
1196.0, 0.002122776467693784
1197.0, 0.003489295337704149
1198.0, 0.002486136519364541
1199.0, 0.0010860613670258597
1200.0, 0.0005961755928397734
1201.0, 0.0009173141051423303
1202.0, 0.0013779268690929513
1203.0, 0.0005417785112609679
1204.0, 0.000727312863371249
1205.0, 0.00011202532863861727
1206.0, 0.00041392800561230894
1207.0, 0.0020528326349916167
1208.0, 0.001867731276320147
1209.0, 0.0021364304329356035
1210.0, 0.002492189869703016
1211.0, 0.0023969017358642973
1212.0, 0.001294571446793552
1213.0, 0.0009082230221921849
1214.0, 0.002191576902255721
1215.0, 0.0022922752961490756
1216.0, 0.0020991079585389438
1217.0, 0.0026377900276194563
1218.0, 0.0025047276106857862
1219.0, 0.0022114849592397125
1220.0, 0.0017039342318869333
1221.0, 0.00040443143957815086
1222.0, 0.0003430795830235432
1223.0, 0.0021310028139557647
1224.0, 0.0016835084963406613
1225.0, 0.00043338550446265616
1226.0, 0.0010038730360679518
1227.0, 0.001625607661121726
1228.0, 0.0015964795234024605
1229.0, 0.0015758939765381475
1230.0, 0.0009650924253092621
1231.0, 8.94719430744556e-05
1232.0, 0.0008504028659155804
1233.0, 0.0015234074863734687
1234.0, 0.0009787052042219537
1235.0, 0.0016723515411272809
1236.0, 0.0006665133132024733
1237.0, 0.0005486432759964419
1238.0, 0.0009967089230075007
1239.0, 0.0010373677213249592
1240.0, 0.00030099800059193147
1241.0, 0.002873120417347013
1242.0, 0.002299195722353137
1243.0, 0.0017824148394739309
1244.0, 9.084549570589158e-05
1245.0, 0.001600875207385618
1246.0, 0.0024489578897009573
1247.0, 0.0028048680968425638
1248.0, 0.0024965494503319
1249.0, 0.002441618311493158
1250.0, 0.0016917331370359377
1251.0, 0.0013814019413367388
1252.0, 0.0005097218846459506
1253.0, 0.00011199656291265242
1254.0, 0.0012996992481868782
1255.0, 0.0021139424169667517
1256.0, 0.0019390031974871303
1257.0, 0.0008685918188999107
1258.0, 4.963487519484176e-06
1259, 0.0
1260, 0.0
1261, 0.0
1262, 0.0
1263, 0.0
1264, 0.0
1265, 0.0
1266, 0.0
1267, 0.0
1268, 0.0
1269, 0.0
1270, 0.0
1271, 0.0
1272, 0.0
1273, 0.0
1274, 0.0
1275, 0.0
1276, 0.0
1277, 0.0
1278, 0.0
1279, 0.0
1280, 0.0
1281, 0.0
1282, 0.0
1283, 0.0
1284, 0.0
1285, 0.0
1286, 0.0
1287, 0.0
1288, 0.0
1289, 0.0
1290, 0.0
1291, 0.0
1292, 0.0
1293, 0.0
1294, 0.0
1295, 0.0
1296, 0.0
1297, 0.0
1298, 0.0
1299, 0.0
1300, 0.0
1301, 0.0
1302, 0.0
1303, 0.0
1304, 0.0
1305, 0.0
1306, 0.0
1307, 0.0
1308, 0.0
1309, 0.0
1310, 0.0
1311, 0.0
1312, 0.0
1313, 0.0
1314, 0.0
1315, 0.0
1316, 0.0
1317, 0.0
1318, 0.0
1319, 0.0
1320, 0.0
1321, 0.0
1322, 0.0
1323, 0.0
1324, 0.0
1325, 0.0
1326, 0.0
1327, 0.0
1328, 0.0
1329, 0.0
1330, 0.0
1331, 0.0
1332, 0.0
1333, 0.0
1334, 0.0
1335, 0.0
1336, 0.0
1337, 0.0
1338, 0.0
1339, 0.0
1340, 0.0
1341, 0.0
1342, 0.0
1343, 0.0
1344, 0.0
1345, 0.0
1346, 0.0
1347, 0.0
1348, 0.0
1349, 0.0
1350, 0.0
1351, 0.0
1352, 0.0
1353, 0.0
1354, 0.0
1355, 0.0
1356, 0.0
1357, 0.0
1358, 0.0
1359, 0.0
1360, 0.0
1361, 0.0
1362, 0.0
1363, 0.0
1364, 0.0
1365, 0.0
1366, 0.0
1367, 0.0
1368, 0.0
1369, 0.0
1370, 0.0
1371, 0.0
1372, 0.0
1373, 0.0
1374, 0.0
1375, 0.0
1376, 0.0
1377, 0.0
1378, 0.0
1379, 0.0
1380, 0.0
1381, 0.0
1382, 0.0
1383, 0.0
1384, 0.0
1385, 0.0
1386, 0.0
1387, 0.0
1388, 0.0
1389, 0.0
1390, 0.0
1391, 0.0
1392, 0.0
1393, 0.0
1394, 0.0
1395, 0.0
1396, 0.0
1397, 0.0
1398, 0.0
1399, 0.0
1400, 0.0
1401, 0.0
1402, 0.0
1403, 0.0
1404, 0.0
1405, 0.0
1406, 0.0
1407, 0.0
1408, 0.0
1409, 0.0
1410, 0.0
1411, 0.0
1412, 0.0
1413, 0.0
1414, 0.0
1415, 0.0
1416, 0.0
1417, 0.0
1418, 0.0
1419, 0.0
1420, 0.0
1421, 0.0
1422, 0.0
1423, 0.0
1424, 0.0
1425, 0.0
1426, 0.0
1427, 0.0
1428, 0.0
1429, 0.0
1430, 0.0
1431, 0.0
1432, 0.0
1433, 0.0
1434, 0.0
1435, 0.0
1436, 0.0
1437, 0.0
1438, 0.0
1439, 0.0
1440, 0.0
1441, 0.0
1442, 0.0
1443, 0.0
1444, 0.0
1445, 0.0
1446, 0.0
1447, 0.0
1448, 0.0
1449, 0.0
1450, 0.0
1451, 0.0
1452, 0.0
1453, 0.0
1454, 0.0
1455, 0.0
1456, 0.0
1457, 0.0
1458, 0.0
1459, 0.0
1460, 0.0
1461, 0.0
1462, 0.0
1463, 0.0
1464, 0.0
1465, 0.0
1466, 0.0
1467, 0.0
1468, 0.0
1469, 0.0
1470, 0.0
1471, 0.0
1472, 0.0
1473, 0.0
1474, 0.0
1475, 0.0
1476, 0.0
1477, 0.0
1478, 0.0
1479, 0.0
1480, 0.0
1481, 0.0
1482, 0.0
1483, 0.0
1484, 0.0
1485, 0.0
1486, 0.0
1487, 0.0
1488, 0.0
1489, 0.0
1490, 0.0
1491, 0.0
1492, 0.0
1493, 0.0
1494, 0.0
1495, 0.0
1496, 0.0
1497, 0.0
1498, 0.0
1499, 0.0
1500, 0.0
1501, 0.0
1502, 0.0
1503, 0.0
1504, 0.0
1505, 0.0
1506, 0.0
1507, 0.0
1508, 0.0
1509, 0.0
1510, 0.0
1511, 0.0
1512, 0.0
1513, 0.0
1514, 0.0
1515, 0.0
1516, 0.0
1517, 0.0
1518, 0.0
1519, 0.0
1520, 0.0
1521, 0.0
1522, 0.0
1523, 0.0
1524, 0.0
1525, 0.0
1526, 0.0
1527, 0.0
1528, 0.0
1529, 0.0
1530, 0.0
1531, 0.0
1532, 0.0
1533, 0.0
1534, 0.0
1535, 0.0
1536, 0.0
1537, 0.0
1538, 0.0
1539, 0.0
1540, 0.0
1541, 0.0
1542, 0.0
1543, 0.0
1544, 0.0
1545, 0.0
1546, 0.0
1547, 0.0
1548, 0.0
1549, 0.0
1550, 0.0
1551, 0.0
1552, 0.0
1553, 0.0
1554, 0.0
1555, 0.0
1556, 0.0
1557, 0.0
1558, 0.0
1559, 0.0
1560, 0.0
1561, 0.0
1562, 0.0
1563, 0.0
1564, 0.0
1565, 0.0
1566, 0.0
1567, 0.0
1568, 0.0
1569, 0.0
1570, 0.0
1571, 0.0
1572, 0.0
1573, 0.0
1574, 0.0
1575, 0.0
1576, 0.0
1577, 0.0
1578, 0.0
1579, 0.0
1580, 0.0
1581, 0.0
1582, 0.0
1583, 0.0
1584, 0.0
1585, 0.0
1586, 0.0
1587, 0.0
1588, 0.0
1589, 0.0
1590, 0.0
1591, 0.0
1592, 0.0
1593, 0.0
1594, 0.0
1595, 0.0
1596, 0.0
1597, 0.0
1598, 0.0
1599, 0.0
