30, 0.0
31, 0.0
32, 0.0
33, 0.0
34, 0.0
35, 0.0
36, 0.0
37, 0.0
38, 0.0
39, 0.0
40, 0.0
41, 0.0
42, 0.0
43, 0.0
44, 0.0
45, 0.0
46, 0.0
47, 0.0
48, 0.0
49, 0.0
50, 0.0
51, 0.0
52, 0.0
53, 0.0
54, 0.0
55, 0.0
56, 0.0
57, 0.0
58, 0.0
59, 0.0
60, 0.0
61, 0.0
62, 0.0
63, 0.0
64, 0.0
65, 0.0
66, 0.0
67, 0.0
68, 0.0
69, 0.0
70, 0.0
71, 0.0
72, 0.0
73, 0.0
74, 0.0
75, 0.0
76, 0.0
77, 0.0
78, 0.0
79, 0.0
80, 0.0
81, 0.0
82, 0.0
83, 0.0
84, 0.0
85, 0.0
86, 0.0
87, 0.0
88, 0.0
89, 0.0
90, 0.0
91, 0.0
92, 0.0
93, 0.0
94, 0.0
95, 0.0
96, 0.0
97, 0.0
98, 0.0
99, 0.0
100, 0.0
101, 0.0
102, 0.0
103, 0.0
104, 0.0
105, 0.0
106, 0.0
107, 0.0
108, 0.0
109, 0.0
110, 0.0
111, 0.0
112, 0.0
113, 0.0
114, 0.0
115, 0.0
116, 0.0
117, 0.0
118, 0.0
119, 0.0
120, 0.0
121, 0.0
122, 0.0
123, 0.0
124, 0.0
125, 0.0
126, 0.0
127, 0.0
128, 0.0
129, 0.0
130, 0.0
131, 0.0
132, 0.0
133, 0.0
134, 0.0
135, 0.0
136, 0.0
137, 0.0
138.0, 0.0007918160738541464
139.0, 0.005048891739736491
140.0, 0.0012253582958582428
141.0, 0.0005283837154789219
142.0, 0.0008367423886703858
143.0, 0.000787237457471138
144.0, 0.0007123252879028207
145.0, 0.0039206312378065565
146.0, 0.00942994285456065
147.0, 0.014973218628749676
148.0, 0.02134135469982759
149.0, 0.03053166141554123
150.0, 0.044680872435317244
151.0, 0.0708614273884896
152.0, 0.10921828921439092
153.0, 0.16338112441444086
154.0, 0.23252380209732187
155.0, 0.30865243866009967
156.0, 0.3528407798182385
157.0, 0.3310235884968502
158.0, 0.26559631252675
159.0, 0.1877519553215887
160.0, 0.12807887148694272
161.0, 0.08677862651292549
162.0, 0.06571437335835069
163.0, 0.05230287295447447
164.0, 0.04364788713807332
165.0, 0.04014802252120287
166.0, 0.045315353785525474
167.0, 0.04899966066671071
168.0, 0.05946218267195079
169.0, 0.07466265795757462
170.0, 0.09550329759425405
171.0, 0.12585319631900008
172.0, 0.17141929457259647
173.0, 0.24010895349999578
174.0, 0.320102287851399
175.0, 0.3915903185240987
176.0, 0.42863344548605514
177.0, 0.3932366473866673
178.0, 0.3056676164333785
179.0, 0.22398136554997566
180.0, 0.15890110029469146
181.0, 0.11191227837869266
182.0, 0.07847755884940348
183.0, 0.05807783866743075
184.0, 0.04081381218470953
185.0, 0.029714079877898758
186.0, 0.02270500072673414
187.0, 0.017839254631841658
188.0, 0.020685324679098366
189.0, 0.012597480225308726
190.0, 0.011306829189005269
191.0, 0.01046217497732849
192.0, 0.007605506702741536
193.0, 0.006879215750988882
194.0, 0.006311866874804169
195.0, 0.005023909325210977
196.0, 0.007269347546260123
197.0, 0.010398269630257207
198.0, 0.010899353815569224
199.0, 0.011216316264035329
200.0, 0.013417984050264387
201.0, 0.01487559078139219
202.0, 0.017951633638161556
203.0, 0.02222841084432324
204.0, 0.024399150029091717
205.0, 0.028142927444592018
206.0, 0.02795854775866286
207.0, 0.03348381040166732
208.0, 0.043977163688662085
209.0, 0.05493599195818051
210.0, 0.06192664340941918
211.0, 0.08991977038398538
212.0, 0.10468709287495533
213.0, 0.12499958300802422
214.0, 0.15610464589928486
215.0, 0.189385247344868
216.0, 0.23671650526637225
217.0, 0.2953444280757457
218.0, 0.35433859885330127
219.0, 0.4031015365817319
220.0, 0.43182911991863204
221.0, 0.43243456989088186
222.0, 0.39220204928952623
223.0, 0.3366523916175204
224.0, 0.2789641931745503
225.0, 0.2236240493993974
226.0, 0.1710634429148527
227.0, 0.13675069155283182
228.0, 0.1070780644593772
229.0, 0.0851994187589882
230.0, 0.06725713336037271
231.0, 0.051263993425341395
232.0, 0.04019390538754481
233.0, 0.034609430978753145
234.0, 0.026229931739620887
235.0, 0.019860347873010668
236.0, 0.016313627840362582
237.0, 0.014099964724928297
238.0, 0.010687395503847424
239.0, 0.009745807231580292
240.0, 0.008992467807957216
241.0, 0.008235778809067777
242.0, 0.007444390356362792
243.0, 0.006860826142217023
244.0, 0.009902777859986616
245.0, 0.011501994883292838
246.0, 0.012221031593782024
247.0, 0.01258948982376554
248.0, 0.012911686218333673
249.0, 0.013019653224667648
250.0, 0.011462600771490814
251.0, 0.00992304694131692
252.0, 0.008672204409403476
253.0, 0.008260995234829647
254.0, 0.008469913863753082
255.0, 0.005188152971286556
256.0, 0.005583201529223482
257.0, 0.003177468778761365
258.0, 0.003894116308029507
259.0, 0.007650694084166907
260.0, 0.007416462188977624
261.0, 0.006768060228213409
262.0, 0.0047879398008859025
263.0, 0.002538275854082919
264.0, 0.0016455304905126436
265.0, 0.0025657895984891738
266.0, 0.003267235557533191
267.0, 0.004077222811881394
268.0, 0.0043168224646620255
269.0, 0.004385982554970652
270.0, 0.004026228858913128
271.0, 0.003176634827231361
272.0, 0.003788767478905533
273.0, 0.003969263382271594
274.0, 0.004828447685860054
275.0, 0.0031251856126650345
276.0, 0.00030136026944715917
277.0, 0.0010854133638517846
278.0, 0.0010749199740186651
279.0, 0.0008826338564526824
280.0, 0.0007877039515841127
281.0, 0.001871565638185399
282.0, 0.003978278913089171
283.0, 0.005111470017726286
284.0, 0.006344928888873005
285.0, 0.007323625868669812
286.0, 0.008475324588848416
287.0, 0.009487351270184506
288.0, 0.010208531703666148
289.0, 0.011489276612289176
290.0, 0.013874939728075335
291.0, 0.015594674656161229
292.0, 0.017679845525155162
293.0, 0.020079318882939477
294.0, 0.022352812667152725
295.0, 0.02530122279694116
296.0, 0.028031906662723583
297.0, 0.030534846493371636
298.0, 0.03431395930025921
299.0, 0.03733127540139345
300.0, 0.03574496150687416
301.0, 0.034166204011384996
302.0, 0.030143426346579464
303.0, 0.025644135181576762
304.0, 0.022090627722200933
305.0, 0.018892633836094113
306.0, 0.013566219496801823
307.0, 0.009170686481081882
308.0, 0.008366987312652839
309.0, 0.00870251968069156
310.0, 0.008452632678564623
311.0, 0.006954944336160467
312.0, 0.005128168234382309
313.0, 0.007269074169438623
314.0, 0.004943744126194059
315.0, 0.0041273298548757465
316.0, 0.004945580090183683
317.0, 0.005743665658466252
318.0, 0.006547419976392539
319.0, 0.006662549654525812
320.0, 0.0068913088433533365
321.0, 0.007164837879502137
322.0, 0.008041533002014963
323.0, 0.009781597679846526
324.0, 0.01072490152267391
325.0, 0.014591365545927644
326.0, 0.016809461779849905
327.0, 0.01935941239422971
328.0, 0.0228613451150786
329.0, 0.02622318690084368
330.0, 0.026386713588201476
331.0, 0.029770413536782746
332.0, 0.029470780918600895
333.0, 0.029644052592393194
334.0, 0.031298837674144465
335.0, 0.03256394341382077
336.0, 0.03578227712484654
337.0, 0.03835273447922719
338.0, 0.038201213280221614
339.0, 0.039405871753285714
340.0, 0.041287067979167806
341.0, 0.038732647518339255
342.0, 0.03338441478615102
343.0, 0.030816335293871722
344.0, 0.029312476707302148
345.0, 0.028384319264870006
346.0, 0.026965818819137084
347.0, 0.023945552972094115
348.0, 0.024411280182220246
349.0, 0.025168524947872358
350.0, 0.024611172741752858
351.0, 0.02465082477227221
352.0, 0.0242697628255741
353.0, 0.019384097485196684
354.0, 0.019396968797048587
355.0, 0.018955817526890108
356.0, 0.016932205843225787
357.0, 0.015671697617116075
358.0, 0.01548784071929037
359.0, 0.01380621472010007
360.0, 0.018063439278537093
361.0, 0.017468840348618134
362.0, 0.01794654572829088
363.0, 0.01965713631448041
364.0, 0.021583499791845373
365.0, 0.02311359712333697
366.0, 0.0233144667372887
367.0, 0.023256331799264087
368.0, 0.022062876131659276
369.0, 0.02207418778322226
370.0, 0.023109897524566526
371.0, 0.02110928096987995
372.0, 0.019145189399122402
373.0, 0.02077179062647853
374.0, 0.02071490791128929
375.0, 0.019348312532992185
376.0, 0.018580991528565082
377.0, 0.020006997625455426
378.0, 0.021956483592477538
379.0, 0.023164624540818024
380.0, 0.022850271817089124
381.0, 0.024588775806904776
382.0, 0.02884810104349302
383.0, 0.03188536608546844
384.0, 0.04003161929624317
385.0, 0.05169350400616732
386.0, 0.06233902752527239
387.0, 0.07289692837706988
388.0, 0.08328413170133371
389.0, 0.09132931899667222
390.0, 0.09787494231057267
391.0, 0.09693163647053832
392.0, 0.08987344375889282
393.0, 0.07967914791117008
394.0, 0.06854203879447437
395.0, 0.057438416352804264
396.0, 0.04888334673064384
397.0, 0.0420349062872669
398.0, 0.03906019121415297
399.0, 0.03395196088879275
400.0, 0.02870217479525684
401.0, 0.030496579458551942
402.0, 0.030876294320175524
403.0, 0.02361484409629248
404.0, 0.024183290782879428
405.0, 0.027902611312293758
406.0, 0.029746682458663815
407.0, 0.028359320242630902
408.0, 0.02959820663224741
409.0, 0.03458780176163072
410.0, 0.034085355171062134
411.0, 0.03324168344657425
412.0, 0.033305199252930295
413.0, 0.03306961159892816
414.0, 0.03369893631225363
415.0, 0.029183051074158667
416.0, 0.02608487307676272
417.0, 0.0209462127584888
418.0, 0.017046424551188145
419.0, 0.01641018602180298
420.0, 0.011073531269221101
421.0, 0.013744765902312016
422.0, 0.009417532872092235
423.0, 0.004921069828567221
424.0, 0.0038065528757207506
425.0, 0.005446932186618066
426.0, 0.005067412401221659
427.0, 0.0022538839981012812
428.0, 0.0019552373739141933
429.0, 0.0040211199947095605
430.0, 0.007500316713370951
431.0, 0.00984782905014928
432.0, 0.00832786306766969
433.0, 0.010187414097141651
434.0, 0.0074114295599002865
435.0, 0.006618529636901978
436.0, 0.008063248417026443
437.0, 0.008770900074518122
438.0, 0.005704452733223061
439.0, 0.0036014434648147147
440.0, 0.0041959082637042806
441.0, 0.0026308306826199855
442.0, 0.0009785779725664226
443.0, 0.0005288133012396601
444.0, 0.001051059817555299
445.0, 0.0008928631070425254
446.0, 0.0005849302264336495
447.0, 0.0015762500059129606
448.0, 0.0015150032145802021
449.0, 0.0015555023149230593
450.0, 0.002384204551687999
451.0, 0.0012729412275675248
452.0, 0.0004576768080103445
453.0, 0.0019615275424108994
454.0, 0.0030607769111640295
455.0, 0.00320987628257454
456.0, 0.00249445220724963
457.0, 0.0011520198689059244
458.0, 0.0002174883774276924
459.0, 0.00013124416818658223
460.0, 0.0011522756116628878
461.0, 0.001012302138577485
462.0, 0.0002969190803089761
463.0, 0.0011835811795895684
464.0, 0.0026170948094106743
465.0, 0.002098067981727534
466.0, 0.0009306396398813812
467.0, 0.0004324634356003476
468.0, 0.0006242611799750166
469.0, 0.0009982783149603443
470.0, 0.0013519536091192684
471.0, 0.0007600583756968893
472.0, 0.0009984961164339276
473.0, 0.0010111298158392021
474.0, 0.0011813957179948845
475.0, 0.001383043611011973
476.0, 0.0008451774866464832
477.0, 0.0014571604906713732
478.0, 0.002500912243145805
479.0, 0.0016923513904986292
480.0, 0.002827794242391689
481.0, 0.0043501853972346665
482.0, 0.0032849637489754968
483.0, 0.0050645314691720456
484.0, 0.004394241001926011
485.0, 0.001585506564400862
486.0, 0.0008387904901306704
487.0, 0.0011432025491654554
488.0, 0.0016718142970110642
489.0, 0.0046889738799174106
490.0, 0.00607160825263865
491.0, 0.0040318298420209805
492.0, 0.001511768888114929
493.0, 0.001140959437204022
494.0, 0.0019857664030283493
495.0, 0.0014638548657399599
496.0, 0.002331726327198481
497.0, 0.004784275977391042
498.0, 0.002368015779472633
499.0, 0.000934528932422156
500.0, 0.0024640976808594055
501.0, 0.004696586139614168
502.0, 0.0028452773202622813
503.0, 0.0003465777605259736
504.0, 0.00039831849395590893
505.0, 0.0008437666629442282
506.0, 0.0028930716629721256
507.0, 0.004571987671195714
508.0, 0.002942948631014474
509.0, 0.005665211317524527
510.0, 0.0044767062979363835
511.0, 0.005518044433505412
512.0, 0.007633046370140318
513.0, 0.00945362146358428
514.0, 0.010146279457381849
515.0, 0.009781328673792626
516.0, 0.01038269360504974
517.0, 0.0068420413068467825
518.0, 0.006047019339340487
519.0, 0.006752744447626451
520.0, 0.007954298679149895
521.0, 0.009648789397026566
522.0, 0.008922675296125723
523.0, 0.01181337402198688
524.0, 0.010812188652721806
525.0, 0.012237954221770713
526.0, 0.014627779611300195
527.0, 0.015231641635772196
528.0, 0.015214346800474036
529.0, 0.015533619332797923
530.0, 0.011177991773510995
531.0, 0.011381600565336979
532.0, 0.011870341141775346
533.0, 0.010218776383933429
534.0, 0.0081256163427049
535.0, 0.009489166779359756
536.0, 0.008833660249147337
537.0, 0.007801139985815087
538.0, 0.006565903630403359
539.0, 0.005246093078513265
540.0, 0.005105428439321884
541.0, 0.007327415709219362
542.0, 0.005796095044620127
543.0, 0.006731682210917985
544.0, 0.004425647803831839
545.0, 0.004939556718087294
546.0, 0.005947485579475945
547.0, 0.004305012158811304
548.0, 0.004556220285408666
549.0, 0.006026348558636252
550.0, 0.006240616912631895
551.0, 0.004958330421446553
552.0, 0.0038853452187835604
553.0, 0.004460395595548857
554.0, 0.0068825686279158325
555.0, 0.009634407353059407
556.0, 0.006008711673536811
557.0, 0.0037526924186341956
558.0, 0.006199998316000951
559.0, 0.006720769510323348
560.0, 0.004417967843913957
561.0, 0.005703011060673243
562.0, 0.001885083518535214
563.0, 0.006048783139793687
564.0, 0.0073344453266119825
565.0, 0.0048796031479604405
566.0, 0.003974564501240818
567.0, 0.007129791361844853
568.0, 0.0086864113178536
569.0, 0.006503999675357727
570.0, 0.0022922956738381742
571.0, 0.0027296059306587254
572.0, 0.003965516159258398
573.0, 0.00411131126529825
574.0, 0.003953002131616291
575.0, 0.004718842298362652
576.0, 0.005438848181265227
577.0, 0.0045981004431710154
578.0, 0.006194760793527201
579.0, 0.007470770777600737
580.0, 0.007464465854827374
581.0, 0.007787061787267984
582.0, 0.009136428951731338
583.0, 0.004024030825785841
584.0, 0.00531068299096428
585.0, 0.006135977549253106
586.0, 0.004349119823474449
587.0, 0.0021336559402037976
588.0, 0.002921544099141411
589.0, 0.004580379752542582
590.0, 0.004676578884783621
591.0, 0.005318209050240015
592.0, 0.005370902931385167
593.0, 0.005865037546097093
594.0, 0.0059311692312187985
595.0, 0.0031913439859626402
596.0, 0.003189142565179426
597.0, 0.004168527770608655
598.0, 0.0017052914534737632
599.0, 0.002832077438828546
600.0, 0.005263761977805785
601.0, 0.005165028611420285
602.0, 0.0036119140634559587
603.0, 0.005990659914556966
604.0, 0.0045275319051016226
605.0, 0.003269275273145803
606.0, 0.0030514510829303815
607.0, 0.0035497648925599933
608.0, 0.004237645354285301
609.0, 0.005072554313057052
610.0, 0.006402044809219603
611.0, 0.007138990054462926
612.0, 0.007163652112322325
613.0, 0.0066793475269348096
614.0, 0.008295750600969584
615.0, 0.011820466913955089
616.0, 0.012342137310547893
617.0, 0.014863710840880888
618.0, 0.017876020263041657
619.0, 0.016031507663916884
620.0, 0.01600038073027288
621.0, 0.01714929285774908
622.0, 0.017985360111589986
623.0, 0.02191975324394452
624.0, 0.02378924414720795
625.0, 0.02350659864746403
626.0, 0.023528881890958423
627.0, 0.023048948489280175
628.0, 0.02175807656812585
629.0, 0.020667439463793794
630.0, 0.022080501589893154
631.0, 0.028808561528177144
632.0, 0.02514542105609405
633.0, 0.02499479198346753
634.0, 0.02765826926569729
635.0, 0.029056957728955213
636.0, 0.029382281221938016
637.0, 0.03415561257895352
638.0, 0.03624020551912423
639.0, 0.03845312912930038
640.0, 0.04268716905917796
641.0, 0.046403561076887936
642.0, 0.05103712237062167
643.0, 0.05654224021506102
644.0, 0.059803556133596496
645.0, 0.06463002006606476
646.0, 0.07196842319543112
647.0, 0.0783211939003192
648.0, 0.08479358711528188
649.0, 0.08861664385108295
650.0, 0.09391581906550352
651.0, 0.10711279425351515
652.0, 0.10754861535130994
653.0, 0.11366321830468772
654.0, 0.12544509775464932
655.0, 0.13497343145550575
656.0, 0.14576805268822893
657.0, 0.15987056334360888
658.0, 0.17520304821526142
659.0, 0.19357780422690948
660.0, 0.23074572654936665
661.0, 0.26637646142104976
662.0, 0.3097466718547511
663.0, 0.36364816425951907
664.0, 0.43206678150855965
665.0, 0.5183548604937023
666.0, 0.6194454378843378
667.0, 0.7366967442265302
668.0, 0.8555471407419036
669.0, 0.9584732760077818
670.0, 0.9997893142456361
671.0, 0.9994209030971507
672.0, 0.9924173359698091
673.0, 0.9552246268890131
674.0, 0.8156808660562782
675.0, 0.6823231429142858
676.0, 0.5565710867609636
677.0, 0.44790739381735095
678.0, 0.36078915006354195
679.0, 0.2927885464554333
680.0, 0.2382382481253476
681.0, 0.19934300166412458
682.0, 0.17017307436886192
683.0, 0.14280843365093387
684.0, 0.12362356966942709
685.0, 0.10654198395607664
686.0, 0.09204661617033567
687.0, 0.08414080175886035
688.0, 0.06970953123517068
689.0, 0.06981426877594511
690.0, 0.06108599534299141
691.0, 0.05146370249449774
692.0, 0.047025897913719646
693.0, 0.04466328392958354
694.0, 0.03952577313417637
695.0, 0.03454172370782001
696.0, 0.03247640375480369
697.0, 0.03453690100529212
698.0, 0.028569505187733397
699.0, 0.024399810193288192
700.0, 0.02254588568472105
701.0, 0.01967131215076158
702.0, 0.015794849019160583
703.0, 0.015959463413865147
704.0, 0.01770800846343603
705.0, 0.011879459336546942
706.0, 0.011863911845448471
707.0, 0.01115728003538721
708.0, 0.00872013256414535
709.0, 0.009227806938716126
710.0, 0.010181999063473514
711.0, 0.007532194387864909
712.0, 0.008809635959497188
713.0, 0.009909383542931707
714.0, 0.009239193863124254
715.0, 0.009179244592644409
716.0, 0.009328081025417432
717.0, 0.006066534011002936
718.0, 0.006535675717757126
719.0, 0.006541374784830444
720.0, 0.005581168813381746
721.0, 0.006430645334937539
722.0, 0.006763092923154259
723.0, 0.006807232069460601
724.0, 0.007508545424424563
725.0, 0.00570839748966451
726.0, 0.008070808961830558
727.0, 0.006356010944788592
728.0, 0.0064373792937766254
729.0, 0.004180598411450722
730.0, 0.0033203328465688867
731.0, 0.005392270707596506
732.0, 0.005684649878934137
733.0, 0.004281254382450851
734.0, 0.00603151524801952
735.0, 0.006069122823430504
736.0, 0.008475040133010541
737.0, 0.007086093632580771
738.0, 0.006027743989275549
739.0, 0.008940069987713233
740.0, 0.00705109345994299
741.0, 0.00895857448197232
742.0, 0.006607703656674399
743.0, 0.009258528321043477
744.0, 0.009110670773780092
745.0, 0.009596067542233586
746.0, 0.011106173727730546
747.0, 0.010798386416349507
748.0, 0.013467627596484164
749.0, 0.012421146081683567
750.0, 0.009166658962921457
751.0, 0.00801725574508338
752.0, 0.007000842329623482
753.0, 0.0061884612320031365
754.0, 0.00578741172495915
755.0, 0.005125209873585363
756.0, 0.005487692230215912
757.0, 0.006211070883803065
758.0, 0.005194020537423202
759.0, 0.0040857082874844195
760.0, 0.00323652670453364
761.0, 0.0030719371422436225
762.0, 0.00267260931154475
763.0, 0.0007004543290521146
764.0, 0.0035405692744076723
765.0, 0.001939679298619276
766.0, 0.0025945541869115346
767.0, 0.0011770959293289866
768.0, 0.00099109827510225
769.0, 0.0020977592022299865
770.0, 0.0035720158989618867
771.0, 0.007296797094985243
772.0, 0.0012268626469681822
773.0, 0.0002687137443612427
774.0, 0.002195890820096199
775.0, 0.0018595829308649626
776.0, 0.0018921947465337624
777.0, 0.0029702650872890013
778.0, 0.002715562353075781
779.0, 0.0009257628092521452
780.0, 0.00122819927168884
781.0, 0.0013381173915040852
782.0, 0.001644351431480444
783.0, 0.002406838533546841
784.0, 0.0018279035476032972
785.0, 0.0004828439580665067
786.0, 0.0003182767102839629
787.0, 0.0005278278943241022
788.0, 0.0029251188409179537
789.0, 0.0007676968285461028
790.0, 0.0009718771926846539
791.0, 0.000846408948516802
792.0, 0.00031960289420461296
793.0, 6.356597240808909e-05
794.0, 0.00019089986890765727
795.0, 0.0007382632642178413
796.0, 0.001417280794421271
797.0, 0.002469311051553988
798.0, 0.0012696968815729794
799.0, 0.0005980877322493512
800.0, 0.001037277067665728
801.0, 0.0011562932526330205
802.0, 0.0004734331753810712
803.0, 0.0015298322053139252
804.0, 0.00046772077295702003
805.0, 0.0003406891336084915
806.0, 0.0017195311835115547
807.0, 0.002754473466358179
808.0, 0.0028046637100136535
809.0, 0.0020966413824679013
810.0, 0.0012177797994858647
811.0, 0.0007846483383094695
812.0, 0.001002721787142495
813.0, 0.0017393332430690291
814.0, 0.0023160143185235356
815.0, 0.003263330909785091
816.0, 0.004752825752200369
817.0, 0.005515909406098806
818.0, 0.0043333370159879155
819.0, 0.0023439699220694976
820.0, 0.0032297960995008434
821.0, 0.00063099544770111
822.0, 0.0016911007641031346
823.0, 0.0033128554005915057
824.0, 0.002380534543835
825.0, 0.0018902296490539308
826.0, 0.003891365393517421
827.0, 0.0038832443023801844
828.0, 0.0008635204819654596
829.0, 0.0010669351234668507
830.0, 0.0021440494752878124
831.0, 0.002321051083621924
832.0, 0.002468474122846773
833.0, 0.003343307901381595
834.0, 0.003537550275336718
835.0, 0.0018799824156632138
836.0, 0.0033772069056313765
837.0, 0.006119324592651294
838.0, 0.006406301442617483
839.0, 0.006443247058334279
840.0, 0.006829628083156785
841.0, 0.005996251209105109
842.0, 0.005486162320177774
843.0, 0.006967951188289427
844.0, 0.005980932100692453
845.0, 0.007347066092017192
846.0, 0.006851368460270298
847.0, 0.007840377044597264
848.0, 0.009339478719056918
849.0, 0.008974163704890783
850.0, 0.006033821253328765
851.0, 0.00468451544523332
852.0, 0.009392094052269971
853.0, 0.007137396904678049
854.0, 0.00793355315517188
855.0, 0.01066858508603587
856.0, 0.009783289729993008
857.0, 0.011118745897185433
858.0, 0.014300810008227378
859.0, 0.015704445626752522
860.0, 0.015023796901098837
861.0, 0.015964215824352243
862.0, 0.011096992024259645
863.0, 0.010916461167630096
864.0, 0.00727439449042614
865.0, 0.005838707942181981
866.0, 0.005444110049393879
867.0, 0.004558701659091024
868.0, 0.005796037493059859
869.0, 0.010979197868112297
870.0, 0.005348414709613223
871.0, 0.009008877345322868
872.0, 0.006338356070163043
873.0, 0.00594575428743694
874.0, 0.008754001663865644
875.0, 0.008819393471187958
876.0, 0.00501426469862462
877.0, 0.0033944623702220162
878.0, 0.0067978480758383525
879.0, 0.005301581748350496
880.0, 0.0021517037152654454
881.0, 0.0037096246529409256
882.0, 0.0036960013847666885
883.0, 0.0045440906749003125
884.0, 0.005794308449507561
885.0, 0.005164626127268649
886.0, 0.0034131679960312748
887.0, 0.0035072271709280707
888.0, 0.005891617140182671
889.0, 0.005529313512784466
890.0, 0.005867117900257348
891.0, 0.008013260356831156
892.0, 0.010781874008704343
893.0, 0.009387514206244955
894.0, 0.005192994241829514
895.0, 0.008134224362615778
896.0, 0.010124343450663082
897.0, 0.004804970064710372
898.0, 0.008455190915736592
899.0, 0.008416613041920153
900.0, 0.010803243481983861
901.0, 0.012052811902570744
902.0, 0.012492775100002254
903.0, 0.01494379165879935
904.0, 0.013398574172092685
905.0, 0.01289962842593759
906.0, 0.014017297369520338
907.0, 0.014963253715905277
908.0, 0.017555372220552916
909.0, 0.017899030678908807
910.0, 0.01915079536258218
911.0, 0.0222281393738624
912.0, 0.02298639077688333
913.0, 0.02096731887460205
914.0, 0.022386688009941307
915.0, 0.02705959796415349
916.0, 0.030279360695432127
917.0, 0.03319966629671333
918.0, 0.03780207277219869
919.0, 0.041900258371126126
920.0, 0.04544844526682801
921.0, 0.05217104037380497
922.0, 0.06317980002010105
923.0, 0.07366308109995438
924.0, 0.08397557813036112
925.0, 0.09234023801082837
926.0, 0.10596311093595126
927.0, 0.11965207585403859
928.0, 0.12968017345421817
929.0, 0.13434446979843015
930.0, 0.13339447902988769
931.0, 0.12866757031753234
932.0, 0.11769532163835236
933.0, 0.10022609728266554
934.0, 0.08794145446623046
935.0, 0.07481537094911704
936.0, 0.06387094613738492
937.0, 0.05456772025367682
938.0, 0.04783159497807645
939.0, 0.044251208926710375
940.0, 0.03936015189989547
941.0, 0.03746689580540931
942.0, 0.03379377764888833
943.0, 0.03172102289085173
944.0, 0.03242400041388377
945.0, 0.03507576214633203
946.0, 0.036356924862695594
947.0, 0.03466857621185764
948.0, 0.031212428649453526
949.0, 0.028624506631060823
950.0, 0.029788307742746635
951.0, 0.022597338192415654
952.0, 0.019161800739579037
953.0, 0.020697541350016183
954.0, 0.019226239762668698
955.0, 0.014817670888040318
956.0, 0.015150639197663376
957.0, 0.01811586336973781
958.0, 0.013180088228870087
959.0, 0.009615896702542991
960.0, 0.011827995833595695
961.0, 0.01350208785558482
962.0, 0.011645492695124667
963.0, 0.011087024730562936
964.0, 0.008558830408439492
965.0, 0.007463261530864086
966.0, 0.008924057222071189
967.0, 0.00852717350221605
968.0, 0.0058667387371461755
969.0, 0.007513089028427433
970.0, 0.007373022431193092
971.0, 0.007962017153368348
972.0, 0.006273639760905576
973.0, 0.004094082980927655
974.0, 0.0018947296530281458
975.0, 0.0034734577726479405
976.0, 0.0062502816820405125
977.0, 0.0029672328492529685
978.0, 0.005135440143657017
979.0, 0.003954988351292119
980.0, 0.0033802600695303615
981.0, 0.007756366834384987
982.0, 0.0054986104214936275
983.0, 0.002834063369947542
984.0, 0.0036848849936980095
985.0, 0.005782369038806433
986.0, 0.007461357027528908
987.0, 0.009459503037137272
988.0, 0.0017641498681906947
989.0, 0.0069409409690431405
990.0, 0.0032030729627778656
991.0, 0.0049962978045361445
992.0, 0.006664843940285818
993.0, 0.005758358033930526
994.0, 0.006340024801016493
995.0, 0.00864248780218391
996.0, 0.008838388155401404
997.0, 0.010056991871431241
998.0, 0.010284312663864169
999.0, 0.016491134051243778
1000.0, 0.015550652282841642
1001.0, 0.017962832407888176
1002.0, 0.01929923228229775
1003.0, 0.018829260527922716
1004.0, 0.016674423133066784
1005.0, 0.015095588950723951
1006.0, 0.016668348873061845
1007.0, 0.01693869007001685
1008.0, 0.01921065613080175
1009.0, 0.01941870985150496
1010.0, 0.01942972469726558
1011.0, 0.022600639290492004
1012.0, 0.021767346284988238
1013.0, 0.021999018250110143
1014.0, 0.021641161112513334
1015.0, 0.022733902770802835
1016.0, 0.030647780328326088
1017.0, 0.024265232309348867
1018.0, 0.028598857429473254
1019.0, 0.03116541950378314
1020.0, 0.03059386854593979
1021.0, 0.031222008217926676
1022.0, 0.030236920627954068
1023.0, 0.03032649259240462
1024.0, 0.030170111989665505
1025.0, 0.03027315927381585
1026.0, 0.0349384872893828
1027.0, 0.03812977106672961
1028.0, 0.042332549779060175
1029.0, 0.03739110978739558
1030.0, 0.0397532435430818
1031.0, 0.03916412917319739
1032.0, 0.03900752111105508
1033.0, 0.03812205131728199
1034.0, 0.0384486105655714
1035.0, 0.04125163715552117
1036.0, 0.0432057632604274
1037.0, 0.04348367168244012
1038.0, 0.046875078841870504
1039.0, 0.05508424710406348
1040.0, 0.05791521253477489
1041.0, 0.06363865474663746
1042.0, 0.07510513776669736
1043.0, 0.08571452945278142
1044.0, 0.09405193859948976
1045.0, 0.10647308968586441
1046.0, 0.124844965735244
1047.0, 0.14177256204801833
1048.0, 0.1645061085386982
1049.0, 0.19150547891377362
1050.0, 0.22039936716113875
1051.0, 0.25661821327538553
1052.0, 0.28929054759811673
1053.0, 0.3259543509816026
1054.0, 0.36546377750476206
1055.0, 0.3999178334061094
1056.0, 0.42419189009613806
1057.0, 0.43496001440862364
1058.0, 0.4229689158697496
1059.0, 0.38792495633447055
1060.0, 0.34496930333700043
1061.0, 0.30249200589855946
1062.0, 0.26432343699052074
1063.0, 0.23132538546377002
1064.0, 0.1999046954637063
1065.0, 0.17381953893745716
1066.0, 0.15432958899672614
1067.0, 0.13637451885602003
1068.0, 0.11913468757016424
1069.0, 0.10519537555781525
1070.0, 0.08782481307910836
1071.0, 0.07528659391934643
1072.0, 0.06486464091984437
1073.0, 0.055245647752863856
1074.0, 0.0468578951436102
1075.0, 0.04153338932676392
1076.0, 0.03780377204778855
1077.0, 0.035190657528164145
1078.0, 0.033524624144429804
1079.0, 0.027878739251990817
1080.0, 0.02771270335787017
1081.0, 0.027088034902160905
1082.0, 0.024701109805997393
1083.0, 0.025331154677560412
1084.0, 0.02608735137056771
1085.0, 0.027758494331662113
1086.0, 0.02898164665799279
1087.0, 0.02790771148357187
1088.0, 0.025431829137326327
1089.0, 0.022347565428845303
1090.0, 0.01622655985296936
1091.0, 0.015921675365082544
1092.0, 0.01015439913855213
1093.0, 0.007445467829760772
1094.0, 0.00984002776804641
1095.0, 0.008479609754201789
1096.0, 0.009265015910080603
1097.0, 0.009913352397844709
1098.0, 0.008609123884848236
1099.0, 0.008055574419068998
1100.0, 0.008776974245971885
1101.0, 0.00807894232400195
1102.0, 0.008449738402861357
1103.0, 0.0077860832795754835
1104.0, 0.005349067864513981
1105.0, 0.004005056646089876
1106.0, 0.004003988383253398
1107.0, 0.0037482472746175567
1108.0, 0.004658644253634879
1109.0, 0.006551539514029578
1110.0, 0.008143361575188808
1111.0, 0.009305034484168149
1112.0, 0.009839617447002165
1113.0, 0.009845865753207199
1114.0, 0.0072450326509851115
1115.0, 0.009475033515727427
1116.0, 0.0075564607426238176
1117.0, 0.0073531176520127434
1118.0, 0.005512189159856295
1119.0, 0.00427088782187677
1120.0, 0.005561333444866797
1121.0, 0.0063785045810410565
1122.0, 0.006107999758376174
1123.0, 0.007716984873386965
1124.0, 0.002917305568500461
1125.0, 0.0025727680183337603
1126.0, 0.0050721103305242
1127.0, 0.001298337079441188
1128.0, 0.0032047022016836535
1129.0, 0.0036987739684041085
1130.0, 0.00335714295687586
1131.0, 0.004347186267948484
1132.0, 0.005168580545117187
1133.0, 0.0043995668624621466
1134.0, 0.004863694424461596
1135.0, 0.007582554901760733
1136.0, 0.00272211585038063
1137.0, 0.00739418584120868
1138.0, 0.0035319152547795734
1139.0, 0.0006574854302787178
1140.0, 0.0014608848204296734
1141.0, 0.003899585985312183
1142.0, 0.004214606919711284
1143.0, 0.0036722055547860955
1144.0, 0.002337973704353071
1145.0, 0.0004417177115378091
1146.0, 0.0009978418605170875
1147.0, 0.0020169956386401817
1148.0, 0.0030569421473530555
1149.0, 0.000831578251432652
1150.0, 0.0003041507200962284
1151.0, 0.0022341451734479998
1152.0, 0.00296938390371015
1153.0, 0.0030627201767868613
1154.0, 0.0042887435711123955
1155.0, 0.003190047484753599
1156.0, 0.0011077301659130304
1157.0, 0.0011477542267045093
1158.0, 0.0015662566561235993
1159.0, 0.003954396939338158
1160.0, 0.0004414739856504256
1161.0, 0.0026954412723597743
1162.0, 0.0019124914182468622
1163.0, 0.004164640046309237
1164.0, 0.0032686771317714993
1165.0, 0.0020152816247705424
1166.0, 0.0013908322801521754
1167.0, 0.0015706405288162528
1168.0, 0.0013192664738463946
1169.0, 0.0002959760660354001
1170.0, 0.00016636659106883275
1171.0, 0.0009000279680280187
1172.0, 0.0024128270375352455
1173.0, 0.004668742884509133
1174.0, 0.0030435826881509416
1175.0, 0.0016069956844242403
1176.0, 0.0015693366479759174
1177.0, 0.003081684800011545
1178.0, 0.0018429112022621684
1179.0, 0.003434586985916873
1180.0, 0.005161549869618205
1181.0, 0.002749580201703865
1182.0, 0.00045285151774478253
1183.0, 0.0005309693944978475
1184.0, 0.0008326406579815227
1185.0, 0.002438285663248195
1186.0, 0.0009094522671365697
1187.0, 0.0027544050378243276
1188.0, 0.0033699291539961472
1189.0, 0.0017871012377928654
1190.0, 0.0027855505015475083
1191.0, 0.0031051953144030095
1192.0, 0.0033292857952903466
1193.0, 0.003304983370315892
1194.0, 0.003677636738166242
1195.0, 0.005302112502061047
1196.0, 0.00251753312945442
1197.0, 0.0014659793964867883
1198.0, 0.00026621204671327197
1199.0, 0.0031675762814644425
1200.0, 0.002458299874410085
1201.0, 0.0025225383756211127
1202.0, 0.0019709622291751152
1203.0, 0.003788713376034973
1204.0, 0.002674173012857314
1205.0, 0.000977182613917336
1206.0, 0.0019430556018649378
1207.0, 0.0034420527758049005
1208.0, 0.0031813377873751146
1209.0, 0.001451365742513212
1210.0, 0.001619627994966423
1211.0, 0.0011505489212522719
1212.0, 0.001779178902962359
1213.0, 0.0026696525873937025
1214.0, 0.003911142648809239
1215.0, 0.006634847974995996
1216.0, 0.0040977180663371955
1217.0, 0.002356691452517781
1218.0, 0.0040714628042861885
1219.0, 0.003927080928476062
1220.0, 0.003295289810156133
1221.0, 0.0060944016301863165
1222.0, 0.0048729892942441285
1223.0, 0.004092323526389941
1224.0, 0.007284072528709664
1225.0, 0.009231598344375114
1226.0, 0.0040646990760404445
1227.0, 0.003353930624500051
1228.0, 0.004305183279440117
1229.0, 0.0036165978344579056
1230.0, 0.005194901414587302
1231.0, 0.004032991701561235
1232.0, 0.0033268458974241863
1233.0, 0.006687614441814453
1234.0, 0.008125212957518651
1235.0, 0.0053789339231928406
1236.0, 0.005722256363914151
1237.0, 0.006400878209558598
1238.0, 0.003919328303996942
1239.0, 0.0063662921254798764
1240.0, 0.005144951431487835
1241.0, 0.004901871590819245
1242.0, 0.0039043978475015156
1243.0, 0.0038496848447022213
1244.0, 0.006066930242660655
1245.0, 0.007180911603618251
1246.0, 0.007856297419005781
1247.0, 0.007542278906634026
1248.0, 0.006442000399078992
1249.0, 0.008410523928254454
1250.0, 0.007243979113390498
1251.0, 0.00891106590466337
1252.0, 0.0056117811355213855
1253.0, 0.0030754056319890464
1254.0, 0.007769348630515946
1255.0, 0.008262490128697371
1256.0, 0.010288433019583204
1257.0, 0.008926625303964823
1258.0, 0.00899363557044572
1259.0, 0.009800977181408075
1260.0, 0.00723039899718227
1261.0, 0.005936000797989334
1262.0, 0.008319294632218375
1263.0, 0.008862640062401466
1264.0, 0.011121519175516636
1265.0, 0.010601187939973332
1266.0, 0.014026354096656722
1267.0, 0.012924839714583835
1268.0, 0.01043484275312269
1269.0, 0.011000082648585005
1270.0, 0.011220060154097312
1271.0, 0.010312165961135796
1272.0, 0.011290705453266414
1273.0, 0.013615083421802877
1274.0, 0.010313964902936776
1275.0, 0.00930952706953562
1276.0, 0.015699985948050776
1277.0, 0.014784476719581616
1278.0, 0.0063453086992551755
1279.0, 0.012327638384852665
1280.0, 0.00770374286552062
1281.0, 0.005311813063695726
1282.0, 0.011606527087424854
1283.0, 0.012431724688473077
1284.0, 0.010701000826197024
1285.0, 0.01034644248070067
1286.0, 0.011047044268268292
1287.0, 0.011994295876782027
1288.0, 0.011834831882326468
1289.0, 0.010667879707275563
1290.0, 0.010265390108906753
1291.0, 0.009625739024559684
1292.0, 0.009096806378070445
1293.0, 0.010808062094611208
1294.0, 0.008896774590589778
1295.0, 0.010469774421760496
1296.0, 0.009550347344007297
1297.0, 0.009339603198452381
1298.0, 0.008251637682711758
1299.0, 0.007761892007693652
1300.0, 0.010514774962460416
1301.0, 0.012213361494122391
1302.0, 0.0094302879539622
1303.0, 0.011471883970874529
1304.0, 0.011465253774066347
1305.0, 0.00880199702458335
1306.0, 0.009751311171591026
1307.0, 0.011011860726906979
1308.0, 0.010456972136368469
1309.0, 0.012946177403889546
1310.0, 0.00918428065307317
1311.0, 0.013930458806789574
1312.0, 0.014304660546476953
1313.0, 0.006542594745832108
1314.0, 0.012117400488098173
1315.0, 0.009469272265844713
1316.0, 0.013951107202820986
1317.0, 0.012780299974354783
1318.0, 0.012706073338383568
1319.0, 0.01186126957882187
1320.0, 0.011440658206055169
1321.0, 0.012821895344093639
1322.0, 0.011760206665494589
1323.0, 0.00848483179513051
1324.0, 0.009404026154795837
1325.0, 0.01113484485460623
1326.0, 0.006110312845015298
1327.0, 0.007226043793642446
1328.0, 0.010131752080371252
1329.0, 0.007077761302283486
1330.0, 0.007049771550842769
1331.0, 0.0031077535094657634
1332.0, 0.007325578612425749
1333.0, 0.006438450501699952
1334.0, 0.0037667374564640446
1335.0, 0.00682574682964957
1336.0, 0.006600665876485873
1337.0, 0.0054171759224131135
1338.0, 0.0068450407032474075
1339.0, 0.006189737281728612
1340.0, 0.0038160261198042053
1341.0, 0.002941880046061171
1342.0, 0.00031241745126314567
1343.0, 0.0017067362597056176
1344.0, 0.0047956236569148235
1345.0, 0.0021521445568613304
1346.0, 0.003841063355689662
1347.0, 0.007620951262472759
1348.0, 0.0034575526740236425
1349.0, 0.005887215391233992
1350.0, 0.003075473032980153
1351.0, 0.005291410430089896
1352.0, 0.006286191012730524
1353.0, 0.0028549078018693455
1354.0, 0.0009938053638843343
1355.0, 0.0019280046567279386
1356.0, 0.0032448477288921597
1357.0, 0.0030686526000696657
1358.0, 0.0016376908954589605
1359.0, 0.0033663419593831815
1360.0, 0.005380320358489445
1361.0, 0.00139620618094757
1362.0, 0.0022707976736727636
1363.0, 0.0035464898307704844
1364.0, 0.006351249526651313
1365.0, 0.004590279419154429
1366.0, 0.006322224866667734
1367.0, 0.0021040192271143936
1368.0, 0.005586447952183225
1369.0, 0.005393907724564716
1370.0, 0.0030232745496946204
1371.0, 0.006184178066219123
1372.0, 0.007272066864580857
1373.0, 0.0076905522961409414
1374.0, 0.006325498704615407
1375.0, 0.004708886979577531
1376.0, 0.006505309005272034
1377.0, 0.003186590089081686
1378.0, 0.008884773325286267
1379.0, 0.007486350547173719
1380.0, 0.00896540944317918
1381.0, 0.008414405393388072
1382.0, 0.005841194231381959
1383.0, 0.0020475925116776334
1384.0, 0.003234377315850118
1385.0, 0.005753126301900259
1386.0, 0.005251628899363439
1387.0, 0.006301301285484387
1388.0, 0.007180337149399209
1389.0, 0.002673000460909545
1390.0, 0.00029879354175549794
1391.0, 0.0011485613015663522
1392.0, 0.004243481256300966
1393.0, 0.007106284213519821
1394.0, 0.008283452890313037
1395.0, 0.00961454790987085
1396.0, 0.007690000079471
1397.0, 0.00444080521646565
1398.0, 0.005746219983144286
1399.0, 0.003864901298844802
1400.0, 0.002895418530335795
1401.0, 0.0008565935285661261
1402.0, 0.00030434691183730357
1403.0, 0.001885649980828843
1404.0, 0.003973103277139079
1405.0, 0.001712003900298658
1406.0, 0.0017431773708206904
1407.0, 0.005065546733012885
1408.0, 0.00457130646176191
1409.0, 0.004110750919039392
1410.0, 0.00641024395417186
1411.0, 0.005607441746439017
1412.0, 0.004062182966700656
1413.0, 0.003961208614582587
1414.0, 0.0030556667328397995
1415.0, 0.003345216844897944
1416.0, 0.003995953073630029
1417.0, 0.003577196343019482
1418.0, 0.003773612676006314
1419.0, 0.0031213009189978275
1420.0, 0.0038159290628613247
1421.0, 0.0021416836705947127
1422.0, 0.0013504726986200053
1423.0, 0.00010752821870219911
1424.0, 0.005721901663415813
1425.0, 0.0036047971594696773
1426.0, 0.005033155935960986
1427.0, 0.005788379982651769
1428.0, 0.004691059784297086
1429.0, 0.00276271347014077
1430.0, 0.0058970188182877826
1431.0, 0.0063891202666563965
1432.0, 0.005434021844634629
1433.0, 0.005281606986102405
1434.0, 0.00552930613056376
1435.0, 0.009663584552925424
1436.0, 0.013432458232581932
1437.0, 0.011961638929681004
1438.0, 0.012266087887662123
1439.0, 0.011301899950925735
1440.0, 0.018678027358815085
1441.0, 0.018778752037862407
1442.0, 0.016459054995905924
1443.0, 0.017344564258030413
1444.0, 0.016361999234206025
1445.0, 0.02138552528052
1446.0, 0.0206526073963112
1447.0, 0.023627927221159317
1448.0, 0.024454242174094552
1449.0, 0.022220894274475222
1450.0, 0.025112379184579946
1451.0, 0.019830430899978522
1452.0, 0.01975844824150445
1453.0, 0.021133223766430606
1454.0, 0.020782289498239705
1455.0, 0.021679011671411945
1456.0, 0.022324725927520838
1457.0, 0.023105626450859416
1458.0, 0.02324326813879999
1459.0, 0.0216427234032498
1460.0, 0.02173715219050615
1461.0, 0.020910988206825985
1462.0, 0.021907466283455437
1463.0, 0.02061461600329468
1464.0, 0.019512775259022633
1465.0, 0.016772417206711646
1466.0, 0.01417671114933792
1467.0, 0.01467055631205928
1468.0, 0.014291456422030427
1469.0, 0.014918063795994327
1470.0, 0.013348136081972356
1471.0, 0.012715637739597482
1472.0, 0.012622926167459053
1473.0, 0.013724964614991007
1474.0, 0.012369182944884068
1475.0, 0.011043504614545525
1476.0, 0.007012795268018556
1477.0, 0.005850908631268713
1478.0, 0.006742639456745546
1479.0, 0.006058067445584758
1480.0, 0.008903725368078888
1481.0, 0.012100600965515651
1482.0, 0.01180289860214596
1483.0, 0.009793628788997493
1484.0, 0.00819312956179998
1485.0, 0.011140724401462954
1486.0, 0.009444168206744603
1487.0, 0.004961789139027214
1488.0, 0.006880574897552034
1489.0, 0.008422566914935628
1490.0, 0.008028050398373798
1491.0, 0.0020498323906460135
1492.0, 0.0027527326835118052
1493.0, 0.0010071026457625248
1494.0, 0.0022351155492531093
1495.0, 0.004649259756593864
1496.0, 0.0008354107916459699
1497.0, 0.0038477757490792243
1498.0, 0.0013942685897394083
1499.0, 0.0027449089351854776
1500.0, 0.0062359605388796775
1501.0, 0.0036366932173377935
1502.0, 0.0021321517121678933
1503.0, 0.0043181739209441
1504.0, 0.0028617983792108012
1505.0, 0.0007528047995612318
1506.0, 0.005110681091924377
1507.0, 0.009385642666248894
1508.0, 0.0051540025798055365
1509.0, 0.0014309167439578777
1510.0, 0.004056868137439515
1511.0, 0.004118800204509826
1512.0, 0.0017009685099056897
1513.0, 0.0028697641293685613
1514.0, 0.004352989342216583
1515.0, 0.0020764729636916146
1516.0, 0.004499239167341911
1517.0, 0.003556741124156754
1518.0, 0.006985672669054554
1519.0, 0.0058330510335634755
1520.0, 0.003104911941958657
1521.0, 0.0051149620934229645
1522.0, 0.005469835464063415
1523.0, 0.009539231974766348
1524.0, 0.007968713482811035
1525.0, 0.00642081034161045
1526.0, 0.005519587167191515
1527.0, 0.00826484903016316
1528.0, 0.007861286836472373
1529.0, 0.009049179213106487
1530.0, 0.008271831987534426
1531.0, 0.007621138750142787
1532.0, 0.008134765870964324
1533.0, 0.008563510621359047
1534.0, 0.007190392079625272
1535.0, 0.00964402934409514
1536.0, 0.010865858937005127
1537.0, 0.00821756451535988
1538.0, 0.004033890672112418
1539.0, 0.007268619701542661
1540.0, 0.009128712338070206
1541.0, 0.004571842610655196
1542.0, 0.006852865125204833
1543.0, 0.007132093735094001
1544.0, 0.003850297299105026
1545.0, 0.0058457099780097055
1546.0, 0.007113618518908564
1547.0, 0.0033879528001372287
1548.0, 0.004400059792682449
1549.0, 0.005407068103978906
1550.0, 0.01197217907629473
1551.0, 0.011898595364495737
1552.0, 0.00983397757834072
1553.0, 0.0036092476716187687
1554.0, 0.0058228816404102554
1555.0, 0.006300756378484082
1556.0, 0.0038223988597231324
1557.0, 0.0031190226210946973
1558.0, 0.004342021369388137
1559.0, 0.004078708071273201
1560.0, 0.0028219504818131533
1561.0, 0.003766985394921997
1562.0, 0.003722462826202761
1563.0, 0.0040806560369432525
1564.0, 0.003928808144439757
1565.0, 0.0024500530147746
1566.0, 0.0006116148258472147
1567.0, 0.0012906064158470765
1568.0, 0.003780239175450683
1569.0, 0.002689629148436283
1570.0, 0.00059772176998814
1571, 0.0
1572, 0.0
1573, 0.0
1574, 0.0
1575, 0.0
1576, 0.0
1577, 0.0
1578, 0.0
1579, 0.0
1580, 0.0
1581, 0.0
1582, 0.0
1583, 0.0
1584, 0.0
1585, 0.0
1586, 0.0
1587, 0.0
1588, 0.0
1589, 0.0
1590, 0.0
1591, 0.0
1592, 0.0
1593, 0.0
1594, 0.0
1595, 0.0
1596, 0.0
1597, 0.0
1598, 0.0
1599, 0.0
