30, 0.0
31, 0.0
32, 0.0
33, 0.0
34, 0.0
35, 0.0
36, 0.0
37, 0.0
38, 0.0
39, 0.0
40, 0.0
41, 0.0
42, 0.0
43, 0.0
44, 0.0
45, 0.0
46, 0.0
47, 0.0
48, 0.0
49, 0.0
50, 0.0
51, 0.0
52, 0.0
53, 0.0
54, 0.0
55, 0.0
56, 0.0
57, 0.0
58, 0.0
59, 0.0
60, 0.0
61, 0.0
62, 0.0
63, 0.0
64, 0.0
65, 0.0
66, 0.0
67, 0.0
68, 0.0
69, 0.0
70, 0.0
71, 0.0
72, 0.0
73, 0.0
74, 0.0
75, 0.0
76, 0.0
77, 0.0
78, 0.0
79, 0.0
80, 0.0
81, 0.0
82, 0.0
83, 0.0
84, 0.0
85, 0.0
86, 0.0
87, 0.0
88, 0.0
89, 0.0
90, 0.0
91, 0.0
92, 0.0
93, 0.0
94, 0.0
95, 0.0
96, 0.0
97, 0.0
98, 0.0
99.0, 7.92143607596855e-06
100.0, 0.0002661401139394775
101.0, 0.0006652204182757489
102.0, 0.00051427467225794
103.0, 0.0004297668162095868
104.0, 0.0004088799186869046
105.0, 0.00046701890590022244
106.0, 0.0009758275057926538
107.0, 0.0014401800204780432
108.0, 0.002202751667490059
109.0, 0.005381553673270569
110.0, 0.005046652308408157
111.0, 0.00443962672314547
112.0, 0.005833089873039848
113.0, 0.003194645065751536
114.0, 0.0017359519179123426
115.0, 0.0015297051223114545
116.0, 0.0013938874671929242
117.0, 0.0009505204783370152
118.0, 0.0006717110180051895
119.0, 0.0009017164387590369
120.0, 0.0011553183201197983
121.0, 0.0010377030984005085
122.0, 0.0007571678399927734
123.0, 0.0012183941527262553
124.0, 0.0009535086661679055
125.0, 0.0006976472376482863
126.0, 0.000858195488630911
127.0, 0.0008124911661648568
128.0, 0.0007091617311595641
129.0, 0.0006543202969856494
130.0, 0.0009989946817908883
131.0, 0.0008064505224824979
132.0, 0.0006709358409938344
133.0, 0.0008602130292164698
134.0, 0.0005460193706738215
135.0, 0.0006560712769901795
136.0, 0.0009651234353462085
137.0, 0.0009432542619483002
138.0, 0.0009401968075381382
139.0, 0.001026789022936732
140.0, 0.0012138972990700947
141.0, 0.0007085249104778188
142.0, 0.0008241841400196086
143.0, 0.001111839525780482
144.0, 0.0007990404732200402
145.0, 0.0010890105916550763
146.0, 0.0010974284279956518
147.0, 0.0006716439910200504
148.0, 0.0007435353189118022
149.0, 0.0008839016112596854
150.0, 0.0009977915428634524
151.0, 0.0009572658422388482
152.0, 0.0009940994057859916
153.0, 0.0010612029577865196
154.0, 0.0011281581030731954
155.0, 0.0010206109309576588
156.0, 0.0011237285536941247
157.0, 0.0012588598048933082
158.0, 0.0012874201805169617
159.0, 0.0011891466992007347
160.0, 0.0012923931588288793
161.0, 0.0015694157037300027
162.0, 0.0018410729478303084
163.0, 0.0018335775786333483
164.0, 0.001898521391946031
165.0, 0.00222220475325141
166.0, 0.00217676449657881
167.0, 0.002441960511833973
168.0, 0.0028129555874388994
169.0, 0.002802806292430276
170.0, 0.0032386029742012263
171.0, 0.004125011521930536
172.0, 0.005444551030250491
173.0, 0.006268472208965225
174.0, 0.008330645636551313
175.0, 0.011040659099534007
176.0, 0.013791854168683603
177.0, 0.01815427220111639
178.0, 0.023530417262943294
179.0, 0.029862100801842123
180.0, 0.03733477502421798
181.0, 0.04534498623044546
182.0, 0.051993681075677506
183.0, 0.05565170139567348
184.0, 0.05225360811925628
185.0, 0.04545417782617216
186.0, 0.03631934822563772
187.0, 0.02706464218934755
188.0, 0.02056860067127989
189.0, 0.015107198178058714
190.0, 0.010249210417770833
191.0, 0.008587946961694046
192.0, 0.006830971251541871
193.0, 0.005229965331394137
194.0, 0.004205127421518309
195.0, 0.00365042355488166
196.0, 0.0032611674539881007
197.0, 0.002932847707876888
198.0, 0.0022826383479763075
199.0, 0.0016824167699000731
200.0, 0.0014021243138718571
201.0, 0.0016844666930028894
202.0, 0.0011418042421349785
203.0, 0.0009903156331422076
204.0, 0.001106292628830953
205.0, 0.001104461009722238
206.0, 0.001037323272952153
207.0, 0.0008660038385983114
208.0, 0.0005955977817568167
209.0, 0.0005826533163609879
210.0, 0.0004951943058564897
211.0, 0.00040151936282141866
212.0, 0.0003772812213722369
213.0, 0.0006348613800158151
214.0, 0.0007778871459061849
215.0, 0.0007300682020441065
216.0, 0.0003072852200279695
217.0, 0.0004256091001621398
218.0, 0.0005254882690684323
219.0, 0.0003633693399075936
220.0, 0.0003898658813817929
221.0, 0.0003406472786517105
222.0, 0.00027505817688921433
223.0, 0.00028554354366425383
224.0, 0.000225706487730749
225.0, 0.00024069955817958028
226.0, 0.00032725375080884755
227.0, 0.0003314752804135968
228.0, 0.00021119390721771134
229.0, 0.00015640702233250388
230.0, 0.00028572531130789355
231.0, 0.0004243992749645611
232.0, 0.0003028024045043106
233.0, 0.000172741020624886
234.0, 0.0005373921061808651
235.0, 0.00027572553627572597
236.0, 0.00022760213359335286
237.0, 0.0004554767002398952
238.0, 0.00020824967461161823
239.0, 0.0001766627400194364
240.0, 0.00016904239262011868
241.0, 6.311380518803732e-05
242.0, 2.2816462019425925e-05
243.0, 0.00029205582961398113
244.0, 0.000612259837279271
245.0, 0.00044033170249637213
246.0, 0.00043598647354803913
247.0, 0.00042582420858880703
248.0, 0.00038575021584799494
249.0, 0.0003967352606639411
250.0, 0.00026477672324708645
251.0, 0.0001763108507297709
252.0, 0.00025605623551900605
253.0, 0.0001800005095294031
254.0, 9.348903923365701e-05
255.0, 4.058449582650882e-05
256.0, 0.00011047559243789966
257.0, 0.00011779039174797592
258.0, 0.00015720328532189447
259.0, 0.0002542363297461106
260.0, 0.00046019676250500565
261.0, 0.0003731709680044526
262.0, 0.00037686797912956976
263.0, 0.0006792710179131936
264.0, 0.00021490031648946316
265.0, 0.0002615166859985298
266.0, 0.0004502605440172419
267.0, 0.0002276803331458548
268.0, 0.0004164362716064966
269.0, 0.0006353499042062808
270.0, 0.0007370274594781334
271.0, 0.00028632405027203156
272.0, 0.00024361068402061327
273.0, 0.0002496447939445659
274.0, 0.00018388246490433892
275.0, 0.00047897791038905587
276.0, 0.0008605515843643019
277.0, 0.0010333187645196122
278.0, 0.0006411788934911764
279.0, 0.0013393027553340146
280.0, 0.0017555412837666237
281.0, 0.0021093057204418404
282.0, 0.003280482536896692
283.0, 0.0037624830887303872
284.0, 0.00455399192757522
285.0, 0.005804048235713356
286.0, 0.006527954703430766
287.0, 0.007192838227986424
288.0, 0.007765323965273158
289.0, 0.008213439562343501
290.0, 0.007883325239364797
291.0, 0.007375901873287744
292.0, 0.006642470032967858
293.0, 0.005560505643284881
294.0, 0.004457998248351461
295.0, 0.003639857461607092
296.0, 0.0030665096849567656
297.0, 0.0024447571543307015
298.0, 0.0018972606174175153
299.0, 0.0014328531138972928
300.0, 0.0010637672960367882
301.0, 0.0008451759778333426
302.0, 0.0008456759212933279
303.0, 0.0009148911395810644
304.0, 0.0009384746576702993
305.0, 0.0009059107295403397
306.0, 0.0005479673768223263
307.0, 0.0002400328857391854
308.0, 0.0007132939246970369
309.0, 0.0006065734836833183
310.0, 0.0005128576928473278
311.0, 0.0005673672373507827
312.0, 0.0009724108441912711
313.0, 0.0006535189074629026
314.0, 0.0005408011335390448
315.0, 0.000896285752390223
316.0, 0.0005508789837822636
317.0, 0.0003279244440169234
318.0, 0.0002951140331994012
319.0, 0.000526955138096208
320.0, 0.0002172415031839715
321.0, 0.00024594693460723414
322.0, 0.00034877640065253076
323.0, 6.102628941826924e-05
324.0, 0.0003447180527245569
325.0, 0.0003624767784946918
326.0, 0.00015133839507892644
327.0, 0.0001870836097514324
328.0, 0.0003284771589474773
329.0, 0.0003230453198252124
330.0, 0.00017386862811057037
331.0, 0.0005569315996350344
332.0, 0.00036726939883875557
333.0, 0.00016814838997733446
334.0, 0.00027914259530439103
335.0, 0.00010502832145450953
336.0, 0.00013200548341742922
337.0, 0.0002931222708434866
338.0, 0.0005255677186967636
339.0, 0.0003129069979035776
340.0, 0.00025529201168619884
341.0, 0.00031023173199470596
342.0, 0.0003122245421697726
343.0, 0.0002529553678283892
344.0, 0.00024692434690308756
345.0, 0.00027298214737456964
346.0, 0.00015261409557940802
347.0, 0.00021274218606578404
348.0, 0.0002463903432928047
349.0, 0.00018666016003849087
350.0, 9.512039833027721e-05
351.0, 4.448760532189124e-05
352.0, 0.00011886046738374421
353.0, 0.0003775289490756419
354.0, 0.0006572590617916468
355.0, 0.0004141345779554461
356.0, 0.00017230105552467498
357.0, 0.0005333000295922036
358.0, 0.00019516233263256974
359.0, 9.62749175740354e-05
360.0, 0.00025455748680507984
361.0, 0.000639127912997775
362.0, 0.00042527128205739563
363.0, 0.0004407316077133071
364.0, 0.0005829650245460182
365.0, 0.00010310836032266819
366.0, 0.0005828953460513648
367.0, 0.0007377197071928935
368.0, 0.00035415631153693346
369.0, 0.0002974605811809965
370.0, 0.0004817335343630018
371.0, 0.0004650450561419877
372.0, 9.590062454078827e-05
373.0, 0.00022408480194524425
374.0, 0.0001599089747203506
375.0, 9.925080237938296e-05
376.0, 0.0001847151028560884
377.0, 0.00011637174200282042
378.0, 7.048954704159747e-05
379.0, 8.630713423655887e-05
380.0, 0.00021629869459024694
381.0, 0.00013542475371158147
382.0, 0.00015931543426765234
383.0, 0.00020938547109170438
384.0, 0.00011116445324164825
385.0, 0.0002611262388606927
386.0, 0.0003607372427634607
387.0, 0.0003717361741449026
388.0, 0.0002819241699958369
389.0, 0.0004810028150131188
390.0, 0.00039468798223526893
391.0, 8.1764156281307e-05
392.0, 0.0003499181390819431
393.0, 0.0004598380138958823
394.0, 0.00040879072363870665
395.0, 0.00024294143607722242
396.0, 0.0003375670949585068
397.0, 0.00022058099515955164
398.0, 0.00018416448062692062
399.0, 0.0003461256143230848
400.0, 0.00031244153903044956
401.0, 0.0001852387825348267
402.0, 0.00017679126089944122
403.0, 0.0004229396233865258
404.0, 0.0001396105869608464
405.0, 0.0002058980144137164
406.0, 0.0002796887035773002
407.0, 2.3972815509177013e-05
408.0, 5.502049955247022e-06
409.0, 0.00014935730521463362
410.0, 0.0003080107407474912
411.0, 0.0002815340773164553
412.0, 0.000572251893808047
413.0, 0.0005148599134367235
414.0, 0.00027183000026100517
415.0, 0.00020432327561896004
416.0, 0.0002630134658586594
417.0, 0.0003737958977927158
418.0, 0.0004944309367536158
419.0, 0.00054228816517775
420.0, 0.0005527723959565595
421.0, 0.0004591570125963162
422.0, 0.00035457529701781495
423.0, 0.0005780597151481196
424.0, 0.0004454306102197217
425.0, 0.0004422021710235098
426.0, 0.0005634341469913024
427.0, 0.0003184959389974578
428.0, 0.000522259097764914
429.0, 0.000609388699792919
430.0, 0.0005062475014354999
431.0, 0.0007507522319483307
432.0, 0.0007108217039849064
433.0, 0.00044053661494022466
434.0, 5.680448217395222e-05
435.0, 0.0003330652014066778
436.0, 0.0002839484068099899
437.0, 0.00035113231009364806
438.0, 0.0006997711101399763
439.0, 0.0008884509791979168
440.0, 0.0004215169364974151
441.0, 0.0001950251075152808
442.0, 0.0006232642774148006
443.0, 0.000319283289028782
444.0, 0.0003955749850459313
445.0, 0.0004267571824837548
446.0, 0.00016715714642915924
447.0, 0.0004401200764866317
448.0, 0.0006046162247644491
449.0, 0.0005610966435566977
450.0, 0.00025561412623363935
451.0, 0.000855693426939846
452.0, 0.0008844269802687419
453.0, 0.0006993545288958248
454.0, 0.0006054082273893789
455.0, 0.0004066580405626203
456.0, 0.00027097736074251983
457.0, 0.000383451717333377
458.0, 0.000931040898756091
459.0, 0.0007351280101756533
460.0, 0.000791961290118443
461.0, 0.0008675235406039055
462.0, 0.0007038912024280392
463.0, 0.00038967948298433263
464.0, 0.000568683446479947
465.0, 0.0007451626311000178
466.0, 0.0003225304528871095
467.0, 0.0006924059716241673
468.0, 0.0008332174711304
469.0, 0.0006691101277363776
470.0, 0.00012877218708408773
471.0, 0.0005124099618421222
472.0, 0.0003954682874059263
473.0, 0.0002965879499397208
474.0, 0.0009575628932083078
475.0, 0.00028836224137562095
476.0, 0.0003353480571056281
477.0, 0.0006603363378992003
478.0, 0.0005787427868088608
479.0, 0.0004064338721207462
480.0, 0.0005933980792291065
481.0, 0.0007544211982498285
482.0, 0.0003397782482988308
483.0, 0.00086948253509533
484.0, 0.0008503912791307007
485.0, 0.0005030537436795983
486.0, 0.0001972169724598621
487.0, 0.0006186362601288565
488.0, 0.0004348989120514181
489.0, 0.00015622385742526668
490.0, 0.0005229605476317318
491.0, 0.0002504878874417038
492.0, 0.0002560893062988604
493.0, 0.00039097186260813856
494.0, 0.0004271887754363854
495.0, 0.0003484477496047496
496.0, 0.00035655658172528205
497.0, 0.0004631596907251774
498.0, 0.0006767353405087381
499.0, 0.0001948623117387172
500.0, 0.0004292130546497853
501.0, 0.0006742704801612157
502.0, 0.00010714217633387525
503.0, 0.0007132054248409843
504.0, 0.0006333949492948385
505.0, 0.0004359409355675544
506.0, 0.0007195007694555948
507.0, 0.000661544584294241
508.0, 0.000659028559483514
509.0, 0.0007977163115635548
510.0, 0.0011360871239191755
511.0, 0.00046316363763703605
512.0, 0.0004166766876097424
513.0, 0.0006192158597073188
514.0, 0.0007448517720821937
515.0, 0.000366734101030997
516.0, 0.0005230156912255675
517.0, 0.0006297146358835663
518.0, 0.00033449979378999775
519.0, 0.0009256102188038117
520.0, 0.0010393875355884496
521.0, 0.0007722660847666893
522.0, 0.00029010378468786996
523.0, 0.0009313288516892664
524.0, 0.0007527307743437127
525.0, 0.0006099128273491774
526.0, 0.0008435053954452894
527.0, 0.00047655581383361756
528.0, 0.0003098619159622802
529.0, 0.0004612302142092521
530.0, 0.0008132663664811052
531.0, 0.0002445683682608789
532.0, 0.0007268475899751986
533.0, 0.0008727638394688576
534.0, 0.00042661028613722146
535.0, 0.0005663776617214605
536.0, 0.0003578812882403581
537.0, 0.0003038551176368298
538.0, 0.0004783865009034068
539.0, 0.0006308088758152364
540.0, 0.0003409568024447671
541.0, 0.0003801316226141824
542.0, 0.0007628464515324904
543.0, 0.0010604063958188851
544.0, 0.000809054613606165
545.0, 0.0006258918459870426
546.0, 0.0005942922159294323
547.0, 0.0006898393588083577
548.0, 0.0009594726473664332
549.0, 0.0009562210231219148
550.0, 0.0007995267163946585
551.0, 0.0007641306110212606
552.0, 0.0008079270429489772
553.0, 0.0005033109094331506
554.0, 0.00043495557890927983
555.0, 0.0013646567810402018
556.0, 0.00043646063380128956
557.0, 0.0003894484269923521
558.0, 0.0007573787756453729
559.0, 0.001030208790088284
560.0, 0.0003990638203759628
561.0, 0.0006777278496193623
562.0, 0.0007820153573716167
563.0, 8.743919810753868e-05
564.0, 0.0003647675437553249
565.0, 0.0004075726261171048
566.0, 0.0002732350169328899
567.0, 0.00012124693426591012
568.0, 0.0008608651884736651
569.0, 0.0005301096754469548
570.0, 0.0005627276015240073
571.0, 0.001191929804242306
572.0, 0.0012395143533864424
573.0, 0.0005149694144845105
574.0, 0.000354900478694324
575.0, 0.0006921379110645014
576.0, 0.00044123697475397894
577.0, 0.0003917377188661572
578.0, 0.0005520145789938969
579.0, 0.0006675111933892828
580.0, 0.0002491247681182745
581.0, 0.0004701702039245577
582.0, 0.0005243352847103338
583.0, 0.0003864135783720521
584.0, 9.958829859174457e-05
585.0, 0.000724648303337828
586.0, 0.0005236718697194883
587.0, 0.00029159332505892106
588.0, 0.0006719732692561993
589.0, 0.00021637198139392807
590.0, 0.000741212444445716
591.0, 0.0010776591970680974
592.0, 0.000694044955307255
593.0, 0.0007262309277768224
594.0, 0.0009967661512918077
595.0, 0.0009170631923658154
596.0, 0.0004716230869791949
597.0, 0.0005068756268394167
598.0, 0.0004913466914411011
599.0, 0.0005809971693081457
600.0, 0.0007278610465210573
601.0, 0.0007271306100633556
602.0, 0.000552089930782577
603.0, 0.0009201087370061771
604.0, 0.0013121880010325663
605.0, 0.000811014274646411
606.0, 0.0005746970922485143
607.0, 0.0009322774891176015
608.0, 0.001109540713283934
609.0, 0.000434669986573427
610.0, 0.0009008117433038762
611.0, 0.0008703219781278826
612.0, 0.0006932407342557246
613.0, 0.00060996849251345
614.0, 0.0008488401263709623
615.0, 0.0003719714291206425
616.0, 0.00041850969150129043
617.0, 0.0010453812055358325
618.0, 0.0008640941619033128
619.0, 0.0008592876958500152
620.0, 0.0012356702040418072
621.0, 0.0014691021631712186
622.0, 0.0003987935915135566
623.0, 0.0012847019926452061
624.0, 0.0012773391131705712
625.0, 0.000928335552541271
626.0, 0.0011432371591436285
627.0, 0.0013507168256768993
628.0, 0.001191400412649184
629.0, 0.0012097805624826487
630.0, 0.0016297064910530275
631.0, 0.0009306751483010212
632.0, 0.0006818584036009681
633.0, 0.0008432616556826765
634.0, 0.001118986387618751
635.0, 0.0003836088676845192
636.0, 0.0009403662147299146
637.0, 0.0010902180923221317
638.0, 0.0009528770604016295
639.0, 0.001468873360728747
640.0, 0.0009211321281962944
641.0, 0.0005648725698466376
642.0, 0.0006713470736409988
643.0, 0.0014006750412005676
644.0, 0.0014712027116446909
645.0, 0.001273562372588865
646.0, 0.001228200526712519
647.0, 0.0014268866647554504
648.0, 0.000617234105078404
649.0, 0.0012318180395991397
650.0, 0.0014058892434000202
651.0, 0.0009630689634157258
652.0, 0.0012384752620835462
653.0, 0.0013547394199924761
654.0, 0.0010248154606927076
655.0, 0.000755566242759433
656.0, 0.0013930874390984992
657.0, 0.0007964940658654796
658.0, 0.0006607593054803211
659.0, 0.0005557775556360297
660.0, 0.00017478436049694364
661.0, 0.000510540295186654
662.0, 0.0009208893834058903
663.0, 0.0007936346518818544
664.0, 0.0002206564226003197
665.0, 0.000605908266395697
666.0, 0.0008583841728763366
667.0, 0.0006181666322642804
668.0, 0.0003377295623708012
669.0, 0.000975916601455837
670.0, 0.0010371097220229916
671.0, 0.0010324651363098443
672.0, 0.0009478121585990973
673.0, 0.0007527859215780105
674.0, 0.000448296901964184
675.0, 0.0010345606822305651
676.0, 0.0010303987363607411
677.0, 0.00020975757111459377
678.0, 0.00048454156453512157
679.0, 0.0007392338524794587
680.0, 0.0005358733761772798
681.0, 0.00036048961464810804
682.0, 0.0012664140632418855
683.0, 0.0007832450428373559
684.0, 0.0005217318114960493
685.0, 0.000607336178757442
686.0, 0.0009845350127341403
687.0, 0.00042470807947875484
688.0, 0.0008353638464218446
689.0, 0.0008842944190082955
690.0, 0.000359428853199566
691.0, 0.0005386296488372662
692.0, 0.0007731315215031179
693.0, 0.0006117321302083781
694.0, 0.0005543600554171873
695.0, 0.0014850331992368208
696.0, 0.0009421428167225545
697.0, 0.0009854895170736016
698.0, 0.001365134128254407
699.0, 0.0017019344796474472
700.0, 0.0007278410913059078
701.0, 0.0013071065665784239
702.0, 0.0015276277201149333
703.0, 0.0012131877568002521
704.0, 0.001538087899701651
705.0, 0.0016733345256909184
706.0, 0.0015720373903052064
707.0, 0.0014786025534834592
708.0, 0.0016787999893144636
709.0, 0.002112894552650682
710.0, 0.0028179654664324378
711.0, 0.00391128540745853
712.0, 0.005452407314661598
713.0, 0.00746665498416392
714.0, 0.013591852359696921
715.0, 0.02174879359476258
716.0, 0.032676258436893625
717.0, 0.048176385757565804
718.0, 0.05407634780742818
719.0, 0.04943453152260261
720.0, 0.03879334610187172
721.0, 0.0264378435012483
722.0, 0.016565524846337772
723.0, 0.011169364094445751
724.0, 0.007578631651901007
725.0, 0.005079328712070244
726.0, 0.0038458979286581274
727.0, 0.0032643958532249827
728.0, 0.002425339656417878
729.0, 0.0017358366619957385
730.0, 0.0016309346105146906
731.0, 0.001834740083118388
732.0, 0.0014658957127582073
733.0, 0.0014088308873253068
734.0, 0.001667611039702364
735.0, 0.0011522471831632332
736.0, 0.0009680110960485118
737.0, 0.0010589392619714405
738.0, 0.000987284203246856
739.0, 0.0003404260405669989
740.0, 0.001274240657269206
741.0, 0.0011390577604587647
742.0, 0.0009908924323180069
743.0, 0.0012187242314115878
744.0, 0.0013249110967626485
745.0, 0.0008069649165301925
746.0, 0.0008985486770544534
747.0, 0.00118844769038464
748.0, 0.0008848030721963834
749.0, 0.000826763551635933
750.0, 0.001410190042534971
751.0, 0.0015134230356819245
752.0, 0.0009170327930032203
753.0, 0.0012430729454422863
754.0, 0.0005648926222520413
755.0, 0.0005183174602455278
756.0, 0.0009566529776776162
757.0, 0.0012380897088364409
758.0, 0.0002683535391526322
759.0, 0.0004591506642660504
760.0, 0.0007688489344023231
761.0, 0.0007329466834038231
762.0, 0.0009146529491071845
763.0, 0.0009017584847096267
764.0, 0.0006587781401888802
765.0, 0.0004992788615185554
766.0, 0.0008359253659700101
767.0, 0.0005012500199601661
768.0, 0.0005546071296409947
769.0, 0.0007916860656041562
770.0, 0.0009062720775360024
771.0, 0.00014985937939307318
772.0, 0.00047359772051483283
773.0, 0.0007879884370670269
774.0, 0.0008244902698784592
775.0, 0.0004951941055280143
776.0, 0.0006503204291425456
777.0, 0.0003537424531663993
778.0, 0.0002836095263873872
779.0, 0.0005177138879914154
780.0, 0.0002557197658175491
781.0, 7.490403736123825e-05
782.0, 0.0005190402174460946
783.0, 0.0008404237111736842
784.0, 0.0002592989908588184
785.0, 0.00023019670878614466
786.0, 0.000661517510439854
787.0, 0.0006867430257406603
788.0, 0.00047066142940145985
789.0, 0.0012889972240155742
790.0, 0.0008722529918835343
791.0, 0.000999682976592795
792.0, 0.001188784001694422
793.0, 0.0009287880887127755
794.0, 0.0004692506080091771
795.0, 0.0009269731965519273
796.0, 0.0008016329398905357
797.0, 0.000241629861656276
798.0, 0.000335275004950616
799.0, 0.0009605193465944217
800.0, 0.0006058510651735057
801.0, 0.00026156559877750057
802.0, 0.0004391958942827205
803.0, 0.0002989250162162381
804.0, 0.000650415775093863
805.0, 0.0009526175845077548
806.0, 0.0008862006272577452
807.0, 0.00024206715171026945
808.0, 0.0006959960101973654
809.0, 0.000586547900702242
810.0, 0.0004109614121998681
811.0, 0.0004348855813150153
812.0, 0.0007626274818664854
813.0, 0.0003346431969541713
814.0, 0.0006847921134748672
815.0, 0.0008989747661530777
816.0, 0.00025649023964994405
817.0, 0.0005223284856140252
818.0, 0.0008447089018571146
819.0, 0.0006890930497725281
820.0, 0.000326610491121179
821.0, 0.000478247888215726
822.0, 0.0004680558390062281
823.0, 0.0004944070311916877
824.0, 0.0007545049890200199
825.0, 0.0010383073920211246
826.0, 0.00017520739823521318
827.0, 0.00038003196822959824
828.0, 0.000773262043255983
829.0, 0.0009611631250968021
830.0, 0.0007418475047855311
831.0, 0.0010482912077601702
832.0, 0.0006242568353782686
833.0, 0.0002959212299931606
834.0, 0.0003694475655458883
835.0, 0.0009126966240050056
836.0, 0.0003753350559354213
837.0, 0.0004185864335153778
838.0, 0.00039533911652260583
839.0, 0.00010914649937049053
840.0, 0.00037506673426135556
841.0, 0.0005448520904005199
842.0, 0.00032898505510074456
843.0, 0.00035520760742136924
844.0, 0.0010763857605221366
845.0, 0.000354284434208764
846.0, 0.0003054803590294739
847.0, 0.0006452863214393258
848.0, 0.0008675673627608455
849.0, 0.0002585678848796432
850.0, 0.0006236605525802325
851.0, 0.0004980493128847526
852.0, 0.000297974659863481
853.0, 0.0003597458322870951
854.0, 0.0010095367495929451
855.0, 0.0004564543155601231
856.0, 0.0009111719004580855
857.0, 0.0015091625280380643
858.0, 0.0013938735008385873
859.0, 0.0011149102787229056
860.0, 0.0009200649319532964
861.0, 0.0008681551535723392
862.0, 0.0009646885191840188
863.0, 0.0011718525401320807
864.0, 0.0011158695831536944
865.0, 0.0008764110963237301
866.0, 0.0008192174973375207
867.0, 0.0009108433553709283
868.0, 0.0007679276080235451
869.0, 0.0008796096194958463
870.0, 0.0008210582154323828
871.0, 0.0006904810865479609
872.0, 0.0005686457136541346
873.0, 0.00048772406864652936
874.0, 0.000476550957813396
875.0, 0.0004695245224357668
876.0, 0.0005418971195905508
877.0, 0.0007453367097720369
878.0, 0.0009376187585216917
879.0, 0.0013092022984652447
880.0, 0.0010390513898025098
881.0, 0.0005200810056311757
882.0, 0.0005240185508497564
883.0, 0.0009277161798650041
884.0, 0.000430630139515064
885.0, 0.0004411404154630541
886.0, 0.0009022107197419559
887.0, 0.00072155301049721
888.0, 0.000677274435208885
889.0, 0.001080787979583461
890.0, 0.0011434773420469033
891.0, 0.000809031822473795
892.0, 0.001125943516068788
893.0, 0.000796458461678262
894.0, 0.000471275547923661
895.0, 0.00048431883915389315
896.0, 0.0008038218514645854
897.0, 0.00039865377153957356
898.0, 0.00019425543271844623
899.0, 0.0006679486075414961
900.0, 0.0008866894100765531
901.0, 0.00017435296169199103
902.0, 0.0006316589302611876
903.0, 0.0007274644803839423
904.0, 0.000494801038892457
905.0, 0.00037843697828681734
906.0, 0.000833085979662725
907.0, 0.0005780470768977164
908.0, 0.000793871305783969
909.0, 0.0007558627604017374
910.0, 0.0005003732502265549
911.0, 0.0004687956432320715
912.0, 0.0006122058937080362
913.0, 0.0002761517326823488
914.0, 0.0001941661827115382
915.0, 0.0004919574447738572
916.0, 0.0007603362571941546
917.0, 0.00036189407402050454
918.0, 0.0006127253456450995
919.0, 0.0010179510261457926
920.0, 0.0010510699592473768
921.0, 8.105873880339916e-05
922.0, 0.0008104688330513351
923.0, 0.0005045978022184935
924.0, 0.00039605300990973313
925.0, 0.0008796161064704032
926.0, 0.0001479579393275156
927.0, 0.000169146207502122
928.0, 0.00048479386727402806
929.0, 0.0005099946301741282
930.0, 0.00015007684119196745
931.0, 0.0008443240814693535
932.0, 0.0010775061813066897
933.0, 0.0007569168560357998
934.0, 0.0006926018115768752
935.0, 0.0012459045425787297
936.0, 0.00028829353736297867
937.0, 0.0008882691185156432
938.0, 0.0010864856502947264
939.0, 0.0007673909415293176
940.0, 0.00032960957533658834
941.0, 0.000849637110998806
942.0, 0.0006509542723399343
943.0, 0.0003540176188856377
944.0, 0.0004909217342926541
945.0, 0.0012782438070104898
946.0, 0.0007706277002168586
947.0, 0.001252992767440236
948.0, 0.0010491382553341803
949.0, 0.00041117234518331977
950.0, 0.00022490182677247221
951.0, 0.00099678993466143
952.0, 0.0007938005025290995
953.0, 0.000667426546673844
954.0, 0.0007613940132624304
955.0, 0.0008245838210811588
956.0, 0.00012792820365921045
957.0, 0.0005085523343838806
958.0, 0.0004903913643845683
959.0, 0.00024052262487378971
960.0, 0.000556427389267651
961.0, 0.0008018643862112522
962.0, 0.0003036359290773333
963.0, 0.00029313475967967194
964.0, 0.0005301547320910887
965.0, 0.00017927641237612237
966.0, 0.00014827159536245734
967.0, 0.0005542118198014162
968.0, 0.0005289918193806932
969.0, 0.0003064880805283417
970.0, 0.0005902240337641214
971.0, 0.0008313335643118597
972.0, 0.00047904511027041416
973.0, 0.0005237862862573426
974.0, 0.0007262077697457021
975.0, 0.0003561305997067145
976.0, 0.00028943661211889264
977.0, 0.0004599692359561008
978.0, 0.00044779507324730006
979.0, 0.00047555080796089826
980.0, 0.0009120599583913124
981.0, 0.0003246514658983676
982.0, 0.0003292361421286471
983.0, 0.0004627504713136365
984.0, 0.0004794439583695476
985.0, 0.00027638123104819346
986.0, 0.0003249351621690943
987.0, 0.0006215301348404819
988.0, 0.00042747317200341606
989.0, 0.0002726525100314312
990.0, 0.0008604591432421445
991.0, 0.0005206873981437896
992.0, 0.0002120392723394926
993.0, 0.00039303014280139543
994.0, 0.0005573224313568329
995.0, 0.00019826820881071886
996.0, 0.0006825164469096642
997.0, 0.0010164770963939681
998.0, 0.0012718513514642419
999.0, 0.0017329737748365097
1000.0, 0.0023964237716171837
1001.0, 0.0016702890190453895
1002.0, 0.002327410384731076
1003.0, 0.002571565365828768
1004.0, 0.0023280306339063203
1005.0, 0.002080468676203878
1006.0, 0.0031120214969330394
1007.0, 0.0021024031983987836
1008.0, 0.0020066368837543345
1009.0, 0.002402078788340732
1010.0, 0.0025598759118208086
1011.0, 0.002124330263183284
1012.0, 0.0030600076770384587
1013.0, 0.003137948011298339
1014.0, 0.0028704593468193503
1015.0, 0.00293894657958961
1016.0, 0.003920947563086297
1017.0, 0.0036691861653256235
1018.0, 0.003912938857997017
1019.0, 0.004046234654815764
1020.0, 0.003938680733580631
1021.0, 0.004148759646798837
1022.0, 0.004915771872329001
1023.0, 0.004521376850819068
1024.0, 0.004103131354512379
1025.0, 0.0040864111088414245
1026.0, 0.004231116748830795
1027.0, 0.0033003792601972847
1028.0, 0.003742273427063289
1029.0, 0.00403538538623394
1030.0, 0.003964973184307503
1031.0, 0.003980389231147974
1032.0, 0.004089557380796443
1033.0, 0.0034543781292406704
1034.0, 0.0033863501674615184
1035.0, 0.00367309529252031
1036.0, 0.003653653680344773
1037.0, 0.0029756497599194086
1038.0, 0.00405826467038692
1039.0, 0.004399451185723011
1040.0, 0.00446261243179172
1041.0, 0.004943137052090887
1042.0, 0.005624315921101231
1043.0, 0.005631830319342534
1044.0, 0.0063383987761653675
1045.0, 0.006709117164119164
1046.0, 0.006472830372302775
1047.0, 0.00690567824368379
1048.0, 0.007433423831322069
1049.0, 0.007432778319286725
1050.0, 0.007720930367694305
1051.0, 0.008353849409116054
1052.0, 0.008666987088269292
1053.0, 0.008001191554122305
1054.0, 0.009406354574461383
1055.0, 0.009933031456553087
1056.0, 0.00960896439564345
1057.0, 0.009858590530459625
1058.0, 0.011420220443254418
1059.0, 0.011692136268074948
1060.0, 0.013029423169662886
1061.0, 0.01545143516157526
1062.0, 0.018167748617464285
1063.0, 0.019767401703979542
1064.0, 0.019816428780256513
1065.0, 0.018462169258592724
1066.0, 0.01792031778639306
1067.0, 0.019054573053555415
1068.0, 0.020262158840851908
1069.0, 0.020145599122943024
1070.0, 0.023136141620122702
1071.0, 0.02652846018695679
1072.0, 0.0294017097255104
1073.0, 0.03256494661371237
1074.0, 0.0391080073875684
1075.0, 0.04578813431791796
1076.0, 0.05603750006451859
1077.0, 0.07217593735368705
1078.0, 0.09661113656212902
1079.0, 0.1356522362586447
1080.0, 0.22684423486379135
1081.0, 0.4005099541731724
1082.0, 0.6828022724052627
1083.0, 0.9826049203072841
1084.0, 0.9995757297635908
1085.0, 0.9146139036300434
1086.0, 0.6469607789985744
1087.0, 0.3921891583147627
1088.0, 0.23356992166569232
1089.0, 0.1428389500035558
1090.0, 0.09891549759160007
1091.0, 0.06771189178912648
1092.0, 0.04822639358544916
1093.0, 0.03705224545651804
1094.0, 0.029787781668313654
1095.0, 0.023273191395329944
1096.0, 0.02096737200176421
1097.0, 0.017846447278458865
1098.0, 0.014758881859600627
1099.0, 0.012829579541105904
1100.0, 0.01234009991023205
1101.0, 0.010203950849506795
1102.0, 0.009746593091099527
1103.0, 0.009365456155861313
1104.0, 0.008410176085656178
1105.0, 0.007162816597729504
1106.0, 0.007648210375908381
1107.0, 0.006677996102136483
1108.0, 0.005876081832137907
1109.0, 0.005559675671257968
1110.0, 0.005376336899631982
1111.0, 0.00414331804868246
1112.0, 0.004218775078243876
1113.0, 0.003843078300096807
1114.0, 0.003656879810624972
1115.0, 0.003747007626723494
1116.0, 0.0035762044520293097
1117.0, 0.0033736236359637297
1118.0, 0.0030605597426154063
1119.0, 0.0035675879129324073
1120.0, 0.0038663679343179398
1121.0, 0.0031070833065136427
1122.0, 0.003465627282779894
1123.0, 0.0031069111442625845
1124.0, 0.002910924080782645
1125.0, 0.002979083053421773
1126.0, 0.003009250125998073
1127.0, 0.0024037736904743917
1128.0, 0.002105974728066633
1129.0, 0.002575654316964524
1130.0, 0.0022444456148525875
1131.0, 0.0019872248681040653
1132.0, 0.0027869874245566757
1133.0, 0.001992385487737034
1134.0, 0.0021163120913353438
1135.0, 0.002275046485814758
1136.0, 0.0018261589604510987
1137.0, 0.0012857980520636812
1138.0, 0.002331973962636856
1139.0, 0.002020990863880045
1140.0, 0.0017728456966352756
1141.0, 0.0020187932894703657
1142.0, 0.0021743033532240935
1143.0, 0.0016955630502235952
1144.0, 0.001732300029261869
1145.0, 0.002129625654033691
1146.0, 0.00156817317394956
1147.0, 0.001455055899069622
1148.0, 0.0019429372876711036
1149.0, 0.0016063750710417395
1150.0, 0.0009730480694147934
1151.0, 0.0009052846382220333
1152.0, 0.0010657727423726974
1153.0, 0.0013270501347050455
1154.0, 0.001637091909655421
1155.0, 0.001958542290480122
1156.0, 0.0015420967910470323
1157.0, 0.0015716663404321336
1158.0, 0.0015577496121768578
1159.0, 0.001384253401683772
1160.0, 0.0013365540259946181
1161.0, 0.0015037685269951551
1162.0, 0.0014473529824934645
1163.0, 0.000955736920883456
1164.0, 0.0008450955595389731
1165.0, 0.001246021051387919
1166.0, 0.0005336192318794893
1167.0, 0.0008474848780380888
1168.0, 0.001243939658538689
1169.0, 0.0011300379895390793
1170.0, 0.0009496918270527061
1171.0, 0.0013340865186335011
1172.0, 0.0009975171330079994
1173.0, 0.0006831634214226126
1174.0, 0.0007765209323224464
1175.0, 0.0008227042534533097
1176.0, 0.0007503329527230619
1177.0, 0.0010109305041040315
1178.0, 0.0010904739256099485
1179.0, 0.0007775574238893095
1180.0, 0.0008705735164659626
1181.0, 0.0009927040444807932
1182.0, 0.0007641742889327117
1183.0, 0.000697464403332683
1184.0, 0.0010640943971892325
1185.0, 0.0005992445830711937
1186.0, 0.00046542284048138843
1187.0, 0.0006921031269225704
1188.0, 0.0006208761583702217
1189.0, 0.00012676937459460668
1190.0, 0.0006717277320242585
1191.0, 0.0006491965871148056
1192.0, 0.00035649061282743436
1193.0, 0.0003699770642829472
1194.0, 0.0010721260998792625
1195.0, 0.0006626316468963856
1196.0, 0.0011337376257758887
1197.0, 0.001088466766718568
1198.0, 0.0008133284040933834
1199.0, 0.0008432893520871996
1200.0, 0.0012270482910141855
1201.0, 0.0005135835769620109
1202.0, 0.0007436814390291225
1203.0, 0.0013049121354791328
1204.0, 0.0012938687249248165
1205.0, 0.0004163562425132611
1206.0, 0.0006427398400480679
1207.0, 0.0003093134451426228
1208.0, 0.00020299124038000127
1209.0, 0.0008558175452492091
1210.0, 0.001446985173127814
1211.0, 0.0006867372599575883
1212.0, 0.00023887130871807968
1213.0, 0.0015071745377284913
1214.0, 0.0012153129864967203
1215.0, 0.000938584421488563
1216.0, 0.0013146956887748898
1217.0, 0.001128773758387987
1218.0, 0.0002051997552463565
1219.0, 0.0008866211911980228
1220.0, 0.000767354337277863
1221.0, 0.0003280361292441911
1222.0, 0.000452989102251193
1223.0, 0.0013226767703852873
1224.0, 0.0003861820349588762
1225.0, 0.0005781600997009485
1226.0, 0.0011319306737329429
1227.0, 0.0013028693140677624
1228.0, 0.0011123632892808897
1229.0, 0.0021269630011728517
1230.0, 0.0009913123738944049
1231.0, 0.0006743318762586951
1232.0, 0.0011417371771376224
1233.0, 0.0014882224083008439
1234.0, 0.001073023716929307
1235.0, 0.0011869944115403366
1236.0, 0.001313454394363474
1237.0, 0.0007692335974463049
1238.0, 0.0007044427409972142
1239.0, 0.0009231343130801835
1240.0, 0.0006357887170889947
1241.0, 0.00036553152419042565
1242.0, 0.0012424880279341155
1243.0, 0.0007226817324438571
1244.0, 0.0005160048795596892
1245.0, 0.0010609684561245954
1246.0, 0.0014209451402470222
1247.0, 0.0003040835689797738
1248.0, 0.0004712022433149038
1249.0, 0.0009497880352772385
1250.0, 0.0007856269862197988
1251.0, 0.0006297127368786662
1252.0, 0.0017377986843613528
1253.0, 0.0008445549515195213
1254.0, 0.0010690055487176412
1255.0, 0.0013688067223671086
1256.0, 0.0011330240975345612
1257.0, 0.0007435180133492779
1258.0, 0.001105325981487299
1259.0, 0.0007089449874905372
1260.0, 0.0006107698395154511
1261.0, 0.001199759609522849
1262.0, 0.0014039602271086191
1263.0, 0.0009138543819219203
1264.0, 0.000547494704112633
1265.0, 0.0016953437371962947
1266.0, 0.0006887936719195277
1267.0, 0.0008456067464290077
1268.0, 0.0013041323627363505
1269.0, 0.0012304736164531972
1270.0, 0.0007837999924595771
1271.0, 0.0013691036055708716
1272.0, 0.000992501455424169
1273.0, 0.0005577637877560364
1274.0, 0.0009029014350278391
1275.0, 0.0015362813937742168
1276.0, 0.00107267483483186
1277.0, 0.0008462940417862126
1278.0, 0.0009026576193776256
1279.0, 0.0004693148972177891
1280.0, 0.0007429645498306722
1281.0, 0.0013755048210254786
1282.0, 0.0007583851670696809
1283.0, 7.03716549380721e-05
1284.0, 0.000783845016390282
1285.0, 0.0005177462908355314
1286.0, 0.0005855950281623089
1287.0, 0.0011891740945959386
1288.0, 0.0012506202400842867
1289.0, 0.0002988004924526569
1290.0, 0.0008840287802805465
1291.0, 0.0009628712944484322
1292.0, 0.0005658988998700459
1293.0, 0.0006122982228620314
1294.0, 0.0016310333612855965
1295.0, 0.0008487183994423365
1296.0, 0.0004911607723249861
1297.0, 0.001364809899650231
1298.0, 0.001092527848663744
1299.0, 0.00044008973986719806
1300.0, 0.0011017597467429452
1301.0, 0.0009637978105177411
1302.0, 0.000350733501640204
1303.0, 0.0008136383266735349
1304.0, 0.0007964947813324133
1305.0, 0.0005897346151144569
1306.0, 0.000954012888204557
1307.0, 0.0013236920132397932
1308.0, 0.0006311708014192445
1309.0, 0.0012012747481648144
1310.0, 0.0012315848074949218
1311.0, 0.0006205485450171311
1312.0, 0.00039738308371221117
1313.0, 0.0019137210321988438
1314.0, 0.0007847854076039598
1315.0, 0.0004722894423244263
1316.0, 0.0006694836355623361
1317.0, 0.0007939938481256733
1318.0, 0.000729224675743434
1319.0, 0.0009395866472801664
1320.0, 0.0007859010510893392
1321.0, 0.00027966753533497274
1322.0, 0.0008832208905632709
1323.0, 0.0009640562403210506
1324.0, 0.0002584619460809155
1325.0, 0.00023191939204563535
1326.0, 0.0019140782285280954
1327.0, 0.0006034367753831899
1328.0, 0.00017808679487162313
1329.0, 0.0005631744912432588
1330.0, 0.0008396674987101218
1331.0, 0.0004632830718480162
1332.0, 0.0007516625952843157
1333.0, 0.0007787341408729464
1334.0, 0.00033060122766419124
1335.0, 0.0005549485575557612
1336.0, 0.0009124512380311328
1337.0, 0.0006975995122101387
1338.0, 0.0003628800887078966
1339.0, 0.0013164158739238608
1340.0, 0.0006876579873574789
1341.0, 0.0006557938347441962
1342.0, 0.00108110912497232
1343.0, 0.0011045081814835159
1344.0, 0.0002720755443488398
1345.0, 0.0010156710162229708
1346.0, 0.0007890902101832043
1347.0, 0.0005033508877512088
1348.0, 0.0007364622219747161
1349.0, 0.0008676097385849745
1350.0, 0.00021278699078238682
1351.0, 0.00035797033353783265
1352.0, 0.0005859241420029604
1353.0, 0.00023458961290655906
1354.0, 0.0004707873519159807
1355.0, 0.000959195144617456
1356.0, 0.0010668255102784358
1357.0, 0.0009062423304517003
1358.0, 0.0013718493067136088
1359.0, 0.000983622341015354
1360.0, 0.000476619394925364
1361.0, 0.0007187219434870613
1362.0, 0.001332729239782351
1363.0, 0.0011323167288031601
1364.0, 0.0007879123790495564
1365.0, 0.0015519100615521502
1366.0, 0.0007098758190351169
1367.0, 0.0005287306605436223
1368.0, 0.0006804237828026004
1369.0, 0.00028714499527573837
1370.0, 0.000718196897026954
1371.0, 0.0006140413426367981
1372.0, 0.0006108158695893589
1373.0, 0.00041118078425841546
1374.0, 0.0007963628118347308
1375.0, 0.001313633309150873
1376.0, 0.0005781766154182126
1377.0, 0.0010379820600367375
1378.0, 0.0011983398473183848
1379.0, 0.0006045601780016804
1380.0, 0.000757598318452192
1381.0, 0.001146606952822188
1382.0, 0.0007000191502240544
1383.0, 7.202939385308083e-05
1384.0, 0.0017696962717183655
1385.0, 0.0008985458311979339
1386.0, 0.0007677155301409206
1387.0, 0.00138379251653763
1388.0, 0.0014920364143440898
1389.0, 0.00045682828119745676
1390.0, 0.0018355180838899895
1391.0, 0.002113251583131328
1392.0, 0.0007527124731220008
1393.0, 0.0006880894996073717
1394.0, 0.0015469763713759138
1395.0, 0.0015978641759361572
1396.0, 0.0005702882198454416
1397.0, 0.0020696852268667285
1398.0, 0.0012700383815215043
1399.0, 0.0004659701914574511
1400.0, 0.000912118734867969
1401.0, 0.0013948818079574268
1402.0, 0.0003065948108772687
1403.0, 0.0011570162062421235
1404.0, 0.0019109750066328421
1405.0, 0.0008631885139904406
1406.0, 0.0012062705816068388
1407.0, 0.001953462155947707
1408.0, 0.001652196810367868
1409.0, 0.000985191843751287
1410.0, 0.0026026698697333627
1411.0, 0.001597146515341078
1412.0, 0.001905713881010415
1413.0, 0.002661908425681818
1414.0, 0.0024094809296182204
1415.0, 0.0012189974234385397
1416.0, 0.001905933920707049
1417.0, 0.0023905300575125794
1418.0, 0.0011817507964540497
1419.0, 0.0017650808002741486
1420.0, 0.0023375901373852916
1421.0, 0.0019261081075163948
1422.0, 0.0015689857273530937
1423.0, 0.0026309331484220717
1424.0, 0.0016497258951278693
1425.0, 0.001550936988609437
1426.0, 0.0022522020725929846
1427.0, 0.0021916117118133192
1428.0, 0.0015504124863459793
1429.0, 0.002238956572677476
1430.0, 0.001552373946588847
1431.0, 0.001532383178773131
1432.0, 0.002104571092066316
1433.0, 0.002549645209698749
1434.0, 0.0025313571869531705
1435.0, 0.0024314387144484867
1436.0, 0.003006719976290497
1437.0, 0.0023096915255518703
1438.0, 0.0023693650704016372
1439.0, 0.003540449493953745
1440.0, 0.003257842870912998
1441.0, 0.0023110986153663405
1442.0, 0.0025313060060160202
1443.0, 0.0031039537770226775
1444.0, 0.0021440978718398726
1445.0, 0.0026857712897530514
1446.0, 0.002590736304228763
1447.0, 0.002204048518612836
1448.0, 0.0025401019604095825
1449.0, 0.0033687257599178937
1450.0, 0.0017041317136050349
1451.0, 0.0013338503227510094
1452.0, 0.0022415141781780773
1453.0, 0.0018612852635668659
1454.0, 0.0016802586858596165
1455.0, 0.0021050642732197765
1456.0, 0.002111916660425532
1457.0, 0.0015280089277834867
1458.0, 0.0023299158473782883
1459.0, 0.002161575883365056
1460.0, 0.0013541250374945603
1461.0, 0.0015104459372631558
1462.0, 0.002018067259011604
1463.0, 0.0011906421786504928
1464.0, 0.0008343503940057647
1465.0, 0.002036119591718442
1466.0, 0.0015545523166390176
1467.0, 0.0014252426676992613
1468.0, 0.0019572539630222778
1469.0, 0.0020305403012229333
1470.0, 0.0010340869890414844
1471.0, 0.0021000443534483016
1472.0, 0.001629560583768707
1473.0, 0.0004990398368253744
1474.0, 0.001702465719619176
1475.0, 0.0021420818733123687
1476.0, 0.0011800311190776347
1477.0, 0.0012682474947684997
1478.0, 0.0022084316475940377
1479.0, 0.0008883349443409809
1480.0, 0.0012879080553753882
1481.0, 0.001983919686357886
1482.0, 0.001680361322785635
1483.0, 0.0011926512365430632
1484.0, 0.001879522647260578
1485.0, 0.001820098476016639
1486.0, 0.00041904029684020874
1487.0, 0.0015107054917740256
1488.0, 0.0011632344331045077
1489.0, 0.0006280906523952646
1490.0, 0.001067573748988755
1491.0, 0.0017326999597567115
1492.0, 0.0004775316602584703
1493.0, 0.0014047309561416564
1494.0, 0.0022398564662201763
1495.0, 0.0012302505793998892
1496.0, 0.0009286926618386327
1497.0, 0.0015097211409586583
1498.0, 0.001354548465383747
1499.0, 0.00022154081988961572
1500.0, 0.0015563286717321769
1501.0, 0.001256339403164939
1502.0, 0.000447006145737298
1503.0, 0.001143339045809567
1504.0, 0.0018899876085550003
1505.0, 0.0012612410222469731
1506.0, 0.001027312077553502
1507.0, 0.0016192495792465682
1508.0, 0.0007298567812849251
1509.0, 0.000944691017093485
1510.0, 0.001261204598568309
1511.0, 0.0008166116335014662
1512.0, 0.0003213803537446675
1513.0, 0.0010821132732767983
1514.0, 1.9133633515730172e-05
1515, 0.0
1516, 0.0
1517, 0.0
1518, 0.0
1519, 0.0
1520, 0.0
1521, 0.0
1522, 0.0
1523, 0.0
1524, 0.0
1525, 0.0
1526, 0.0
1527, 0.0
1528, 0.0
1529, 0.0
1530, 0.0
1531, 0.0
1532, 0.0
1533, 0.0
1534, 0.0
1535, 0.0
1536, 0.0
1537, 0.0
1538, 0.0
1539, 0.0
1540, 0.0
1541, 0.0
1542, 0.0
1543, 0.0
1544, 0.0
1545, 0.0
1546, 0.0
1547, 0.0
1548, 0.0
1549, 0.0
1550, 0.0
1551, 0.0
1552, 0.0
1553, 0.0
1554, 0.0
1555, 0.0
1556, 0.0
1557, 0.0
1558, 0.0
1559, 0.0
1560, 0.0
1561, 0.0
1562, 0.0
1563, 0.0
1564, 0.0
1565, 0.0
1566, 0.0
1567, 0.0
1568, 0.0
1569, 0.0
1570, 0.0
1571, 0.0
1572, 0.0
1573, 0.0
1574, 0.0
1575, 0.0
1576, 0.0
1577, 0.0
1578, 0.0
1579, 0.0
1580, 0.0
1581, 0.0
1582, 0.0
1583, 0.0
1584, 0.0
1585, 0.0
1586, 0.0
1587, 0.0
1588, 0.0
1589, 0.0
1590, 0.0
1591, 0.0
1592, 0.0
1593, 0.0
1594, 0.0
1595, 0.0
1596, 0.0
1597, 0.0
1598, 0.0
1599, 0.0
