30, 0.0
31, 0.0
32, 0.0
33, 0.0
34, 0.0
35, 0.0
36, 0.0
37, 0.0
38, 0.0
39, 0.0
40, 0.0
41, 0.0
42, 0.0
43, 0.0
44, 0.0
45, 0.0
46, 0.0
47, 0.0
48, 0.0
49, 0.0
50, 0.0
51, 0.0
52, 0.0
53, 0.0
54, 0.0
55, 0.0
56, 0.0
57, 0.0
58, 0.0
59, 0.0
60, 0.0
61, 0.0
62, 0.0
63, 0.0
64, 0.0
65, 0.0
66, 0.0
67, 0.0
68, 0.0
69, 0.0
70, 0.0
71, 0.0
72, 0.0
73, 0.0
74, 0.0
75, 0.0
76, 0.0
77, 0.0
78, 0.0
79, 0.0
80, 0.0
81, 0.0
82, 0.0
83, 0.0
84, 0.0
85, 0.0
86, 0.0
87, 0.0
88, 0.0
89, 0.0
90, 0.0
91, 0.0
92, 0.0
93, 0.0
94, 0.0
95, 0.0
96, 0.0
97, 0.0
98, 0.0
99, 0.0
100, 0.0
101, 0.0
102, 0.0
103, 0.0
104, 0.0
105, 0.0
106, 0.0
107, 0.0
108, 0.0
109, 0.0
110, 0.0
111, 0.0
112, 0.0
113, 0.0
114, 0.0
115, 0.0
116, 0.0
117, 0.0
118, 0.0
119, 0.0
120, 0.0
121, 0.0
122, 0.0
123.0, 0.0005098317078759019
124.0, 0.00018637462946955263
125.0, 0.002441215843477754
126.0, 0.0017561996748550934
127.0, 0.00046393265570849766
128.0, 0.001657248250120837
129.0, 0.0009433778780552954
130.0, 0.0039606345998684424
131.0, 0.010201994678452697
132.0, 0.016066296497054933
133.0, 0.01649362585585241
134.0, 0.022125448835048068
135.0, 0.024754933189763854
136.0, 0.025966122723352178
137.0, 0.0351560374431617
138.0, 0.04008432677757162
139.0, 0.04404237253217612
140.0, 0.049207816040235226
141.0, 0.05557468704380362
142.0, 0.06291677830816027
143.0, 0.07217804132983405
144.0, 0.08182980814427189
145.0, 0.089765210966749
146.0, 0.09301009001389374
147.0, 0.10220849000574887
148.0, 0.11007638702929624
149.0, 0.11369574655617087
150.0, 0.11780627835671105
151.0, 0.128229497340888
152.0, 0.1444429516230352
153.0, 0.15864474796610922
154.0, 0.16532802441191943
155.0, 0.18449552285535775
156.0, 0.19508776402063058
157.0, 0.20964531983085172
158.0, 0.23598782279725136
159.0, 0.2512153689503526
160.0, 0.2692440763340009
161.0, 0.28854029778323936
162.0, 0.30567630230682846
163.0, 0.3154821438475001
164.0, 0.2812769232369578
165.0, 0.25354841263177924
166.0, 0.24451786165502518
167.0, 0.239958082994385
168.0, 0.24420151775776727
169.0, 0.2545999957390418
170.0, 0.2626263405421254
171.0, 0.2642777462560576
172.0, 0.2643614425786646
173.0, 0.273595760088681
174.0, 0.28812159293188416
175.0, 0.3019624322086129
176.0, 0.31323680173256035
177.0, 0.324032639283981
178.0, 0.3134668724227393
179.0, 0.28113240988207167
180.0, 0.2537279813315921
181.0, 0.22980466923692572
182.0, 0.20614527331745522
183.0, 0.18013200347648686
184.0, 0.15612070985337032
185.0, 0.14869527641037647
186.0, 0.12969714592724632
187.0, 0.11118310562007971
188.0, 0.09895372109733636
189.0, 0.08847349257528167
190.0, 0.08087616118022234
191.0, 0.06756483222404569
192.0, 0.05349138103166714
193.0, 0.04718365356736913
194.0, 0.045710110010032064
195.0, 0.03589048911780378
196.0, 0.02678685911846267
197.0, 0.0239200990846842
198.0, 0.021893616292433776
199.0, 0.019953967550317937
200.0, 0.02163387594795913
201.0, 0.023513123969748365
202.0, 0.02125233823284489
203.0, 0.02370719858735275
204.0, 0.027225146844510162
205.0, 0.029818968943582262
206.0, 0.031264338856488674
207.0, 0.032356415556275796
208.0, 0.031569169955055404
209.0, 0.033796920714270234
210.0, 0.039233856129339516
211.0, 0.04465959017385824
212.0, 0.0516852267501778
213.0, 0.060327827758857006
214.0, 0.0717333372011588
215.0, 0.08740957946182515
216.0, 0.10902060881552164
217.0, 0.13547184419521538
218.0, 0.15663801260795435
219.0, 0.15222325675368353
220.0, 0.10372405246567643
221.0, 0.05216215989027766
222.0, 0.020869596924998415
223.0, 0.00509398446592771
224.0, 0.004770403087759542
225.0, 0.005887763639638675
226.0, 0.009447427463619526
227.0, 0.011252201966171233
228.0, 0.0098583998153663
229.0, 0.008199997507677257
230.0, 0.006666890100670171
231.0, 0.003892836737753086
232.0, 0.0008505999768241304
233.0, 0.0019044507985217802
234.0, 8.64530018128552e-05
235.0, 0.00548680283390425
236.0, 0.011853957802231205
237.0, 0.016384399415711553
238.0, 0.022662757938622623
239.0, 0.03382360886556879
240.0, 0.04490699437139903
241.0, 0.06162472456468718
242.0, 0.08945877459267813
243.0, 0.12047469754432237
244.0, 0.14559302360397786
245.0, 0.16475195698511289
246.0, 0.18030024118841925
247.0, 0.19693140367520273
248.0, 0.22459981619762084
249.0, 0.24700383672693646
250.0, 0.27053408005182766
251.0, 0.3045017482894538
252.0, 0.34598517227150316
253.0, 0.38911952238758346
254.0, 0.44531387620293456
255.0, 0.5183387248764286
256.0, 0.6065110400836835
257.0, 0.7126163411102223
258.0, 0.8281500351869795
259.0, 0.9395562519865134
260.0, 0.999766720048962
261.0, 0.9258042236476642
262.0, 0.7202885805499769
263.0, 0.4919293747765865
264.0, 0.3159980414481428
265.0, 0.21724944307978575
266.0, 0.16060330348455765
267.0, 0.11871817295382849
268.0, 0.08927340221764882
269.0, 0.07408130798163126
270.0, 0.06981603545679059
271.0, 0.058380246933883065
272.0, 0.05136769136690727
273.0, 0.04922087376868356
274.0, 0.047212273093322446
275.0, 0.04756337154075851
276.0, 0.045033972051529654
277.0, 0.043511279465051685
278.0, 0.04465811802494524
279.0, 0.046430442694161855
280.0, 0.04593321059281878
281.0, 0.04066257061050072
282.0, 0.036681738969141946
283.0, 0.03704865299705491
284.0, 0.034087758238656014
285.0, 0.03192202124861772
286.0, 0.028961292855995538
287.0, 0.025335178044598235
288.0, 0.02424082821803525
289.0, 0.03000695517805538
290.0, 0.03368846725874806
291.0, 0.04045463292617219
292.0, 0.04982228347952919
293.0, 0.05523009562384045
294.0, 0.05895500808087189
295.0, 0.05104284156746843
296.0, 0.036353126927090786
297.0, 0.0245136677045635
298.0, 0.020726415224856503
299.0, 0.014942484514796399
300.0, 0.012224023090369336
301.0, 0.009307186623922985
302.0, 0.0030810703028511426
303.0, 0.005290724325363229
304.0, 0.005361193348941964
305.0, 0.0050738366244891565
306.0, 0.004859217469344429
307.0, 0.002641229485443755
308.0, 0.005888107334765949
309.0, 0.006059331046697388
310.0, 0.0029384009735255673
311.0, 0.0005155662352654404
312.0, 0.0021295548872198784
313.0, 0.0004132287101777357
314.0, 0.003911615326817406
315.0, 0.006758675912768831
316.0, 0.004265051161569146
317.0, 0.006214263737213975
318.0, 0.002910598195452449
319.0, 0.00020085049745999648
320.0, 0.003144191922058802
321.0, 0.009128025025896444
322.0, 0.011824921490301862
323.0, 0.017478265534919272
324.0, 0.021075659685008217
325.0, 0.023375813352351803
326.0, 0.03145261217706214
327.0, 0.04123611190922897
328.0, 0.04293185381920114
329.0, 0.04972135308812508
330.0, 0.06464099612860287
331.0, 0.06827404706340837
332.0, 0.08331245033166747
333.0, 0.0968436466506335
334.0, 0.11197769868939669
335.0, 0.1349988092828938
336.0, 0.15896232734243634
337.0, 0.18270773657522102
338.0, 0.20029990198179767
339.0, 0.206263059181183
340.0, 0.1943142379653596
341.0, 0.15741829092277765
342.0, 0.1172338631805272
343.0, 0.0852794123007331
344.0, 0.06202844214959659
345.0, 0.043735721760622466
346.0, 0.035061384174134486
347.0, 0.03172604256149398
348.0, 0.033256389246207774
349.0, 0.038146687814987444
350.0, 0.043193460040247725
351.0, 0.05359841420821981
352.0, 0.06720799769609812
353.0, 0.08656770889100363
354.0, 0.1108460700371863
355.0, 0.13376379420114315
356.0, 0.15984954628709477
357.0, 0.18483444614259356
358.0, 0.2125311839079622
359.0, 0.24450064856958997
360.0, 0.27326133326511937
361.0, 0.30245269341237396
362.0, 0.33587653322494654
363.0, 0.3785731031026749
364.0, 0.4320150975453887
365.0, 0.4897435063974553
366.0, 0.5628045438201889
367.0, 0.6429136136882819
368.0, 0.7230162289900688
369.0, 0.7877020721455854
370.0, 0.7979623651599069
371.0, 0.7609188609482317
372.0, 0.6753022958248713
373.0, 0.5583574579183235
374.0, 0.43337750585956064
375.0, 0.32364636156671267
376.0, 0.24369740072866936
377.0, 0.18431248904291408
378.0, 0.13959514789521044
379.0, 0.10923881548028946
380.0, 0.08920469967008055
381.0, 0.07695436554279599
382.0, 0.07323768185619385
383.0, 0.07707092253339355
384.0, 0.08488555580680135
385.0, 0.0921535776990618
386.0, 0.10134698741810585
387.0, 0.11213761447270981
388.0, 0.12457679570165346
389.0, 0.14138751055559637
390.0, 0.16252751870930496
391.0, 0.18462194792409733
392.0, 0.20902108857956922
393.0, 0.23504853138337806
394.0, 0.26137438358508847
395.0, 0.30315992323756435
396.0, 0.3509446121770949
397.0, 0.4082591765964079
398.0, 0.47432421255469304
399.0, 0.5401165642606511
400.0, 0.5981270824335418
401.0, 0.611418885050442
402.0, 0.5733868684623296
403.0, 0.5054931862968234
404.0, 0.45147055989439255
405.0, 0.40962936514859444
406.0, 0.36196693067080676
407.0, 0.3001277094095993
408.0, 0.22747830429341517
409.0, 0.15795908265369
410.0, 0.11175302156613243
411.0, 0.08157078164475007
412.0, 0.06028260481822231
413.0, 0.04561919638434023
414.0, 0.03688873437952632
415.0, 0.029088190991952034
416.0, 0.023520168515449715
417.0, 0.01823965515027401
418.0, 0.013566732355757474
419.0, 0.012019733159142329
420.0, 0.010153090337871803
421.0, 0.007768553909494938
422.0, 0.003503673031619452
423.0, 0.00014771719377829133
424.0, 0.00190757888967223
425.0, 0.002280260911466677
426.0, 0.002180341943180276
427.0, 0.0006263361456354185
428.0, 0.00045551615910518226
429.0, 0.003024300933161458
430.0, 0.001044948781942151
431.0, 0.0009155424168631376
432.0, 0.0016036988862987362
433.0, 0.003925044533891288
434.0, 0.004720508159314362
435.0, 0.0007572440713708899
436.0, 0.0019100675719710969
437.0, 0.003199527501346351
438.0, 0.003228547658209415
439.0, 0.0037991480637370525
440.0, 0.0001564885049899255
441.0, 0.000615558471359359
442.0, 0.001385426568074749
443.0, 0.0007598691283441472
444.0, 0.0035864613087753586
445.0, 0.0016895685032409509
446.0, 0.004163931856648532
447.0, 0.002018757443053297
448.0, 0.004867288692664476
449.0, 0.00165551375877531
450.0, 0.0034001464845382226
451.0, 0.001474467596801794
452.0, 0.0015030120290255146
453.0, 7.274327102593124e-05
454.0, 0.00017845035686660815
455.0, 0.002580509933190836
456.0, 0.003401913650184897
457.0, 0.004345763038630753
458.0, 0.0010591970418098182
459.0, 0.005251540646230317
460.0, 0.007552866807232043
461.0, 0.004547288172776821
462.0, 0.0018835246169348363
463.0, 0.001068781509491058
464.0, 0.00038356549323156745
465.0, 0.0021783926392694416
466.0, 0.001141022055698285
467.0, 0.001069983786000106
468.0, 0.0006981580690099575
469.0, 0.0010999676190535101
470.0, 0.003325640648865904
471.0, 0.0014860339557602568
472.0, 0.001853303978762998
473.0, 0.004564938452241129
474.0, 0.004909637395737226
475.0, 0.006515450527809487
476.0, 0.00844550147514385
477.0, 0.00646997676922758
478.0, 0.007487841762139406
479.0, 0.008952265121080114
480.0, 0.00799720231602719
481.0, 0.007771043857459753
482.0, 0.009886675033618916
483.0, 0.007802780064108594
484.0, 0.004342950054868828
485.0, 0.003058423993274926
486.0, 0.004654787988566746
487.0, 0.005484460610555845
488.0, 0.0033641753875034274
489.0, 0.0030132219819102826
490.0, 0.0038891959457841665
491.0, 0.003982685752646949
492.0, 0.008438835271123274
493.0, 0.008205383970455456
494.0, 0.007889865104218017
495.0, 0.008710428490959543
496.0, 0.009200790203545205
497.0, 0.009161890232584019
498.0, 0.010738012390192769
499.0, 0.011560622052695835
500.0, 0.011689512188755167
501.0, 0.01032907757014842
502.0, 0.006664338782639589
503.0, 0.006509496972373332
504.0, 0.00841602503245102
505.0, 0.007435446413877458
506.0, 0.005629325325548986
507.0, 0.007186699924431083
508.0, 0.006814880428250918
509.0, 0.006982643213468844
510.0, 0.0037962607426286522
511.0, 0.0030708410853853355
512.0, 0.006971372491237578
513.0, 0.008144034441810841
514.0, 0.007888520427386414
515.0, 0.004911219676642717
516.0, 0.003907566208127614
517.0, 0.0038415588856916126
518.0, 0.001610782894804882
519.0, 0.0031298367381751933
520.0, 0.007497751639398594
521.0, 0.008000332191510104
522.0, 0.009111925267235569
523.0, 0.013708008620960974
524.0, 0.011368579872650865
525.0, 0.01083553112493695
526.0, 0.014222874729969269
527.0, 0.018186329340311308
528.0, 0.021384486422985505
529.0, 0.02542045733863822
530.0, 0.028306376694111807
531.0, 0.031249321505176973
532.0, 0.03633557366956812
533.0, 0.041071456952170855
534.0, 0.04328016906680928
535.0, 0.04566779731925355
536.0, 0.04923348885332873
537.0, 0.055398393420627655
538.0, 0.06235812612907824
539.0, 0.06939353528811608
540.0, 0.07752897588518366
541.0, 0.08419532185055717
542.0, 0.09155707558160232
543.0, 0.09757933666570513
544.0, 0.09948582222031259
545.0, 0.09497515478839552
546.0, 0.08286999102746774
547.0, 0.07172056765748365
548.0, 0.06063231683030246
549.0, 0.05332352385166049
550.0, 0.0510919402958666
551.0, 0.05071499465856638
552.0, 0.045547981988245244
553.0, 0.04386705965701804
554.0, 0.04403078692902171
555.0, 0.04411435180160996
556.0, 0.04534523497719117
557.0, 0.04923191784618927
558.0, 0.04744778014230529
559.0, 0.04249012478154939
560.0, 0.0381889912448961
561.0, 0.0345342374412776
562.0, 0.029938159913893658
563.0, 0.02703168713250406
564.0, 0.02177148330609732
565.0, 0.01881151547434053
566.0, 0.01815822453018138
567.0, 0.01733107472284444
568.0, 0.014447878014511114
569.0, 0.011175561185807958
570.0, 0.011573490339644221
571.0, 0.012806158416784837
572.0, 0.012248145967410628
573.0, 0.011314244399294158
574.0, 0.012663363853430852
575.0, 0.012004892660379369
576.0, 0.011668775180306247
577.0, 0.012589182845025849
578.0, 0.01345420293392313
579.0, 0.013215495298711352
580.0, 0.016804830062802513
581.0, 0.01613843348392071
582.0, 0.01538758413416366
583.0, 0.016023456433177097
584.0, 0.01539837736184745
585.0, 0.01341885290869522
586.0, 0.015125231636530782
587.0, 0.018500258061839137
588.0, 0.01896756274123774
589.0, 0.015729124694225393
590.0, 0.012852322195645355
591.0, 0.015772975006865968
592.0, 0.014419555953539935
593.0, 0.014287430440955767
594.0, 0.013569208405964279
595.0, 0.013151945302360565
596.0, 0.016135268782153708
597.0, 0.015521580769070271
598.0, 0.012472753287089338
599.0, 0.012625171202341072
600.0, 0.014189605505330096
601.0, 0.013510020289220758
602.0, 0.010313927511270278
603.0, 0.007166931702696119
604.0, 0.006954872889659441
605.0, 0.009131390048800703
606.0, 0.008788810318585825
607.0, 0.006073502841883454
608.0, 0.008813091982315228
609.0, 0.008317603335522129
610.0, 0.007418608523982703
611.0, 0.0059902132193059435
612.0, 0.005855441153497402
613.0, 0.007527933228971955
614.0, 0.006158365724825114
615.0, 0.006575646281988298
616.0, 0.004525612350508021
617.0, 0.004943926383892538
618.0, 0.007081013117108094
619.0, 0.006187311166925917
620.0, 0.0045344756803070065
621.0, 0.004248369845210762
622.0, 0.003853625486823753
623.0, 0.004054389903795887
624.0, 0.004486310856782509
625.0, 0.00316745032399353
626.0, 0.0010307737723413185
627.0, 0.002279407929128394
628.0, 0.0024347143679825226
629.0, 0.0008941304893775876
630.0, 0.0034492250042899913
631.0, 0.0005967371727738085
632.0, 0.00014575452566509072
633.0, 0.0007225275332834605
634.0, 0.0010644648364475456
635.0, 0.0030238712023192876
636.0, 0.004901738984571152
637.0, 0.003726156277888952
638.0, 0.006096486300560123
639.0, 0.004241135062196057
640.0, 0.001671581192224149
641.0, 0.0024557563321013698
642.0, 0.00022402688856019607
643.0, 0.0007314274797608512
644.0, 0.0003943509951529476
645.0, 0.0028107655426862998
646.0, 0.0007633267382284501
647.0, 0.0022592254328617435
648.0, 0.00313134465501526
649.0, 0.0006473209206081052
650.0, 0.0004666051245485761
651.0, 0.0005987596658779086
652.0, 0.000511953131392547
653.0, 0.00040711100125316303
654.0, 0.0008040449617202058
655.0, 0.0035137408103766473
656.0, 0.00014666767982892054
657.0, 0.00022972235650485674
658.0, 0.001704835225119003
659.0, 0.0024772380829430826
660.0, 0.0014668511154081782
661.0, 0.002978012350456319
662.0, 0.000828550473111604
663.0, 0.0007522449355801753
664.0, 0.0002794186382080576
665.0, 0.00014069242590843386
666.0, 0.0005352576302934272
667.0, 0.0011018675539124713
668.0, 0.001627367249628564
669.0, 0.00290183599722191
670.0, 0.005049052184521584
671.0, 0.0075193378527957455
672.0, 0.0089750769539319
673.0, 0.008531189125895277
674.0, 0.008094157438968005
675.0, 0.012606094731191796
676.0, 0.015030198196610932
677.0, 0.017431681782654296
678.0, 0.022752885175400046
679.0, 0.029756885626944816
680.0, 0.035943001057066694
681.0, 0.041727398379989525
682.0, 0.05052588756599635
683.0, 0.058531234109623756
684.0, 0.06511850847914082
685.0, 0.0721512726081235
686.0, 0.07790027184490986
687.0, 0.08519697279572452
688.0, 0.09552972726085236
689.0, 0.10187286763534899
690.0, 0.10108515545574315
691.0, 0.09632413627101946
692.0, 0.09169141456631477
693.0, 0.08138049267278827
694.0, 0.07111104360113209
695.0, 0.06132511608635145
696.0, 0.05547882029248815
697.0, 0.05226858047479629
698.0, 0.04470274491362863
699.0, 0.044117540959517317
700.0, 0.04197470362540421
701.0, 0.045100862490136215
702.0, 0.05288827097990875
703.0, 0.05945662991782347
704.0, 0.06434985045748688
705.0, 0.07333278588418471
706.0, 0.07923295250406333
707.0, 0.0903545810726459
708.0, 0.10374401399275059
709.0, 0.11732721320465118
710.0, 0.1312121203249723
711.0, 0.1429019118462835
712.0, 0.15679840192323105
713.0, 0.17085508221848072
714.0, 0.18518619906616543
715.0, 0.19545966476853505
716.0, 0.19791913636886943
717.0, 0.192451482352729
718.0, 0.1798570223399592
719.0, 0.15858292617581862
720.0, 0.13478392945151893
721.0, 0.11034486890080394
722.0, 0.08726323832528324
723.0, 0.06919850657687851
724.0, 0.05760560280501193
725.0, 0.04657067953405284
726.0, 0.03609895454380434
727.0, 0.03106697530171116
728.0, 0.02748232810637437
729.0, 0.021210503262669992
730.0, 0.017516464242482824
731.0, 0.013748177194400798
732.0, 0.008363235329670973
733.0, 0.006273258112745801
734.0, 0.005240448873053095
735.0, 0.0033019481264876874
736.0, 0.0019236241804769752
737.0, 0.0009470696924924501
738.0, 0.0013485090462730448
739.0, 0.003789504953796357
740.0, 0.005935003700308928
741.0, 0.004594546366682014
742.0, 0.0021020063581420577
743.0, 0.006744853485394499
744.0, 0.00907292963402565
745.0, 0.01267636903457116
746.0, 0.014539454613666907
747.0, 0.01863526244372121
748.0, 0.0232834691371022
749.0, 0.024076723221038134
750.0, 0.02923344875848854
751.0, 0.035519211148166134
752.0, 0.03948681053009647
753.0, 0.04043615089684285
754.0, 0.040446000837071304
755.0, 0.04187809093574664
756.0, 0.044509896734876916
757.0, 0.0465396468359946
758.0, 0.045636986337829956
759.0, 0.04600474024404659
760.0, 0.04933361113045675
761.0, 0.05369681510665257
762.0, 0.05777507809327586
763.0, 0.0638573262524891
764.0, 0.07004305560970721
765.0, 0.08141963167526393
766.0, 0.09899997476708297
767.0, 0.11545973825394082
768.0, 0.13231267310972059
769.0, 0.15770654215289728
770.0, 0.1800438857249113
771.0, 0.20297354109492033
772.0, 0.23193368226090086
773.0, 0.26012707531535395
774.0, 0.29211317927474184
775.0, 0.32964859871267627
776.0, 0.3634539987364248
777.0, 0.40256855632333194
778.0, 0.4363709316229004
779.0, 0.47238464197710583
780.0, 0.49715726998839244
781.0, 0.5012205804777409
782.0, 0.4864180192694678
783.0, 0.4540904235431874
784.0, 0.4024484368602432
785.0, 0.34425578733269413
786.0, 0.2893679095027894
787.0, 0.2401214419714377
788.0, 0.19608394261155188
789.0, 0.15950092218962095
790.0, 0.13496409576855684
791.0, 0.11551703441980417
792.0, 0.10004012307604306
793.0, 0.08603077544107184
794.0, 0.07391994649330014
795.0, 0.06306698449541635
796.0, 0.05304524758097291
797.0, 0.0475013263404206
798.0, 0.03805295326029088
799.0, 0.03195161584458651
800.0, 0.028644360009871712
801.0, 0.02392361785810334
802.0, 0.018931575743229182
803.0, 0.016877887169879348
804.0, 0.01240903227216973
805.0, 0.009787843359211658
806.0, 0.008678808302087873
807.0, 0.011898635943956648
808.0, 0.012838903894397753
809.0, 0.00827163946295614
810.0, 0.0045421523109347535
811.0, 0.0010481831760520228
812.0, 0.0005241687297286338
813.0, 0.001987413878075462
814.0, 0.0030229566260495198
815.0, 0.0035808662833816773
816.0, 0.005132913566640609
817.0, 0.004840755897625276
818.0, 0.002667982363625281
819.0, 0.0015587846376475575
820.0, 0.0040602288176128706
821.0, 0.005385813367521604
822.0, 0.003985472884511973
823.0, 0.0023608807123471267
824.0, 0.0025496768564108978
825.0, 0.0011188646978836701
826.0, 0.001466484760053047
827.0, 0.005954790737830124
828.0, 0.005885592185150702
829.0, 0.0027799707820506093
830.0, 0.0011700372607185276
831.0, 0.0008132342923162559
832.0, 0.0006252434235692899
833.0, 0.004674060885281978
834.0, 0.0067000916540333275
835.0, 0.0035294768890419288
836.0, 0.0016698809008993845
837.0, 0.0022716425972898456
838.0, 0.0009000989177920103
839.0, 0.00045398951459925044
840.0, 0.0030840247415800204
841.0, 0.007952011715223858
842.0, 0.010631309060431039
843.0, 0.012324568775882892
844.0, 0.014930043934858524
845.0, 0.019589594194806194
846.0, 0.027638089795812247
847.0, 0.032448348869869255
848.0, 0.04127419589873918
849.0, 0.04642877894280825
850.0, 0.05217114596807746
851.0, 0.05783586839456048
852.0, 0.06199033763037032
853.0, 0.0691990653054599
854.0, 0.07524302737487717
855.0, 0.07906420464860107
856.0, 0.07746055120769418
857.0, 0.07596332584635972
858.0, 0.07262511357046134
859.0, 0.0657341709587781
860.0, 0.058398714350784996
861.0, 0.05026122980488341
862.0, 0.041278009445425826
863.0, 0.03661203016880895
864.0, 0.03235816025132819
865.0, 0.026485413399272406
866.0, 0.020684194464747757
867.0, 0.01606226304609855
868.0, 0.011661430515068256
869.0, 0.01080474567608335
870.0, 0.012186965268661476
871.0, 0.012536375372783735
872.0, 0.012577349184223556
873.0, 0.012668174428130159
874.0, 0.012300027229438461
875.0, 0.010460991028129902
876.0, 0.011588964494492942
877.0, 0.00924351668762365
878.0, 0.007515253373202777
879.0, 0.006542226202652957
880.0, 0.004724270877164806
881.0, 0.0032428604990480956
882.0, 0.0035439392543565895
883.0, 0.003450177126414523
884.0, 0.004366448504494985
885.0, 0.006473838827264669
886.0, 0.008720597075681024
887.0, 0.009446057138092576
888.0, 0.0071900934879226
889.0, 0.005087602046170151
890.0, 0.006892577010692768
891.0, 0.0051650252436250925
892.0, 0.004615803596096042
893.0, 0.004828144018993477
894.0, 0.0027643351925779754
895.0, 0.002325422856067432
896.0, 0.0035347734350915693
897.0, 0.0026637691832178565
898.0, 0.0008130333626199557
899.0, 0.0035600280964680634
900.0, 0.005703293220379627
901.0, 0.0035510404968057633
902.0, 0.003976038127465612
903.0, 0.005220125382926192
904.0, 0.006358047069467709
905.0, 0.009430275254467588
906.0, 0.010636367292931548
907.0, 0.011214527604249217
908.0, 0.010796147373167803
909.0, 0.012489530030252398
910.0, 0.012404700707498929
911.0, 0.010929346305695455
912.0, 0.012068268079705607
913.0, 0.015732756224744526
914.0, 0.015577532207947806
915.0, 0.015775535302924776
916.0, 0.01736783839663582
917.0, 0.017641092274263304
918.0, 0.015382563933885263
919.0, 0.014850675929007125
920.0, 0.01667896531242208
921.0, 0.01618930058396908
922.0, 0.01615682641573216
923.0, 0.01927247140961091
924.0, 0.023175329198961696
925.0, 0.022999098473031478
926.0, 0.020501235330162747
927.0, 0.01585433094618443
928.0, 0.006822021314299482
929.0, 0.0049339975911165766
930.0, 0.006835019999184237
931.0, 0.008248170529262392
932.0, 0.002433733358557978
933.0, 0.0075663733065218005
934.0, 0.01044625719400285
935.0, 0.01269114992760705
936.0, 0.014556197414310596
937.0, 0.010050588438888066
938.0, 0.008342536823626278
939.0, 0.0020606970242299924
940.0, 0.004541484423116345
941.0, 0.004677242691472846
942.0, 0.005426363800684841
943.0, 0.005895580374464077
944.0, 0.0037604086317993605
945.0, 0.0030397206686312676
946.0, 0.004881934100959094
947.0, 0.007033822535561568
948.0, 0.005966486428145501
949.0, 0.004464860814162675
950.0, 0.0030085775526312525
951.0, 0.005368695587119315
952.0, 0.00822824709250013
953.0, 0.005933879128363385
954.0, 0.0072286755983501
955.0, 0.0071790726800262964
956.0, 0.00921382114573466
957.0, 0.009717332086724961
958.0, 0.007540088550728218
959.0, 0.008208090754498248
960.0, 0.011478501198307366
961.0, 0.013221054749652118
962.0, 0.016529837807370912
963.0, 0.01827230280207701
964.0, 0.017788648877431007
965.0, 0.022355222107050723
966.0, 0.026231206659492034
967.0, 0.02717777037247493
968.0, 0.02862440056953615
969.0, 0.0310051298385721
970.0, 0.030173801324885906
971.0, 0.030304467722838728
972.0, 0.031491166415316754
973.0, 0.03156390440576898
974.0, 0.027503642771665733
975.0, 0.023631783194045273
976.0, 0.02067455374490667
977.0, 0.01699779939276315
978.0, 0.013586389876128745
979.0, 0.011903694919269441
980.0, 0.012045241104820322
981.0, 0.010680976324463538
982.0, 0.009199849367446769
983.0, 0.008785686730065448
984.0, 0.007611200332278253
985.0, 0.0055959269177171134
986.0, 0.005417112952540103
987.0, 0.005901728678556243
988.0, 0.002808160213127292
989.0, 0.004063372290594063
990.0, 0.0017966337670449542
991.0, 0.002707916707732485
992.0, 0.002782487213754072
993.0, 0.0033018477291670645
994.0, 0.003336961625934373
995.0, 0.0025361391429217887
996.0, 0.009484548789851884
997.0, 0.006809462704556951
998.0, 0.0020334081393660144
999.0, 0.0010255100235326815
1000.0, 0.0022942307039766695
1001.0, 0.0011801341912164218
1002.0, 0.0005295902561959295
1003.0, 0.0005555894719053011
1004.0, 0.0020421668975753524
1005.0, 0.0021045729493724373
1006.0, 0.0026155417177349464
1007.0, 0.0024411349623858465
1008.0, 0.00515932128116948
1009.0, 0.005756457330298389
1010.0, 0.007073658438769143
1011.0, 0.007842168997776221
1012.0, 0.004892148806743748
1013.0, 0.0020313705456209636
1014.0, 0.002185535114355987
1015.0, 0.004127362719700322
1016.0, 0.002834741334552027
1017.0, 0.0020006967914511695
1018.0, 0.0022292248650535675
1019.0, 0.004761291770257083
1020.0, 0.008280823657289858
1021.0, 0.010204937703512298
1022.0, 0.009765532368947387
1023.0, 0.006864416940132423
1024.0, 0.006478968261640508
1025.0, 0.007061151329316541
1026.0, 0.00820552353874266
1027.0, 0.007810997958481988
1028.0, 0.006528091530281049
1029.0, 0.005409148803867489
1030.0, 0.0046470846151395045
1031.0, 0.005074838361538892
1032.0, 0.007037183275143171
1033.0, 0.008916568806208709
1034.0, 0.007873540036961668
1035.0, 0.010582294949329756
1036.0, 0.008813059767804905
1037.0, 0.008254288281889753
1038.0, 0.010337806365389944
1039.0, 0.009524083505658244
1040.0, 0.00544829183116095
1041.0, 0.0030166897324272325
1042.0, 0.00627690627358513
1043.0, 0.005830707993487378
1044.0, 0.005053492471664537
1045.0, 0.006151401936477045
1046.0, 0.0061047707843393225
1047.0, 0.006450024143801411
1048.0, 0.007690826616633097
1049.0, 0.008104023881225088
1050.0, 0.008182413945967472
1051.0, 0.0029300920112676292
1052.0, 0.00293462455427298
1053.0, 0.0029331228361250228
1054.0, 0.0006984064380553483
1055.0, 0.0026844651436587286
1056.0, 0.004300253869024591
1057.0, 0.006784399049449841
1058.0, 0.011229565972197136
1059.0, 0.012980520406311605
1060.0, 0.011757971120007218
1061.0, 0.013929842535815777
1062.0, 0.00973964941314711
1063.0, 0.011279372986874779
1064.0, 0.012903598205890569
1065.0, 0.012424130197686739
1066.0, 0.010067436980611097
1067.0, 0.009148621792982313
1068.0, 0.010748263553759185
1069.0, 0.009345873018735339
1070.0, 0.009059981971374571
1071.0, 0.008858283211626945
1072.0, 0.008041038828835431
1073.0, 0.006900907740384317
1074.0, 0.005700025147949277
1075.0, 0.00568581808137663
1076.0, 0.004944865511359432
1077.0, 0.006147016947906807
1078.0, 0.010768459926123037
1079.0, 0.004856967811118416
1080.0, 0.004802131644834109
1081.0, 0.0065340729651682545
1082.0, 0.007265198702497946
1083.0, 0.008765322957296578
1084.0, 0.007822780447385764
1085.0, 0.008232010429965754
1086.0, 0.009179899914787045
1087.0, 0.008482210112869298
1088.0, 0.00799469548634819
1089.0, 0.007956739055578801
1090.0, 0.00912912733314175
1091.0, 0.013136110897044147
1092.0, 0.013873900209087351
1093.0, 0.012036587296316821
1094.0, 0.013078083229466327
1095.0, 0.015216238963180173
1096.0, 0.014667601250959204
1097.0, 0.013103094895453086
1098.0, 0.012606831044891501
1099.0, 0.012437889577492423
1100.0, 0.016420819351707475
1101.0, 0.017181372580722522
1102.0, 0.015862546876264073
1103.0, 0.01162924819255895
1104.0, 0.009731795742151186
1105.0, 0.01086806341405336
1106.0, 0.011392361032986999
1107.0, 0.010512594700086784
1108.0, 0.010585553856181675
1109.0, 0.012268083340858838
1110.0, 0.012879103942026135
1111.0, 0.013665237148599688
1112.0, 0.012489596080551843
1113.0, 0.01351452871770875
1114.0, 0.01220206751679779
1115.0, 0.0104116739381161
1116.0, 0.011322461400808267
1117.0, 0.010353288808761497
1118.0, 0.0064015278825845096
1119.0, 0.008369451616680004
1120.0, 0.010431959152044234
1121.0, 0.00777961976048797
1122.0, 0.00863003123223488
1123.0, 0.006545732548223329
1124.0, 0.006486909221042913
1125.0, 0.007413592548363784
1126.0, 0.004977889531241753
1127.0, 0.003917764463466373
1128.0, 0.006473891953374324
1129.0, 0.00535089569170299
1130.0, 0.00021922298364221784
1131.0, 0.003472541472246148
1132.0, 0.0044958069483532
1133.0, 0.003926239727667827
1134.0, 0.000952029908053022
1135.0, 0.003017897067159357
1136.0, 0.004343743213491606
1137.0, 0.0033813921930934466
1138.0, 0.002698044727796156
1139.0, 0.0038633807466748526
1140.0, 0.0068406879455035
1141.0, 0.005418265403518695
1142.0, 0.003688891038493573
1143.0, 0.0032845605226093193
1144.0, 0.003518025844878884
1145.0, 0.0006848732082832133
1146.0, 0.0015109814619482067
1147.0, 0.004055792447010289
1148.0, 0.005503223042601664
1149.0, 0.004348331540957768
1150.0, 0.0017797908187927524
1151.0, 0.0018296251252334363
1152.0, 0.0019426068954209797
1153.0, 0.002066920454990668
1154.0, 0.0019463955158908603
1155.0, 0.004799702847092732
1156.0, 0.005888911035929803
1157.0, 0.0008362780064097024
1158.0, 0.0025360967268215073
1159.0, 0.0017519543559189514
1160.0, 0.0009439267585464221
1161.0, 0.0015113398544774307
1162.0, 0.002393497235640154
1163.0, 0.0007558511445635586
1164.0, 0.0011876593127523962
1165.0, 0.005018999521616925
1166.0, 0.003716191940548731
1167.0, 0.001144317908849244
1168.0, 0.0034374185150963274
1169.0, 0.0037073792562727463
1170.0, 0.00018759859477657345
1171.0, 0.001011243519033497
1172.0, 0.0038061174399187
1173.0, 0.005437673285726321
1174.0, 0.005004295785342607
1175.0, 0.00663784965580361
1176.0, 0.007514629488894303
1177.0, 0.011702641780924797
1178.0, 0.007789303576083679
1179.0, 0.007411817322784146
1180.0, 0.008823235658444123
1181.0, 0.009844319859279084
1182.0, 0.01198809543888456
1183.0, 0.013418029571289078
1184.0, 0.014964834026172791
1185.0, 0.019740444891918302
1186.0, 0.02030553211740022
1187.0, 0.017120270232354084
1188.0, 0.021126274782839526
1189.0, 0.020602702001294094
1190.0, 0.022344300137983428
1191.0, 0.021281636315101594
1192.0, 0.02152247510955523
1193.0, 0.01991392626749291
1194.0, 0.020462645041086774
1195.0, 0.021357054095509236
1196.0, 0.02060944617377205
1197.0, 0.024275488704339727
1198.0, 0.023413649433263947
1199.0, 0.02034140970662494
1200.0, 0.018813109677361977
1201.0, 0.015803208529685402
1202.0, 0.013468584208153219
1203.0, 0.014615373361268821
1204.0, 0.0161837198531384
1205.0, 0.016444447463506963
1206.0, 0.017753231475742693
1207.0, 0.020553963085172527
1208.0, 0.0196060440077709
1209.0, 0.01687190409699515
1210.0, 0.02176947241147795
1211.0, 0.018241129252783685
1212.0, 0.015750685667108785
1213.0, 0.017020273572619888
1214.0, 0.016616537530404044
1215.0, 0.015640380993644218
1216.0, 0.014290802428889377
1217.0, 0.012261727094985558
1218.0, 0.007871541240049998
1219.0, 0.005888010100349822
1220.0, 0.008564923243724858
1221.0, 0.009392818052204292
1222.0, 0.006248659887975864
1223.0, 0.00822044972995406
1224.0, 0.009279482361488508
1225.0, 0.010605258866192381
1226.0, 0.010671238332439034
1227.0, 0.009560734129245938
1228.0, 0.009891967349550763
1229.0, 0.011327976619589418
1230.0, 0.00969232387781072
1231.0, 0.007505846715249995
1232.0, 0.003831128099630355
1233.0, 0.0012192578988831195
1234.0, 0.002278820549137227
1235.0, 0.00022097025727401987
1236.0, 0.002170067821428925
1237.0, 0.004070984105580091
1238.0, 0.0004603857379880392
1239.0, 0.00014326933160951232
1240.0, 0.00036802807315134214
1241.0, 0.0012879022078437679
1242.0, 0.0018987167863599604
1243.0, 0.004582101004110672
1244.0, 0.008266483201319964
1245.0, 0.007228921184184865
1246.0, 0.006648163574237111
1247.0, 0.009826764119452054
1248.0, 0.009735003718410927
1249.0, 0.008575960205412606
1250.0, 0.00499525093333849
1251.0, 0.005481381878026367
1252.0, 0.007342334837490029
1253.0, 0.011486368059710693
1254.0, 0.010698641210823848
1255.0, 0.008465531906869193
1256.0, 0.01043164554727947
1257.0, 0.01230712800632962
1258.0, 0.011808384474106119
1259.0, 0.013047937495432264
1260.0, 0.015837282099044364
1261.0, 0.018081382961740416
1262.0, 0.01981397150861251
1263.0, 0.016852625286092812
1264.0, 0.018152393070923145
1265.0, 0.01918955521691305
1266.0, 0.016702771884034507
1267.0, 0.015484170633022709
1268.0, 0.017459391352825916
1269.0, 0.017087673025328706
1270.0, 0.015406558229807632
1271.0, 0.013265568097041791
1272.0, 0.010816922605824777
1273.0, 0.012151767767572364
1274.0, 0.014920337926783536
1275.0, 0.013797684039555273
1276.0, 0.014534359683446126
1277.0, 0.019966911378514387
1278.0, 0.01828582373966359
1279.0, 0.010786315219026512
1280.0, 0.010009390506533372
1281.0, 0.012868942975322999
1282.0, 0.00866833995624481
1283.0, 0.007624076424287664
1284.0, 0.008285780265589314
1285.0, 0.009201684840695086
1286.0, 0.009711248620190096
1287.0, 0.006939857384100654
1288.0, 0.005173590480929389
1289.0, 0.005327122957678072
1290.0, 0.003850566802902145
1291.0, 0.0044561806121003
1292.0, 0.003553662499228557
1293.0, 0.002485585421104641
1294.0, 0.0002572803505587091
1295.0, 0.002969848851651471
1296.0, 0.0035296742865725808
1297.0, 0.000982858035077933
1298.0, 0.0003283159599002653
1299.0, 0.0005088259690257442
1300.0, 0.0001762615602107355
1301.0, 0.0006655795098641599
1302.0, 0.0005895699384534864
1303.0, 2.0193557943274977e-06
1304, 0.0
1305, 0.0
1306, 0.0
1307, 0.0
1308, 0.0
1309, 0.0
1310, 0.0
1311, 0.0
1312, 0.0
1313, 0.0
1314, 0.0
1315, 0.0
1316, 0.0
1317, 0.0
1318, 0.0
1319, 0.0
1320, 0.0
1321, 0.0
1322, 0.0
1323, 0.0
1324, 0.0
1325, 0.0
1326, 0.0
1327, 0.0
1328, 0.0
1329, 0.0
1330, 0.0
1331, 0.0
1332, 0.0
1333, 0.0
1334, 0.0
1335, 0.0
1336, 0.0
1337, 0.0
1338, 0.0
1339, 0.0
1340, 0.0
1341, 0.0
1342, 0.0
1343, 0.0
1344, 0.0
1345, 0.0
1346, 0.0
1347, 0.0
1348, 0.0
1349, 0.0
1350, 0.0
1351, 0.0
1352, 0.0
1353, 0.0
1354, 0.0
1355, 0.0
1356, 0.0
1357, 0.0
1358, 0.0
1359, 0.0
1360, 0.0
1361, 0.0
1362, 0.0
1363, 0.0
1364, 0.0
1365, 0.0
1366, 0.0
1367, 0.0
1368, 0.0
1369, 0.0
1370, 0.0
1371, 0.0
1372, 0.0
1373, 0.0
1374, 0.0
1375, 0.0
1376, 0.0
1377, 0.0
1378, 0.0
1379, 0.0
1380, 0.0
1381, 0.0
1382, 0.0
1383, 0.0
1384, 0.0
1385, 0.0
1386, 0.0
1387, 0.0
1388, 0.0
1389, 0.0
1390, 0.0
1391, 0.0
1392, 0.0
1393, 0.0
1394, 0.0
1395, 0.0
1396, 0.0
1397, 0.0
1398, 0.0
1399, 0.0
1400, 0.0
1401, 0.0
1402, 0.0
1403, 0.0
1404, 0.0
1405, 0.0
1406, 0.0
1407, 0.0
1408, 0.0
1409, 0.0
1410, 0.0
1411, 0.0
1412, 0.0
1413, 0.0
1414, 0.0
1415, 0.0
1416, 0.0
1417, 0.0
1418, 0.0
1419, 0.0
1420, 0.0
1421, 0.0
1422, 0.0
1423, 0.0
1424, 0.0
1425, 0.0
1426, 0.0
1427, 0.0
1428, 0.0
1429, 0.0
1430, 0.0
1431, 0.0
1432, 0.0
1433, 0.0
1434, 0.0
1435, 0.0
1436, 0.0
1437, 0.0
1438, 0.0
1439, 0.0
1440, 0.0
1441, 0.0
1442, 0.0
1443, 0.0
1444, 0.0
1445, 0.0
1446, 0.0
1447, 0.0
1448, 0.0
1449, 0.0
1450, 0.0
1451, 0.0
1452, 0.0
1453, 0.0
1454, 0.0
1455, 0.0
1456, 0.0
1457, 0.0
1458, 0.0
1459, 0.0
1460, 0.0
1461, 0.0
1462, 0.0
1463, 0.0
1464, 0.0
1465, 0.0
1466, 0.0
1467, 0.0
1468, 0.0
1469, 0.0
1470, 0.0
1471, 0.0
1472, 0.0
1473, 0.0
1474, 0.0
1475, 0.0
1476, 0.0
1477, 0.0
1478, 0.0
1479, 0.0
1480, 0.0
1481, 0.0
1482, 0.0
1483, 0.0
1484, 0.0
1485, 0.0
1486, 0.0
1487, 0.0
1488, 0.0
1489, 0.0
1490, 0.0
1491, 0.0
1492, 0.0
1493, 0.0
1494, 0.0
1495, 0.0
1496, 0.0
1497, 0.0
1498, 0.0
1499, 0.0
1500, 0.0
1501, 0.0
1502, 0.0
1503, 0.0
1504, 0.0
1505, 0.0
1506, 0.0
1507, 0.0
1508, 0.0
1509, 0.0
1510, 0.0
1511, 0.0
1512, 0.0
1513, 0.0
1514, 0.0
1515, 0.0
1516, 0.0
1517, 0.0
1518, 0.0
1519, 0.0
1520, 0.0
1521, 0.0
1522, 0.0
1523, 0.0
1524, 0.0
1525, 0.0
1526, 0.0
1527, 0.0
1528, 0.0
1529, 0.0
1530, 0.0
1531, 0.0
1532, 0.0
1533, 0.0
1534, 0.0
1535, 0.0
1536, 0.0
1537, 0.0
1538, 0.0
1539, 0.0
1540, 0.0
1541, 0.0
1542, 0.0
1543, 0.0
1544, 0.0
1545, 0.0
1546, 0.0
1547, 0.0
1548, 0.0
1549, 0.0
1550, 0.0
1551, 0.0
1552, 0.0
1553, 0.0
1554, 0.0
1555, 0.0
1556, 0.0
1557, 0.0
1558, 0.0
1559, 0.0
1560, 0.0
1561, 0.0
1562, 0.0
1563, 0.0
1564, 0.0
1565, 0.0
1566, 0.0
1567, 0.0
1568, 0.0
1569, 0.0
1570, 0.0
1571, 0.0
1572, 0.0
1573, 0.0
1574, 0.0
1575, 0.0
1576, 0.0
1577, 0.0
1578, 0.0
1579, 0.0
1580, 0.0
1581, 0.0
1582, 0.0
1583, 0.0
1584, 0.0
1585, 0.0
1586, 0.0
1587, 0.0
1588, 0.0
1589, 0.0
1590, 0.0
1591, 0.0
1592, 0.0
1593, 0.0
1594, 0.0
1595, 0.0
1596, 0.0
1597, 0.0
1598, 0.0
1599, 0.0
