30.0, 0.00029732150835072926
31.0, 0.00019969616825104812
32.0, 9.496530481873165e-05
33.0, 0.0002399865865692533
34.0, 0.00036307120983171095
35.0, 0.0005339582475269754
36.0, 0.000851277575630412
37.0, 0.0006282457263958072
38.0, 0.00045547757122173916
39.0, 0.00043640984214210097
40.0, 0.000625820629372162
41.0, 0.000635636296725465
42.0, 0.0006036635642500707
43.0, 0.0007033569294158056
44.0, 0.0006132400732323326
45.0, 0.0006198911596603107
46.0, 0.0007689464557730938
47.0, 0.0007944660625510779
48.0, 0.0008751116561829086
49.0, 0.000956898712295458
50.0, 0.000956325733214087
51.0, 0.0010516890768877535
52.0, 0.001129822898608081
53.0, 0.0011657643618401808
54.0, 0.001193066454851701
55.0, 0.0013238226068461607
56.0, 0.0014803273781971561
57.0, 0.0015427494898846426
58.0, 0.001710777998933359
59.0, 0.0016809181775381532
60.0, 0.001402319072831495
61.0, 0.0015953909383729862
62.0, 0.0015999682985640994
63.0, 0.0014466887411981682
64.0, 0.0011266562483422324
65.0, 0.001097306899036042
66.0, 0.0010618125217130847
67.0, 0.0009621057592055505
68.0, 0.0010379563973060065
69.0, 0.001113663704312774
70.0, 0.0011396080422767844
71.0, 0.0010164960272599098
72.0, 0.0008934781612752543
73.0, 0.000715331307374478
74.0, 0.0004776756348982154
75.0, 0.0003548398787786947
76.0, 0.0002101536305735198
77.0, 0.00012049898261995318
78.0, 0.00021881802523162128
79.0, 0.00010844158021868045
80.0, 3.268532584094952e-05
81.0, 4.4775880923556395e-05
82.0, 0.00020089647968539763
83.0, 0.00026031150748941214
84.0, 0.0002390354896982624
85.0, 0.00012979008818301955
86.0, 0.00024483733679903444
87.0, 0.00036876349284185807
88.0, 0.0004470391768307785
89.0, 0.00029368395254003344
90.0, 0.0002862988393611124
91.0, 0.0003068623397531609
92.0, 0.00024205658892569428
93.0, 0.00017717875742901838
94.0, 0.00019639581015013717
95.0, 0.0003089430383204132
96.0, 0.0005178842773590961
97.0, 0.0006628881895683616
98.0, 0.0007722792456069117
99.0, 0.0008592956139601385
100.0, 0.0010290181701784705
101.0, 0.001186869175685673
102.0, 0.001280972451624692
103.0, 0.0010912998434930974
104.0, 0.0011190148675409976
105.0, 0.0011182932504709415
106.0, 0.0009402482492246273
107.0, 0.0013744875461851552
108.0, 0.001414495753123736
109.0, 0.0012619178014557446
110.0, 0.001617230944876672
111.0, 0.0022798971932440596
112.0, 0.0027866958066273314
113.0, 0.0029380066082566043
114.0, 0.0032893910643720945
115.0, 0.003622555466581585
116.0, 0.0038595637043622654
117.0, 0.0038044892231249823
118.0, 0.0035454072354392783
119.0, 0.0032704407522795276
120.0, 0.003029951813157231
121.0, 0.0028523619251771552
122.0, 0.0026746983516749995
123.0, 0.0025212375694893363
124.0, 0.0024323286494496795
125.0, 0.0022156662786937216
126.0, 0.0020370059247911236
127.0, 0.001932925988805846
128.0, 0.001986400355524719
129.0, 0.0019292243792527308
130.0, 0.0019560318533770713
131.0, 0.0022460146244796426
132.0, 0.0020642676130952628
133.0, 0.0020347826546347476
134.0, 0.002167956099867198
135.0, 0.00236614746513773
136.0, 0.0023574765289098194
137.0, 0.0023184537798841168
138.0, 0.0023272305190777374
139.0, 0.0023137424196021847
140.0, 0.002388832279568949
141.0, 0.002570212004190514
142.0, 0.0029242220023250817
143.0, 0.002923553722691052
144.0, 0.003070447356527701
145.0, 0.0034941963994796622
146.0, 0.004115944243331421
147.0, 0.004654510502717671
148.0, 0.005323540585929232
149.0, 0.006402264512568956
150.0, 0.007249242338515351
151.0, 0.007979147645475143
152.0, 0.008536533257335518
153.0, 0.008545411903141923
154.0, 0.007891657492006978
155.0, 0.007052029378238132
156.0, 0.006268723121453376
157.0, 0.0053758956064817055
158.0, 0.0047824883222354975
159.0, 0.004362876715825532
160.0, 0.003837352146040379
161.0, 0.003311188320672058
162.0, 0.003043708573204002
163.0, 0.003074499999712868
164.0, 0.002759991625788512
165.0, 0.0025670379011531134
166.0, 0.0024179597590411415
167.0, 0.0022373374971304746
168.0, 0.00235317052018316
169.0, 0.0022180177614573963
170.0, 0.0019363331003552006
171.0, 0.0022245653221858383
172.0, 0.0023165444327983876
173.0, 0.002340042683834926
174.0, 0.002350140729154829
175.0, 0.0025488348436803164
176.0, 0.002644780223528056
177.0, 0.0026942028465647264
178.0, 0.0027937616721305193
179.0, 0.0029314553312588753
180.0, 0.0031342620160799083
181.0, 0.0034641872853725074
182.0, 0.004367918541464876
183.0, 0.005022022894739863
184.0, 0.005798195415879395
185.0, 0.007004525939667781
186.0, 0.008242686328905253
187.0, 0.009326271677774426
188.0, 0.010043203174389032
189.0, 0.009747052915750067
190.0, 0.00882591745131595
191.0, 0.007588920782407333
192.0, 0.006155344285994537
193.0, 0.005152789216342001
194.0, 0.004370747784308698
195.0, 0.003769375905670052
196.0, 0.003346708645833624
197.0, 0.002809935082314034
198.0, 0.002473272694853176
199.0, 0.0023191571493799616
200.0, 0.0022203793331787318
201.0, 0.0020853957429967022
202.0, 0.001936325617565293
203.0, 0.001785673798359606
204.0, 0.0017527351671485975
205.0, 0.0016299359944256494
206.0, 0.0015487726286056917
207.0, 0.0016829581281686003
208.0, 0.001530129480225333
209.0, 0.001409087438116862
210.0, 0.001319929408339068
211.0, 0.0011267458498568914
212.0, 0.001268417801793499
213.0, 0.0013962962824905388
214.0, 0.0013824540919125322
215.0, 0.0017061733509902946
216.0, 0.004546081623998658
217.0, 0.007073715532839758
218.0, 0.005531549756009918
219.0, 0.002854316998872594
220.0, 0.0035713883256866885
221.0, 0.006105992361153598
222.0, 0.002223441276634499
223.0, 0.0013476669505185501
224.0, 0.0012993139869838487
225.0, 0.001273357581742771
226.0, 0.0013214467668018629
227.0, 0.001332612368974357
228.0, 0.0012878646734283319
229.0, 0.0011531159414986
230.0, 0.0009876119449205702
231.0, 0.0009658504223566599
232.0, 0.0010424467188346073
233.0, 0.001017247364829789
234.0, 0.0010477469717005221
235.0, 0.0010579274319001142
236.0, 0.0010279994166499846
237.0, 0.0010622089971981702
238.0, 0.0009540533977001987
239.0, 0.0008675007495328517
240.0, 0.0009644535393498351
241.0, 0.0008491725527670112
242.0, 0.0008726976114221132
243.0, 0.0009496252427422927
244.0, 0.0008072744613222387
245.0, 0.0007985217826669413
246.0, 0.0007899770371872902
247.0, 0.0007635856714020407
248.0, 0.0008497020305358279
249.0, 0.0009938669796654824
250.0, 0.0010191182599887322
251.0, 0.0007907324909508372
252.0, 0.0010193007068049682
253.0, 0.0010860776972401046
254.0, 0.0010268984613362895
255.0, 0.0008988506691531615
256.0, 0.0009317039369593295
257.0, 0.0009566864318099314
258.0, 0.0009390328545698699
259.0, 0.0008345303174093913
260.0, 0.0008446285575452648
261.0, 0.0008365401900659508
262.0, 0.0007573231084959675
263.0, 0.0007322237003493466
264.0, 0.0007525880107861813
265.0, 0.0008400877796567648
266.0, 0.0010292430671660503
267.0, 0.0007718209858306276
268.0, 0.0007855277631501893
269.0, 0.0009376156831092863
270.0, 0.0007766562638241415
271.0, 0.0007677199651825099
272.0, 0.0007117699545563807
273.0, 0.0005993537751330567
274.0, 0.0006980493573672691
275.0, 0.0007462095485427139
276.0, 0.0007856607947324024
277.0, 0.0008355596846621036
278.0, 0.0006513559349465752
279.0, 0.0005921998226675003
280.0, 0.0006003738144433162
281.0, 0.0006085397195946133
282.0, 0.0007001780432739625
283.0, 0.0007042558573300758
284.0, 0.000617705104354496
285.0, 0.0004672870928227716
286.0, 0.0005988722166114584
287.0, 0.0005664504728817418
288.0, 0.000305583334975275
289.0, 0.0002683734383326097
290.0, 0.00031502759890353284
291.0, 0.0003697838116538125
292.0, 0.000391275845480388
293.0, 0.0005467118864665322
294.0, 0.0004729616285277363
295.0, 0.00036898223037440744
296.0, 0.0004904824025101713
297.0, 0.00046459621999460484
298.0, 0.00044014631714669414
299.0, 0.0004348290194611749
300.0, 0.00046558960530504695
301.0, 0.0004771900919221826
302.0, 0.0004468667036742321
303.0, 0.00038238159630504093
304.0, 0.0003677164018732023
305.0, 0.00045676580295030627
306.0, 0.0005556037189639846
307.0, 0.0006050381253683653
308.0, 0.0002949796994470864
309.0, 0.0002788647376305371
310.0, 0.000356678911352676
311.0, 0.00034192392974342515
312.0, 0.00040364981622981454
313.0, 0.0005505440918128089
314.0, 0.0006081034569500903
315.0, 0.000218176354361073
316.0, 0.0003308077758597698
317.0, 0.0003478638442813082
318.0, 0.0002744414307219805
319.0, 0.0004757370083884209
320.0, 0.00045614997604672216
321.0, 0.00045623585230079763
322.0, 0.0005204640950198784
323.0, 0.00035758994350524757
324.0, 0.00039568838358020096
325.0, 0.000449937595174126
326.0, 0.00041190145465874907
327.0, 0.0003626532838715615
328.0, 0.0004041195984337866
329.0, 0.00043535079016984284
330.0, 0.0003404518646770058
331.0, 0.000390829658745027
332.0, 0.00028027142450045054
333.0, 0.00015422554512768734
334.0, 0.00034388994206470364
335.0, 0.00039267848787333655
336.0, 0.00028459035668056164
337.0, 0.00013676814073655934
338.0, 0.0003948304863592977
339.0, 0.00021506736888006508
340.0, 0.00017423674113532496
341.0, 0.00039231797703473723
342.0, 0.0004678827753417422
343.0, 0.0003373403865145943
344.0, 0.0002798884075424339
345.0, 0.0004287231983262961
346.0, 0.00043572860164208996
347.0, 0.0004742351817133855
348.0, 0.0004615050744181676
349.0, 0.0003201305589686528
350.0, 0.00031331624653766654
351.0, 0.00030162136430236596
352.0, 0.00028568709011124
353.0, 0.0002697363056593285
354.0, 0.00024320613350685598
355.0, 0.00027462200388534666
356.0, 0.0003525418516183225
357.0, 0.00043930635487535614
358.0, 0.0003581802447956148
359.0, 0.0002804957314387868
360.0, 0.0002208255646552914
361.0, 0.00011338378797703485
362.0, 0.00027514380445215874
363.0, 0.00033581151402742337
364.0, 0.00021798746646815276
365.0, 0.00020193302520522398
366.0, 0.000161263727804371
367.0, 0.00014394567549448162
368.0, 0.00017642225619027253
369.0, 0.0002861859815266219
370.0, 0.00026632048661587033
371.0, 0.00017661354168159143
372.0, 5.945828258658624e-05
373.0, 0.0001807894700860152
374.0, 0.0002869867577955516
375.0, 0.000321691567082814
376.0, 0.00021403375739125356
377.0, 0.0001943468920580862
378.0, 0.00012929452150846295
379.0, 0.00011449102871820868
380.0, 0.00032760791398148126
381.0, 0.0003104583085949431
382.0, 0.00038194530980205566
383.0, 0.00048306249793426536
384.0, 0.0003870715648516411
385.0, 0.00048063687501217074
386.0, 0.0005545597331317405
387.0, 0.0005666852177160101
388.0, 0.0004937210713539206
389.0, 0.0005442349687486823
390.0, 0.0005155464362270781
391.0, 0.00040315342438560506
392.0, 0.000479340287680698
393.0, 0.00040183136727530995
394.0, 0.00032862937655437637
395.0, 0.00031416802373086165
396.0, 0.00031008211769501144
397.0, 0.00021990812261870213
398.0, 0.00014765558842915017
399.0, 0.00015839138625627194
400.0, 0.0003958602480706433
401.0, 0.0002640280110385505
402.0, 0.00014956479213495155
403.0, 0.00031555753655774686
404.0, 0.0003918691746663168
405.0, 0.00026529042287048445
406.0, 0.00013905954356636786
407.0, 0.00020392212341640396
408.0, 0.00018904844304675305
409.0, 0.0002552409873951273
410.0, 0.0003312326460527604
411.0, 0.0003271146070956983
412.0, 0.0002457685564645046
413.0, 0.00021070971232386938
414.0, 0.00020967342737525843
415.0, 0.00021705829053289495
416.0, 0.0002993879643525299
417.0, 0.00034427590178963863
418.0, 0.0003638809950664456
419.0, 0.0003985995993740182
420.0, 0.0004606462923037114
421.0, 0.00048051987295877097
422.0, 0.00047923783839533816
423.0, 0.0005283939251241615
424.0, 0.0006657728200366587
425.0, 0.0007761494611618988
426.0, 0.000845806469990866
427.0, 0.0008876703601180149
428.0, 0.0010281042525866623
429.0, 0.0011024310681450283
430.0, 0.0010583190355013135
431.0, 0.000822996132077947
432.0, 0.001327670470045775
433.0, 0.0017016789874819407
434.0, 0.001887497973663105
435.0, 0.0026200171761232584
436.0, 0.003118777008959442
437.0, 0.00356929266165375
438.0, 0.004074319179174992
439.0, 0.004889346175008508
440.0, 0.0059607994025567
441.0, 0.007240597114716602
442.0, 0.008743106443005681
443.0, 0.010643594171169533
444.0, 0.013093390199934876
445.0, 0.016555547314170298
446.0, 0.021227444216494123
447.0, 0.0269959543699807
448.0, 0.03438269631206004
449.0, 0.04261245228107727
450.0, 0.051200993515272096
451.0, 0.05871874761898878
452.0, 0.06309151695150382
453.0, 0.0626632247562019
454.0, 0.05661037262295357
455.0, 0.046622480991557434
456.0, 0.037996852595473044
457.0, 0.03067985582357649
458.0, 0.024765552179574067
459.0, 0.021223070426603107
460.0, 0.018547731463962717
461.0, 0.016289527839158914
462.0, 0.014199454367447488
463.0, 0.012238665063198654
464.0, 0.010008258868966068
465.0, 0.00794768495131532
466.0, 0.00633049226409946
467.0, 0.005191456667965058
468.0, 0.00419535600073336
469.0, 0.0033980279247971925
470.0, 0.002837486699526977
471.0, 0.002462428790134707
472.0, 0.0020367343240776303
473.0, 0.001664199284626955
474.0, 0.001416801268012639
475.0, 0.001365727683647328
476.0, 0.0009796956624749263
477.0, 0.0008265130378320371
478.0, 0.0011973355319837816
479.0, 0.0008912090657154864
480.0, 0.0006945948948245102
481.0, 0.0006436180506592108
482.0, 0.0007332971581687502
483.0, 0.0004970712114003229
484.0, 0.0004203217167580354
485.0, 0.00046334838363588395
486.0, 0.0005846243433784292
487.0, 0.0005108733223896021
488.0, 0.0005810990990112076
489.0, 0.000554769876268263
490.0, 0.00032822293331156
491.0, 0.00038205438920239893
492.0, 0.0003242106407314984
493.0, 0.00033648131451289285
494.0, 0.0004782330226595453
495.0, 0.00029938007128996224
496.0, 0.00034698262408580546
497.0, 0.00035784180217616774
498.0, 0.00022520841320571185
499.0, 0.00020874872101858013
500.0, 0.0003163399377222525
501.0, 0.0002777193181761569
502.0, 6.1022822144936534e-05
503.0, 0.00042877146027242715
504.0, 0.00033731317974182207
505.0, 0.00024088828204704628
506.0, 0.0003042564336567018
507.0, 0.0003582618926266246
508.0, 0.0002743226858140101
509.0, 0.00030314112258682875
510.0, 0.0004595565452910834
511.0, 0.00030087311845095115
512.0, 0.0003878418690327028
513.0, 0.00047336089160118094
514.0, 0.00048171338729301
515.0, 0.0004304670828685502
516.0, 0.0005226696386811154
517.0, 0.0005705684468079285
518.0, 0.000551381934887956
519.0, 0.0005746767679532317
520.0, 0.0005511817447785708
521.0, 0.0005151277480026649
522.0, 0.0004954911448533397
523.0, 0.0005602578228419598
524.0, 0.0003632280704836508
525.0, 0.00028354948394513073
526.0, 0.0003325166835282574
527.0, 0.0003633668419365183
528.0, 0.00042539234460646947
529.0, 0.0004252124751000237
530.0, 0.0004054561001372851
531.0, 0.0004829429303645409
532.0, 0.0004748871707651912
533.0, 0.0004037289463702476
534.0, 0.0003353810935223468
535.0, 0.0003779225266273236
536.0, 0.00039848037997567115
537.0, 0.0003091846954381064
538.0, 0.0001990684124081542
539.0, 0.00019483293785601307
540.0, 0.00022473757746058415
541.0, 0.00012712168486672028
542.0, 3.4369111427840204e-05
543.0, 9.110517164848562e-05
544.0, 0.00021554540266504403
545.0, 0.00034813437124333176
546.0, 0.0004854928631205306
547.0, 0.0006120576227388592
548.0, 0.0004441936055961358
549.0, 0.00038545396105167006
550.0, 0.00035543640315603285
551.0, 0.0003169498840397043
552.0, 0.00042943901041188136
553.0, 0.00036577079638672487
554.0, 0.00034857664806334747
555.0, 0.00046513601219304703
556.0, 0.0005781550841962022
557.0, 0.0004490409119626452
558.0, 0.0003741393330831018
559.0, 0.0003823128227482456
560.0, 0.00013340636905008848
561.0, 0.00023482659692686795
562.0, 0.0002689416681115529
563.0, 0.00018440414832060777
564.0, 0.0001449340196550025
565.0, 0.00020260453909278658
566.0, 0.00031360483592810456
567.0, 0.00039685801023002027
568.0, 0.00029048911214515184
569.0, 0.0003429350651151032
570.0, 0.0003608404464403224
571.0, 0.00037338177906543206
572.0, 0.0004536595292564322
573.0, 0.00046341938720745763
574.0, 0.0004589213495715109
575.0, 0.00044616428960461663
576.0, 0.0004298562597079166
577.0, 0.00043733999367188454
578.0, 0.0004038074227976966
579.0, 0.0003929486186559055
580.0, 0.0004521849731880374
581.0, 0.0005657236517649884
582.0, 0.0005561795707224545
583.0, 0.0006057330057800264
584.0, 0.0007574459659578511
585.0, 0.0006625486667833191
586.0, 0.0008470601244739601
587.0, 0.0008647847533456579
588.0, 0.0007406760163278619
589.0, 0.001182312220679737
590.0, 0.0008332154184462743
591.0, 0.0007505043808254754
592.0, 0.0009562516372485586
593.0, 0.0009529622446164586
594.0, 0.0010335808099911315
595.0, 0.0009909668638910167
596.0, 0.0008642122447770424
597.0, 0.0007538514322135998
598.0, 0.0011423427721930243
599.0, 0.001227974142342637
600.0, 0.0012645302736150753
601.0, 0.0015329330163158803
602.0, 0.0014339714994009668
603.0, 0.001645819198728326
604.0, 0.0019505639858208286
605.0, 0.002176548931513584
606.0, 0.0021030013816104665
607.0, 0.002801646832278803
608.0, 0.003457787303929135
609.0, 0.003935208961692429
610.0, 0.005190002696943552
611.0, 0.006997251757489078
612.0, 0.009648699331796996
613.0, 0.013274578530875748
614.0, 0.018031612658809794
615.0, 0.021435931824144557
616.0, 0.02360049520460724
617.0, 0.023990814428637697
618.0, 0.021771335730344888
619.0, 0.018223748503301374
620.0, 0.01641699817284848
621.0, 0.015486932989863207
622.0, 0.014534237435440656
623.0, 0.014920813225984259
624.0, 0.01635582756703997
625.0, 0.018749608155423623
626.0, 0.022118687796985267
627.0, 0.02698378913312005
628.0, 0.030785685173614238
629.0, 0.033357456166594975
630.0, 0.034173797643460214
631.0, 0.03161076805158981
632.0, 0.02656274861474948
633.0, 0.02164856058704837
634.0, 0.017187203712239696
635.0, 0.012953374308746969
636.0, 0.01265071442998703
637.0, 0.012558560571064453
638.0, 0.011276695402646142
639.0, 0.007719712103860586
640.0, 0.007103194570816592
641.0, 0.00698288081965092
642.0, 0.007299096231910046
643.0, 0.007959741859452642
644.0, 0.008606421716660956
645.0, 0.009863254097272895
646.0, 0.01052528612482824
647.0, 0.010206901358451013
648.0, 0.008948992522615933
649.0, 0.008107226208511299
650.0, 0.007176799233531086
651.0, 0.0059770687560628515
652.0, 0.004338710601636531
653.0, 0.0038240251578922704
654.0, 0.0032598975875191465
655.0, 0.0026626032032010236
656.0, 0.0021076981763705235
657.0, 0.0019142203147656126
658.0, 0.0015779397464670462
659.0, 0.001298346627415349
660.0, 0.0011492201183716496
661.0, 0.0009900566053728402
662.0, 0.0008397899948494748
663.0, 0.0007921705110937959
664.0, 0.0007928410461308784
665.0, 0.0006565086414394545
666.0, 0.0007855733042336705
667.0, 0.000639423685954036
668.0, 0.00044654218381768093
669.0, 0.000535351293685384
670.0, 0.00042099995502560637
671.0, 0.00046157569340320935
672.0, 0.0004951697169951058
673.0, 0.0004301287597667933
674.0, 0.00036425356534106133
675.0, 0.0003971501112880578
676.0, 0.0003497979587129797
677.0, 0.00020626289546457036
678.0, 8.084708084665995e-05
679.0, 0.00032036597086866956
680.0, 0.00034819140838820956
681.0, 0.00020538936636001627
682.0, 4.9734713640997975e-05
683.0, 6.834409098538579e-05
684.0, 0.00014747565537239196
685.0, 0.0001500542781230043
686.0, 2.2505748405169342e-05
687.0, 8.836345545663632e-05
688.0, 0.00019935748237056243
689.0, 0.00019154424107532616
690.0, 9.07774954423045e-05
691.0, 0.00013120020771220311
692.0, 0.00015065876664600964
693.0, 0.00010992827567839085
694.0, 8.249018205771823e-05
695.0, 0.0001696876979353353
696.0, 9.082707998440483e-05
697.0, 0.00023158790271027047
698.0, 0.00025657920689694657
699.0, 1.697402796150985e-05
700.0, 9.487863051890885e-06
701.0, 0.00039013304596445563
702.0, 0.000399313907717062
703.0, 9.431384864279076e-05
704.0, 0.00018729009474730365
705.0, 0.0001870595479602704
706.0, 0.0001793680896610759
707.0, 0.00016281188849402823
708.0, 0.00012789706867291807
709.0, 8.74523056687824e-05
710.0, 5.671943525148851e-05
711.0, 5.5540660534872784e-05
712.0, 9.594983024035036e-05
713.0, 0.0001868402864462255
714.0, 0.0001367954409244148
715.0, 6.324353261499359e-05
716.0, 7.881247537290209e-06
717.0, 1.1770008828477389e-06
718.0, 0.00012974721392783095
719.0, 9.53949880898804e-05
720.0, 2.4145928924467133e-05
721.0, 3.581869032413239e-05
722.0, 0.00012290232124481873
723.0, 0.00011617421781295451
724.0, 0.0001161757130318259
725.0, 0.00012555463044876692
726.0, 3.855890179785801e-05
727.0, 4.887049783996254e-05
728.0, 0.0001512327204578429
729.0, 0.0002688671008271903
730.0, 0.0003094784055526499
731.0, 0.00040837445512979494
732.0, 0.00020221084975688842
733.0, 7.234460654073337e-05
734.0, 0.00014616229521956722
735.0, 1.9373126855369016e-05
736.0, 4.320030780913916e-05
737.0, 0.00016753436521757442
738.0, 0.00023942902195819415
739.0, 1.5235946202968596e-05
740.0, 7.227140895212008e-05
741.0, 0.00010203464502504438
742.0, 9.384710045961225e-05
743.0, 5.914286070132614e-05
744.0, 9.607530877379594e-05
745.0, 7.797155652252505e-05
746.0, 6.396786229765765e-05
747.0, 9.395619579837092e-05
748.0, 0.00021852536728015782
749.0, 0.00015791693267235495
750.0, 7.220790581499438e-05
751.0, 4.013637386926277e-05
752.0, 0.00010505346573674503
753.0, 5.341099482904215e-05
754.0, 6.797261360198619e-05
755.0, 6.577364387301583e-05
756.0, 3.316781738159976e-05
757.0, 1.883400554460322e-05
758.0, 3.7597336767798746e-05
759.0, 4.0186151605217656e-05
760.0, 2.6570284241072453e-05
761.0, 8.557068898263904e-06
762.0, 8.176903984888969e-05
763.0, 5.638098980714465e-05
764.0, 2.9011994552860732e-05
765.0, 3.4159333520812194e-05
766.0, 4.687307683792611e-05
767.0, 0.00010409018630702122
768.0, 0.00011517202886374806
769.0, 0.00011648312608061167
770.0, 0.0001578137177205724
771.0, 8.996570115280844e-05
772.0, 9.292722863518784e-05
773.0, 0.00014128270152647093
774.0, 0.0001946977050479333
775.0, 0.000157224821676488
776.0, 5.3489223577084366e-05
777.0, 3.871954645773565e-05
778.0, 0.00010082515072185313
779.0, 0.0001963797530207172
780.0, 0.00031506191684582956
781.0, 0.0003338501016467381
782.0, 0.0002524824420575016
783.0, 0.00015748710056893062
784.0, 0.0003366716679862388
785.0, 0.00013626869171730086
786.0, 6.527655410647769e-05
787.0, 9.108115310023032e-05
788.0, 0.00010947526167088772
789.0, 0.00033915587618753393
790.0, 0.00030181977376884104
791.0, 0.00023909708832341975
792.0, 0.0002144077074162316
793.0, 9.78042142145457e-05
794.0, 7.781834658176763e-05
795.0, 9.187520834089952e-05
796.0, 8.913591727280774e-05
797.0, 3.293309149966454e-05
798.0, 4.4188008272205354e-05
799.0, 5.547130334132011e-05
800.0, 6.80655431595618e-05
801.0, 0.00010832809192642461
802.0, 0.0002415795583833372
803.0, 8.683479135206175e-05
804.0, 9.845483066491764e-05
805.0, 0.00018655248500428666
806.0, 0.0002221355351976232
807.0, 6.914695503139109e-05
808.0, 9.920410551051471e-05
809.0, 0.0001388904280455382
810.0, 0.00013217341174213694
811.0, 7.140569173112263e-05
812.0, 4.627857140573042e-05
813.0, 0.00013871591672189062
814.0, 0.00017332130480548585
815.0, 8.634721764922143e-05
816.0, 0.000221131164599426
817.0, 0.00023011097796652238
818.0, 0.00014075939678149567
819.0, 4.5241978948412143e-05
820.0, 7.083322179249091e-05
821.0, 7.097816375533728e-05
822.0, 0.00015641620971180783
823.0, 0.00014142192011417563
824.0, 2.612663429783791e-06
825.0, 1.5135202115322795e-06
826.0, 0.00022764154954050696
827.0, 0.00021854945912274138
828.0, 0.00011754621622092332
829.0, 0.00013191159228059557
830.0, 7.702562545274332e-05
831.0, 5.104599361284745e-05
832.0, 3.548642083913972e-05
833.0, 3.158515002794882e-05
834.0, 5.648162781761375e-05
835.0, 0.0003076108284479376
836.0, 0.00029838827845573104
837.0, 0.0002481776832119147
838.0, 0.0002914697107182202
839.0, 0.00015808805264719224
840.0, 0.00022166474624755656
841.0, 0.00030275430240044867
842.0, 0.0003326877232935451
843.0, 0.0002676959586625055
844.0, 6.913077993663373e-05
845.0, 0.00027922767728434244
846.0, 0.0004330205838209529
847.0, 0.00036135007426981824
848.0, 0.0002152142917361599
849.0, 0.0004734358593291242
850.0, 0.00045933324275659854
851.0, 0.0003709141090440517
852.0, 0.0004240085295112634
853.0, 0.0005175234760016809
854.0, 0.0007442064224962092
855.0, 0.0007731487913761342
856.0, 0.0006854580439656858
857.0, 0.0007502994706843541
858.0, 0.0011366307634472588
859.0, 0.0012987737582436172
860.0, 0.0011896381013766855
861.0, 0.0009611226233186505
862.0, 0.0011424865677301978
863.0, 0.0009844371461570293
864.0, 0.0007994167168361417
865.0, 0.0007161974623644703
866.0, 0.0007702381524465269
867.0, 0.000587567840385728
868.0, 0.0005065393529753131
869.0, 0.0004180024610844085
870.0, 0.00033460768415341415
871.0, 0.000314588564389576
872.0, 0.00028427564575195566
873.0, 0.0003297712053528285
874.0, 0.00033089626991971306
875.0, 0.00028546696361369427
876.0, 0.00034585062921473547
877.0, 0.0003597073002141299
878.0, 0.00032210216865041124
879.0, 0.0002752998834993413
880.0, 0.0002613515827109213
881.0, 0.000319809585064959
882.0, 0.00045323031758950016
883.0, 0.0003313109231203656
884.0, 0.0002731280705561027
885.0, 0.0006949660551287875
886.0, 0.00043382848567929505
887.0, 0.0007032245550955686
888.0, 0.0008579869197034346
889.0, 0.0007050793740125101
890.0, 0.00035131350700135574
891.0, 0.00059358373241976
892.0, 0.0005530560459439536
893.0, 0.0006923462516391651
894.0, 0.001117663567135775
895.0, 0.0011527425250858101
896.0, 0.0009652115254383334
897.0, 0.0009845344835017257
898.0, 0.0010473172168000216
899.0, 0.0009904830310217439
900.0, 0.0010729557705330608
901.0, 0.001095595204073821
902.0, 0.0010995651493809944
903.0, 0.0010831041374480123
904.0, 0.001031043818699717
905.0, 0.0009209404292812522
906.0, 0.0008659884395285135
907.0, 0.0008260448063933731
908.0, 0.000752893896302588
909.0, 0.0005816670331334898
910.0, 0.0005788700793875668
911.0, 0.0007545021172291171
912.0, 0.0008540404098834747
913.0, 0.0008153845450265387
914.0, 0.0009244270285324854
915.0, 0.0007156883991705846
916.0, 0.0007794599708638945
917.0, 0.0009310162084886793
918.0, 0.0009193332209702983
919.0, 0.0004850548113261113
920.0, 0.0007249485536893155
921.0, 0.0007795433618369792
922.0, 0.0008843734599168993
923.0, 0.0013452914330501892
924.0, 0.0008173916789483781
925.0, 0.0007819750413930035
926.0, 0.0011006452644360932
927.0, 0.0013481723744878443
928.0, 0.0009719911145724639
929.0, 0.0010654404543669672
930.0, 0.0011247137713966706
931.0, 0.0010990020735403019
932.0, 0.0010518240542424376
933.0, 0.0011591052733210558
934.0, 0.0011731960385445626
935.0, 0.0012294829835335919
936.0, 0.001251076934422931
937.0, 0.0012260883857200396
938.0, 0.0012507984712380907
939.0, 0.0011649981599156204
940.0, 0.0011318707388370886
941.0, 0.0010604145928771482
942.0, 0.0009446240471464305
943.0, 0.0010675491532864674
944.0, 0.0011458065911303674
945.0, 0.0012024455569602515
946.0, 0.001296651198089157
947.0, 0.0014377144793572079
948.0, 0.0013758718077116138
949.0, 0.0015377589276154503
950.0, 0.0014497705486796937
951.0, 0.0013735782539893947
952.0, 0.0016484326554662323
953.0, 0.0017226782926101764
954.0, 0.0020520843505552016
955.0, 0.002179849683843596
956.0, 0.0022193997305680275
957.0, 0.0024688336297376276
958.0, 0.0025671159170309425
959.0, 0.0027642250961212485
960.0, 0.002926199858209739
961.0, 0.00328302215626658
962.0, 0.004248028732926999
963.0, 0.004961764363108291
964.0, 0.00595920414847096
965.0, 0.006598130867917784
966.0, 0.006680198130610445
967.0, 0.006363754040977221
968.0, 0.007029019109564522
969.0, 0.00818206156446723
970.0, 0.008888366393252887
971.0, 0.009241859868959272
972.0, 0.010498657788352206
973.0, 0.012021167209913348
974.0, 0.01332543267570402
975.0, 0.014928069808697408
976.0, 0.017221085081579074
977.0, 0.020459881631658926
978.0, 0.02617554959837701
979.0, 0.03422145596219032
980.0, 0.04559663064956185
981.0, 0.06309011742301775
982.0, 0.0935203807528287
983.0, 0.15615378656293175
984.0, 0.29945614361679596
985.0, 0.5574356582124681
986.0, 0.8729447452729483
987.0, 0.991910339586669
988.0, 0.9349526714568963
989.0, 0.7020824350401725
990.0, 0.4391822835158193
991.0, 0.25757583360628367
992.0, 0.16206188354632495
993.0, 0.10679815045777173
994.0, 0.07108524772936994
995.0, 0.049220577897245286
996.0, 0.036362207501952716
997.0, 0.027480403051410626
998.0, 0.022953645245562815
999.0, 0.019585861486945508
1000.0, 0.017150658897698734
1001.0, 0.01549014496822591
1002.0, 0.013787138340847917
1003.0, 0.011995332415536238
1004.0, 0.010635170856882354
1005.0, 0.009521114537617241
1006.0, 0.00843422467034014
1007.0, 0.007337017683456308
1008.0, 0.006588889546475718
1009.0, 0.006127956507838516
1010.0, 0.005842789821168261
1011.0, 0.005611180077591787
1012.0, 0.0053172647287175094
1013.0, 0.004695922078215626
1014.0, 0.0042485562007871834
1015.0, 0.00404407429713045
1016.0, 0.0040203488082827055
1017.0, 0.003924489520982971
1018.0, 0.003908313519807704
1019.0, 0.003799024853864508
1020.0, 0.0036617959824039397
1021.0, 0.0035104218016125182
1022.0, 0.003154873466241841
1023.0, 0.0030173045336169203
1024.0, 0.0028716708671199685
1025.0, 0.002714190930838173
1026.0, 0.0025498448817972775
1027.0, 0.002355296658085308
1028.0, 0.002288755268673486
1029.0, 0.002084693999145437
1030.0, 0.0019484577800251725
1031.0, 0.0018977632311794825
1032.0, 0.0015297293366541814
1033.0, 0.0018122982573633521
1034.0, 0.0017751505893370478
1035.0, 0.0015645134930090763
1036.0, 0.001414685095376713
1037.0, 0.0016048268487266666
1038.0, 0.0012770912423362428
1039.0, 0.0010510437131041317
1040.0, 0.00098266237207633
1041.0, 0.0010631688811454198
1042.0, 0.0012289072312998781
1043.0, 0.0010006320002518658
1044.0, 0.0011315023797494076
1045.0, 0.001190439953623535
1046.0, 0.0010520165992348048
1047.0, 0.0008960558365068525
1048.0, 0.0007890347030662953
1049.0, 0.0009602402266055326
1050.0, 0.0008980693748948245
1051.0, 0.0007113712277108523
1052.0, 0.0009077050860436514
1053.0, 0.0009376076157953322
1054.0, 0.0008481911573550971
1055.0, 0.0008190980117956757
1056.0, 0.0008537320696743868
1057.0, 0.0008625675455630926
1058.0, 0.000755995991518772
1059.0, 0.0006081414683013632
1060.0, 0.0005764917099889845
1061.0, 0.0005841838396544647
1062.0, 0.0005264377069180277
1063.0, 0.000668996166731521
1064.0, 0.0005747379745386717
1065.0, 0.0006765918363278161
1066.0, 0.0007425000032290606
1067.0, 0.0005118593553090628
1068.0, 0.00020631746041431369
1069.0, 0.00048493101215952764
1070.0, 0.0005637153277081272
1071.0, 0.0004602871226309661
1072.0, 0.0003483829848034087
1073.0, 0.0004917201745695913
1074.0, 0.0003298646493184381
1075.0, 0.00021919974404149514
1076.0, 0.0001882007326877768
1077.0, 0.00021434625403081285
1078.0, 0.00023772457960593394
1079.0, 0.0002690981055011467
1080.0, 0.0004587832558812189
1081.0, 0.000702479653013753
1082.0, 0.0009396323087374547
1083.0, 0.001149324701601558
1084.0, 0.0010689256504299296
1085.0, 0.0008896511648006749
1086.0, 0.0007815802651242829
1087.0, 0.0006285933601713334
1088.0, 0.0002731873015703448
1089.0, 0.0006302113831182255
1090.0, 0.0008609639597991995
1091.0, 0.0007806501512882341
1092.0, 0.000849833120866681
1093.0, 0.0014350180200482666
1094.0, 0.0016300025235184653
1095.0, 0.001579095863122977
1096.0, 0.001762955478892634
1097.0, 0.002056813934499088
1098.0, 0.0024735972266306293
1099.0, 0.003581419812360096
1100.0, 0.0043927933447882
1101.0, 0.005171042483842415
1102.0, 0.00580367428573687
1103.0, 0.006093864707000115
1104.0, 0.005781285784835043
1105.0, 0.0046629294659983195
1106.0, 0.003923901143432297
1107.0, 0.0031451267612540475
1108.0, 0.002309098511525386
1109.0, 0.0016819007662644018
1110.0, 0.0017280706934343147
1111.0, 0.0017953232917005523
1112.0, 0.0017757667820688186
1113.0, 0.0017619236407872712
1114.0, 0.0018738374104598115
1115.0, 0.0020831863759882352
1116.0, 0.0020660542659948124
1117.0, 0.002083762351887116
1118.0, 0.002179757315998392
1119.0, 0.002426593457681727
1120.0, 0.0030125291072361313
1121.0, 0.0034764941283878
1122.0, 0.004020400843620642
1123.0, 0.004440934087293016
1124.0, 0.004904760650733267
1125.0, 0.005842263019215855
1126.0, 0.006252924560966127
1127.0, 0.007133223208504168
1128.0, 0.008143484756711105
1129.0, 0.009455842504795836
1130.0, 0.011415110935487766
1131.0, 0.014235830202977468
1132.0, 0.01753631152866319
1133.0, 0.022005954377848472
1134.0, 0.027853124366417435
1135.0, 0.03512498903386139
1136.0, 0.04383163561039635
1137.0, 0.05413219306051872
1138.0, 0.06257155601188098
1139.0, 0.07045849724455229
1140.0, 0.07790828278026535
1141.0, 0.08394540335960336
1142.0, 0.09083130344748921
1143.0, 0.09019290728092168
1144.0, 0.08662511135793069
1145.0, 0.07948946978778838
1146.0, 0.06778042992619512
1147.0, 0.05708125191468702
1148.0, 0.047672160453426524
1149.0, 0.03936423191801217
1150.0, 0.03183464804714011
1151.0, 0.025323445714632783
1152.0, 0.021028161679449694
1153.0, 0.01727412931709174
1154.0, 0.01499662856834948
1155.0, 0.013366012512397484
1156.0, 0.011864474201215629
1157.0, 0.010400486380029566
1158.0, 0.010272803988289586
1159.0, 0.009766713623977161
1160.0, 0.009946836084047998
1161.0, 0.010557592361793848
1162.0, 0.011385438972260343
1163.0, 0.013236247722240775
1164.0, 0.014618284752980298
1165.0, 0.0155282648228743
1166.0, 0.015618579117702341
1167.0, 0.014870238374199884
1168.0, 0.013574566820383362
1169.0, 0.011442057413019256
1170.0, 0.00957033126954428
1171.0, 0.008095046733730826
1172.0, 0.006783420022667423
1173.0, 0.005500036975739496
1174.0, 0.004943629618261784
1175.0, 0.0043989825679726004
1176.0, 0.003766281267223822
1177.0, 0.00316316174195697
1178.0, 0.002674223264546488
1179.0, 0.0023160216135920822
1180.0, 0.002214180829482139
1181.0, 0.001948598276322285
1182.0, 0.0017387593451725805
1183.0, 0.0015785228483595833
1184.0, 0.0014038312023044518
1185.0, 0.0013174818600446643
1186.0, 0.0011472211739197232
1187.0, 0.0009872918531229724
1188.0, 0.0009488867703991401
1189.0, 0.0009156524466589521
1190.0, 0.0005440370128669271
1191.0, 0.0008342696730340744
1192.0, 0.0006026959119275015
1193.0, 0.0005231643567896602
1194.0, 0.000613375929398004
1195.0, 0.0006653948338533976
1196.0, 0.0007282638652837504
1197.0, 0.0003700061902970047
1198.0, 0.0003518305735862883
1199.0, 0.0004298639569565516
1200.0, 0.0005021868456518407
1201.0, 0.000716937539717565
1202.0, 0.000362536105003858
1203.0, 0.0002996403096670997
1204.0, 0.0004674353081695478
1205.0, 0.0004935372305186264
1206.0, 0.00015548563733081466
1207.0, 3.3013681771385214e-05
1208.0, 0.0002587557036493145
1209.0, 0.000566012570168704
1210.0, 0.0006003627094128744
1211.0, 0.0005232140140346167
1212.0, 0.00083249283529826
1213.0, 0.0004834960317581896
1214.0, 0.0006317368333636471
1215.0, 0.0006343790896251581
1216.0, 0.0007865437203122535
1217.0, 0.00115439520426598
1218.0, 0.0007808940460072912
1219.0, 0.000993039051575419
1220.0, 0.0010320674667627936
1221.0, 0.0008727760820638142
1222.0, 0.0007375050895458117
1223.0, 0.0008655777635019163
1224.0, 0.0007995444323570651
1225.0, 0.0006222607160649085
1226.0, 0.0006764781122505756
1227.0, 0.0006619115565020164
1228.0, 0.0004899654798605189
1229.0, 0.0005001403077330554
1230.0, 0.000820021230151404
1231.0, 0.0008343710026729027
1232.0, 0.000913985841398921
1233.0, 0.001020758131356593
1234.0, 0.0009425389657596104
1235.0, 0.00044838096543566003
1236.0, 0.0010689443152331994
1237.0, 0.001220320535114828
1238.0, 0.0009708575465519545
1239.0, 0.0008504576669685546
1240.0, 0.0013748629192011548
1241.0, 0.0011988351735904548
1242.0, 0.0008978210860397639
1243.0, 0.0009973027094201468
1244.0, 0.0010511635342987061
1245.0, 0.0008744299760950695
1246.0, 0.0009268628307301472
1247.0, 0.0010164329707953634
1248.0, 0.000856913683824117
1249.0, 0.0007788642785581908
1250.0, 0.0007080298853741358
1251.0, 0.0005817771123226531
1252.0, 0.0008115290427615133
1253.0, 0.0007345136901932165
1254.0, 0.0008280066783181855
1255.0, 0.000988480055161689
1256.0, 0.0009158252482428153
1257.0, 0.00041822773660654764
1258.0, 0.00039334714914932055
1259.0, 0.0003222801577062813
1260.0, 0.0005031421889875563
1261.0, 0.0005076263957242373
1262.0, 0.00025415701079421223
1263.0, 0.00016861601894061195
1264.0, 0.0005169002052645249
1265.0, 0.0005802679334397603
1266.0, 0.0006183180004789578
1267.0, 0.0006320104259095194
1268.0, 0.0006685415324524084
1269.0, 0.0009562537011288486
1270.0, 0.0006414766421621665
1271.0, 0.0008661029463680779
1272.0, 0.0009297010729171271
1273.0, 0.0008291188820991538
1274.0, 0.0007471490969714883
1275.0, 0.00045408954562259677
1276.0, 0.0006419483208466093
1277.0, 0.000750707512334937
1278.0, 0.0004732792664901127
1279.0, 0.00015312391536167545
1280.0, 0.00032394293424439465
1281.0, 0.0005166770396466572
1282.0, 0.0003553001120326195
1283.0, 0.0003508178645208376
1284.0, 0.00042462821049862474
1285.0, 0.0004470543801402344
1286.0, 0.00034161116994412964
1287.0, 0.000246105003876382
1288.0, 0.000247407712077226
1289.0, 0.00031336946313806796
1290.0, 0.00034343550154327816
1291.0, 0.00028896957746787585
1292.0, 0.00019054868217497685
1293.0, 0.00014021969881276814
1294.0, 0.00035244755534455505
1295.0, 0.0005266471702217565
1296.0, 0.0005310878310858274
1297.0, 0.0004418161764444454
1298.0, 0.0005486017755288372
1299.0, 0.0003696439487558601
1300.0, 0.00026480220015728416
1301.0, 0.00012799611451750777
1302.0, 0.0001058604264228086
1303.0, 0.00020941624632982348
1304.0, 3.4511271023152795e-05
1305.0, 0.0004581745919323022
1306.0, 0.00033570603469693365
1307.0, 0.00020220317723894374
1308.0, 0.00030811207878294174
1309.0, 0.0005223061379569944
1310.0, 0.00017594895922288443
1311.0, 0.0005009991215859273
1312.0, 0.0005630523167374684
1313.0, 0.0005203595079743271
1314.0, 0.0004901079242707994
1315.0, 0.0005202470672686998
1316.0, 0.0005715747854462084
1317.0, 0.00044802568593019243
1318.0, 0.0004381838228817397
1319.0, 0.0004637965976864279
1320.0, 0.0005128990593703172
1321.0, 0.000606921862472266
1322.0, 0.0007224121289404885
1323.0, 0.0005658727712370974
1324.0, 0.0004473026396240731
1325.0, 0.0005238613733854364
1326.0, 0.0004889375245073497
1327.0, 6.874948519574234e-05
1328.0, 1.878980489139934e-05
1329.0, 0.00045702006756515197
1330.0, 0.00024871636818840105
1331.0, 3.3378580144886366e-05
1332.0, 0.00018841277597101292
1333.0, 0.0005734789537391625
1334.0, 0.00021230829291764758
1335.0, 0.0001830358968388753
1336.0, 0.00019719107039984797
1337.0, 0.00022944166176894063
1338.0, 0.00018643528144651777
1339.0, 2.7904315497878107e-05
1340.0, 5.076124396829958e-05
1341.0, 0.0001428761860634778
1342.0, 0.00024488275385325936
1343.0, 0.0002986018181483108
1344.0, 0.00032669791417854334
1345.0, 0.0003541536109444714
1346.0, 0.0002523205597143464
1347.0, 0.0003105190060202673
1348.0, 0.0003676255678409667
1349.0, 0.0003554460924849014
1350.0, 0.00024932602429099827
1351.0, 9.418481443385406e-05
1352.0, 5.178883622246097e-05
1353.0, 0.00039860481894732434
1354.0, 0.00020607135006429745
1355.0, 0.00012318895496151385
1356.0, 0.00024532436336834144
1357.0, 0.0003512893266971221
1358.0, 0.0002718256630965221
1359.0, 9.184136867201543e-05
1360.0, 0.0002734694965953055
1361.0, 0.00026678041966858985
1362.0, 0.00019073020438049163
1363.0, 0.0002206099426072546
1364.0, 1.996796521132267e-05
1365.0, 6.29907827956302e-05
1366.0, 0.00014526232919887132
1367.0, 0.00015183874435049338
1368.0, 8.746352658468106e-05
1369.0, 2.0296761956610966e-05
1370.0, 4.5116560233312506e-05
1371.0, 0.0003645558097851279
1372.0, 0.00013743294246832414
1373.0, 0.00011773767176234157
1374.0, 0.00030509451741561134
1375.0, 0.00043583720986689297
1376.0, 0.0002862386225809531
1377.0, 0.0004164114263082161
1378.0, 0.00034203084948131917
1379.0, 0.00015938643954247544
1380.0, 0.0001693768521906736
1381.0, 0.00028060663692705686
1382.0, 0.00010726936043389637
1383.0, 0.0002116140271377082
1384.0, 0.00041079085323983107
1385.0, 0.0006562912141181794
1386.0, 0.0005040485523676081
1387.0, 0.0002359953454898814
1388.0, 0.00039261394728461944
1389.0, 0.00017290196448570687
1390.0, 0.0005469548342303585
1391.0, 0.0004052923024152324
1392.0, 0.00017368245522960906
1393.0, 0.00015279531378921835
1394.0, 0.0003254796027851389
1395.0, 0.00027399791526505586
1396.0, 0.00010571431905946083
1397.0, 0.00027318858007368543
1398.0, 0.00021826394388358176
1399.0, 0.00012263789576426705
1400.0, 0.0003095210034327634
1401.0, 0.000742207215961025
1402.0, 0.0004825727937216578
1403.0, 0.000624119207099032
1404.0, 0.0004668934757699093
1405.0, 0.000316353064390845
1406.0, 0.0002861942973389174
1407.0, 8.670548893742167e-05
1408.0, 0.00016176469212397148
1409.0, 0.0002515202237338029
1410.0, 0.0002766728873482622
1411.0, 0.00020818432173819887
1412.0, 0.0001965334211934558
1413.0, 0.0003363918732931451
1414.0, 0.0001284366767777365
1415.0, 0.0002618425425243124
1416.0, 0.0005472752043312113
1417.0, 0.0005848088889147444
1418.0, 0.0005245191423398909
1419.0, 0.0005470870126249334
1420.0, 0.0003881978362141244
1421.0, 0.0005030651965244718
1422.0, 0.0005190179380421691
1423.0, 0.0003525319108384909
1424.0, 0.0002284133890068444
1425.0, 0.0002480796158954843
1426.0, 0.00031478147196412943
1427.0, 0.0006919776742950187
1428.0, 0.00064547080755161
1429.0, 0.0007711496276255593
1430.0, 0.0007507117783582399
1431.0, 0.0006646925821710731
1432.0, 0.0007953376855639523
1433.0, 0.0009532894025218752
1434.0, 0.000835091235984769
1435.0, 0.001065350668868724
1436.0, 0.0011734466277978223
1437.0, 0.0012349396150594292
1438.0, 0.00137630248618063
1439.0, 0.0014358495740238678
1440.0, 0.0012629814836454887
1441.0, 0.0017597213793990652
1442.0, 0.002177964002944009
1443.0, 0.002268974698969816
1444.0, 0.0021953723881722796
1445.0, 0.0022558657664999175
1446.0, 0.002238563038908579
1447.0, 0.0024359008429677485
1448.0, 0.002234328594470632
1449.0, 0.0020519431711352887
1450.0, 0.002108006538067061
1451.0, 0.002425937277940837
1452.0, 0.0028626677109838696
1453.0, 0.002542708133845355
1454.0, 0.0026565456239767467
1455.0, 0.002716874726961647
1456.0, 0.0026499854513185755
1457.0, 0.0025405051825422536
1458.0, 0.0024744321377287467
1459.0, 0.002305860165587737
1460.0, 0.0020507682722942224
1461.0, 0.002141862645781181
1462.0, 0.002074430394010804
1463.0, 0.0019301174124533398
1464.0, 0.0019507722688885457
1465.0, 0.002105841921841805
1466.0, 0.0021882944707461854
1467.0, 0.0015997440920056593
1468.0, 0.0015409094143693466
1469.0, 0.0014739881006811581
1470.0, 0.0012279104145330702
1471.0, 0.0010887240739398093
1472.0, 0.0008840688396922092
1473.0, 0.0010799500261824192
1474.0, 0.001174948944477952
1475.0, 0.0011702908529791565
1476.0, 0.0012043019668170846
1477.0, 0.0011858326075985172
1478.0, 0.0008023942270201638
1479.0, 0.000858483188207555
1480.0, 0.0009749349923805711
1481.0, 0.0007297120607276572
1482.0, 0.000787721088195402
1483.0, 0.0010306853871169526
1484.0, 0.0010282167535107637
1485.0, 0.0010380257115600222
1486.0, 0.0007418023605989347
1487.0, 0.0007249188371154873
1488.0, 0.0006419325175382839
1489.0, 0.0005314757881505929
1490.0, 0.0005357030568573569
1491.0, 0.0006488014189312397
1492.0, 0.0003274721228198866
1493.0, 0.00047763107236478084
1494.0, 0.0004141337709201516
1495.0, 0.00019531104245567958
1496.0, 0.00017654082927606247
1497.0, 0.000365015328716827
1498.0, 0.0002193463272809398
1499.0, 8.687138803544753e-05
1500.0, 0.00010997020016933318
1501.0, 0.0001529471951082665
1502.0, 8.930994952094671e-05
1503, 0.0
1504, 0.0
1505, 0.0
1506, 0.0
1507, 0.0
1508, 0.0
1509, 0.0
1510, 0.0
1511, 0.0
1512, 0.0
1513, 0.0
1514, 0.0
1515, 0.0
1516, 0.0
1517, 0.0
1518, 0.0
1519, 0.0
1520, 0.0
1521, 0.0
1522, 0.0
1523, 0.0
1524, 0.0
1525, 0.0
1526, 0.0
1527, 0.0
1528, 0.0
1529, 0.0
1530, 0.0
1531, 0.0
1532, 0.0
1533, 0.0
1534, 0.0
1535, 0.0
1536, 0.0
1537, 0.0
1538, 0.0
1539, 0.0
1540, 0.0
1541, 0.0
1542, 0.0
1543, 0.0
1544, 0.0
1545, 0.0
1546, 0.0
1547, 0.0
1548, 0.0
1549, 0.0
1550, 0.0
1551, 0.0
1552, 0.0
1553, 0.0
1554, 0.0
1555, 0.0
1556, 0.0
1557, 0.0
1558, 0.0
1559, 0.0
1560, 0.0
1561, 0.0
1562, 0.0
1563, 0.0
1564, 0.0
1565, 0.0
1566, 0.0
1567, 0.0
1568, 0.0
1569, 0.0
1570, 0.0
1571, 0.0
1572, 0.0
1573, 0.0
1574, 0.0
1575, 0.0
1576, 0.0
1577, 0.0
1578, 0.0
1579, 0.0
1580, 0.0
1581, 0.0
1582, 0.0
1583, 0.0
1584, 0.0
1585, 0.0
1586, 0.0
1587, 0.0
1588, 0.0
1589, 0.0
1590, 0.0
1591, 0.0
1592, 0.0
1593, 0.0
1594, 0.0
1595, 0.0
1596, 0.0
1597, 0.0
1598, 0.0
1599, 0.0
