30, 0.0
31, 0.0
32, 0.0
33, 0.0
34, 0.0
35, 0.0
36, 0.0
37, 0.0
38, 0.0
39, 0.0
40, 0.0
41, 0.0
42, 0.0
43, 0.0
44, 0.0
45, 0.0
46, 0.0
47, 0.0
48, 0.0
49, 0.0
50, 0.0
51, 0.0
52, 0.0
53, 0.0
54, 0.0
55, 0.0
56, 0.0
57, 0.0
58, 0.0
59, 0.0
60, 0.0
61, 0.0
62, 0.0
63, 0.0
64, 0.0
65, 0.0
66, 0.0
67, 0.0
68, 0.0
69, 0.0
70, 0.0
71, 0.0
72, 0.0
73, 0.0
74, 0.0
75, 0.0
76, 0.0
77, 0.0
78, 0.0
79, 0.0
80, 0.0
81, 0.0
82, 0.0
83, 0.0
84, 0.0
85, 0.0
86, 0.0
87, 0.0
88, 0.0
89, 0.0
90, 0.0
91, 0.0
92, 0.0
93, 0.0
94, 0.0
95, 0.0
96, 0.0
97, 0.0
98, 0.0
99, 0.0
100, 0.0
101, 0.0
102, 0.0
103, 0.0
104, 0.0
105, 0.0
106, 0.0
107, 0.0
108, 0.0
109, 0.0
110, 0.0
111, 0.0
112, 0.0
113, 0.0
114, 0.0
115, 0.0
116, 0.0
117, 0.0
118, 0.0
119, 0.0
120, 0.0
121, 0.0
122, 0.0
123, 0.0
124, 0.0
125, 0.0
126, 0.0
127, 0.0
128, 0.0
129, 0.0
130, 0.0
131, 0.0
132, 0.0
133, 0.0
134, 0.0
135, 0.0
136, 0.0
137, 0.0
138, 0.0
139, 0.0
140, 0.0
141, 0.0
142, 0.0
143, 0.0
144, 0.0
145, 0.0
146, 0.0
147, 0.0
148, 0.0
149, 0.0
150, 0.0
151, 0.0
152, 0.0
153, 0.0
154, 0.0
155, 0.0
156, 0.0
157, 0.0
158, 0.0
159, 0.0
160, 0.0
161, 0.0
162, 0.0
163, 0.0
164, 0.0
165, 0.0
166, 0.0
167.0, 0.0035145630925009575
168.0, 0.007953489775498042
169.0, 0.003267184433130708
170.0, 0.003453495436117268
171.0, 0.005811377882359698
172.0, 0.004647803233756798
173.0, 0.0007635705938221682
174.0, 0.005621776402161249
175.0, 0.003987083589531117
176.0, 0.005090857623959563
177.0, 0.008757273566040995
178.0, 0.006005809428537315
179.0, 0.005645010716882975
180.0, 0.007050000190364181
181.0, 0.006830306422930032
182.0, 0.0032108294508799385
183.0, 0.0005130517992948198
184.0, 0.00210769583617059
185.0, 0.005938465067091398
186.0, 0.0076821438757695435
187.0, 0.00031910012677950584
188.0, 0.002092903408291675
189.0, 0.0022022797770432302
190.0, 0.0010400735126372585
191.0, 0.003729665144875315
192.0, 0.0027999848633382097
193.0, 0.0032413284456316335
194.0, 0.00435662897370115
195.0, 0.0022464434447359103
196.0, 0.0017873152693034318
197.0, 0.0060287951109987015
198.0, 0.005306036809322425
199.0, 0.003705602981233444
200.0, 0.0028843750181119948
201.0, 0.0017303542333354702
202.0, 0.0043733142164862
203.0, 0.007453192621203661
204.0, 0.004038065757285234
205.0, 0.006169451939349905
206.0, 0.005807938171763306
207.0, 0.005652227888045299
208.0, 0.007662784642030001
209.0, 0.007451028258919697
210.0, 0.0030369945489971918
211.0, 0.0031070167283319535
212.0, 0.006268265002269886
213.0, 0.006723576577985765
214.0, 0.008540562383102083
215.0, 0.006727452364662025
216.0, 0.0038416108267010254
217.0, 0.004761529208975081
218.0, 0.012147434485156428
219.0, 0.011523646734416217
220.0, 0.01338390640365562
221.0, 0.015829304112461487
222.0, 0.012572499272395002
223.0, 0.011242472526926605
224.0, 0.010270727222728936
225.0, 0.01156008454687215
226.0, 0.014039334184649215
227.0, 0.008263007398667113
228.0, 0.011436553549490512
229.0, 0.012141553248465392
230.0, 0.009662422622258329
231.0, 0.011502181394609977
232.0, 0.01522985417929184
233.0, 0.012685283910276117
234.0, 0.010439466615516247
235.0, 0.013304502390723795
236.0, 0.014063395036518796
237.0, 0.01649731163919814
238.0, 0.020061677660309096
239.0, 0.0238766500030213
240.0, 0.02619127632325982
241.0, 0.020673665927387702
242.0, 0.021444968694504945
243.0, 0.02279260251532544
244.0, 0.022774884061632195
245.0, 0.02840786752486133
246.0, 0.02947870658303108
247.0, 0.02659107124836153
248.0, 0.02151053844738139
249.0, 0.01777656296425056
250.0, 0.020216960117792532
251.0, 0.02330660295537352
252.0, 0.020923033840787017
253.0, 0.0166954745141367
254.0, 0.018508849457998973
255.0, 0.018471674308101545
256.0, 0.015489605551304162
257.0, 0.013993564420651234
258.0, 0.01614381712759507
259.0, 0.018155961255355884
260.0, 0.014511486282641324
261.0, 0.01141434454069937
262.0, 0.013170390234988753
263.0, 0.018684389446945986
264.0, 0.01847299333645487
265.0, 0.011188375943167102
266.0, 0.006109275018700399
267.0, 0.007207756159927792
268.0, 0.011004450163151056
269.0, 0.011847773441924819
270.0, 0.012583262033851116
271.0, 0.012465227974549768
272.0, 0.010609288041589995
273.0, 0.013417478778198634
274.0, 0.011082669863009015
275.0, 0.008075396779639433
276.0, 0.007546944449363545
277.0, 0.007261166880610389
278.0, 0.0061107544767561505
279.0, 0.007790027479872467
280.0, 0.007014152735534539
281.0, 0.004739780629909935
282.0, 0.008845165730022518
283.0, 0.016627584425443105
284.0, 0.009820345527683332
285.0, 0.004683604892197518
286.0, 0.010453927220600304
287.0, 0.006038575274196295
288.0, 0.007765969668031071
289.0, 0.0043694374649830454
290.0, 0.0005649665534212054
291.0, 0.0056883870383492
292.0, 0.001405678383178155
293.0, 0.0013360280100575786
294.0, 0.004720735380948289
295.0, 0.007028899831449091
296.0, 0.003039730195525749
297.0, 0.0028917543171954217
298.0, 0.005041910174125218
299.0, 0.006246061974595882
300.0, 0.0054740102228526995
301.0, 0.008138091809767916
302.0, 0.007958751463927008
303.0, 0.004346167587213183
304.0, 0.0023572483674248303
305.0, 0.00499676771608423
306.0, 0.005912371647292467
307.0, 0.0030619766363816584
308.0, 0.005925441268816073
309.0, 0.009407969445660446
310.0, 0.003773122877749775
311.0, 0.0014409538955096849
312.0, 0.004400000915201417
313.0, 0.00617057212607603
314.0, 0.0036744982247821295
315.0, 0.008821492174524789
316.0, 0.006112293346896461
317.0, 0.005827150560766131
318.0, 0.004853068608177539
319.0, 0.0012773270193999547
320.0, 0.001092106263021986
321.0, 0.000504591560653985
322.0, 0.002343366302372799
323.0, 0.005345620156416744
324.0, 0.003466271963193379
325.0, 0.002092510765859609
326.0, 0.0005643652508787754
327.0, 0.0014504916806615694
328.0, 0.0011690292815835532
329.0, 0.0011930633399151072
330.0, 0.004303677925568433
331.0, 0.002299864604989973
332.0, 0.0030387790194748576
333.0, 0.0007125641764281559
334.0, 0.0015988462307335901
335.0, 0.0004050921199127308
336.0, 0.0020734325395900034
337.0, 0.0007738782846999118
338.0, 0.003820975727401225
339.0, 0.004760845487174492
340.0, 0.004959750659402301
341.0, 0.0066500961720013865
342.0, 0.006232708196189513
343.0, 0.006191393066590043
344.0, 0.004139759084623648
345.0, 0.013362253394069885
346.0, 0.011292324071175475
347.0, 0.0027616250691535915
348.0, 0.0031500748685676667
349.0, 0.0003855877400451539
350.0, 0.004758094535913211
351.0, 0.007662864125977884
352.0, 0.008675713948098783
353.0, 0.009124817333166543
354.0, 0.009622858091703932
355.0, 0.00717694477107195
356.0, 0.009824482616263983
357.0, 0.014796929085472367
358.0, 0.014821306217615533
359.0, 0.011748979555504309
360.0, 0.020987433287199774
361.0, 0.023550106520206893
362.0, 0.022200074127226778
363.0, 0.023593350332237324
364.0, 0.024917057674071864
365.0, 0.02927148877571333
366.0, 0.03153157426687801
367.0, 0.03449126584373856
368.0, 0.03988703888050272
369.0, 0.045014742216050806
370.0, 0.048090447029384704
371.0, 0.05768718206322551
372.0, 0.06751759843835782
373.0, 0.07814176418504719
374.0, 0.10205701715721961
375.0, 0.13849016341346965
376.0, 0.19333846298539345
377.0, 0.2589433280254218
378.0, 0.32379688435725223
379.0, 0.36665736826478557
380.0, 0.3291350024738841
381.0, 0.23781661170667587
382.0, 0.14786611629962526
383.0, 0.09274195596233177
384.0, 0.06029499863806603
385.0, 0.046030552208185624
386.0, 0.038202894197971474
387.0, 0.029713682216956413
388.0, 0.021918096932198497
389.0, 0.0194209928894351
390.0, 0.018727654117903284
391.0, 0.01962306347450957
392.0, 0.019607826049507567
393.0, 0.018867984628779803
394.0, 0.020143838656512498
395.0, 0.020611335990504003
396.0, 0.021426717695242726
397.0, 0.02137185427767055
398.0, 0.023558327412522995
399.0, 0.029396315684623132
400.0, 0.02894407816114943
401.0, 0.03265559328466859
402.0, 0.03937644666189789
403.0, 0.041009987510938345
404.0, 0.03866184256461711
405.0, 0.05043543949229486
406.0, 0.058675849448511265
407.0, 0.06314738563994908
408.0, 0.07353960356121446
409.0, 0.09463356738095371
410.0, 0.12021364910302831
411.0, 0.15288717906835406
412.0, 0.21209945475876923
413.0, 0.30068189325601974
414.0, 0.42323010204637745
415.0, 0.5987749564418491
416.0, 0.8013868566748064
417.0, 0.9656260937188705
418.0, 0.9627329492818547
419.0, 0.7455035893176637
420.0, 0.4497699613734693
421.0, 0.2469326763165265
422.0, 0.1316079531698816
423.0, 0.08606803519567002
424.0, 0.07483635019393675
425.0, 0.06126385452625459
426.0, 0.06044011101522612
427.0, 0.0696677597279394
428.0, 0.08094135539727712
429.0, 0.0890160444912201
430.0, 0.09157094450254911
431.0, 0.08869476633266433
432.0, 0.07353036663246901
433.0, 0.05639579898271979
434.0, 0.037347349713568546
435.0, 0.016497273650198433
436.0, 0.014228180696795042
437.0, 0.010117137944080796
438.0, 0.006934726122030764
439.0, 0.008265831170100046
440.0, 0.008923150377369906
441.0, 0.0036305579769688387
442.0, 0.006497883401676391
443.0, 0.0027230157843937
444.0, 0.0007616451868556514
445.0, 0.0061150155214341395
446.0, 0.013651095866176254
447.0, 0.019875005225394756
448.0, 0.024232203608218476
449.0, 0.02780588463357067
450.0, 0.02439572476225827
451.0, 0.013469139940548398
452.0, 0.00950011145863856
453.0, 0.009759916976363513
454.0, 0.006544854285143275
455.0, 0.0026128186316333713
456.0, 0.00019185980882104265
457.0, 0.0021111862591741467
458.0, 0.0015392719134243835
459.0, 0.007098328441944977
460.0, 0.007238214947250419
461.0, 0.0028654421206023837
462.0, 0.0007682378426656328
463.0, 0.0024584245202649156
464.0, 0.007047368113810039
465.0, 0.007501760014297948
466.0, 0.0024123327628170076
467.0, 0.002878276923929072
468.0, 0.011217860753679303
469.0, 0.013003622279981872
470.0, 0.012137625071178286
471.0, 0.009971934813610948
472.0, 0.008729117666020457
473.0, 0.01105838106796017
474.0, 0.008513489780459958
475.0, 0.00982044132103433
476.0, 0.007156601478297117
477.0, 0.00401198746502412
478.0, 0.006882283336915033
479.0, 0.008831268827417565
480.0, 0.007728755673776878
481.0, 0.010672489098984926
482.0, 0.009485974140399374
483.0, 0.0052329215546180535
484.0, 0.009948265219308614
485.0, 0.008360485855317283
486.0, 0.008393581161004124
487.0, 0.006017944940109411
488.0, 0.0038185475312889
489.0, 0.0056818248437432856
490.0, 0.0035579305486861334
491.0, 0.0026115991477046897
492.0, 0.004452314931765471
493.0, 0.005285994046575894
494.0, 0.0029510899131686822
495.0, 0.0008471642613108029
496.0, 0.003291360416403098
497.0, 0.0022573401362822
498.0, 0.004003140168787826
499.0, 0.003471416424277981
500.0, 0.0016126565366054153
501.0, 0.002228836688556538
502.0, 0.008747216241120891
503.0, 0.005219608162010021
504.0, 0.0008709134873313048
505.0, 0.0018607033423442229
506.0, 0.005779568569194122
507.0, 0.004084759359993338
508.0, 0.003597481835716105
509.0, 0.0024242343248820335
510.0, 0.0022804592380217797
511.0, 0.0024446174489462587
512.0, 0.0008489713658651895
513.0, 0.00013204217616250995
514.0, 0.001314260535538779
515.0, 0.0018743252022969243
516.0, 0.003099522778297134
517.0, 0.007691790264250676
518.0, 0.0005431931730289891
519.0, 0.004174218916059163
520.0, 0.00428744708253064
521.0, 0.003319462588011139
522.0, 0.0035944766641688893
523.0, 0.0009025932502182972
524.0, 0.0033386946217703385
525.0, 0.010346246012534834
526.0, 0.006567152430462925
527.0, 0.0035330695659565267
528.0, 0.00786487129349919
529.0, 0.012849901022324304
530.0, 0.011944716677748855
531.0, 0.006554100948321079
532.0, 0.006950664044536606
533.0, 0.0066366924071008
534.0, 0.0028861187974185127
535.0, 0.006222658026218014
536.0, 0.013478055617944648
537.0, 0.013223426544888364
538.0, 0.010139966974698622
539.0, 0.011171890109657343
540.0, 0.013571879733948253
541.0, 0.009744498240164457
542.0, 0.015781685408138568
543.0, 0.014938856501093412
544.0, 0.011684190114319242
545.0, 0.01155886555746643
546.0, 0.012614764027185078
547.0, 0.00953741569948552
548.0, 0.01547179246328774
549.0, 0.016356567389307776
550.0, 0.014311345250424974
551.0, 0.01441092593786255
552.0, 0.015326362296756626
553.0, 0.011366551913060371
554.0, 0.010087248480578266
555.0, 0.00888326110730983
556.0, 0.007644779261776141
557.0, 0.00803911630900819
558.0, 0.010293733249546048
559.0, 0.011957031969288054
560.0, 0.009013188447154374
561.0, 0.010629791451188945
562.0, 0.013508688679365295
563.0, 0.012081891068131916
564.0, 0.006720933554682136
565.0, 0.004362987500614059
566.0, 5.365769888621506e-05
567.0, 0.004865268672115598
568.0, 0.011149430102079862
569.0, 0.013270851187388626
570.0, 0.015237966572693154
571.0, 0.01583488752100893
572.0, 0.021636704395731544
573.0, 0.02875663361494917
574.0, 0.04092682696320463
575.0, 0.055816467200312296
576.0, 0.06364472935129813
577.0, 0.06199433496647421
578.0, 0.05464221600138654
579.0, 0.04104741818091451
580.0, 0.025613129011806273
581.0, 0.014861619452538449
582.0, 0.012103898702029017
583.0, 0.00897943810074389
584.0, 0.007411811109001861
585.0, 0.0030775765337407303
586.0, 0.0018303568097623316
587.0, 0.0023085610984648615
588.0, 0.002312046308929426
589.0, 0.0027841906836262417
590.0, 0.0003586168025604849
591.0, 0.0017246365642789104
592.0, 0.00029626081928829087
593.0, 0.0014625360630190316
594.0, 0.00031863981079735483
595.0, 0.001278597293840408
596.0, 0.0017968371332363173
597.0, 0.0013529809515920648
598.0, 0.0004764092836705632
599.0, 0.0006802582301730831
600.0, 0.0009978212389234952
601.0, 0.0007815217158291247
602.0, 0.0003543768803770936
603.0, 0.0006705947980907882
604.0, 0.002614688978736681
605.0, 0.003833610969426008
606.0, 0.0025205746040889475
607.0, 0.0029220847873886705
608.0, 0.002988007044894251
609.0, 0.004695946258517995
610.0, 0.004709554981870103
611.0, 0.006181892577825915
612.0, 0.009057647383877267
613.0, 0.008221117886954404
614.0, 0.010702100490241609
615.0, 0.005641899295163961
616.0, 0.0061743135324121845
617.0, 0.009433242274099602
618.0, 0.00825022193653247
619.0, 0.005219226461437924
620.0, 0.007413913582774833
621.0, 0.005190287338179298
622.0, 0.008225252569330151
623.0, 0.008470873008433152
624.0, 0.005334113538060259
625.0, 0.004874204711410176
626.0, 0.0040858097484067595
627.0, 0.006040224038273665
628.0, 0.00654946245462721
629.0, 0.012073172975198459
630.0, 0.016390137543509584
631.0, 0.015587988517115283
632.0, 0.017997383532661237
633.0, 0.015759367686229972
634.0, 0.021534824182582627
635.0, 0.02414262054630499
636.0, 0.028453020638117135
637.0, 0.03756626529780555
638.0, 0.045514890419538954
639.0, 0.05298939440097887
640.0, 0.0646108300910445
641.0, 0.08582560720566969
642.0, 0.09745356974213137
643.0, 0.10223989685584944
644.0, 0.11330246744684341
645.0, 0.11589944368653911
646.0, 0.09751422141271976
647.0, 0.08478466315266776
648.0, 0.06932450177285439
649.0, 0.055234905670834784
650.0, 0.04819547509062771
651.0, 0.04266854767560272
652.0, 0.03925672126652729
653.0, 0.03551199453045777
654.0, 0.028406969737225046
655.0, 0.024183905517106363
656.0, 0.02356962372370184
657.0, 0.01993382159123835
658.0, 0.014436845180394177
659.0, 0.02249939923389871
660.0, 0.01511722020592314
661.0, 0.017011239062423064
662.0, 0.019880464615875348
663.0, 0.014943737338789075
664.0, 0.01722826514681755
665.0, 0.019672666648795783
666.0, 0.0167800765636307
667.0, 0.022268900508502828
668.0, 0.024285901204699787
669.0, 0.01888417537745239
670.0, 0.016821767010652956
671.0, 0.021170238838716347
672.0, 0.015590103837678733
673.0, 0.017983762830493834
674.0, 0.02156136447960688
675.0, 0.022574110790208567
676.0, 0.0239309345531073
677.0, 0.025998740771448793
678.0, 0.01916830832437865
679.0, 0.019605107451072194
680.0, 0.012747958240031273
681.0, 0.009722469688448544
682.0, 0.012232038004436016
683.0, 0.014520131692339951
684.0, 0.014787201272371405
685.0, 0.01506600572600034
686.0, 0.012086346218217425
687.0, 0.007493112450608711
688.0, 0.011195111492437754
689.0, 0.010219932023483693
690.0, 0.0020243394168343136
691.0, 0.004008887716802757
692.0, 0.00479014140037066
693.0, 0.008894624291019565
694.0, 0.013351453854141755
695.0, 0.015357532569207322
696.0, 0.013466915179222506
697.0, 0.011429969076973967
698.0, 0.013606337052672635
699.0, 0.009515897644537726
700.0, 0.006850942991180106
701.0, 0.008754205234226226
702.0, 0.00941090919733783
703.0, 0.01123395954007536
704.0, 0.017395464307856136
705.0, 0.02301854269532253
706.0, 0.02148343389073217
707.0, 0.01924984625761511
708.0, 0.020600573331795085
709.0, 0.018331098579845873
710.0, 0.016491776593615448
711.0, 0.017663216405064457
712.0, 0.010913136696604212
713.0, 0.00020280077114656842
714.0, 0.0043797581596987135
715.0, 0.0058692052807265485
716.0, 0.002963583534857805
717.0, 0.0010128882312243517
718.0, 0.0009398564899356171
719.0, 0.001176387343005722
720.0, 0.00415913798250287
721.0, 0.002525005553311678
722.0, 0.00796137029422418
723.0, 0.004191994356765084
724.0, 0.0005970597159168729
725.0, 0.002739996135311385
726.0, 0.0022037592200627953
727.0, 0.000802010784259037
728.0, 0.0007417211984333163
729.0, 0.0028052609497353402
730.0, 0.005811362572197205
731.0, 0.007522770973575663
732.0, 0.008494582789853924
733.0, 0.013049863000766462
734.0, 0.01609808844232573
735.0, 0.01421738503870499
736.0, 0.01582852923763903
737.0, 0.02204741298320337
738.0, 0.02664963623268427
739.0, 0.029720832032759263
740.0, 0.037573580097984276
741.0, 0.047878803317061486
742.0, 0.049646071562339925
743.0, 0.05931872725748078
744.0, 0.06897439315995896
745.0, 0.08317187625655824
746.0, 0.10033562147859014
747.0, 0.11333340234100056
748.0, 0.12271937979387589
749.0, 0.1230640212873625
750.0, 0.1262133352284088
751.0, 0.12394724562794286
752.0, 0.11355246658701557
753.0, 0.1023639647890167
754.0, 0.09327714299046214
755.0, 0.08239925171463994
756.0, 0.07071030966896413
757.0, 0.05115472768232718
758.0, 0.044690108159763424
759.0, 0.040924303599403446
760.0, 0.039426887081457355
761.0, 0.037952533588272164
762.0, 0.027837005834227532
763.0, 0.025782213846398835
764.0, 0.0227128581435765
765.0, 0.01741371912338155
766.0, 0.015225129572415057
767.0, 0.01194067546020585
768.0, 0.008840227656878462
769.0, 0.009690830663396667
770.0, 0.009394419329122362
771.0, 0.010232437294502907
772.0, 0.010811036351837543
773.0, 0.006577785886199647
774.0, 0.005684277627111708
775.0, 0.0070312769325671974
776.0, 0.005244467017244115
777.0, 0.0031549507022197365
778.0, 0.007820458084693291
779.0, 0.006086394200577219
780.0, 0.003582133611969536
781.0, 0.010044667417815088
782.0, 0.010834983497967125
783.0, 0.006064631193054153
784.0, 0.006660728411148356
785.0, 0.010622371295072234
786.0, 0.006764219805467517
787.0, 0.002014580496821251
788.0, 0.004303982533730797
789.0, 0.009398728431488295
790.0, 0.00905150545884115
791.0, 0.004424497769924981
792.0, 0.0016952277983614632
793.0, 0.00272838310613725
794.0, 0.008901818158206927
795.0, 0.0076766979403779185
796.0, 0.005063046805712165
797.0, 0.005724166167723235
798.0, 0.0050031294599022615
799.0, 0.00476287804782172
800.0, 0.010988491438453577
801.0, 0.012759070570883482
802.0, 0.01202746864304942
803.0, 0.013238827420994434
804.0, 0.009518569485078746
805.0, 0.010371565679478967
806.0, 0.01380894663390492
807.0, 0.012286390191809077
808.0, 0.00835571866893066
809.0, 0.015129031338857367
810.0, 0.012022274765995428
811.0, 0.01288634594758633
812.0, 0.011553479450160073
813.0, 0.013570098162809092
814.0, 0.010487659037019738
815.0, 0.007197519294908816
816.0, 0.012200567224688487
817.0, 0.011162240980834244
818.0, 0.007661799039708307
819.0, 0.00939155974292694
820.0, 0.008207462509290308
821.0, 0.007018116585717353
822.0, 0.00956528147409911
823.0, 0.01073250603937323
824.0, 0.008372967124872505
825.0, 0.009702488934449681
826.0, 0.005557710906579221
827.0, 0.008145250184911046
828.0, 0.005826019631943301
829.0, 0.006283209935756397
830.0, 0.006840611943226308
831.0, 0.0074316731996350235
832.0, 0.007526510546334603
833.0, 0.0022717407679312164
834.0, 0.002497724701705051
835.0, 0.009532072339593035
836.0, 0.004487795725283244
837.0, 0.005012758361735325
838.0, 0.006089941572239532
839.0, 0.0069789475209186234
840.0, 0.0073970895424155005
841.0, 0.002146928059431223
842.0, 0.002199635571764779
843.0, 0.007791656889892955
844.0, 0.007296064927856174
845.0, 0.003798142936961748
846.0, 0.0068311570324345134
847.0, 0.006321348197036317
848.0, 0.005636775273855402
849.0, 0.010987648686600892
850.0, 0.003073247130456687
851.0, 0.006235583647774035
852.0, 0.007194184421084404
853.0, 0.007492280711915006
854.0, 0.008131587426993443
855.0, 0.008411545208326593
856.0, 0.007496836120529368
857.0, 0.009196707945261916
858.0, 0.014492999678289292
859.0, 0.010302250161865235
860.0, 0.008593274841266117
861.0, 0.010615592169310522
862.0, 0.005852075950390066
863.0, 0.008391814458638383
864.0, 0.011974521127163792
865.0, 0.006880195655453415
866.0, 0.0027978869776326782
867.0, 0.007766202729837576
868.0, 0.006500003456140375
869.0, 0.006999379886002031
870.0, 0.01086943382361964
871.0, 0.004373325200635799
872.0, 0.003127424351256654
873.0, 0.007632116424618895
874.0, 0.006993917869008841
875.0, 0.005010250261744766
876.0, 0.005770605824137779
877.0, 0.004817150726433344
878.0, 0.0022385441798561056
879.0, 0.003392520261263763
880.0, 0.005545114431559856
881.0, 0.0054520128954145194
882.0, 0.005780276901174751
883.0, 0.003731602044573399
884.0, 0.0022116342612549388
885.0, 0.0009081609241512719
886.0, 0.0011091592867614357
887.0, 0.004068546869018724
888.0, 0.002138498986746582
889.0, 0.0013868130970602138
890.0, 0.0032865698178256453
891.0, 0.00719378946015858
892.0, 0.007904329721737326
893.0, 0.003286237661710939
894.0, 0.0033816168761156206
895.0, 0.004540816358851133
896.0, 0.0033041283801510295
897.0, 0.000664079690269437
898.0, 0.0004439255687705249
899.0, 0.0006972182760356844
900.0, 0.0012362770919203071
901.0, 0.0009205222256741359
902.0, 0.006036484942781136
903.0, 0.006095773203352567
904.0, 0.002352684901093971
905.0, 0.004376294076723658
906.0, 0.004478900132162071
907.0, 0.0025372750680666984
908.0, 0.006156403492924137
909.0, 0.006552022016543259
910.0, 0.002623475658324125
911.0, 0.00262842606670782
912.0, 0.005049510724185858
913.0, 0.0017913017246972327
914.0, 0.007126131842766213
915.0, 0.004881009663464827
916.0, 0.0012008922179716022
917.0, 0.0007363895550585781
918.0, 0.00234213031708281
919.0, 0.0026778866917787692
920.0, 0.0020545523902180604
921.0, 0.0030495212269507454
922.0, 0.0014204496254754874
923.0, 0.009774934177813329
924.0, 0.010157523515929415
925.0, 0.0037095804798519317
926.0, 0.0026055281169572553
927.0, 0.00348755472003985
928.0, 0.0032282873291026195
929.0, 0.0027051765715314104
930.0, 0.0026589139960913988
931.0, 0.0027268716456383857
932.0, 0.0020274803169647777
933.0, 0.0035665675837149237
934.0, 0.005879183360018458
935.0, 0.005695089956778577
936.0, 0.0032081648957809536
937.0, 0.00216015215463003
938.0, 0.0033931406887239704
939.0, 0.0027107574473602277
940.0, 0.0017473451084073792
941.0, 0.0066625894863640775
942.0, 0.004298419872551418
943.0, 0.003159555315477386
944.0, 0.002496868968504818
945.0, 0.007305134775737592
946.0, 0.009929719593812539
947.0, 0.007656578909164958
948.0, 0.004953057190294497
949.0, 0.004257681359189494
950.0, 0.008129184300771045
951.0, 0.007197489635357099
952.0, 0.005919961851632781
953.0, 0.009795887442471493
954.0, 0.009986292195387724
955.0, 0.005279130238112824
956.0, 0.009496493497170471
957.0, 0.007411094338952202
958.0, 0.00350220394999892
959.0, 0.00579735969277198
960.0, 0.004280613443134305
961.0, 0.005573522279852948
962.0, 0.008115361392188665
963.0, 0.0057016445904333945
964.0, 0.008945688935802363
965.0, 0.0016004520573566937
966.0, 0.004626727941390239
967.0, 0.011996642974213885
968.0, 0.01042343235035335
969.0, 0.006822551713700709
970.0, 0.007007374703653873
971.0, 0.0027101942776353357
972.0, 0.0021428853056930236
973.0, 0.0031843003475097655
974.0, 0.007197610024829719
975.0, 0.01024724788359216
976.0, 0.003006753833462192
977.0, 0.005439175240227413
978.0, 0.012631267278009556
979.0, 0.009792987920902257
980.0, 0.004894790138304591
981.0, 0.00602249325081616
982.0, 0.005005379443985812
983.0, 0.006700564246001397
984.0, 0.008220239182293296
985.0, 0.008497331491119255
986.0, 0.004339650480497497
987.0, 0.0035225378028522374
988.0, 0.0035901662628449378
989.0, 0.00526424111453967
990.0, 0.006555679288011439
991.0, 0.006877006588508766
992.0, 0.009101692623353266
993.0, 0.006694670847737509
994.0, 0.006418262885020538
995.0, 0.0026524605495959796
996.0, 0.006778416197663427
997.0, 0.011216005814891234
998.0, 0.004741614126701778
999.0, 0.007880881976100068
1000.0, 0.009727728534623668
1001.0, 0.009577642933000861
1002.0, 0.009490930813339822
1003.0, 0.005547730053391409
1004.0, 0.008726830358722718
1005.0, 0.006152230379491058
1006.0, 0.006048874332360515
1007.0, 0.00270091498494724
1008.0, 0.011299875801787007
1009.0, 0.010179079179307288
1010.0, 0.007018569336695727
1011.0, 0.009863352505210792
1012.0, 0.007463748362706612
1013.0, 0.002780638664236372
1014.0, 0.0052087470480014905
1015.0, 0.0026498083583015378
1016.0, 0.001978761557030856
1017.0, 0.0015225565594155497
1018.0, 0.0008507948546278747
1019.0, 0.007295335305542031
1020.0, 0.006338912579738602
1021.0, 0.006531960142590634
1022.0, 0.0037468852806206237
1023.0, 0.0017059077115916554
1024.0, 0.004626361888612303
1025.0, 0.008104470930555314
1026.0, 0.009074946256785517
1027.0, 0.007246263487537299
1028.0, 0.008493868387642683
1029.0, 0.007289259433589989
1030.0, 0.0013005233183997376
1031.0, 0.004513895248733104
1032.0, 0.004062430743810436
1033.0, 0.0025301832045731645
1034.0, 0.0025921024705002176
1035.0, 0.0033647740125961217
1036.0, 0.0028972155493791705
1037.0, 0.00013949976289933337
1038.0, 0.004918844914549197
1039.0, 0.004534657547794124
1040.0, 0.007182942693425821
1041.0, 0.02138324091501882
1042.0, 0.008534025062115331
1043.0, 0.003193302240688364
1044.0, 0.0042900238765014925
1045.0, 0.00516214390737765
1046.0, 0.00569770319426442
1047.0, 0.005612235245787485
1048.0, 0.004091381366953947
1049.0, 0.0031877245984738268
1050.0, 0.0053071251111689
1051.0, 0.00728815539934158
1052.0, 0.0026717644524187813
1053.0, 0.004312965686118882
1054.0, 0.0022470077150595034
1055.0, 0.001128075730543244
1056.0, 0.0039037085951107516
1057.0, 0.005585573856407491
1058.0, 0.00493404295636353
1059.0, 0.004361178715850959
1060.0, 0.005208077945830426
1061.0, 0.005617184174678609
1062.0, 0.005690387081193493
1063.0, 0.008326007265087755
1064.0, 0.00905210535244652
1065.0, 0.0005274293519035311
1066.0, 0.007969159171157906
1067.0, 0.007311785014157579
1068.0, 0.007008837800923524
1069.0, 0.001528857148635026
1070.0, 0.004460304519963033
1071.0, 0.009027252065833297
1072.0, 0.00861693588018515
1073.0, 0.0040433873394642335
1074.0, 0.0007564871860720663
1075.0, 0.005159037621488945
1076.0, 0.010605819789816064
1077.0, 0.007434256487493449
1078.0, 0.006362923966920661
1079.0, 0.0029008156136767194
1080.0, 0.0016952161636569804
1081.0, 0.0036854285355117466
1082.0, 0.010658171285301504
1083.0, 0.0068506471003164345
1084.0, 0.00620366421512436
1085.0, 0.00604168545167935
1086.0, 0.009596333369398817
1087.0, 0.009690626782404163
1088.0, 0.005847842845138795
1089.0, 0.005080367268976387
1090.0, 0.004138843673891642
1091.0, 0.008481298315467532
1092.0, 0.00314391676047322
1093.0, 0.0009843723859442569
1094.0, 0.0003497046820345229
1095.0, 0.0016071432180558589
1096.0, 0.006103379842628877
1097.0, 0.004398456511026006
1098.0, 0.006355498212740363
1099.0, 0.005334989931968458
1100.0, 0.0042163541504381796
1101.0, 0.00471859537012383
1102.0, 0.0052172908873018686
1103.0, 0.004348284304685166
1104.0, 0.0028077995376665395
1105.0, 0.008339879021197826
1106.0, 0.0027799050351578385
1107.0, 0.002382010951786996
1108.0, 0.011986335485301126
1109.0, 0.006275101801473528
1110.0, 0.0039303105221858885
1111.0, 0.00383418985220677
1112.0, 0.0031076004479686737
1113.0, 0.004110871890322459
1114.0, 0.0010903760735024167
1115.0, 0.0018940103393193174
1116.0, 0.002905586728034186
1117.0, 0.002040906859302667
1118.0, 0.004691376543083744
1119.0, 0.004124255379185274
1120.0, 0.002609196101971538
1121.0, 0.0015025510666490296
1122.0, 0.0015028973713576569
1123.0, 0.0051738025359409036
1124.0, 0.006373687632426167
1125.0, 0.002116216465324234
1126.0, 0.0023933445562358178
1127.0, 0.005588045066154665
1128.0, 0.004114358515666792
1129.0, 0.005437963868348839
1130.0, 0.006730053027824872
1131.0, 0.0071034260824850235
1132.0, 0.005541700668516657
1133.0, 0.0012007867144284395
1134.0, 0.002783780484624207
1135.0, 0.005069394427840474
1136.0, 0.004033837307029112
1137.0, 0.003055200596989603
1138.0, 0.0025486204837739846
1139.0, 0.004022736824100249
1140.0, 0.003512450340631355
1141.0, 0.0039052331083827877
1142.0, 0.004774476891836996
1143.0, 0.0035540807025575207
1144.0, 0.0011038600179019578
1145.0, 0.00398063657210439
1146.0, 0.0035821857091670093
1147.0, 0.001030355907889413
1148.0, 0.0017426558605861764
1149.0, 0.004801193667577631
1150.0, 0.008940619666940132
1151.0, 0.005640963388650044
1152.0, 0.004703694809635005
1153.0, 0.002632340407267886
1154.0, 0.0049109564813132126
1155.0, 0.007884887756915149
1156.0, 0.011805255307566759
1157.0, 0.007183182733020821
1158.0, 0.007259109680991695
1159.0, 0.007011382406944478
1160.0, 0.002454652604546622
1161.0, 0.009262772662894589
1162.0, 0.009873806073097707
1163.0, 0.0052702934189210035
1164.0, 0.004673923796194077
1165.0, 0.0033426323976232727
1166.0, 0.0037652723578370387
1167.0, 0.005886036545582381
1168.0, 0.006475759466264641
1169.0, 0.012139761103976505
1170.0, 0.00639481787188504
1171.0, 0.005539690968249468
1172.0, 0.005835516877343344
1173.0, 0.001631668560426337
1174.0, 0.0009672352742159418
1175.0, 0.001241693874516963
1176.0, 0.0029216411195301852
1177.0, 0.005248005074790968
1178.0, 0.006071302784183153
1179.0, 0.006232951142791541
1180.0, 0.007677690653919912
1181.0, 0.0054274132427354765
1182.0, 0.0046423723403168984
1183.0, 0.005784416408451267
1184.0, 0.004585780408517141
1185.0, 0.005744758800408984
1186.0, 0.004833064399503374
1187.0, 0.00026687066460354873
1188.0, 0.0008131525889788539
1189.0, 0.0003681013211703884
1190.0, 0.0020401058458517202
1191.0, 0.004394016340413651
1192.0, 0.004812192108927369
1193.0, 0.008672224093759742
1194.0, 0.003184637529455613
1195.0, 0.0062176509131819675
1196.0, 0.0041369176672710955
1197.0, 0.003194834676728546
1198.0, 0.00843677059262738
1199.0, 0.010109216269241076
1200.0, 0.006998961574652479
1201.0, 0.005413102126313631
1202.0, 0.0033374707087381293
1203.0, 0.001178603607727661
1204.0, 0.006295870943411385
1205.0, 0.011571829520679217
1206.0, 0.007734192404290436
1207.0, 0.006708449581298427
1208.0, 0.015161395259897277
1209.0, 0.010839658150430916
1210.0, 0.005684669076453576
1211.0, 0.007241059788825105
1212.0, 0.006223122039628174
1213.0, 0.004646246645126195
1214.0, 0.00796768982838826
1215.0, 0.00911775612094999
1216.0, 0.009029858328764205
1217.0, 0.00652283433509376
1218.0, 0.0036215663371996025
1219.0, 0.005522598690314262
1220.0, 0.007910400399403498
1221.0, 0.007901405809708347
1222.0, 0.006862722091915015
1223.0, 0.007859379672166827
1224.0, 0.009441471201960023
1225.0, 0.00687276788587346
1226.0, 0.0048037038378039975
1227.0, 0.0068921437504257
1228.0, 0.0033258159110160375
1229.0, 0.00438613690150802
1230.0, 0.008501022602761352
1231.0, 0.004068261355230209
1232.0, 0.0011106490289385087
1233.0, 0.0023319271388697028
1234.0, 0.0006248777977427453
1235.0, 0.0039923808201783005
1236.0, 0.007838221467985004
1237.0, 0.010546096999599524
1238.0, 0.00922553422052671
1239.0, 0.005117005781550183
1240.0, 0.006892847735393588
1241.0, 0.008178343269269736
1242.0, 0.007896270502243558
1243.0, 0.003978268552408212
1244.0, 0.00445516780047682
1245.0, 0.010178819266963016
1246.0, 0.009533427204401788
1247.0, 0.007126028484968702
1248.0, 0.00915506743703093
1249.0, 0.007849232893254156
1250.0, 0.006133059771997937
1251.0, 0.0061650708539156655
1252.0, 0.003870190744855274
1253.0, 0.003188566619054505
1254.0, 0.0028097086501511397
1255.0, 0.00763886484614148
1256.0, 0.00610286597934697
1257.0, 0.006120335129346162
1258.0, 0.007504466980235077
1259.0, 0.007163048303411698
1260.0, 0.004251447371829687
1261.0, 0.00554202349522209
1262.0, 0.006083906251936667
1263.0, 0.004152742926835392
1264.0, 0.0003703801790817555
1265.0, 0.0036353666548933675
1266.0, 0.004700953468818339
1267.0, 0.0033121861579639444
1268.0, 0.007366690836893929
1269.0, 0.006276717522483616
1270.0, 0.0018009179054937925
1271.0, 0.0022136159971151695
1272.0, 0.0039551773608695155
1273.0, 0.0035126548707921975
1274.0, 0.004433069866285424
1275.0, 0.0033675797006836143
1276.0, 0.0008813245346871729
1277.0, 0.0014415611995755083
1278.0, 0.00045466390072407774
1279.0, 0.003956443827800259
1280.0, 0.0018297450143894554
1281.0, 0.0015553811457497749
1282.0, 0.00376273277326772
1283.0, 0.00298087239234217
1284.0, 0.000744269340787653
1285, 0.0
1286, 0.0
1287, 0.0
1288, 0.0
1289, 0.0
1290, 0.0
1291, 0.0
1292, 0.0
1293, 0.0
1294, 0.0
1295, 0.0
1296, 0.0
1297, 0.0
1298, 0.0
1299, 0.0
1300, 0.0
1301, 0.0
1302, 0.0
1303, 0.0
1304, 0.0
1305, 0.0
1306, 0.0
1307, 0.0
1308, 0.0
1309, 0.0
1310, 0.0
1311, 0.0
1312, 0.0
1313, 0.0
1314, 0.0
1315, 0.0
1316, 0.0
1317, 0.0
1318, 0.0
1319, 0.0
1320, 0.0
1321, 0.0
1322, 0.0
1323, 0.0
1324, 0.0
1325, 0.0
1326, 0.0
1327, 0.0
1328, 0.0
1329, 0.0
1330, 0.0
1331, 0.0
1332, 0.0
1333, 0.0
1334, 0.0
1335, 0.0
1336, 0.0
1337, 0.0
1338, 0.0
1339, 0.0
1340, 0.0
1341, 0.0
1342, 0.0
1343, 0.0
1344, 0.0
1345, 0.0
1346, 0.0
1347, 0.0
1348, 0.0
1349, 0.0
1350, 0.0
1351, 0.0
1352, 0.0
1353, 0.0
1354, 0.0
1355, 0.0
1356, 0.0
1357, 0.0
1358, 0.0
1359, 0.0
1360, 0.0
1361, 0.0
1362, 0.0
1363, 0.0
1364, 0.0
1365, 0.0
1366, 0.0
1367, 0.0
1368, 0.0
1369, 0.0
1370, 0.0
1371, 0.0
1372, 0.0
1373, 0.0
1374, 0.0
1375, 0.0
1376, 0.0
1377, 0.0
1378, 0.0
1379, 0.0
1380, 0.0
1381, 0.0
1382, 0.0
1383, 0.0
1384, 0.0
1385, 0.0
1386, 0.0
1387, 0.0
1388, 0.0
1389, 0.0
1390, 0.0
1391, 0.0
1392, 0.0
1393, 0.0
1394, 0.0
1395, 0.0
1396, 0.0
1397, 0.0
1398, 0.0
1399, 0.0
1400, 0.0
1401, 0.0
1402, 0.0
1403, 0.0
1404, 0.0
1405, 0.0
1406, 0.0
1407, 0.0
1408, 0.0
1409, 0.0
1410, 0.0
1411, 0.0
1412, 0.0
1413, 0.0
1414, 0.0
1415, 0.0
1416, 0.0
1417, 0.0
1418, 0.0
1419, 0.0
1420, 0.0
1421, 0.0
1422, 0.0
1423, 0.0
1424, 0.0
1425, 0.0
1426, 0.0
1427, 0.0
1428, 0.0
1429, 0.0
1430, 0.0
1431, 0.0
1432, 0.0
1433, 0.0
1434, 0.0
1435, 0.0
1436, 0.0
1437, 0.0
1438, 0.0
1439, 0.0
1440, 0.0
1441, 0.0
1442, 0.0
1443, 0.0
1444, 0.0
1445, 0.0
1446, 0.0
1447, 0.0
1448, 0.0
1449, 0.0
1450, 0.0
1451, 0.0
1452, 0.0
1453, 0.0
1454, 0.0
1455, 0.0
1456, 0.0
1457, 0.0
1458, 0.0
1459, 0.0
1460, 0.0
1461, 0.0
1462, 0.0
1463, 0.0
1464, 0.0
1465, 0.0
1466, 0.0
1467, 0.0
1468, 0.0
1469, 0.0
1470, 0.0
1471, 0.0
1472, 0.0
1473, 0.0
1474, 0.0
1475, 0.0
1476, 0.0
1477, 0.0
1478, 0.0
1479, 0.0
1480, 0.0
1481, 0.0
1482, 0.0
1483, 0.0
1484, 0.0
1485, 0.0
1486, 0.0
1487, 0.0
1488, 0.0
1489, 0.0
1490, 0.0
1491, 0.0
1492, 0.0
1493, 0.0
1494, 0.0
1495, 0.0
1496, 0.0
1497, 0.0
1498, 0.0
1499, 0.0
1500, 0.0
1501, 0.0
1502, 0.0
1503, 0.0
1504, 0.0
1505, 0.0
1506, 0.0
1507, 0.0
1508, 0.0
1509, 0.0
1510, 0.0
1511, 0.0
1512, 0.0
1513, 0.0
1514, 0.0
1515, 0.0
1516, 0.0
1517, 0.0
1518, 0.0
1519, 0.0
1520, 0.0
1521, 0.0
1522, 0.0
1523, 0.0
1524, 0.0
1525, 0.0
1526, 0.0
1527, 0.0
1528, 0.0
1529, 0.0
1530, 0.0
1531, 0.0
1532, 0.0
1533, 0.0
1534, 0.0
1535, 0.0
1536, 0.0
1537, 0.0
1538, 0.0
1539, 0.0
1540, 0.0
1541, 0.0
1542, 0.0
1543, 0.0
1544, 0.0
1545, 0.0
1546, 0.0
1547, 0.0
1548, 0.0
1549, 0.0
1550, 0.0
1551, 0.0
1552, 0.0
1553, 0.0
1554, 0.0
1555, 0.0
1556, 0.0
1557, 0.0
1558, 0.0
1559, 0.0
1560, 0.0
1561, 0.0
1562, 0.0
1563, 0.0
1564, 0.0
1565, 0.0
1566, 0.0
1567, 0.0
1568, 0.0
1569, 0.0
1570, 0.0
1571, 0.0
1572, 0.0
1573, 0.0
1574, 0.0
1575, 0.0
1576, 0.0
1577, 0.0
1578, 0.0
1579, 0.0
1580, 0.0
1581, 0.0
1582, 0.0
1583, 0.0
1584, 0.0
1585, 0.0
1586, 0.0
1587, 0.0
1588, 0.0
1589, 0.0
1590, 0.0
1591, 0.0
1592, 0.0
1593, 0.0
1594, 0.0
1595, 0.0
1596, 0.0
1597, 0.0
1598, 0.0
1599, 0.0
