30, 0.0
31, 0.0
32, 0.0
33, 0.0
34, 0.0
35, 0.0
36, 0.0
37, 0.0
38, 0.0
39, 0.0
40, 0.0
41, 0.0
42, 0.0
43, 0.0
44, 0.0
45, 0.0
46, 0.0
47, 0.0
48, 0.0
49, 0.0
50, 0.0
51, 0.0
52, 0.0
53, 0.0
54, 0.0
55, 0.0
56, 0.0
57, 0.0
58, 0.0
59, 0.0
60, 0.0
61, 0.0
62, 0.0
63, 0.0
64, 0.0
65, 0.0
66, 0.0
67, 0.0
68, 0.0
69, 0.0
70, 0.0
71, 0.0
72, 0.0
73, 0.0
74, 0.0
75, 0.0
76, 0.0
77, 0.0
78, 0.0
79, 0.0
80, 0.0
81, 0.0
82, 0.0
83, 0.0
84, 0.0
85, 0.0
86, 0.0
87, 0.0
88, 0.0
89, 0.0
90, 0.0
91, 0.0
92, 0.0
93, 0.0
94, 0.0
95, 0.0
96, 0.0
97, 0.0
98, 0.0
99, 0.0
100, 0.0
101, 0.0
102, 0.0
103, 0.0
104, 0.0
105, 0.0
106, 0.0
107, 0.0
108, 0.0
109, 0.0
110, 0.0
111, 0.0
112, 0.0
113, 0.0
114, 0.0
115, 0.0
116, 0.0
117, 0.0
118, 0.0
119, 0.0
120, 0.0
121, 0.0
122, 0.0
123, 0.0
124, 0.0
125, 0.0
126, 0.0
127, 0.0
128, 0.0
129, 0.0
130, 0.0
131, 0.0
132, 0.0
133, 0.0
134, 0.0
135, 0.0
136, 0.0
137, 0.0
138, 0.0
139, 0.0
140, 0.0
141, 0.0
142, 0.0
143, 0.0
144, 0.0
145, 0.0
146, 0.0
147, 0.0
148, 0.0
149, 0.0
150, 0.0
151, 0.0
152, 0.0
153, 0.0
154, 0.0
155, 0.0
156, 0.0
157, 0.0
158, 0.0
159.0, 0.0026180317775210387
160.0, 0.0009165707643155178
161.0, 0.005261498788115146
162.0, 0.012011482829783595
163.0, 0.020412346050347252
164.0, 0.03246145773405755
165.0, 0.045063121250300535
166.0, 0.06353992147008031
167.0, 0.08060975054790151
168.0, 0.09389605422911174
169.0, 0.10837948483946049
170.0, 0.12092503307812338
171.0, 0.12827579386065271
172.0, 0.1289199415345932
173.0, 0.1221718012828268
174.0, 0.10772365974682857
175.0, 0.09298520078756523
176.0, 0.07982898700261326
177.0, 0.06683604872882182
178.0, 0.05325579533450757
179.0, 0.050798681571931584
180.0, 0.048822144852170846
181.0, 0.04512757386207469
182.0, 0.04918302507679439
183.0, 0.05701286980402761
184.0, 0.06282924258790865
185.0, 0.06818293898267219
186.0, 0.07638648698752494
187.0, 0.08394697402363173
188.0, 0.08591939747493582
189.0, 0.08394887456480726
190.0, 0.08168816794162866
191.0, 0.08082794310100086
192.0, 0.07745908266799167
193.0, 0.07223776834596832
194.0, 0.06583103044193714
195.0, 0.060737310551396084
196.0, 0.05429167480042372
197.0, 0.05053963949418643
198.0, 0.04794185747197301
199.0, 0.04463192386259217
200.0, 0.047041540011297824
201.0, 0.051586182061167614
202.0, 0.059352225111189615
203.0, 0.06732072778569745
204.0, 0.06749136917903924
205.0, 0.0728472329853131
206.0, 0.08078984909575902
207.0, 0.08721533400277454
208.0, 0.09017246764052123
209.0, 0.09216758643854918
210.0, 0.09607818145691038
211.0, 0.09765627673186235
212.0, 0.09484801983449816
213.0, 0.09107933509420554
214.0, 0.08691238770045163
215.0, 0.07908630578902684
216.0, 0.06539706400037312
217.0, 0.046084770625795746
218.0, 0.03368278008036986
219.0, 0.022110261076614592
220.0, 0.011105690641598255
221.0, 0.0025669108523791702
222.0, 0.002614913129620645
223.0, 0.006988672040361848
224.0, 0.008455462109952657
225.0, 0.008092176150248515
226.0, 0.008877652244104826
227.0, 0.009680453529481896
228.0, 0.007001507926049787
229.0, 0.0031747480186225174
230.0, 0.001102333566735723
231.0, 0.007442106775090457
232.0, 0.013915355501474734
233.0, 0.020948343253666096
234.0, 0.028478150186076422
235.0, 0.03470275813356766
236.0, 0.03886896510686581
237.0, 0.044094286921236625
238.0, 0.047345984123933024
239.0, 0.04747691585630742
240.0, 0.050090100129459754
241.0, 0.05346236181398117
242.0, 0.057843932419009196
243.0, 0.06257247158699411
244.0, 0.06594724961225547
245.0, 0.06520955061239876
246.0, 0.0661040789355735
247.0, 0.06821166562376434
248.0, 0.07059615359434596
249.0, 0.07486671820964316
250.0, 0.08022335073975277
251.0, 0.08156936892491433
252.0, 0.07967478857539548
253.0, 0.07807160824378731
254.0, 0.07719053689720133
255.0, 0.07666990189623976
256.0, 0.07408722816991069
257.0, 0.07003160767945611
258.0, 0.06969022359469958
259.0, 0.06562716259061202
260.0, 0.0646566521513394
261.0, 0.06666535103148236
262.0, 0.06771814099132319
263.0, 0.06842731739652357
264.0, 0.07061931967181703
265.0, 0.07392833612496254
266.0, 0.07722087781086856
267.0, 0.07942560732762566
268.0, 0.08245496894837227
269.0, 0.08533567730033202
270.0, 0.08650586177351706
271.0, 0.08642196644997584
272.0, 0.08999054819622812
273.0, 0.0935680486595624
274.0, 0.09489144655449618
275.0, 0.09560121262081021
276.0, 0.09873500306854564
277.0, 0.10179345440720061
278.0, 0.10513219087759657
279.0, 0.10560769451151583
280.0, 0.10320942266969288
281.0, 0.10394155978429337
282.0, 0.10768727466265021
283.0, 0.10689889160883681
284.0, 0.10333647992680015
285.0, 0.1019878271028547
286.0, 0.10087149891213747
287.0, 0.0968250056341952
288.0, 0.093042769753763
289.0, 0.09024320224509601
290.0, 0.08604224373337314
291.0, 0.08322730512810007
292.0, 0.07937747562019536
293.0, 0.07593744448978762
294.0, 0.07386535105607815
295.0, 0.07139309148737834
296.0, 0.07256645490251301
297.0, 0.07357391609765979
298.0, 0.07220231668110366
299.0, 0.07008879877495283
300.0, 0.07220554024375057
301.0, 0.07282726751057349
302.0, 0.07473626962498331
303.0, 0.07887690345415138
304.0, 0.08303179161341151
305.0, 0.08762996944804963
306.0, 0.08803132897048778
307.0, 0.08624327492286683
308.0, 0.0843270487973791
309.0, 0.08146979963264799
310.0, 0.07542400148194184
311.0, 0.07058473663135073
312.0, 0.06494863188756002
313.0, 0.057287626490073844
314.0, 0.05399061877669263
315.0, 0.04792326400542096
316.0, 0.04087158043363579
317.0, 0.03556713347656099
318.0, 0.032137690350327514
319.0, 0.026164283358097444
320.0, 0.018832840501775607
321.0, 0.014498046199470756
322.0, 0.0121777414434617
323.0, 0.006577103290417892
324.0, 0.0027954330199250798
325.0, 0.001382788213478907
326.0, 0.0005263434510079938
327.0, 0.0017973232779895302
328.0, 0.003932033397607622
329.0, 0.0034862639311140594
330.0, 0.0034550442927701206
331.0, 0.002399863987179211
332.0, 0.0007324899111379816
333.0, 0.0002849040267612529
334.0, 0.0003006162858267047
335.0, 0.0009327747370457222
336.0, 0.0018655462227520293
337.0, 0.004315027523133235
338.0, 0.006007733092150904
339.0, 0.010060048174837051
340.0, 0.01428208466934488
341.0, 0.017894602124452565
342.0, 0.02237771832598041
343.0, 0.0265445261391901
344.0, 0.029190752672978965
345.0, 0.032938166142592554
346.0, 0.036775549889255646
347.0, 0.03565867867373301
348.0, 0.03708227184362224
349.0, 0.03450340300905319
350.0, 0.03133934522101396
351.0, 0.030447718414614227
352.0, 0.027628397165349667
353.0, 0.025742827401648363
354.0, 0.024836897569246175
355.0, 0.024915533904211577
356.0, 0.025196718602779118
357.0, 0.02360780490641534
358.0, 0.024139696810299288
359.0, 0.02396310748206687
360.0, 0.02294027576121886
361.0, 0.022780671016507194
362.0, 0.024328734558248254
363.0, 0.02365387215186752
364.0, 0.025546552873251065
365.0, 0.029140424328357412
366.0, 0.030364693027481147
367.0, 0.03026433484927658
368.0, 0.03262320485373249
369.0, 0.034680104877444634
370.0, 0.03465659465170926
371.0, 0.033937443839262414
372.0, 0.0380257385757762
373.0, 0.03874333130866361
374.0, 0.039041715710647434
375.0, 0.039783969287535824
376.0, 0.03782016708758891
377.0, 0.03623162450062046
378.0, 0.03382535642564399
379.0, 0.030884364264476653
380.0, 0.028695599984833443
381.0, 0.027552771035779577
382.0, 0.02261963614285646
383.0, 0.017873406251810223
384.0, 0.014300783304138524
385.0, 0.010967442614092517
386.0, 0.00733047868954426
387.0, 0.0037665628278495144
388.0, 0.0019796358228990982
389.0, 0.0003913743595450887
390.0, 0.0024213267486693658
391.0, 0.000138848972544926
392.0, 0.0017775981261152572
393.0, 0.003692029460148222
394.0, 0.003972114284375031
395.0, 0.0029658991716942514
396.0, 0.0014608498631703878
397.0, 0.002587972618466305
398.0, 0.003898455872737303
399.0, 0.001487203821337736
400.0, 0.0035011157895600475
401.0, 0.0036978740023607356
402.0, 0.0042471691176324475
403.0, 0.00629536041654005
404.0, 0.007629453723782624
405.0, 0.008042257083291919
406.0, 0.012153418503634994
407.0, 0.014744443828593662
408.0, 0.01651008123299136
409.0, 0.019882788847746944
410.0, 0.02434500809542135
411.0, 0.026315178511413816
412.0, 0.028241023012319327
413.0, 0.030072508564124033
414.0, 0.032633657469833426
415.0, 0.03522120466036997
416.0, 0.03522099432831732
417.0, 0.03715877184655662
418.0, 0.037462986961921414
419.0, 0.03811684369023818
420.0, 0.04006761079001643
421.0, 0.04047467606456971
422.0, 0.039167146271239885
423.0, 0.038714151575433335
424.0, 0.0386633300644009
425.0, 0.03803853248740264
426.0, 0.03661759701112759
427.0, 0.034314373389745245
428.0, 0.031606673810289344
429.0, 0.03025437113015148
430.0, 0.03016599080828653
431.0, 0.02920849733863859
432.0, 0.027299287302945868
433.0, 0.02518215371874761
434.0, 0.024159985765189178
435.0, 0.024228519293983605
436.0, 0.024136987061701826
437.0, 0.023517193582505345
438.0, 0.022749928047081716
439.0, 0.0228787106474469
440.0, 0.02310863869762568
441.0, 0.02190255885287803
442.0, 0.019283783588730532
443.0, 0.019528476623623604
444.0, 0.019196978140729862
445.0, 0.017665524764966613
446.0, 0.015969092867420032
447.0, 0.011779841201239127
448.0, 0.01016200209347844
449.0, 0.00789565713084134
450.0, 0.005700535665309158
451.0, 0.005556166035708643
452.0, 0.004490956768280248
453.0, 0.0031263323590447166
454.0, 0.002914843165287854
455.0, 0.003113734441571258
456.0, 0.002688420939643655
457.0, 0.002111116273402522
458.0, 0.003456181396095027
459.0, 0.0042759422124465755
460.0, 0.005334558705045834
461.0, 0.007567986687036549
462.0, 0.009910396086068734
463.0, 0.010963521448846578
464.0, 0.012711155952937231
465.0, 0.013580752111592822
466.0, 0.014132974875558361
467.0, 0.016807027021565824
468.0, 0.018521638426390794
469.0, 0.01882420786736778
470.0, 0.019312520540271997
471.0, 0.022012329489828446
472.0, 0.027396187936603176
473.0, 0.030321856037341534
474.0, 0.03373475953637257
475.0, 0.03803514553868882
476.0, 0.043223559185947225
477.0, 0.04902239663290039
478.0, 0.055137684410922656
479.0, 0.06442589926981818
480.0, 0.06968221909401973
481.0, 0.07424705579221141
482.0, 0.08209909525003366
483.0, 0.09092485342236088
484.0, 0.09760549757865232
485.0, 0.10500475673224258
486.0, 0.1119558544626172
487.0, 0.11580191366115912
488.0, 0.11545882748573663
489.0, 0.11869674104253757
490.0, 0.11643715159590091
491.0, 0.10836340825867705
492.0, 0.0990260770870119
493.0, 0.09112204298097602
494.0, 0.08114118698811003
495.0, 0.0728673645299448
496.0, 0.06581744868731018
497.0, 0.05981756721897282
498.0, 0.054400454603248674
499.0, 0.048496370720923096
500.0, 0.047029187208805376
501.0, 0.045885896362449906
502.0, 0.044540405370541804
503.0, 0.04414826684640894
504.0, 0.045601885377558174
505.0, 0.04897952862600579
506.0, 0.04850140701241709
507.0, 0.050033481679770536
508.0, 0.05265194065504291
509.0, 0.05289794435069485
510.0, 0.056873994247767026
511.0, 0.05887618476473489
512.0, 0.058678176318626686
513.0, 0.058011628238424574
514.0, 0.05837721894858609
515.0, 0.059677884450820125
516.0, 0.059770257579914166
517.0, 0.059833467495560795
518.0, 0.058286806506208357
519.0, 0.05665154527021981
520.0, 0.05623421346930667
521.0, 0.04860585482435894
522.0, 0.04321049309593826
523.0, 0.03823859053225543
524.0, 0.032950542431438225
525.0, 0.02742624904581504
526.0, 0.02079921893709763
527.0, 0.014854908661352336
528.0, 0.01035786186183124
529.0, 0.006444383696555815
530.0, 0.0038090218312650153
531.0, 0.003200699425471301
532.0, 0.0008314154280644693
533.0, 0.0014149060117146226
534.0, 0.0028290828761918206
535.0, 0.0029708910052905677
536.0, 0.002266959837231252
537.0, 0.002679778661275538
538.0, 0.002698508071338431
539.0, 0.0038677394952707483
540.0, 0.003072202108272219
541.0, 0.0007043644112974504
542.0, 0.0005573215211223427
543.0, 0.00034363043274034675
544.0, 0.0012255634094314356
545.0, 0.0022324299911772125
546.0, 0.004606681019910071
547.0, 0.008341322650709235
548.0, 0.011463357744213384
549.0, 0.013503385813059144
550.0, 0.016236879432014014
551.0, 0.018978774107758962
552.0, 0.02239175191609463
553.0, 0.02756822705972627
554.0, 0.031160034205843082
555.0, 0.03561818241293693
556.0, 0.040906618212508426
557.0, 0.04714094236251147
558.0, 0.054540801289165004
559.0, 0.06255282428715085
560.0, 0.07008560692035165
561.0, 0.07589011854706577
562.0, 0.0842947457530264
563.0, 0.09407119749731407
564.0, 0.10107894051175695
565.0, 0.10672478915706705
566.0, 0.11300261397659711
567.0, 0.11997446242013865
568.0, 0.125413019839842
569.0, 0.12940133374327054
570.0, 0.13428562693816062
571.0, 0.13689278112568515
572.0, 0.13507541664454709
573.0, 0.13167627084795658
574.0, 0.12630392715164518
575.0, 0.11852433617851753
576.0, 0.11131434536897439
577.0, 0.10350144399766491
578.0, 0.09341042481128285
579.0, 0.08417854795109268
580.0, 0.0766438427833126
581.0, 0.06911850015988054
582.0, 0.062155006544202945
583.0, 0.054619691908389376
584.0, 0.04914729670026878
585.0, 0.04448844051525948
586.0, 0.03922157419354137
587.0, 0.03462745151573365
588.0, 0.03344376213574396
589.0, 0.030119588251125352
590.0, 0.026548987567824398
591.0, 0.02329584703816674
592.0, 0.020217715255791597
593.0, 0.018084277088050976
594.0, 0.016638014451178625
595.0, 0.014013246271455983
596.0, 0.01294833400214238
597.0, 0.01164303357127833
598.0, 0.008100812472369413
599.0, 0.0070852433032955985
600.0, 0.006044349419842329
601.0, 0.0036886696650677638
602.0, 0.004030048114611369
603.0, 0.0055687750116576425
604.0, 0.0040313537500643966
605.0, 0.0037311541024748793
606.0, 0.002893716568418106
607.0, 0.0029536570186435717
608.0, 0.00257093389686659
609.0, 0.0022849447016626847
610.0, 0.0040831387198054184
611.0, 0.005860935821487904
612.0, 0.005173478999966875
613.0, 0.004234949272496978
614.0, 0.00473535735916974
615.0, 0.0060662027393171385
616.0, 0.00518780048806963
617.0, 0.004711751218823041
618.0, 0.00742282835084193
619.0, 0.00913207467947276
620.0, 0.008751914831531394
621.0, 0.007866925014904694
622.0, 0.00690092456814144
623.0, 0.0073835342494002155
624.0, 0.007159903037610895
625.0, 0.008072155338871081
626.0, 0.008948209999858178
627.0, 0.008034383978583364
628.0, 0.007449584088547134
629.0, 0.00920552652732832
630.0, 0.010011943070870385
631.0, 0.00947792058933166
632.0, 0.009258767575756931
633.0, 0.009927817116022598
634.0, 0.009365135214329773
635.0, 0.008860821011975962
636.0, 0.010769254432618154
637.0, 0.011678347977749318
638.0, 0.011915317295457967
639.0, 0.012499222360974676
640.0, 0.00927058490999944
641.0, 0.008579872947009556
642.0, 0.009886612236551278
643.0, 0.01087717736678564
644.0, 0.010953474874158728
645.0, 0.01028660233631968
646.0, 0.008046454975551403
647.0, 0.006114939311213369
648.0, 0.006533788767413624
649.0, 0.00654165813238292
650.0, 0.006037939865855502
651.0, 0.006380622350100065
652.0, 0.005313747049643347
653.0, 0.005210002836306277
654.0, 0.00436229086412852
655.0, 0.0033197215946640284
656.0, 0.002310703101264673
657.0, 0.0014354106065763068
658.0, 0.002244041603548228
659.0, 0.0001617562863817554
660.0, 0.00024385644503346595
661.0, 0.00016563333889378905
662.0, 0.0007510330977127038
663.0, 0.0007046495909283035
664.0, 0.0011629958505846123
665.0, 0.00021041715560004404
666.0, 0.0015343051759106293
667.0, 0.0028615939774420335
668.0, 0.0029776014676533586
669.0, 0.0029651460316914313
670.0, 0.0023135222451142476
671.0, 0.00033069504921225205
672.0, 0.0021293250223646067
673.0, 0.0025048061493514787
674.0, 0.0008492192416665497
675.0, 0.0009546776322255318
676.0, 0.0017045141794632018
677.0, 0.0010830329756015646
678.0, 0.002206280902416624
679.0, 0.0020793923520392847
680.0, 0.0012774494712840664
681.0, 0.0014337003899708202
682.0, 0.004068090676215939
683.0, 0.0053879615925486735
684.0, 0.004387473438475105
685.0, 0.006094398943886503
686.0, 0.00778320658450845
687.0, 0.009140708212083997
688.0, 0.01261879186710261
689.0, 0.012130912016852425
690.0, 0.016923218246902544
691.0, 0.018223508838664613
692.0, 0.020268377303937886
693.0, 0.02398002292106968
694.0, 0.025609799521962722
695.0, 0.02933730337756026
696.0, 0.035649632513714
697.0, 0.03841689180259867
698.0, 0.04193391430469384
699.0, 0.04779730933707754
700.0, 0.05455040086945234
701.0, 0.061357319798645824
702.0, 0.06704833064767597
703.0, 0.07266235611300918
704.0, 0.07766577268994482
705.0, 0.07816201778558503
706.0, 0.07330362946501416
707.0, 0.06661549402874758
708.0, 0.05664010648270074
709.0, 0.04638968981521797
710.0, 0.038814078582879594
711.0, 0.03338105043679213
712.0, 0.02921468562633593
713.0, 0.02590506874029578
714.0, 0.022318888949065818
715.0, 0.02188536830908097
716.0, 0.02193848703374152
717.0, 0.021999585257081226
718.0, 0.022470553837912112
719.0, 0.023958459406948903
720.0, 0.026009437517948274
721.0, 0.02477812196884805
722.0, 0.026210607977380156
723.0, 0.028925273905620958
724.0, 0.03044847168818403
725.0, 0.03218217449438443
726.0, 0.03665983869421576
727.0, 0.03911055047050721
728.0, 0.04357516705678531
729.0, 0.04660855545069848
730.0, 0.0510303131712533
731.0, 0.05520662709925342
732.0, 0.05680907900628299
733.0, 0.06100397482199669
734.0, 0.06582326464230899
735.0, 0.07216554885279486
736.0, 0.0801426170060237
737.0, 0.08802014231514015
738.0, 0.09606729931418083
739.0, 0.1065554130715093
740.0, 0.1179833468901411
741.0, 0.12759219219548412
742.0, 0.1331730626825479
743.0, 0.1285841205514656
744.0, 0.11473610571181249
745.0, 0.09757002769759278
746.0, 0.07916771849235936
747.0, 0.06418593985428202
748.0, 0.05240740360754373
749.0, 0.04113104364048762
750.0, 0.03463726352240007
751.0, 0.030956317629546842
752.0, 0.024589461674905496
753.0, 0.025645649273720223
754.0, 0.02638504612682315
755.0, 0.027084673908923194
756.0, 0.02847212738680876
757.0, 0.029845584588356764
758.0, 0.0319925256407794
759.0, 0.03641184306828057
760.0, 0.03653687424697014
761.0, 0.039520723235022995
762.0, 0.04568506321706304
763.0, 0.05126232003192374
764.0, 0.05602551043246938
765.0, 0.06225675226550807
766.0, 0.07071227588763652
767.0, 0.07709894040468357
768.0, 0.08368389660712186
769.0, 0.08679080984920905
770.0, 0.0850173143459251
771.0, 0.07878656700170422
772.0, 0.06980333982293857
773.0, 0.062275549636975555
774.0, 0.05584382516164811
775.0, 0.04972484003744808
776.0, 0.04588508819423681
777.0, 0.043175134576092254
778.0, 0.04016903426976546
779.0, 0.03797511906907774
780.0, 0.03752617421795753
781.0, 0.035453908321760805
782.0, 0.03194860873110831
783.0, 0.029605126427472216
784.0, 0.027374995872032862
785.0, 0.024836756299311542
786.0, 0.02531949968112417
787.0, 0.025707630781057846
788.0, 0.023301412930433668
789.0, 0.023259830379091465
790.0, 0.02344562003942308
791.0, 0.021378072248652052
792.0, 0.018460731455356715
793.0, 0.017765268823271587
794.0, 0.016111334793380904
795.0, 0.0180530334508878
796.0, 0.01748346785683502
797.0, 0.016049152323936146
798.0, 0.015140386737310404
799.0, 0.013272635234457791
800.0, 0.011532826383694551
801.0, 0.010588820589301618
802.0, 0.010705695776045585
803.0, 0.012649247033903327
804.0, 0.011376510579969088
805.0, 0.0084893705983524
806.0, 0.008647935673097726
807.0, 0.008104582792380804
808.0, 0.006796854229549288
809.0, 0.0063866718211280545
810.0, 0.005173529636371834
811.0, 0.0048812813427141005
812.0, 0.005107483800062083
813.0, 0.0035124760689092347
814.0, 0.0019329359613323284
815.0, 0.002460702507335855
816.0, 0.0009374248024527736
817.0, 0.0007985501535590517
818.0, 0.0002852541099072626
819.0, 0.0006728013749231256
820.0, 0.00014610840463345686
821.0, 0.00041856491806597265
822.0, 0.00035638756994240306
823.0, 0.0005300946198129842
824.0, 0.00034423520889342055
825.0, 3.759199420108356e-05
826.0, 0.00013330506037568079
827.0, 0.0001934975077541875
828.0, 0.00018697129439536282
829.0, 0.00021941606985148603
830.0, 2.5781955919262576e-05
831.0, 0.00028370619465096787
832.0, 0.0008457805371455239
833.0, 0.0011594827134150814
834.0, 0.001023804315213571
835.0, 0.0006110433701349681
836.0, 0.0007105051258594456
837.0, 0.002262179379999727
838.0, 0.002366884110763861
839.0, 0.0022336054239104806
840.0, 0.002212489524348255
841.0, 0.0027870476355050366
842.0, 0.004810535756871601
843.0, 0.0037205974541534756
844.0, 0.0020955456009962487
845.0, 0.0012715901708590716
846.0, 0.0002272673750650146
847.0, 0.0006665574554320338
848.0, 0.0005339891518880008
849.0, 0.0004511886117400232
850.0, 0.00015538281578472167
851.0, 0.0006235806904017457
852.0, 0.0017743603056693351
853.0, 0.0014046061064056769
854.0, 0.00033753309225644944
855.0, 0.0005037698025799977
856.0, 0.0009973298879931958
857.0, 0.0002514992870934703
858.0, 0.0003530490862763407
859.0, 0.0003146361233001708
860.0, 0.0010115094140657032
861.0, 0.00021708727803163366
862.0, 0.0017249484832281155
863.0, 0.0025533979740091145
864.0, 0.0018870307120951843
865.0, 0.0001478416888134744
866.0, 0.00030161000693984676
867.0, 0.000635495080853152
868.0, 0.0008848932793643652
869.0, 0.00021500398591016212
870.0, 8.888438638584262e-05
871.0, 0.0008016314665524198
872.0, 0.001644607546256117
873.0, 0.0023952989389372397
874.0, 0.002591928956049985
875.0, 0.0023418689432283
876.0, 0.002312865610410971
877.0, 0.0030582362979256934
878.0, 0.00351007328645516
879.0, 0.0024974055785967255
880.0, 0.0038254391273742487
881.0, 0.005247946449991651
882.0, 0.004821574019740985
883.0, 0.003960229909895826
884.0, 0.004089255387156956
885.0, 0.004697911978470706
886.0, 0.004727828729546678
887.0, 0.004435847740813425
888.0, 0.0028084420023118777
889.0, 0.005205818757941254
890.0, 0.0052880998245886605
891.0, 0.003830996942578981
892.0, 0.0038041220986812546
893.0, 0.004370558949061267
894.0, 0.0034112277067564144
895.0, 0.003640349832344046
896.0, 0.0042287171598451604
897.0, 0.004213994489268343
898.0, 0.004049367040061377
899.0, 0.00347524111389895
900.0, 0.002945615914806279
901.0, 0.003790927441172348
902.0, 0.006036013688546898
903.0, 0.0047674816479207575
904.0, 0.005626231681555494
905.0, 0.005071140096335701
906.0, 0.0036602870921609207
907.0, 0.003599242448028132
908.0, 0.004640678893166417
909.0, 0.0053478266423128105
910.0, 0.005486729547181709
911.0, 0.004748927623565144
912.0, 0.005824239335384316
913.0, 0.005105828897502901
914.0, 0.005902141663413735
915.0, 0.005939957929947724
916.0, 0.005041262483349781
917.0, 0.005498337175465967
918.0, 0.004648738358045279
919.0, 0.005579485109074137
920.0, 0.0059517156046429
921.0, 0.004680233502956385
922.0, 0.0058936659903755725
923.0, 0.006594427865825543
924.0, 0.005538373877630307
925.0, 0.005388433481750956
926.0, 0.0038768095626172568
927.0, 0.006129550936599387
928.0, 0.0047774735788740355
929.0, 0.0040689178391335
930.0, 0.0048253885221973885
931.0, 0.004621786799406029
932.0, 0.0037269790439774875
933.0, 0.004484619460603064
934.0, 0.004966833823085357
935.0, 0.002971499509984397
936.0, 0.001463214155920133
937.0, 0.002631685446955065
938.0, 0.003736423116885306
939.0, 0.0028162331763998075
940.0, 0.0020428733508226103
941.0, 0.0032047212972387985
942.0, 0.003188566342553738
943.0, 0.0018651436003973318
944.0, 0.0018683105560516897
945.0, 0.0019875457328080146
946.0, 0.0005671144673536317
947.0, 0.0006107124464265651
948.0, 0.0014751410732507457
949.0, 0.00021231312230208615
950.0, 0.0001663122668029333
951.0, 0.0014153560480235341
952.0, 0.0004899614193336404
953.0, 0.0013045928730833723
954.0, 0.0008839657241140446
955.0, 0.00010474343551897114
956.0, 0.00028254129640268633
957.0, 0.00045703634841296115
958.0, 0.0002762723592522366
959.0, 0.000585920913893386
960.0, 0.0021265575680073073
961.0, 0.0009497756990606799
962.0, 3.1654161794765125e-05
963.0, 0.0011297330856633266
964.0, 0.0018753087833040577
965.0, 0.0014622755031341273
966.0, 0.0011663322117772062
967.0, 8.017760754283352e-05
968.0, 0.0018242601200272061
969.0, 0.00018241218754675584
970.0, 0.0005188681816391659
971.0, 0.00045815186712221817
972.0, 0.0005928833936043579
973.0, 0.0009435063257706357
974.0, 0.00018734516206219136
975.0, 0.0002627978693548385
976.0, 0.0016803474434639034
977.0, 0.0006823044672625356
978.0, 0.0017113325520514483
979.0, 0.0011295175532644234
980.0, 0.0018003746827298089
981.0, 0.002555147423892513
982.0, 0.0014832612908713132
983.0, 0.0010475457533286544
984.0, 0.0016043381894006758
985.0, 0.00296532615629669
986.0, 0.002351178429951692
987.0, 0.002543365675203329
988.0, 0.0039544041019314875
989.0, 0.005346150735081604
990.0, 0.0059253807208773535
991.0, 0.005759073321317597
992.0, 0.005983304949460327
993.0, 0.00880088858898831
994.0, 0.00872633189736127
995.0, 0.009648724297016655
996.0, 0.010400261324747547
997.0, 0.01045004017790812
998.0, 0.010444545270315474
999.0, 0.01097906975216814
1000.0, 0.011465281560102479
1001.0, 0.010976135525648969
1002.0, 0.010704290197674222
1003.0, 0.013118422785404859
1004.0, 0.013960483599276312
1005.0, 0.013576133383921834
1006.0, 0.01153399245263226
1007.0, 0.011806643033984257
1008.0, 0.014062440293272587
1009.0, 0.01391662786375227
1010.0, 0.012836356716322295
1011.0, 0.012384699146052489
1012.0, 0.013069544816815114
1013.0, 0.012838589971072758
1014.0, 0.013044855983401916
1015.0, 0.012518274730267722
1016.0, 0.01320627035942224
1017.0, 0.014189359432525512
1018.0, 0.013021531840091725
1019.0, 0.013379185814913869
1020.0, 0.011792950380851937
1021.0, 0.014582546038816313
1022.0, 0.012879260185769155
1023.0, 0.012107943602825964
1024.0, 0.013061514334361764
1025.0, 0.012901287711459682
1026.0, 0.012210232025884678
1027.0, 0.013963965882908774
1028.0, 0.015314439614786566
1029.0, 0.014198924628363432
1030.0, 0.016873759215503853
1031.0, 0.0184630459322516
1032.0, 0.018887967153099754
1033.0, 0.02077812524679032
1034.0, 0.020855389960527458
1035.0, 0.020580358292843205
1036.0, 0.02277826235569848
1037.0, 0.023460957900359052
1038.0, 0.024278630721537894
1039.0, 0.02626164374624791
1040.0, 0.028458012050330113
1041.0, 0.029737516176836697
1042.0, 0.029884822036394868
1043.0, 0.029357491167060087
1044.0, 0.028746204921024563
1045.0, 0.028730856055828525
1046.0, 0.029593263916230204
1047.0, 0.03030936780739455
1048.0, 0.030524464361503485
1049.0, 0.028454239851644372
1050.0, 0.028329493580450175
1051.0, 0.026667566914245336
1052.0, 0.024519783969696386
1053.0, 0.024072150981029678
1054.0, 0.023785079690335664
1055.0, 0.0218171220201478
1056.0, 0.020359550750994902
1057.0, 0.019826195519511477
1058.0, 0.020308570941707692
1059.0, 0.018575858508660517
1060.0, 0.019402703251790086
1061.0, 0.020310252911494832
1062.0, 0.019861613601098862
1063.0, 0.021261844243635086
1064.0, 0.026600527263088678
1065.0, 0.03317692088300343
1066.0, 0.040018062078334096
1067.0, 0.05451260492526996
1068.0, 0.06780363896802892
1069.0, 0.08396059822264165
1070.0, 0.10308134068207817
1071.0, 0.12422101401473178
1072.0, 0.14765246021816653
1073.0, 0.17579344404732344
1074.0, 0.21113105691679612
1075.0, 0.2546682796643804
1076.0, 0.306581401889991
1077.0, 0.3622828014874629
1078.0, 0.41956839885942615
1079.0, 0.4708740355273181
1080.0, 0.5007905863834166
1081.0, 0.5171601982942675
1082.0, 0.5274387078938114
1083.0, 0.5368149811235792
1084.0, 0.5546758400501289
1085.0, 0.5804394300025972
1086.0, 0.6027860365398122
1087.0, 0.6300217740232497
1088.0, 0.6687428087837658
1089.0, 0.7208331260587216
1090.0, 0.795770746273934
1091.0, 0.8802585736152463
1092.0, 0.9584063017558191
1093.0, 0.9999969303626614
1094.0, 0.9691664546592965
1095.0, 0.8705138683337279
1096.0, 0.7361739170790934
1097.0, 0.6075961243245557
1098.0, 0.4920118083636703
1099.0, 0.3916158822231102
1100.0, 0.29961529676465143
1101.0, 0.22680022192354404
1102.0, 0.17297218763044475
1103.0, 0.1314420572003803
1104.0, 0.09968723542363973
1105.0, 0.07850939213333344
1106.0, 0.06321419014074006
1107.0, 0.05194888106735483
1108.0, 0.041954546958096896
1109.0, 0.03496315709898106
1110.0, 0.02994117746618354
1111.0, 0.026072837372527382
1112.0, 0.023536531412378058
1113.0, 0.020768124803518178
1114.0, 0.01690323841451592
1115.0, 0.013848795593396836
1116.0, 0.01255313669745046
1117.0, 0.009553542750574831
1118.0, 0.008721944117186678
1119.0, 0.007564610763409689
1120.0, 0.005586433571899238
1121.0, 0.0055107043986176675
1122.0, 0.005043046240338377
1123.0, 0.0037664740310585742
1124.0, 0.002108377790393292
1125.0, 0.0012743880803137793
1126.0, 0.002084403929796533
1127.0, 0.0009074389271988719
1128.0, 0.00038979139788132756
1129.0, 0.00015393918558038398
1130.0, 0.0011273539702275155
1131.0, 0.0008627429755517789
1132.0, 0.0013215176378717972
1133.0, 0.0007742709708417377
1134.0, 0.000770213913995021
1135.0, 0.0012337811300941345
1136.0, 0.0001749689510512105
1137.0, 0.0004480854861430535
1138.0, 0.0007041397620479768
1139.0, 0.00011116541880943609
1140.0, 0.000619382009754874
1141.0, 0.00042091020671120195
1142.0, 0.0019559273613749227
1143.0, 0.0013739924887159417
1144.0, 0.0011068861373291887
1145.0, 0.0015227200938979569
1146.0, 0.0010891231135001698
1147.0, 0.0006988864778249176
1148.0, 0.0011676608067366489
1149.0, 0.00048440158639036847
1150.0, 0.00013018046108735577
1151.0, 0.0009475824657018006
1152.0, 0.0005129384730638755
1153.0, 0.0003871343436655228
1154.0, 0.000762344839015641
1155.0, 0.0007568032171128176
1156.0, 0.00010125346580174598
1157.0, 0.001213525271797694
1158.0, 0.0013578180389830817
1159.0, 0.00011652242030595652
1160.0, 0.0010325124024804352
1161.0, 0.0010027639066070744
1162.0, 0.001530534176277581
1163.0, 0.0007806907675560514
1164.0, 0.00047020915324957294
1165.0, 0.0003916648312403464
1166.0, 0.0002597680972282776
1167.0, 0.0008840844297038515
1168.0, 0.0019513467324906069
1169.0, 0.0008303844479312995
1170.0, 0.0006310637965770216
1171.0, 0.0008398230282480996
1172.0, 0.00014740686607712448
1173.0, 0.0003675652980063261
1174.0, 0.00028581084425855386
1175.0, 0.0007745892281268959
1176.0, 0.0008180647474205177
1177.0, 0.0006406373070841266
1178.0, 0.0004886198740665463
1179.0, 0.0014109986635987776
1180.0, 0.0013188303961589917
1181.0, 0.001275545625447505
1182.0, 0.003114884450591556
1183.0, 0.0016553333332053847
1184.0, 0.0026423293246661404
1185.0, 0.0022248186278340143
1186.0, 0.002379087047226778
1187.0, 0.0011947029680636466
1188.0, 0.002096964925560945
1189.0, 0.002080941816598744
1190.0, 0.0021025799496988897
1191.0, 0.0027807115847041535
1192.0, 0.0031286462922264697
1193.0, 0.003603549969135888
1194.0, 0.004275291780844366
1195.0, 0.003899207550192339
1196.0, 0.0035659613720206394
1197.0, 0.005248532638315789
1198.0, 0.005632893877157789
1199.0, 0.004644890022217301
1200.0, 0.005383838545180617
1201.0, 0.0069000692813053445
1202.0, 0.006853743553989753
1203.0, 0.007499141226840568
1204.0, 0.00729301586332874
1205.0, 0.00620608050282081
1206.0, 0.006863929243173388
1207.0, 0.006614792080711875
1208.0, 0.006642431240369295
1209.0, 0.007088694087228493
1210.0, 0.007923863648640022
1211.0, 0.007439450163471587
1212.0, 0.008562649030951214
1213.0, 0.008770320747668958
1214.0, 0.0079543924842138
1215.0, 0.008088477167749734
1216.0, 0.008952660446024734
1217.0, 0.008639423959718244
1218.0, 0.007840093638272911
1219.0, 0.008323443224649887
1220.0, 0.008058050452175601
1221.0, 0.007181761759578225
1222.0, 0.006883022103536649
1223.0, 0.007586675292971476
1224.0, 0.007843426755577613
1225.0, 0.006230479381847231
1226.0, 0.007059653699567482
1227.0, 0.007211654412067651
1228.0, 0.006013309265489176
1229.0, 0.005079536700431984
1230.0, 0.00504996618120347
1231.0, 0.005527557760455698
1232.0, 0.006073328947339396
1233.0, 0.006260273885490407
1234.0, 0.005641237841644962
1235.0, 0.007114307590398536
1236.0, 0.005982834049879309
1237.0, 0.005042094553327671
1238.0, 0.006159850290511471
1239.0, 0.0055919129599466535
1240.0, 0.005832498818575635
1241.0, 0.006099284579372202
1242.0, 0.005966841449913807
1243.0, 0.0058760454261779105
1244.0, 0.006706741195464725
1245.0, 0.0069198240253653285
1246.0, 0.005513530447833331
1247.0, 0.007073790372343329
1248.0, 0.006360498901605615
1249.0, 0.007575168879069658
1250.0, 0.0055703223147751104
1251.0, 0.007950827044225117
1252.0, 0.008216624629870578
1253.0, 0.007185652946044491
1254.0, 0.007834487033442406
1255.0, 0.006846457293724642
1256.0, 0.005431653820413778
1257.0, 0.005706399075960514
1258.0, 0.006748508314180579
1259.0, 0.007465065854807241
1260.0, 0.007101409007056182
1261.0, 0.008062930578930266
1262.0, 0.008168733444284192
1263.0, 0.00842122875645433
1264.0, 0.008649814214177475
1265.0, 0.009046336489143561
1266.0, 0.008171599764942432
1267.0, 0.006975500438272712
1268.0, 0.0061465166118127345
1269.0, 0.007152355593134583
1270.0, 0.00687902228653568
1271.0, 0.006177677162563062
1272.0, 0.007184316051133199
1273.0, 0.006915693234051713
1274.0, 0.005727598875814617
1275.0, 0.006135632828923433
1276.0, 0.007179385274534138
1277.0, 0.007748667156214525
1278.0, 0.006886369248257102
1279.0, 0.006686439615481673
1280.0, 0.005366734135452305
1281.0, 0.005787065284780146
1282.0, 0.006064660684558046
1283.0, 0.0058651900350943165
1284.0, 0.005354633024060216
1285.0, 0.005033474851413526
1286.0, 0.0044002024554505815
1287.0, 0.004103095802019746
1288.0, 0.004137667208879318
1289.0, 0.003321308376108652
1290.0, 0.004553285893055361
1291.0, 0.002217684211592243
1292.0, 0.0020476886310499156
1293.0, 0.0013572454825993318
1294.0, 0.0017738494151127056
1295.0, 0.002618325996018834
1296.0, 0.0014910108454732494
1297.0, 0.0016608051512745467
1298.0, 0.0018267473172387794
1299.0, 0.0010245736705404398
1300.0, 0.00017559865075773476
1301.0, 0.0006791357281186282
1302.0, 0.0009235431659118072
1303.0, 9.953452418658541e-05
1304, 0.0
1305, 0.0
1306, 0.0
1307, 0.0
1308, 0.0
1309, 0.0
1310, 0.0
1311, 0.0
1312, 0.0
1313, 0.0
1314, 0.0
1315, 0.0
1316, 0.0
1317, 0.0
1318, 0.0
1319, 0.0
1320, 0.0
1321, 0.0
1322, 0.0
1323, 0.0
1324, 0.0
1325, 0.0
1326, 0.0
1327, 0.0
1328, 0.0
1329, 0.0
1330, 0.0
1331, 0.0
1332, 0.0
1333, 0.0
1334, 0.0
1335, 0.0
1336, 0.0
1337, 0.0
1338, 0.0
1339, 0.0
1340, 0.0
1341, 0.0
1342, 0.0
1343, 0.0
1344, 0.0
1345, 0.0
1346, 0.0
1347, 0.0
1348, 0.0
1349, 0.0
1350, 0.0
1351, 0.0
1352, 0.0
1353, 0.0
1354, 0.0
1355, 0.0
1356, 0.0
1357, 0.0
1358, 0.0
1359, 0.0
1360, 0.0
1361, 0.0
1362, 0.0
1363, 0.0
1364, 0.0
1365, 0.0
1366, 0.0
1367, 0.0
1368, 0.0
1369, 0.0
1370, 0.0
1371, 0.0
1372, 0.0
1373, 0.0
1374, 0.0
1375, 0.0
1376, 0.0
1377, 0.0
1378, 0.0
1379, 0.0
1380, 0.0
1381, 0.0
1382, 0.0
1383, 0.0
1384, 0.0
1385, 0.0
1386, 0.0
1387, 0.0
1388, 0.0
1389, 0.0
1390, 0.0
1391, 0.0
1392, 0.0
1393, 0.0
1394, 0.0
1395, 0.0
1396, 0.0
1397, 0.0
1398, 0.0
1399, 0.0
1400, 0.0
1401, 0.0
1402, 0.0
1403, 0.0
1404, 0.0
1405, 0.0
1406, 0.0
1407, 0.0
1408, 0.0
1409, 0.0
1410, 0.0
1411, 0.0
1412, 0.0
1413, 0.0
1414, 0.0
1415, 0.0
1416, 0.0
1417, 0.0
1418, 0.0
1419, 0.0
1420, 0.0
1421, 0.0
1422, 0.0
1423, 0.0
1424, 0.0
1425, 0.0
1426, 0.0
1427, 0.0
1428, 0.0
1429, 0.0
1430, 0.0
1431, 0.0
1432, 0.0
1433, 0.0
1434, 0.0
1435, 0.0
1436, 0.0
1437, 0.0
1438, 0.0
1439, 0.0
1440, 0.0
1441, 0.0
1442, 0.0
1443, 0.0
1444, 0.0
1445, 0.0
1446, 0.0
1447, 0.0
1448, 0.0
1449, 0.0
1450, 0.0
1451, 0.0
1452, 0.0
1453, 0.0
1454, 0.0
1455, 0.0
1456, 0.0
1457, 0.0
1458, 0.0
1459, 0.0
1460, 0.0
1461, 0.0
1462, 0.0
1463, 0.0
1464, 0.0
1465, 0.0
1466, 0.0
1467, 0.0
1468, 0.0
1469, 0.0
1470, 0.0
1471, 0.0
1472, 0.0
1473, 0.0
1474, 0.0
1475, 0.0
1476, 0.0
1477, 0.0
1478, 0.0
1479, 0.0
1480, 0.0
1481, 0.0
1482, 0.0
1483, 0.0
1484, 0.0
1485, 0.0
1486, 0.0
1487, 0.0
1488, 0.0
1489, 0.0
1490, 0.0
1491, 0.0
1492, 0.0
1493, 0.0
1494, 0.0
1495, 0.0
1496, 0.0
1497, 0.0
1498, 0.0
1499, 0.0
1500, 0.0
1501, 0.0
1502, 0.0
1503, 0.0
1504, 0.0
1505, 0.0
1506, 0.0
1507, 0.0
1508, 0.0
1509, 0.0
1510, 0.0
1511, 0.0
1512, 0.0
1513, 0.0
1514, 0.0
1515, 0.0
1516, 0.0
1517, 0.0
1518, 0.0
1519, 0.0
1520, 0.0
1521, 0.0
1522, 0.0
1523, 0.0
1524, 0.0
1525, 0.0
1526, 0.0
1527, 0.0
1528, 0.0
1529, 0.0
1530, 0.0
1531, 0.0
1532, 0.0
1533, 0.0
1534, 0.0
1535, 0.0
1536, 0.0
1537, 0.0
1538, 0.0
1539, 0.0
1540, 0.0
1541, 0.0
1542, 0.0
1543, 0.0
1544, 0.0
1545, 0.0
1546, 0.0
1547, 0.0
1548, 0.0
1549, 0.0
1550, 0.0
1551, 0.0
1552, 0.0
1553, 0.0
1554, 0.0
1555, 0.0
1556, 0.0
1557, 0.0
1558, 0.0
1559, 0.0
1560, 0.0
1561, 0.0
1562, 0.0
1563, 0.0
1564, 0.0
1565, 0.0
1566, 0.0
1567, 0.0
1568, 0.0
1569, 0.0
1570, 0.0
1571, 0.0
1572, 0.0
1573, 0.0
1574, 0.0
1575, 0.0
1576, 0.0
1577, 0.0
1578, 0.0
1579, 0.0
1580, 0.0
1581, 0.0
1582, 0.0
1583, 0.0
1584, 0.0
1585, 0.0
1586, 0.0
1587, 0.0
1588, 0.0
1589, 0.0
1590, 0.0
1591, 0.0
1592, 0.0
1593, 0.0
1594, 0.0
1595, 0.0
1596, 0.0
1597, 0.0
1598, 0.0
1599, 0.0
