30, 0.0
31, 0.0
32, 0.0
33, 0.0
34, 0.0
35, 0.0
36, 0.0
37, 0.0
38, 0.0
39, 0.0
40, 0.0
41, 0.0
42, 0.0
43, 0.0
44, 0.0
45, 0.0
46, 0.0
47, 0.0
48, 0.0
49, 0.0
50, 0.0
51, 0.0
52, 0.0
53, 0.0
54, 0.0
55, 0.0
56, 0.0
57, 0.0
58, 0.0
59, 0.0
60, 0.0
61, 0.0
62, 0.0
63, 0.0
64, 0.0
65, 0.0
66, 0.0
67, 0.0
68, 0.0
69, 0.0
70, 0.0
71, 0.0
72, 0.0
73, 0.0
74, 0.0
75, 0.0
76, 0.0
77, 0.0
78, 0.0
79, 0.0
80, 0.0
81, 0.0
82, 0.0
83, 0.0
84, 0.0
85, 0.0
86, 0.0
87, 0.0
88, 0.0
89, 0.0
90, 0.0
91, 0.0
92, 0.0
93, 0.0
94, 0.0
95, 0.0
96, 0.0
97, 0.0
98, 0.0
99, 0.0
100, 0.0
101, 0.0
102, 0.0
103, 0.0
104, 0.0
105, 0.0
106, 0.0
107, 0.0
108, 0.0
109, 0.0
110, 0.0
111, 0.0
112, 0.0
113, 0.0
114, 0.0
115, 0.0
116, 0.0
117, 0.0
118, 0.0
119, 0.0
120, 0.0
121, 0.0
122, 0.0
123, 0.0
124, 0.0
125, 0.0
126, 0.0
127, 0.0
128, 0.0
129, 0.0
130, 0.0
131, 0.0
132, 0.0
133, 0.0
134, 0.0
135, 0.0
136, 0.0
137, 0.0
138, 0.0
139, 0.0
140, 0.0
141, 0.0
142, 0.0
143, 0.0
144, 0.0
145, 0.0
146, 0.0
147, 0.0
148, 0.0
149, 0.0
150, 0.0
151, 0.0
152, 0.0
153, 0.0
154, 0.0
155, 0.0
156, 0.0
157, 0.0
158, 0.0
159, 0.0
160, 0.0
161, 0.0
162, 0.0
163, 0.0
164, 0.0
165, 0.0
166, 0.0
167, 0.0
168, 0.0
169, 0.0
170, 0.0
171, 0.0
172, 0.0
173, 0.0
174, 0.0
175, 0.0
176, 0.0
177, 0.0
178, 0.0
179, 0.0
180, 0.0
181, 0.0
182, 0.0
183, 0.0
184, 0.0
185, 0.0
186, 0.0
187, 0.0
188, 0.0
189, 0.0
190, 0.0
191, 0.0
192, 0.0
193, 0.0
194, 0.0
195, 0.0
196, 0.0
197, 0.0
198, 0.0
199, 0.0
200, 0.0
201, 0.0
202, 0.0
203, 0.0
204, 0.0
205, 0.0
206.0, 0.0057093268676259475
207.0, 0.015199001207924938
208.0, 0.014149279740609061
209.0, 0.006184072749954698
210.0, 0.018016597371722023
211.0, 0.013955513918106654
212.0, 0.004990175253072532
213.0, 0.0357004830946655
214.0, 0.018626780537465425
215.0, 0.009986069777414671
216.0, 0.013665063033863828
217.0, 0.015284790986867542
218.0, 0.013128278656381318
219.0, 0.023580078986929404
220.0, 0.029838020629481713
221.0, 0.022801771522948665
222.0, 0.015001717412037888
223.0, 0.013462917261624545
224.0, 0.015109894713970888
225.0, 0.01485770215441485
226.0, 0.013034107971654591
227.0, 0.016658676979785264
228.0, 0.011919800453361865
229.0, 0.016395114032173027
230.0, 0.0018459791425250041
231.0, 0.013131749889597373
232.0, 0.005891808733694644
233.0, 0.0035009145606898235
234.0, 0.0033304523363902874
235.0, 0.014307200532315524
236.0, 0.011178265656032242
237.0, 0.017633722116243547
238.0, 0.028005208189791887
239.0, 0.03459593838130823
240.0, 0.034588355669712245
241.0, 0.026758661936021885
242.0, 0.0350784506915135
243.0, 0.048581372809243344
244.0, 0.051610815677344754
245.0, 0.059801727517324495
246.0, 0.0688528026023433
247.0, 0.07596560202628728
248.0, 0.08295781878708855
249.0, 0.09264135558531558
250.0, 0.10175770042870066
251.0, 0.11425120722761598
252.0, 0.12758894032108906
253.0, 0.1428095093665913
254.0, 0.16711717152904754
255.0, 0.16584817784656058
256.0, 0.17282036009830443
257.0, 0.2001668063737254
258.0, 0.22877781703916966
259.0, 0.23465640375878627
260.0, 0.25532317452911796
261.0, 0.2913180037790554
262.0, 0.31708629267358013
263.0, 0.3183569213794985
264.0, 0.35743823903642763
265.0, 0.39140444250814116
266.0, 0.4110277088392039
267.0, 0.43014418464246384
268.0, 0.4591699434440029
269.0, 0.4840660289283297
270.0, 0.5135134272610203
271.0, 0.5434205083809384
272.0, 0.5658859018713996
273.0, 0.6075383229985926
274.0, 0.6361332337587878
275.0, 0.6608869285414112
276.0, 0.6876451861664745
277.0, 0.7018058719524747
278.0, 0.7273255974440104
279.0, 0.7322048050894606
280.0, 0.7288132820522012
281.0, 0.7396772631288543
282.0, 0.7315430633733494
283.0, 0.7162750917243321
284.0, 0.6921510792357136
285.0, 0.6686330649286985
286.0, 0.655629396034602
287.0, 0.6266555617831158
288.0, 0.6093526255038586
289.0, 0.6041185349491395
290.0, 0.6072699554425489
291.0, 0.6156846929178937
292.0, 0.6092516949905107
293.0, 0.5955433915689428
294.0, 0.5905532134162599
295.0, 0.5950996545610562
296.0, 0.5893725279051135
297.0, 0.560022283581664
298.0, 0.5564352319576019
299.0, 0.5649367216919693
300.0, 0.5527321455336942
301.0, 0.5432607589942359
302.0, 0.5101878082578131
303.0, 0.4932579400856658
304.0, 0.49350877888355466
305.0, 0.46402421344008354
306.0, 0.42552393749433115
307.0, 0.404890713212714
308.0, 0.39787728456440524
309.0, 0.39449104129810214
310.0, 0.3918399125408711
311.0, 0.3807951062509068
312.0, 0.37080702337701793
313.0, 0.36600729812766336
314.0, 0.3566661608194698
315.0, 0.3310739399434393
316.0, 0.32366544002308134
317.0, 0.3264461974654898
318.0, 0.32080377286604783
319.0, 0.308976205073985
320.0, 0.32130993690741
321.0, 0.3019911877414395
322.0, 0.2895649013894901
323.0, 0.2939237682624805
324.0, 0.29511292076111945
325.0, 0.27670426940502546
326.0, 0.27178453099713906
327.0, 0.26559141231446237
328.0, 0.25269335100167584
329.0, 0.25152140318979904
330.0, 0.22700156682790626
331.0, 0.2047054895435235
332.0, 0.19899392656034232
333.0, 0.20276236565384761
334.0, 0.17647009583239434
335.0, 0.1681937046337828
336.0, 0.15103190677581593
337.0, 0.14293465302921982
338.0, 0.15386763688223326
339.0, 0.14948351690032316
340.0, 0.15025844272745173
341.0, 0.14187925649783137
342.0, 0.12840173815440245
343.0, 0.11664792666804838
344.0, 0.09513109592752653
345.0, 0.09778987320124027
346.0, 0.09055987400359045
347.0, 0.08007925905599173
348.0, 0.07979786001843228
349.0, 0.0789304058360066
350.0, 0.08959426020921481
351.0, 0.10359984391162663
352.0, 0.10109785236849621
353.0, 0.07838345337220498
354.0, 0.06405667244171692
355.0, 0.06600923136280694
356.0, 0.06239135371280845
357.0, 0.06021147409111705
358.0, 0.07342461371670131
359.0, 0.07285899474012725
360.0, 0.06384223441258678
361.0, 0.057971651370922694
362.0, 0.05697831250583791
363.0, 0.05519351567515905
364.0, 0.051010062761918856
365.0, 0.05242849196665803
366.0, 0.04186403275118405
367.0, 0.03130798690384106
368.0, 0.03752781896513533
369.0, 0.02695608971600556
370.0, 0.029660720838478222
371.0, 0.02808952503382267
372.0, 0.027356280046912797
373.0, 0.0399809377343044
374.0, 0.03902686841740033
375.0, 0.03712466094364506
376.0, 0.03717200366088349
377.0, 0.03138477396965822
378.0, 0.014073845302565786
379.0, 0.0033902613319350882
380.0, 0.012987131632164889
381.0, 0.01220883655028316
382.0, 0.009221850727683343
383.0, 0.0056686300345012665
384.0, 0.026688041429761084
385.0, 0.00681939315467771
386.0, 0.0013404872598419336
387.0, 0.010955128741279874
388.0, 0.008575557836830807
389.0, 0.005179808408001333
390.0, 0.009445369285046579
391.0, 0.007218286096698181
392.0, 0.002790892341873655
393.0, 0.0036627415078903836
394.0, 0.02085054376384965
395.0, 0.010167905032304449
396.0, 0.014854567471064228
397.0, 0.02444420244318988
398.0, 0.0151141463239652
399.0, 0.007258420511261106
400.0, 0.008318946122863598
401.0, 0.003483070664359558
402.0, 0.018665610680642937
403.0, 0.019610738438451014
404.0, 0.020939028194860185
405.0, 0.011788236328927202
406.0, 0.02544849828511924
407.0, 0.044960744271407484
408.0, 0.04808128356701779
409.0, 0.049424304583585196
410.0, 0.055819306048422196
411.0, 0.06351475488651528
412.0, 0.06815124303880911
413.0, 0.07174286836368939
414.0, 0.07795075008009039
415.0, 0.08143819267173176
416.0, 0.08351797548079314
417.0, 0.10263971456314336
418.0, 0.12217771955490736
419.0, 0.12356323277043667
420.0, 0.14653535245293842
421.0, 0.15347183877019369
422.0, 0.155019731408815
423.0, 0.15713999414250612
424.0, 0.15500034736335064
425.0, 0.15012969849741636
426.0, 0.15472835002087834
427.0, 0.16118683970277173
428.0, 0.1690302324268346
429.0, 0.18122742952811732
430.0, 0.19456011521624206
431.0, 0.18448585579812016
432.0, 0.19024360814823607
433.0, 0.19761135840673769
434.0, 0.1908094661082516
435.0, 0.17747494220689108
436.0, 0.1798640006462954
437.0, 0.16965022289914056
438.0, 0.1626458294282288
439.0, 0.1574289310817682
440.0, 0.1366741750753636
441.0, 0.15493660929212227
442.0, 0.1424636691983887
443.0, 0.1441686079733035
444.0, 0.14953088714781604
445.0, 0.12814877988443127
446.0, 0.1261049801881064
447.0, 0.11870871398628272
448.0, 0.12416525243741544
449.0, 0.11788571799634162
450.0, 0.09803671974360037
451.0, 0.1036498054532632
452.0, 0.10599619955021115
453.0, 0.0829836096079481
454.0, 0.07345053640765711
455.0, 0.08400820388726424
456.0, 0.08519727324030761
457.0, 0.06636355734525773
458.0, 0.07270653703449027
459.0, 0.06584149894316743
460.0, 0.04897688481425003
461.0, 0.04811547666534738
462.0, 0.04477088208752506
463.0, 0.04026061574465588
464.0, 0.035339089714642384
465.0, 0.04037616606345662
466.0, 0.046220258734806625
467.0, 0.03704311316668047
468.0, 0.03389850365261022
469.0, 0.03507662807117904
470.0, 0.029717732061101204
471.0, 0.029994470034960127
472.0, 0.04127365443593216
473.0, 0.03823147546030908
474.0, 0.05794605632349149
475.0, 0.06329280277181129
476.0, 0.05309922171708957
477.0, 0.05472178457047261
478.0, 0.0810243657487548
479.0, 0.07386804685588223
480.0, 0.08625230183344908
481.0, 0.08537292373948227
482.0, 0.07824635702027921
483.0, 0.09029571685916943
484.0, 0.10177409328717961
485.0, 0.10332616101427494
486.0, 0.10015016847581057
487.0, 0.10103782687840451
488.0, 0.10561197086905967
489.0, 0.10875684425198881
490.0, 0.12836889624356612
491.0, 0.13551338577289837
492.0, 0.13009469739981275
493.0, 0.12065453604986807
494.0, 0.11327956096951894
495.0, 0.10630384429818159
496.0, 0.10464742706238421
497.0, 0.1168068653381661
498.0, 0.1250095424964022
499.0, 0.11680435612290452
500.0, 0.10757956337772996
501.0, 0.12899231154306612
502.0, 0.1342372496180569
503.0, 0.13110346068711154
504.0, 0.1240442601050395
505.0, 0.11547465713280103
506.0, 0.1248004144340482
507.0, 0.12506370907125608
508.0, 0.12305183737222657
509.0, 0.12516214675771278
510.0, 0.12264576043332807
511.0, 0.10478057453761512
512.0, 0.12301233671120723
513.0, 0.1330081371171174
514.0, 0.13144009864392
515.0, 0.12130790712225181
516.0, 0.11112016651544875
517.0, 0.11028523759981962
518.0, 0.09518094353327712
519.0, 0.0980362077150334
520.0, 0.09674904538167912
521.0, 0.0895846717882411
522.0, 0.091145687032858
523.0, 0.09505051989023654
524.0, 0.09421765933711784
525.0, 0.07955302355166392
526.0, 0.0760787866306799
527.0, 0.0865181226435359
528.0, 0.08423725594330175
529.0, 0.08416319236659303
530.0, 0.08052626640750615
531.0, 0.06494454357157978
532.0, 0.057202910135278576
533.0, 0.06027936447620183
534.0, 0.05334979858594304
535.0, 0.055001629308780275
536.0, 0.028154269947947074
537.0, 0.028542988445182473
538.0, 0.048283710239828304
539.0, 0.046504090162483545
540.0, 0.029303690711143363
541.0, 0.023271291067876995
542.0, 0.01663877934231933
543.0, 0.0053517437976133
544.0, 0.0028397852067469907
545.0, 0.005215568775444883
546.0, 0.007202683635939341
547.0, 0.0043521178144876336
548.0, 0.011260013718691989
549.0, 0.007482252288156787
550.0, 0.0032049312891981986
551.0, 0.008339674198017885
552.0, 0.012114888974644359
553.0, 0.004766756414727751
554.0, 0.004504338184770585
555.0, 0.005405205489618248
556.0, 0.0044139653536741565
557.0, 0.004441005803123337
558.0, 0.00693194778021048
559.0, 0.007203288868964494
560.0, 0.014695777548657321
561.0, 0.018840734845449722
562.0, 0.013813785329227623
563.0, 0.008873873202273298
564.0, 0.009108372157194728
565.0, 0.015915704295408617
566.0, 0.0062386059826210274
567.0, 0.0060425410612814645
568.0, 0.009528265902108257
569.0, 0.02078289477671649
570.0, 0.020025130650181133
571.0, 0.00996146545828214
572.0, 0.008766131410379196
573.0, 0.021561796375761937
574.0, 0.022822479404028855
575.0, 0.00258728499019467
576.0, 0.004028712549842852
577.0, 0.011452767035730695
578.0, 0.011955815741432218
579.0, 0.005071891312823074
580.0, 0.004774695111693412
581.0, 0.00507445940112318
582.0, 0.002963026469613222
583.0, 0.02515963772735549
584.0, 0.02440080491473605
585.0, 0.0282464483814918
586.0, 0.038116243769029196
587.0, 0.024462621490415986
588.0, 0.031292519131850056
589.0, 0.03467709448873534
590.0, 0.03119941790095205
591.0, 0.03332236561137025
592.0, 0.04150471178224866
593.0, 0.04217342476639863
594.0, 0.03196493856607922
595.0, 0.02809356561904673
596.0, 0.03499797919039764
597.0, 0.03576940909217498
598.0, 0.029794274764810096
599.0, 0.03100634711692629
600.0, 0.03609879919515337
601.0, 0.03006708016657756
602.0, 0.030020981877439675
603.0, 0.049546878404969005
604.0, 0.06110890719558203
605.0, 0.049850252748497983
606.0, 0.057151553764286135
607.0, 0.03866255839586331
608.0, 0.03964514707825081
609.0, 0.049173615897860554
610.0, 0.050651593653573544
611.0, 0.043984738518849396
612.0, 0.036812456878134135
613.0, 0.0520419641345063
614.0, 0.05783745611325135
615.0, 0.0482702891802498
616.0, 0.051215299511657104
617.0, 0.06302506972544879
618.0, 0.049826044834090435
619.0, 0.04811008292973454
620.0, 0.03564884177762075
621.0, 0.0355763257443705
622.0, 0.03147400850713419
623.0, 0.028604392727486178
624.0, 0.044651957995305636
625.0, 0.03575966907723765
626.0, 0.03516670485628798
627.0, 0.03805477817376178
628.0, 0.041066333222591254
629.0, 0.041404904676706704
630.0, 0.03934889792102544
631.0, 0.044074546972490164
632.0, 0.05194802628807519
633.0, 0.048310037981526825
634.0, 0.0454128226323286
635.0, 0.04526772093728014
636.0, 0.04770425668644891
637.0, 0.05549057117264956
638.0, 0.052981832133448814
639.0, 0.056840181239510824
640.0, 0.051635831547816056
641.0, 0.046691176395699654
642.0, 0.05645037147391072
643.0, 0.07776798887096943
644.0, 0.07276394104880377
645.0, 0.07138091321244587
646.0, 0.07830458038645277
647.0, 0.06692464535272431
648.0, 0.0662792694030735
649.0, 0.08282297108796745
650.0, 0.07084824176495642
651.0, 0.0768792420037214
652.0, 0.07181120805826845
653.0, 0.0645944421685877
654.0, 0.05823697446800531
655.0, 0.045613841012635964
656.0, 0.02945449709921806
657.0, 0.051266871614181156
658.0, 0.03515068099530168
659.0, 0.02319033141011991
660.0, 0.024324471548185258
661.0, 0.022858681280911373
662.0, 0.015889399435210998
663.0, 0.0159706304378872
664.0, 0.0169474894561895
665.0, 0.003922379102543992
666.0, 0.009083127049810815
667.0, 0.022099648113775548
668.0, 0.023119200278643014
669.0, 0.019178608041253906
670.0, 0.021696220012326517
671.0, 0.0021722436989544745
672.0, 0.008566929791926367
673.0, 0.004684347534578988
674.0, 0.003801507248761876
675.0, 0.01013763445669779
676.0, 0.006912660541419935
677.0, 0.015407504544024554
678.0, 0.01970435087517703
679.0, 0.01082469363314359
680.0, 0.017333475765462514
681.0, 0.018430409888716033
682.0, 0.006739721362305433
683.0, 0.008602708907119607
684.0, 0.013362814315360206
685.0, 0.013100584625458921
686.0, 0.017919043627241588
687.0, 0.013477937318314178
688.0, 0.004373926594389855
689.0, 0.0017541726196403623
690.0, 0.0035762565676281757
691.0, 0.015718096591782034
692.0, 0.015737351181870664
693.0, 0.01503618973529594
694.0, 0.01737817516365072
695.0, 0.015124725933196718
696.0, 0.012550055076613458
697.0, 0.01960340020924709
698.0, 0.02167619292172929
699.0, 0.00397539748972778
700.0, 0.003484384694862652
701.0, 0.006262468386961686
702.0, 0.009232446078182199
703.0, 0.005001136801144895
704.0, 0.01337678686938217
705.0, 0.007113044142033474
706.0, 0.009964639154187903
707.0, 0.022408452946347183
708.0, 0.0290891000817397
709.0, 0.027540138498363016
710.0, 0.02309829084017416
711.0, 0.014910285607612674
712.0, 0.004005079030558447
713.0, 0.010123344494036656
714.0, 0.0051621257459119815
715.0, 0.009986577299699102
716.0, 0.01993187285589678
717.0, 0.00772141905132669
718.0, 0.012157029193493513
719.0, 0.013250564266333817
720.0, 0.022990037217199517
721.0, 0.02574958293966471
722.0, 0.023650863959027806
723.0, 0.02303610419126619
724.0, 0.022376250689711105
725.0, 0.01451489196701667
726.0, 0.006076871625157941
727.0, 0.01323336972497931
728.0, 0.01749626231326741
729.0, 0.006492775001768459
730.0, 0.007174439475282953
731.0, 0.02445257876066952
732.0, 0.021378630845999683
733.0, 0.03292245995422277
734.0, 0.025844618428067
735.0, 0.024175716716925092
736.0, 0.027851077930812415
737.0, 0.025776760289119394
738.0, 0.017912188364552613
739.0, 0.01747855054549779
740.0, 0.03740309512134762
741.0, 0.01748425504552673
742.0, 0.014463802478352548
743.0, 0.029989811960399765
744.0, 0.026706837095695914
745.0, 0.011088587061716847
746.0, 0.016794419315074468
747.0, 0.01270347461226986
748.0, 0.0040916146635491014
749.0, 0.012098008531037279
750.0, 0.020078837267304295
751.0, 0.019656712077799114
752.0, 0.014493479844986256
753.0, 0.010866461385430404
754.0, 0.0070678248791884715
755.0, 0.008531878740540648
756.0, 0.0037048527695375455
757.0, 0.010798192854635262
758.0, 0.017496152200729972
759.0, 0.007791587163951053
760.0, 0.003995451666072548
761.0, 0.009167619091273383
762.0, 0.010592510913701109
763.0, 0.0037270799239016695
764.0, 0.004391363005807365
765.0, 0.0013515590040452455
766.0, 0.00586001097267515
767.0, 0.006428431004635552
768.0, 0.004416087902400498
769.0, 0.006692195526497091
770.0, 0.010492066625530988
771.0, 0.014931660490282415
772.0, 0.006316420173069186
773.0, 0.0073796785721604264
774.0, 0.012490625320903087
775.0, 0.012157715162760823
776.0, 0.022389122714451058
777.0, 0.011065589522583444
778.0, 0.010448626223063128
779.0, 0.009699333587021425
780.0, 0.006577893648135643
781.0, 0.019366980427571748
782.0, 0.02690695418813136
783.0, 0.02706335265640878
784.0, 0.019894059694355162
785.0, 0.014000904405042244
786.0, 0.018168352094898636
787.0, 0.029126989874173746
788.0, 0.03417619790684352
789.0, 0.03217836685458284
790.0, 0.04010191559630905
791.0, 0.06582151894785714
792.0, 0.04277182614455201
793.0, 0.05729435217010155
794.0, 0.05230597667395176
795.0, 0.048732075056118325
796.0, 0.051492730242632546
797.0, 0.05852337889159425
798.0, 0.0652111365186573
799.0, 0.05978257040925256
800.0, 0.04536486937667964
801.0, 0.0651074892691818
802.0, 0.05851747932130806
803.0, 0.07827028564542607
804.0, 0.08193318362708536
805.0, 0.06786793129448107
806.0, 0.0625726016306396
807.0, 0.05957452148055283
808.0, 0.07815298955966167
809.0, 0.08723330797598097
810.0, 0.0731152359130316
811.0, 0.07115821535500831
812.0, 0.07374440897609706
813.0, 0.07132093831779025
814.0, 0.06658430276015205
815.0, 0.06417627241851456
816.0, 0.08828449053695969
817.0, 0.051484393409486844
818.0, 0.0567157240293933
819.0, 0.06720352617255197
820.0, 0.05941507879802349
821.0, 0.046991518504978944
822.0, 0.04816240834291664
823.0, 0.05889663806237772
824.0, 0.04581877020262572
825.0, 0.020878689233889993
826.0, 0.033506508953516104
827.0, 0.0288213516653967
828.0, 0.018836988830751095
829.0, 0.014444313201023662
830.0, 0.01694610075225083
831.0, 0.034815849786885796
832.0, 0.03364653528991509
833.0, 0.019331673837666145
834.0, 0.01441077786131728
835.0, 0.026335631965704723
836.0, 0.0338294362368321
837.0, 0.03417284801709676
838.0, 0.034237620603421504
839.0, 0.03150072093303409
840.0, 0.023883949895236012
841.0, 0.019993048492435425
842.0, 0.030048301071553995
843.0, 0.024692517393234633
844.0, 0.02316214500502306
845.0, 0.023948306459689858
846.0, 0.023201355987795404
847.0, 0.02769261180842402
848.0, 0.02573042627444099
849.0, 0.01564945340088763
850.0, 0.02320944634286064
851.0, 0.025122938980490086
852.0, 0.02815886709792997
853.0, 0.017118833858552653
854.0, 0.012587260363393225
855.0, 0.023595895319554246
856.0, 0.025357302393860918
857.0, 0.027776541776452297
858.0, 0.034286196329393004
859.0, 0.03224196394110625
860.0, 0.013577886636559422
861.0, 0.03919514731387243
862.0, 0.051333654325399845
863.0, 0.035468361954687624
864.0, 0.039329052888607254
865.0, 0.059958142853394784
866.0, 0.08707560736847664
867.0, 0.10737289779240727
868.0, 0.1032407033357683
869.0, 0.1407605832804738
870.0, 0.15884146530927834
871.0, 0.17399584243930658
872.0, 0.213668887785818
873.0, 0.23032683746020663
874.0, 0.23569651613871165
875.0, 0.2722365034966982
876.0, 0.2852401085933223
877.0, 0.31706351262378124
878.0, 0.34809671016545385
879.0, 0.3752069579213147
880.0, 0.4103719491726578
881.0, 0.43953775012944724
882.0, 0.4470518970165658
883.0, 0.4575728062515084
884.0, 0.4479909246253407
885.0, 0.42135547083168834
886.0, 0.37716664832291835
887.0, 0.31778368650313005
888.0, 0.2711775471485746
889.0, 0.22639490568841963
890.0, 0.17283582629638858
891.0, 0.13632080292265958
892.0, 0.11068271341929908
893.0, 0.0958624019697938
894.0, 0.08482753447088738
895.0, 0.06960843650512148
896.0, 0.03926980830009069
897.0, 0.044531692408444234
898.0, 0.04460625383020018
899.0, 0.05100455649342534
900.0, 0.04837041744368058
901.0, 0.0260906506936459
902.0, 0.028666068830472406
903.0, 0.035668421470840504
904.0, 0.01693973426443509
905.0, 0.016200706910634407
906.0, 0.0210947161882466
907.0, 0.01217298056129321
908.0, 0.0026769437401117477
909.0, 0.006821254406345293
910.0, 0.00709746440423169
911.0, 0.011926901330876297
912.0, 0.004071585389379744
913.0, 0.01186894376653531
914.0, 0.011951716502725317
915.0, 0.0035891832796189323
916.0, 0.00134898018822947
917.0, 0.0016002754205768485
918.0, 0.0038405295410321055
919.0, 0.01464470376135874
920.0, 0.01702221665776754
921.0, 0.020956353448322855
922.0, 0.003507342115551792
923.0, 0.007915668235645924
924.0, 0.007774705364869615
925.0, 0.01715611566777476
926.0, 0.016997884147535315
927.0, 0.004931816234637232
928.0, 0.0025545869477425582
929.0, 0.010591564743328468
930.0, 0.010130801637149649
931.0, 0.007655061872591
932.0, 0.0065279949773572096
933.0, 0.0048481678299566655
934.0, 0.01532852079229819
935.0, 0.008644630576143779
936.0, 0.0034460681354216787
937.0, 0.006096131949014669
938.0, 0.021668052717355734
939.0, 0.027266963686177367
940.0, 0.03575998633925769
941.0, 0.034563496633423736
942.0, 0.047701221057526874
943.0, 0.03756194750184507
944.0, 0.05744967434373233
945.0, 0.0703275774808394
946.0, 0.06939401414182989
947.0, 0.08367198858391409
948.0, 0.10455442160045646
949.0, 0.14091702946183207
950.0, 0.1740382449246828
951.0, 0.21470770445971424
952.0, 0.2710539627072016
953.0, 0.3256889969668465
954.0, 0.3557073211702139
955.0, 0.38690001015791764
956.0, 0.4305931373161429
957.0, 0.47159740172955655
958.0, 0.5433074702810634
959.0, 0.6310187275326896
960.0, 0.704075401516073
961.0, 0.7976528538136208
962.0, 0.8844589876000784
963.0, 0.9407110021995909
964.0, 0.9918373042995776
965.0, 0.9758708425997497
966.0, 0.8675944050001841
967.0, 0.7081904449157855
968.0, 0.5336247185055628
969.0, 0.37298207808955713
970.0, 0.26022624792121835
971.0, 0.1888230715706929
972.0, 0.14199924411777165
973.0, 0.11702954049363523
974.0, 0.10390528948546841
975.0, 0.07865425068512603
976.0, 0.06150059424295234
977.0, 0.05203020635987625
978.0, 0.04435194157690626
979.0, 0.05271952857313429
980.0, 0.037517302629373375
981.0, 0.031558853700289366
982.0, 0.03664738135174764
983.0, 0.04011318348928786
984.0, 0.03776753566590258
985.0, 0.03033321817513696
986.0, 0.02022561600103151
987.0, 0.022297132249124507
988.0, 0.028318434140085162
989.0, 0.024374088501703438
990.0, 0.02581197044958973
991.0, 0.015543243581887873
992.0, 0.02111545807889207
993.0, 0.0060759416448958395
994.0, 0.0025972445517429207
995.0, 0.0049392140240880015
996.0, 0.011552516383959002
997.0, 0.02382368597164507
998.0, 0.020199196404185174
999.0, 0.00642583188814522
1000.0, 0.008645342696439207
1001.0, 0.003072030519480246
1002.0, 0.005131826930388563
1003.0, 0.005275513587302036
1004.0, 0.012702658886769542
1005.0, 0.015932379535023956
1006.0, 0.00465918174583479
1007.0, 0.024607514597151343
1008.0, 0.018693370860633596
1009.0, 0.005907850449235109
1010.0, 0.006486447750100004
1011.0, 0.003399231980629679
1012.0, 0.009369519032955855
1013.0, 0.012949404112009467
1014.0, 0.016490620350279667
1015.0, 0.01574536566675723
1016.0, 0.01913448696862102
1017.0, 0.02956696958481945
1018.0, 0.025523120840933763
1019.0, 0.01805205930925448
1020.0, 0.014277895781318935
1021.0, 0.008128352541674641
1022.0, 0.001769173273780366
1023.0, 0.007274098621954021
1024.0, 0.025771173054406796
1025.0, 0.01812566533822226
1026.0, 0.005408190618043401
1027.0, 0.004907721687494528
1028.0, 0.007355617390917064
1029.0, 0.004787929532150842
1030.0, 0.0067123610022609605
1031.0, 0.012404965527054316
1032.0, 0.016945918509905504
1033.0, 0.014882069166099385
1034.0, 0.009784599527121124
1035.0, 0.005456713295048302
1036.0, 0.004351247605603173
1037.0, 0.014316529283972356
1038.0, 0.013641057897384214
1039.0, 0.001548499741051101
1040.0, 0.024293480435274264
1041.0, 0.021139245514103698
1042.0, 0.027561966967155974
1043.0, 0.029964652962805823
1044.0, 0.023470639679423266
1045.0, 0.015449326614368129
1046.0, 0.016341215542319733
1047.0, 0.03116287106146768
1048.0, 0.031663234509367005
1049.0, 0.0171077025865432
1050.0, 0.02171962029726557
1051.0, 0.03447103352482157
1052.0, 0.036382304350204384
1053.0, 0.04585091283498476
1054.0, 0.0339900972603948
1055.0, 0.03461161455646323
1056.0, 0.031525450226934884
1057.0, 0.02935217619866201
1058.0, 0.033927435303525925
1059.0, 0.034320088706935044
1060.0, 0.041728922942788446
1061.0, 0.05390181844445572
1062.0, 0.061606551119961876
1063.0, 0.03986609623235757
1064.0, 0.04424340122768755
1065.0, 0.06452716980095975
1066.0, 0.05814367471917177
1067.0, 0.04378231470582443
1068.0, 0.034481634987463705
1069.0, 0.04060869388740998
1070.0, 0.053428895180166865
1071.0, 0.05369401599465424
1072.0, 0.050489552327979643
1073.0, 0.05804777541911892
1074.0, 0.057572657385471904
1075.0, 0.04043393942541091
1076.0, 0.04585263481042414
1077.0, 0.033395556257718055
1078.0, 0.045994631216002016
1079.0, 0.03594518549440825
1080.0, 0.054252005620841974
1081.0, 0.037056929728407975
1082.0, 0.037551461747096684
1083.0, 0.048672867748185106
1084.0, 0.03701918660299177
1085.0, 0.03083981194539927
1086.0, 0.03158169021147781
1087.0, 0.03047472162248782
1088.0, 0.04084139296588162
1089.0, 0.04781872581700867
1090.0, 0.048169772761530276
1091.0, 0.05767102959692343
1092.0, 0.044335539805404424
1093.0, 0.028049075664991492
1094.0, 0.028064553122570498
1095.0, 0.04271119522339471
1096.0, 0.04707864817820811
1097.0, 0.051064232754011805
1098.0, 0.05068541234320764
1099.0, 0.04302011117978424
1100.0, 0.04522459809106606
1101.0, 0.04228746588525164
1102.0, 0.05057209767102466
1103.0, 0.03332243535316415
1104.0, 0.03198177546942427
1105.0, 0.026223299432029792
1106.0, 0.033286134252927264
1107.0, 0.028567123745144814
1108.0, 0.05221778099541472
1109.0, 0.05468132182826605
1110.0, 0.035566260184561035
1111.0, 0.020194174520174746
1112.0, 0.013128944504999593
1113.0, 0.018117665506581785
1114.0, 0.027278297322871573
1115.0, 0.024614476930845938
1116.0, 0.027299603994957143
1117.0, 0.02194958368046694
1118.0, 0.029671385998624594
1119.0, 0.02637340698793739
1120.0, 0.010604400379727354
1121.0, 0.01222346473959553
1122.0, 0.031058006763070203
1123.0, 0.015514057435898945
1124.0, 0.013768063436290816
1125.0, 0.012677284630747918
1126.0, 0.011678775264854103
1127.0, 0.02290146235307711
1128.0, 0.02676730169231505
1129.0, 0.019229900476571984
1130.0, 0.009295993601171736
1131.0, 0.006689190045189694
1132.0, 0.007000191723813085
1133.0, 0.004475184570596795
1134.0, 0.006913633957868905
1135.0, 0.019081444220187545
1136.0, 0.024460011171266956
1137.0, 0.005714386568705633
1138.0, 0.004204461982485912
1139.0, 0.007528487755328178
1140.0, 0.0019788103814893897
1141.0, 0.012552712540194227
1142.0, 0.01760042309898077
1143.0, 0.014354337855486444
1144.0, 0.02285775250711851
1145.0, 0.011944911594877868
1146.0, 0.002411251231648966
1147.0, 0.00843991955581774
1148.0, 0.01806348693043963
1149.0, 0.004829241908311231
1150.0, 0.006056259658172809
1151.0, 0.030120165423313798
1152.0, 0.012434558460540503
1153.0, 0.003617841920185956
1154.0, 0.008046064822306616
1155.0, 0.004403938994610248
1156.0, 0.012135180685530364
1157.0, 0.016357628314445177
1158.0, 0.008475062935722031
1159.0, 0.012636424761662433
1160.0, 0.020633546101673828
1161.0, 0.017899707332776293
1162.0, 0.016144466848952446
1163.0, 0.007967465898067532
1164.0, 0.019168393751889282
1165.0, 0.02360279492345705
1166.0, 0.013235998659101621
1167.0, 0.02219605045186414
1168.0, 0.029324936580234218
1169.0, 0.006591578475761127
1170.0, 0.0031651762327784753
1171.0, 0.006859945427448734
1172.0, 0.01948037509481646
1173.0, 0.03182016698271446
1174.0, 0.022879612869585602
1175.0, 0.02190471943622682
1176.0, 0.03126651863569
1177.0, 0.023633970829924324
1178.0, 0.01986792432984085
1179.0, 0.02355573314148584
1180.0, 0.01611066460558609
1181.0, 0.030271142264591343
1182.0, 0.01585379040127572
1183.0, 0.009047442032329083
1184.0, 0.032753001405745434
1185.0, 0.03834659947316294
1186.0, 0.023176408019431747
1187.0, 0.0268407215052866
1188.0, 0.030352258227204835
1189.0, 0.03296041532504677
1190.0, 0.02938110463186352
1191.0, 0.019373010128879726
1192.0, 0.036775551567104464
1193.0, 0.04596283085344788
1194.0, 0.03766093862561059
1195.0, 0.011447496572998383
1196.0, 0.02058674520557361
1197.0, 0.048194412365090096
1198.0, 0.0284505192832721
1199.0, 0.028338926077743513
1200.0, 0.014711368325351347
1201.0, 0.02126434403026734
1202.0, 0.029686727401691492
1203.0, 0.03633519499704009
1204.0, 0.03556191000170013
1205.0, 0.037532381822863545
1206.0, 0.022638426755032724
1207.0, 0.02394028780602362
1208.0, 0.03499126506139438
1209.0, 0.03791746687647836
1210.0, 0.010282322392205301
1211.0, 0.015973569688616688
1212.0, 0.025332276705986655
1213.0, 0.02345925292546939
1214.0, 0.030222118167155743
1215.0, 0.03145757556482004
1216.0, 0.01846798828855091
1217.0, 0.015873660386498227
1218.0, 0.02338633692571302
1219.0, 0.013234327247511158
1220.0, 0.00325552627428889
1221.0, 0.0022608980688590143
1222.0, 0.007022683952635881
1223.0, 0.003222095562092717
1224.0, 0.011570397342259361
1225.0, 0.00858149846020413
1226.0, 0.01116861842113912
1227.0, 0.015383715463890195
1228.0, 0.022535301236872644
1229.0, 0.02201381968077902
1230.0, 0.02119801765086313
1231.0, 0.015629084850611357
1232.0, 0.002914285909045279
1233.0, 0.00995020974031852
1234.0, 0.022479614867890813
1235.0, 0.0072470248218295215
1236.0, 0.017415368912478055
1237.0, 0.026329058769185305
1238.0, 0.017055084746581017
1239.0, 0.008073985626105274
1240.0, 0.010477936774638586
1241.0, 0.01964196213782711
1242.0, 0.022853181766907336
1243.0, 0.015969557058556225
1244.0, 0.005568004080808186
1245.0, 0.0072882367596481335
1246.0, 0.017416815052812666
1247.0, 0.03037125246642736
1248.0, 0.01002924897119353
1249.0, 0.02247927316037241
1250.0, 0.015588287891021903
1251.0, 0.027385301861076534
1252.0, 0.028312775733393497
1253.0, 0.02777195441468949
1254.0, 0.019704379419142715
1255.0, 0.030516216123316616
1256.0, 0.01138860801508419
1257.0, 0.0035862035151729512
1258.0, 0.0020608421804516014
1259.0, 0.0015559485701351625
1260.0, 0.017279443497993412
1261.0, 0.019413340534626206
1262.0, 0.019693751454902365
1263.0, 0.023184170487623574
1264.0, 0.01807257747272471
1265.0, 0.013436440353187506
1266.0, 0.01797685151226897
1267.0, 0.03804223526741119
1268.0, 0.04745568612827217
1269.0, 0.02960469464345549
1270.0, 0.027870177690704552
1271.0, 0.02211655244853463
1272.0, 0.001939690427882379
1273.0, 0.02267855436965411
1274.0, 0.032331001944138085
1275.0, 0.01982992288084271
1276.0, 0.02049707789074498
1277.0, 0.009596675386539341
1278.0, 0.0172888003581553
1279.0, 0.017209017526231513
1280.0, 0.004681361145055555
1281.0, 0.002226502943333028
1282.0, 0.003848806367111481
1283.0, 0.013843918090771904
1284.0, 0.01016553786610812
1285.0, 0.01924104097964149
1286.0, 0.004361886299173814
1287, 0.0
1288, 0.0
1289, 0.0
1290, 0.0
1291, 0.0
1292, 0.0
1293, 0.0
1294, 0.0
1295, 0.0
1296, 0.0
1297, 0.0
1298, 0.0
1299, 0.0
1300, 0.0
1301, 0.0
1302, 0.0
1303, 0.0
1304, 0.0
1305, 0.0
1306, 0.0
1307, 0.0
1308, 0.0
1309, 0.0
1310, 0.0
1311, 0.0
1312, 0.0
1313, 0.0
1314, 0.0
1315, 0.0
1316, 0.0
1317, 0.0
1318, 0.0
1319, 0.0
1320, 0.0
1321, 0.0
1322, 0.0
1323, 0.0
1324, 0.0
1325, 0.0
1326, 0.0
1327, 0.0
1328, 0.0
1329, 0.0
1330, 0.0
1331, 0.0
1332, 0.0
1333, 0.0
1334, 0.0
1335, 0.0
1336, 0.0
1337, 0.0
1338, 0.0
1339, 0.0
1340, 0.0
1341, 0.0
1342, 0.0
1343, 0.0
1344, 0.0
1345, 0.0
1346, 0.0
1347, 0.0
1348, 0.0
1349, 0.0
1350, 0.0
1351, 0.0
1352, 0.0
1353, 0.0
1354, 0.0
1355, 0.0
1356, 0.0
1357, 0.0
1358, 0.0
1359, 0.0
1360, 0.0
1361, 0.0
1362, 0.0
1363, 0.0
1364, 0.0
1365, 0.0
1366, 0.0
1367, 0.0
1368, 0.0
1369, 0.0
1370, 0.0
1371, 0.0
1372, 0.0
1373, 0.0
1374, 0.0
1375, 0.0
1376, 0.0
1377, 0.0
1378, 0.0
1379, 0.0
1380, 0.0
1381, 0.0
1382, 0.0
1383, 0.0
1384, 0.0
1385, 0.0
1386, 0.0
1387, 0.0
1388, 0.0
1389, 0.0
1390, 0.0
1391, 0.0
1392, 0.0
1393, 0.0
1394, 0.0
1395, 0.0
1396, 0.0
1397, 0.0
1398, 0.0
1399, 0.0
1400, 0.0
1401, 0.0
1402, 0.0
1403, 0.0
1404, 0.0
1405, 0.0
1406, 0.0
1407, 0.0
1408, 0.0
1409, 0.0
1410, 0.0
1411, 0.0
1412, 0.0
1413, 0.0
1414, 0.0
1415, 0.0
1416, 0.0
1417, 0.0
1418, 0.0
1419, 0.0
1420, 0.0
1421, 0.0
1422, 0.0
1423, 0.0
1424, 0.0
1425, 0.0
1426, 0.0
1427, 0.0
1428, 0.0
1429, 0.0
1430, 0.0
1431, 0.0
1432, 0.0
1433, 0.0
1434, 0.0
1435, 0.0
1436, 0.0
1437, 0.0
1438, 0.0
1439, 0.0
1440, 0.0
1441, 0.0
1442, 0.0
1443, 0.0
1444, 0.0
1445, 0.0
1446, 0.0
1447, 0.0
1448, 0.0
1449, 0.0
1450, 0.0
1451, 0.0
1452, 0.0
1453, 0.0
1454, 0.0
1455, 0.0
1456, 0.0
1457, 0.0
1458, 0.0
1459, 0.0
1460, 0.0
1461, 0.0
1462, 0.0
1463, 0.0
1464, 0.0
1465, 0.0
1466, 0.0
1467, 0.0
1468, 0.0
1469, 0.0
1470, 0.0
1471, 0.0
1472, 0.0
1473, 0.0
1474, 0.0
1475, 0.0
1476, 0.0
1477, 0.0
1478, 0.0
1479, 0.0
1480, 0.0
1481, 0.0
1482, 0.0
1483, 0.0
1484, 0.0
1485, 0.0
1486, 0.0
1487, 0.0
1488, 0.0
1489, 0.0
1490, 0.0
1491, 0.0
1492, 0.0
1493, 0.0
1494, 0.0
1495, 0.0
1496, 0.0
1497, 0.0
1498, 0.0
1499, 0.0
1500, 0.0
1501, 0.0
1502, 0.0
1503, 0.0
1504, 0.0
1505, 0.0
1506, 0.0
1507, 0.0
1508, 0.0
1509, 0.0
1510, 0.0
1511, 0.0
1512, 0.0
1513, 0.0
1514, 0.0
1515, 0.0
1516, 0.0
1517, 0.0
1518, 0.0
1519, 0.0
1520, 0.0
1521, 0.0
1522, 0.0
1523, 0.0
1524, 0.0
1525, 0.0
1526, 0.0
1527, 0.0
1528, 0.0
1529, 0.0
1530, 0.0
1531, 0.0
1532, 0.0
1533, 0.0
1534, 0.0
1535, 0.0
1536, 0.0
1537, 0.0
1538, 0.0
1539, 0.0
1540, 0.0
1541, 0.0
1542, 0.0
1543, 0.0
1544, 0.0
1545, 0.0
1546, 0.0
1547, 0.0
1548, 0.0
1549, 0.0
1550, 0.0
1551, 0.0
1552, 0.0
1553, 0.0
1554, 0.0
1555, 0.0
1556, 0.0
1557, 0.0
1558, 0.0
1559, 0.0
1560, 0.0
1561, 0.0
1562, 0.0
1563, 0.0
1564, 0.0
1565, 0.0
1566, 0.0
1567, 0.0
1568, 0.0
1569, 0.0
1570, 0.0
1571, 0.0
1572, 0.0
1573, 0.0
1574, 0.0
1575, 0.0
1576, 0.0
1577, 0.0
1578, 0.0
1579, 0.0
1580, 0.0
1581, 0.0
1582, 0.0
1583, 0.0
1584, 0.0
1585, 0.0
1586, 0.0
1587, 0.0
1588, 0.0
1589, 0.0
1590, 0.0
1591, 0.0
1592, 0.0
1593, 0.0
1594, 0.0
1595, 0.0
1596, 0.0
1597, 0.0
1598, 0.0
1599, 0.0
