30, 0.0
31, 0.0
32, 0.0
33, 0.0
34, 0.0
35, 0.0
36, 0.0
37, 0.0
38, 0.0
39, 0.0
40, 0.0
41, 0.0
42, 0.0
43, 0.0
44, 0.0
45, 0.0
46, 0.0
47, 0.0
48, 0.0
49, 0.0
50, 0.0
51, 0.0
52, 0.0
53, 0.0
54, 0.0
55, 0.0
56, 0.0
57, 0.0
58, 0.0
59, 0.0
60, 0.0
61, 0.0
62, 0.0
63, 0.0
64, 0.0
65, 0.0
66, 0.0
67, 0.0
68, 0.0
69, 0.0
70, 0.0
71, 0.0
72, 0.0
73, 0.0
74, 0.0
75, 0.0
76, 0.0
77, 0.0
78, 0.0
79, 0.0
80, 0.0
81, 0.0
82, 0.0
83, 0.0
84, 0.0
85, 0.0
86, 0.0
87, 0.0
88, 0.0
89, 0.0
90, 0.0
91, 0.0
92, 0.0
93, 0.0
94, 0.0
95, 0.0
96, 0.0
97, 0.0
98, 0.0
99, 0.0
100, 0.0
101, 0.0
102, 0.0
103, 0.0
104, 0.0
105, 0.0
106, 0.0
107, 0.0
108, 0.0
109, 0.0
110, 0.0
111, 0.0
112, 0.0
113, 0.0
114, 0.0
115, 0.0
116, 0.0
117, 0.0
118, 0.0
119, 0.0
120, 0.0
121, 0.0
122, 0.0
123, 0.0
124, 0.0
125, 0.0
126, 0.0
127, 0.0
128, 0.0
129, 0.0
130, 0.0
131, 0.0
132, 0.0
133, 0.0
134, 0.0
135, 0.0
136, 0.0
137, 0.0
138, 0.0
139, 0.0
140, 0.0
141, 0.0
142, 0.0
143, 0.0
144, 0.0
145, 0.0
146, 0.0
147, 0.0
148, 0.0
149, 0.0
150, 0.0
151, 0.0
152, 0.0
153, 0.0
154, 0.0
155, 0.0
156, 0.0
157, 0.0
158, 0.0
159, 0.0
160, 0.0
161, 0.0
162, 0.0
163, 0.0
164, 0.0
165, 0.0
166, 0.0
167, 0.0
168, 0.0
169, 0.0
170, 0.0
171, 0.0
172, 0.0
173, 0.0
174, 0.0
175, 0.0
176, 0.0
177, 0.0
178, 0.0
179, 0.0
180, 0.0
181, 0.0
182, 0.0
183, 0.0
184, 0.0
185.0, 0.0007295342354440217
186.0, 0.0027782183190953992
187.0, 0.0051215127483343545
188.0, 0.001995325252274519
189.0, 0.00028004708053451077
190.0, 0.005714523457313096
191.0, 0.007172896976770672
192.0, 0.00687646488882813
193.0, 0.010030571246894632
194.0, 0.003851453605776694
195.0, 0.009885984549042885
196.0, 0.01862731257951984
197.0, 0.021392812817013836
198.0, 0.022094886249897944
199.0, 0.02082666734082453
200.0, 0.019890651385756346
201.0, 0.020201690503884345
202.0, 0.02174871733391763
203.0, 0.026035607551340496
204.0, 0.025907648697878177
205.0, 0.02571789342934306
206.0, 0.028880043554297827
207.0, 0.02603270980560137
208.0, 0.026843633184679173
209.0, 0.025486139536599867
210.0, 0.021667821981365732
211.0, 0.025936229923414298
212.0, 0.02551052961626199
213.0, 0.02392760850006388
214.0, 0.019348500946211745
215.0, 0.01229814999196307
216.0, 0.014884400499958737
217.0, 0.013859201698820328
218.0, 0.014237728026416829
219.0, 0.016394082177273003
220.0, 0.008088837533870682
221.0, 0.004393428560882676
222.0, 0.0018107059518425415
223.0, 0.0014237719478463115
224.0, 0.006514938540602473
225.0, 0.004452830761271774
226.0, 0.0015389942588827181
227.0, 0.00046783072183775344
228.0, 0.00071384243256361
229.0, 0.0008063713213006049
230.0, 0.0005251613208904423
231.0, 0.0016980049707297088
232.0, 0.0008545089096576691
233.0, 0.003245121791524631
234.0, 0.0007299232372488472
235.0, 0.0018326220826670046
236.0, 0.0033640769572180524
237.0, 0.0009093247575030082
238.0, 0.0013787017329788195
239.0, 0.006340509784797406
240.0, 0.003861316129150595
241.0, 0.0032472448061702792
242.0, 0.0006484353357504147
243.0, 0.001403092800544172
244.0, 0.001337666507893335
245.0, 0.0010191657885909445
246.0, 0.0029579666494503657
247.0, 0.0012190632128051217
248.0, 0.0048704767160879505
249.0, 0.005884381238056758
250.0, 0.006368707857055917
251.0, 0.010852134901323696
252.0, 0.010966663103716762
253.0, 0.011766513192868708
254.0, 0.014692559932616056
255.0, 0.01924719884890489
256.0, 0.0251545686067682
257.0, 0.027325340073635244
258.0, 0.03369305946818814
259.0, 0.04416142479906408
260.0, 0.051101694450616277
261.0, 0.05378964303979063
262.0, 0.05712955303435367
263.0, 0.06250558167211132
264.0, 0.06794733711256845
265.0, 0.06525224177400953
266.0, 0.06536077199470243
267.0, 0.06286504096678024
268.0, 0.05907056390733927
269.0, 0.06002621444410827
270.0, 0.05404275795078649
271.0, 0.048036859526616627
272.0, 0.0439534053578771
273.0, 0.04040108437675517
274.0, 0.035973095211851616
275.0, 0.03741004591280528
276.0, 0.03719818661786633
277.0, 0.034800052199083165
278.0, 0.03387749860441296
279.0, 0.03313696169542267
280.0, 0.0341838866895844
281.0, 0.03599420267336186
282.0, 0.03704407600627955
283.0, 0.03689544841099022
284.0, 0.03841473921139767
285.0, 0.04031559115114022
286.0, 0.03835460794823185
287.0, 0.032762490435979466
288.0, 0.037284386711861246
289.0, 0.038455978168640076
290.0, 0.03887792852200246
291.0, 0.04169414569731432
292.0, 0.04634338852620056
293.0, 0.04632430740090368
294.0, 0.04277614522297878
295.0, 0.0440342533674558
296.0, 0.04793611331429648
297.0, 0.03976785555157795
298.0, 0.041854694579321935
299.0, 0.04684591927935557
300.0, 0.04555754815153124
301.0, 0.03924001514523063
302.0, 0.048767188846244924
303.0, 0.04232761757693751
304.0, 0.03958680198070204
305.0, 0.04338105180958855
306.0, 0.03443128417861342
307.0, 0.04095899735014616
308.0, 0.04293269042715579
309.0, 0.039775460256558155
310.0, 0.03932301627514903
311.0, 0.04287586427793627
312.0, 0.04744646072155035
313.0, 0.050525242841065916
314.0, 0.049592094000038625
315.0, 0.04610081077729276
316.0, 0.053809573880172185
317.0, 0.058558088177062664
318.0, 0.06078800601492163
319.0, 0.06293729328523019
320.0, 0.0657024911536564
321.0, 0.07117594190242704
322.0, 0.0773972253107125
323.0, 0.08162882287338025
324.0, 0.08314364897582906
325.0, 0.08511975340058947
326.0, 0.09038141537864898
327.0, 0.09207589567092042
328.0, 0.09183091586174795
329.0, 0.0953884760016755
330.0, 0.11105078828489266
331.0, 0.1088354960947715
332.0, 0.11348934297356483
333.0, 0.1254295101320151
334.0, 0.12287749094045167
335.0, 0.12031715128066232
336.0, 0.12330494588386795
337.0, 0.1215096506632537
338.0, 0.11232237407752634
339.0, 0.10720230258665714
340.0, 0.10153399494421186
341.0, 0.09110411548137864
342.0, 0.0813510317729923
343.0, 0.07582937256820554
344.0, 0.0660612702833724
345.0, 0.06044791544547828
346.0, 0.05531823487188608
347.0, 0.049413462454786325
348.0, 0.0450417430929542
349.0, 0.044438274161616095
350.0, 0.04270795399021547
351.0, 0.04030478855480939
352.0, 0.03870980923762711
353.0, 0.03819156464793524
354.0, 0.03791118492318577
355.0, 0.03382574214771512
356.0, 0.0335738649606148
357.0, 0.0360785153295292
358.0, 0.03093986811596143
359.0, 0.026810260775085585
360.0, 0.027335942244488945
361.0, 0.027599455531072525
362.0, 0.024620777524019966
363.0, 0.021647129626562605
364.0, 0.01736714727145783
365.0, 0.014402770526678143
366.0, 0.012152081407485296
367.0, 0.010063706078561184
368.0, 0.011079006258155125
369.0, 0.008412235736474155
370.0, 0.010491852215193631
371.0, 0.011134847939620801
372.0, 0.0027971688108813235
373.0, 0.005203242315584415
374.0, 0.0025226522507799487
375.0, 0.002397618146594136
376.0, 0.006609673791778617
377.0, 0.007956079255339149
378.0, 0.0015054865679314767
379.0, 0.002467229521222777
380.0, 0.004946812476647474
381.0, 0.0016565311688536465
382.0, 0.0025082412578527205
383.0, 0.00024543801104001954
384.0, 0.004011678142980412
385.0, 0.008886721859662631
386.0, 0.011612416478929891
387.0, 0.014895527956631429
388.0, 0.0128255073019396
389.0, 0.01665137224581946
390.0, 0.02285306227877451
391.0, 0.027474052380356027
392.0, 0.032303363798877216
393.0, 0.031105831759139016
394.0, 0.037317082755092865
395.0, 0.04266220046445005
396.0, 0.04117872219765202
397.0, 0.03702782551727678
398.0, 0.0360824816742591
399.0, 0.03786627080601635
400.0, 0.04148495925513112
401.0, 0.04407533812725019
402.0, 0.040663622237806736
403.0, 0.04494987236189627
404.0, 0.04108205751220155
405.0, 0.03968717434612499
406.0, 0.046806997798608016
407.0, 0.0444092824157119
408.0, 0.05338915262676679
409.0, 0.059396693791210986
410.0, 0.06327960745151752
411.0, 0.06967190683134283
412.0, 0.07395624971821058
413.0, 0.08404150321293845
414.0, 0.09387641547435052
415.0, 0.09596982266028872
416.0, 0.09620501849793214
417.0, 0.11213613667588801
418.0, 0.11444540752085391
419.0, 0.11883334160546932
420.0, 0.12094367548283948
421.0, 0.11613338920414845
422.0, 0.1177055937032097
423.0, 0.11007597351254655
424.0, 0.09739055545448091
425.0, 0.0869188687882938
426.0, 0.08043100836764344
427.0, 0.06947457110472861
428.0, 0.05795622984545411
429.0, 0.05162047179536251
430.0, 0.04421604553683832
431.0, 0.031814875437690494
432.0, 0.02367250822665804
433.0, 0.02371607300243561
434.0, 0.01831122110284402
435.0, 0.007867046682594431
436.0, 0.000933399574747182
437.0, 0.002337184893676878
438.0, 0.0004516832117951763
439.0, 0.0016007010361838612
440.0, 0.0011692796399044446
441.0, 0.00045854854140876816
442.0, 0.0021871567778273928
443.0, 0.0005543818770076793
444.0, 0.00024224087570734012
445.0, 0.0032208935979511095
446.0, 0.007904554384844867
447.0, 0.006750614791645065
448.0, 0.00392933565697769
449.0, 0.010204645807939589
450.0, 0.011993460200818274
451.0, 0.012666013386217326
452.0, 0.016321291761083954
453.0, 0.02536907585310047
454.0, 0.030301484409208126
455.0, 0.03853905076027141
456.0, 0.050168145690349476
457.0, 0.05700928488795535
458.0, 0.06782508452486297
459.0, 0.0855245933249606
460.0, 0.09899572822936181
461.0, 0.11516990744017526
462.0, 0.142196036729958
463.0, 0.15225022606237512
464.0, 0.1466040319203048
465.0, 0.1343330018610967
466.0, 0.11964309511201611
467.0, 0.10219282737962082
468.0, 0.07959374248087187
469.0, 0.06317518847152566
470.0, 0.05103563248585001
471.0, 0.04165172986889443
472.0, 0.03352757238600784
473.0, 0.02392264750875193
474.0, 0.025265470005228694
475.0, 0.023741054130631205
476.0, 0.019970955197691848
477.0, 0.019709271903301295
478.0, 0.021135488717958117
479.0, 0.019341471192541766
480.0, 0.010548895847766495
481.0, 0.0085304341177474
482.0, 0.014703288317917911
483.0, 0.013149889284298612
484.0, 0.005185533874674552
485.0, 0.0076808566401221166
486.0, 0.010713145115315913
487.0, 0.008376450835088265
488.0, 0.005510366220087987
489.0, 0.0070035629374749706
490.0, 0.006619857184782452
491.0, 0.006497942432141453
492.0, 0.011208392666017539
493.0, 0.017662228469516032
494.0, 0.007827051913984038
495.0, 0.009402800483105947
496.0, 0.014727699004601118
497.0, 0.01631202275504318
498.0, 0.013163842559555819
499.0, 0.008104361632492247
500.0, 0.012958393416469961
501.0, 0.01269490419225992
502.0, 0.01312508329556918
503.0, 0.01704741875616961
504.0, 0.017219100246390052
505.0, 0.01907571247939902
506.0, 0.021429585620158346
507.0, 0.021961419051211576
508.0, 0.025842349137134117
509.0, 0.03775870713291945
510.0, 0.04516180733270646
511.0, 0.05433898276785189
512.0, 0.05740701959889892
513.0, 0.05818048257589939
514.0, 0.06514682816499419
515.0, 0.07658595995061107
516.0, 0.07675099194448083
517.0, 0.08500040642232143
518.0, 0.09014690314070463
519.0, 0.08730182065146913
520.0, 0.08980639029769735
521.0, 0.08595615685504647
522.0, 0.08333031325109308
523.0, 0.07820075199549185
524.0, 0.07324725685845855
525.0, 0.07138030751746605
526.0, 0.05927187993929263
527.0, 0.05197604070127368
528.0, 0.05083761752972214
529.0, 0.0458560529948104
530.0, 0.035070791781542474
531.0, 0.030662473958234595
532.0, 0.025107587080025397
533.0, 0.023182478335122134
534.0, 0.021976184481158203
535.0, 0.019668782579061406
536.0, 0.017364286051329145
537.0, 0.017248159110633515
538.0, 0.017349432311994782
539.0, 0.014795308288547223
540.0, 0.011496059039951797
541.0, 0.010001353352596637
542.0, 0.008100617275523173
543.0, 0.010731731564302856
544.0, 0.010803518261099904
545.0, 0.009036065612943187
546.0, 0.009304483801178518
547.0, 0.01432578466287782
548.0, 0.014607972354359568
549.0, 0.014597981268597843
550.0, 0.013444159542678327
551.0, 0.015109260466561693
552.0, 0.019740978519049306
553.0, 0.014936212414616405
554.0, 0.017382913910501466
555.0, 0.012118148323116574
556.0, 0.007748101386082598
557.0, 0.009232627603785497
558.0, 0.0069389950707661845
559.0, 0.009340522841350838
560.0, 0.009339795940398429
561.0, 0.005268638289577244
562.0, 0.004472888592589449
563.0, 0.010930710180918936
564.0, 0.009451334155815646
565.0, 0.011229989448717122
566.0, 0.006156319321399898
567.0, 0.0025927433902634485
568.0, 0.003966385961368083
569.0, 0.0021964885062920048
570.0, 0.004575877512845471
571.0, 0.00916871597225201
572.0, 0.007969583840740795
573.0, 0.00674407204613402
574.0, 0.009451190010728963
575.0, 0.004028763350547128
576.0, 0.008497029507146862
577.0, 0.011386679607259028
578.0, 0.010109991705125266
579.0, 0.0057793434436470325
580.0, 0.0016521573770660208
581.0, 0.004212189230876129
582.0, 0.004326475735885176
583.0, 0.002222502208249076
584.0, 0.004627270715360012
585.0, 0.0015024787633614032
586.0, 0.0007742812526257953
587.0, 0.001723986837876879
588.0, 0.0008370934591428356
589.0, 0.004213023641994878
590.0, 0.0032141599934508913
591.0, 0.00146936371184895
592.0, 0.0009426646260304592
593.0, 0.005041546189644184
594.0, 0.0021220765929945585
595.0, 0.0014028353068396273
596.0, 0.005431877131726166
597.0, 0.00577273687903764
598.0, 0.0034743536659944257
599.0, 0.0003330552172605171
600.0, 0.002129252659555634
601.0, 0.002690595002623041
602.0, 0.003409505882931935
603.0, 0.0024204007285804035
604.0, 0.006887919941956329
605.0, 0.0028563530471118117
606.0, 0.0021034875520875946
607.0, 0.0034543780726069328
608.0, 0.0063527719232931166
609.0, 0.00686566784673337
610.0, 0.001648223710852142
611.0, 0.0028022298832808003
612.0, 0.008646324030599428
613.0, 0.010121208123319512
614.0, 0.007783735902367787
615.0, 0.00655876526361465
616.0, 0.011285407546822498
617.0, 0.01577172885342939
618.0, 0.016378940464786506
619.0, 0.012931387034195467
620.0, 0.009601962773255717
621.0, 0.0171304155391772
622.0, 0.018300178235505046
623.0, 0.023256367798522665
624.0, 0.029691576167833602
625.0, 0.0306437371527078
626.0, 0.027104111137362108
627.0, 0.034317417528525546
628.0, 0.03773817970258304
629.0, 0.03804253765379428
630.0, 0.041705033571047614
631.0, 0.051531401031877436
632.0, 0.06148048675173828
633.0, 0.061218054915590736
634.0, 0.06837753397712923
635.0, 0.0746205241411188
636.0, 0.08351001289824035
637.0, 0.09877530455384166
638.0, 0.10512539688117631
639.0, 0.12145998732321023
640.0, 0.14189312522876674
641.0, 0.15945527245954547
642.0, 0.17806424427823422
643.0, 0.2007838838500888
644.0, 0.21478897893702473
645.0, 0.23900088337446743
646.0, 0.2779223995027244
647.0, 0.31468443213600694
648.0, 0.3460529072555885
649.0, 0.38261247995687964
650.0, 0.4246243697681433
651.0, 0.4648400131837378
652.0, 0.5056304129190923
653.0, 0.5471847332825481
654.0, 0.5879245525508785
655.0, 0.6297696350945843
656.0, 0.6795056472336718
657.0, 0.7154099939989234
658.0, 0.7607719144461684
659.0, 0.8005928986884158
660.0, 0.8351192953237143
661.0, 0.8794976478248961
662.0, 0.9141106178429401
663.0, 0.9504448742920608
664.0, 0.9827647216223727
665.0, 0.9979048742996014
666.0, 0.9988315086878484
667.0, 0.9944421094362291
668.0, 0.9644812440633177
669.0, 0.9196063192689775
670.0, 0.8573212519239376
671.0, 0.7820758344083424
672.0, 0.7039067015510047
673.0, 0.6265196490182947
674.0, 0.5425487401723017
675.0, 0.4836951936759079
676.0, 0.4172142316006268
677.0, 0.3656992614751192
678.0, 0.32820373800551195
679.0, 0.2820105175031433
680.0, 0.24234651549244657
681.0, 0.2216758595766067
682.0, 0.20569033146752605
683.0, 0.18649731611016146
684.0, 0.16912098559114905
685.0, 0.15861447952756985
686.0, 0.14644496898523834
687.0, 0.1499101818812633
688.0, 0.14185512928370578
689.0, 0.13792687117389402
690.0, 0.13838872909206865
691.0, 0.13502312279203527
692.0, 0.1396672882039486
693.0, 0.13503552407725866
694.0, 0.1414396486470772
695.0, 0.14509120616730586
696.0, 0.14121561075489605
697.0, 0.13762347560310187
698.0, 0.14323257482830035
699.0, 0.1377150898102115
700.0, 0.13162854674558627
701.0, 0.12580627362264155
702.0, 0.12088496682392542
703.0, 0.11460409609179276
704.0, 0.10359662102413779
705.0, 0.09977340949037927
706.0, 0.0857039275916428
707.0, 0.07860107322821157
708.0, 0.07095082384029996
709.0, 0.05819832898083823
710.0, 0.05039377028272781
711.0, 0.04715578923539151
712.0, 0.047605705948574
713.0, 0.04182204012744611
714.0, 0.03693816118683842
715.0, 0.037874214148600906
716.0, 0.0399583313666228
717.0, 0.037887381052858146
718.0, 0.029213943342194425
719.0, 0.02869969369821474
720.0, 0.027504163972545126
721.0, 0.025105053839331048
722.0, 0.02607161950727203
723.0, 0.02573223019342382
724.0, 0.020119416413881545
725.0, 0.017893902142658163
726.0, 0.018925965365728274
727.0, 0.01799993284399491
728.0, 0.016979019372713088
729.0, 0.019474763843186547
730.0, 0.01453761906225701
731.0, 0.017782881441514475
732.0, 0.014220096760694759
733.0, 0.010766939691748127
734.0, 0.011527928080290873
735.0, 0.01144595440002001
736.0, 0.007926440950860203
737.0, 0.008336127963114113
738.0, 0.006590501000360531
739.0, 0.006141013176725767
740.0, 0.0059132132903003615
741.0, 0.0059197684493895375
742.0, 0.01001246485510585
743.0, 0.009861034370546229
744.0, 0.012138765732304387
745.0, 0.01093330637959525
746.0, 0.009215224479917612
747.0, 0.00923191571153603
748.0, 0.008476624455806384
749.0, 0.005794345198762246
750.0, 0.0015985388121182828
751.0, 0.004352677592260384
752.0, 0.004446950574233287
753.0, 0.004551317285039138
754.0, 0.006383462957433661
755.0, 0.0020048347489739836
756.0, 0.007704970196709066
757.0, 0.0025183011210959754
758.0, 0.0034097834719184136
759.0, 0.005676347812530037
760.0, 0.0003044026104325431
761.0, 0.003980805951132196
762.0, 0.0008617984655337743
763.0, 0.006281079781175347
764.0, 0.004245680270611541
765.0, 0.001710902718214654
766.0, 0.0010422834670515068
767.0, 0.001544871665029148
768.0, 0.003188860848058022
769.0, 0.002213878204513573
770.0, 0.0026804322410456534
771.0, 0.0010918437218909124
772.0, 0.002219647254831569
773.0, 0.0006273962094083453
774.0, 0.0024263473888755855
775.0, 0.0031504114568247864
776.0, 0.004245993426960091
777.0, 0.0010505801695983702
778.0, 0.0009594244885826524
779.0, 0.0019185205940203402
780.0, 0.0015910345705350197
781.0, 0.006625396153360541
782.0, 0.005309992865095559
783.0, 0.002594049650500045
784.0, 0.003974854550463172
785.0, 0.012273069965638057
786.0, 0.016485304020810155
787.0, 0.0132959907908994
788.0, 0.014020365259384292
789.0, 0.01712911924181158
790.0, 0.008999686428756141
791.0, 0.007440291153122658
792.0, 0.014209225969393455
793.0, 0.01733331497582097
794.0, 0.013494203080269359
795.0, 0.013469493460768738
796.0, 0.009881870998043487
797.0, 0.011333199698081746
798.0, 0.016618010931047422
799.0, 0.01573357934466148
800.0, 0.011086165092061074
801.0, 0.013734518029133638
802.0, 0.023137125911121065
803.0, 0.020851964082721774
804.0, 0.016804122264970803
805.0, 0.014891457552544441
806.0, 0.014238069813248499
807.0, 0.01633229211624175
808.0, 0.020416606901738847
809.0, 0.0180094904934576
810.0, 0.017947850802796886
811.0, 0.012206215701503528
812.0, 0.009387255426412661
813.0, 0.012794018945733041
814.0, 0.015295123231568697
815.0, 0.013403930007977212
816.0, 0.017173813681518428
817.0, 0.015623705755213886
818.0, 0.013781386423471095
819.0, 0.015059761877877468
820.0, 0.01213015664503949
821.0, 0.010044399070408038
822.0, 0.018530664198289595
823.0, 0.011655933794025958
824.0, 0.008510576539121345
825.0, 0.0032493064591991513
826.0, 9.335892231255175e-05
827.0, 0.0025611298691099607
828.0, 0.007597726111064193
829.0, 0.008706877164255323
830.0, 0.00433891418269092
831.0, 0.004845828197460429
832.0, 0.0024062598495332398
833.0, 0.0013021026679030667
834.0, 0.0015942797187734558
835.0, 0.0018783347849225455
836.0, 0.0007948555612327329
837.0, 0.007027540816075877
838.0, 0.008184717973523312
839.0, 0.002554729255684701
840.0, 5.772518810697383e-05
841.0, 0.0008277750122388717
842.0, 0.0019104826961571795
843.0, 0.010655302792756727
844.0, 0.007474796010682159
845.0, 0.004474650697869053
846.0, 0.005822230921091126
847.0, 0.010484633376421337
848.0, 0.006087331169164031
849.0, 0.001891416686918601
850.0, 0.008603838334687653
851.0, 0.0078359688904767
852.0, 0.012564181865297095
853.0, 0.017897623004359372
854.0, 0.019737676956250456
855.0, 0.013284513338405843
856.0, 0.010202934011759939
857.0, 0.018898602326122664
858.0, 0.02178992472676702
859.0, 0.026433299095792617
860.0, 0.02692690958713026
861.0, 0.030117474073128456
862.0, 0.03408437985565097
863.0, 0.03768344400187044
864.0, 0.04356915830715717
865.0, 0.049001420895353524
866.0, 0.040995293975958066
867.0, 0.04467007663360453
868.0, 0.050862687465898775
869.0, 0.05433477331028233
870.0, 0.053510595418284734
871.0, 0.05139974996860342
872.0, 0.05340831159099471
873.0, 0.05495272108379738
874.0, 0.04591179692580879
875.0, 0.04975574130181063
876.0, 0.05467814184394419
877.0, 0.04922822279950186
878.0, 0.043576868249398035
879.0, 0.04517268130871589
880.0, 0.038999649398254975
881.0, 0.031980587816613205
882.0, 0.025463445720908494
883.0, 0.029280253027280018
884.0, 0.02774858079963842
885.0, 0.022724464835691256
886.0, 0.022310049463357785
887.0, 0.019428345846190867
888.0, 0.012309177898685918
889.0, 0.02039025438025802
890.0, 0.020516890551342596
891.0, 0.016184400861565928
892.0, 0.013335076123142898
893.0, 0.010327629220959748
894.0, 0.010790386378906664
895.0, 0.028023776472856782
896.0, 0.01966622238839557
897.0, 0.021624458609363944
898.0, 0.012466445035676638
899.0, 0.0063857896712757635
900.0, 0.010982439776470766
901.0, 0.0150347312751634
902.0, 0.011339056083808927
903.0, 0.010456123377841593
904.0, 0.0073341319101256405
905.0, 0.003236730607816983
906.0, 0.0009351477776616016
907.0, 0.005414329948536299
908.0, 0.0074364376165234935
909.0, 0.005797151163377667
910.0, 0.0067710047970033806
911.0, 0.006359314950533744
912.0, 0.000777716494306875
913.0, 0.00241891598410659
914.0, 0.002310139971848305
915.0, 0.002076861939574013
916.0, 0.0027630992273594353
917.0, 0.009327727820974317
918.0, 0.005854227819439078
919.0, 0.0011432701188234238
920.0, 0.003046678802007835
921.0, 0.000719144926987839
922.0, 0.001938061598015114
923.0, 0.0035456513035154623
924.0, 0.005829330053478956
925.0, 0.003439858568284237
926.0, 0.005477613073862248
927.0, 0.013798542726029865
928.0, 0.015088535464557669
929.0, 0.016815475938532626
930.0, 0.01937787382992339
931.0, 0.022603844068359417
932.0, 0.028292341184602953
933.0, 0.03150480959442373
934.0, 0.024008263296270507
935.0, 0.030145572626498803
936.0, 0.02542610159231699
937.0, 0.018453530116259307
938.0, 0.021285126561862794
939.0, 0.0276441680063948
940.0, 0.028054609420776665
941.0, 0.026485087582236742
942.0, 0.027198653607524763
943.0, 0.02956403983678397
944.0, 0.03379766933450637
945.0, 0.03480097037864861
946.0, 0.04360014432000824
947.0, 0.053900951929293145
948.0, 0.0560842485986739
949.0, 0.05900242561956498
950.0, 0.061690027995863504
951.0, 0.07031300183245066
952.0, 0.08329985010578937
953.0, 0.09711508277905948
954.0, 0.11040471190121275
955.0, 0.12052079208494751
956.0, 0.12995154994529987
957.0, 0.14782827541345078
958.0, 0.17280251438369623
959.0, 0.1960742102259144
960.0, 0.21288136594380905
961.0, 0.23882700422631467
962.0, 0.26504585926718155
963.0, 0.294399623353211
964.0, 0.3281657393745239
965.0, 0.35736203470545236
966.0, 0.3903016300890855
967.0, 0.40327418630470174
968.0, 0.4317230004334042
969.0, 0.4598270159185789
970.0, 0.4816355282480133
971.0, 0.49835065701946424
972.0, 0.5108129640322042
973.0, 0.5151181211262803
974.0, 0.5064577638985522
975.0, 0.49974381304521237
976.0, 0.4931676812213007
977.0, 0.48210438455789617
978.0, 0.46941633746138256
979.0, 0.460043969699325
980.0, 0.4537985265284893
981.0, 0.44658740907801775
982.0, 0.44034958813928465
983.0, 0.44482046666587166
984.0, 0.44204077096380934
985.0, 0.44661634958261676
986.0, 0.4501407853772849
987.0, 0.4617927932201162
988.0, 0.4815291565210708
989.0, 0.49222552736401187
990.0, 0.48958705833163657
991.0, 0.5026234019206122
992.0, 0.5169323987378164
993.0, 0.5175887970216021
994.0, 0.5184277047772322
995.0, 0.5167609067994949
996.0, 0.509128519924118
997.0, 0.4993536399192299
998.0, 0.4879575995449659
999.0, 0.4722664863720166
1000.0, 0.4632729113674876
1001.0, 0.43361560021775486
1002.0, 0.4201515948494898
1003.0, 0.409405037579951
1004.0, 0.39064119039945466
1005.0, 0.37286571875330016
1006.0, 0.36486874888681275
1007.0, 0.35907385045320284
1008.0, 0.34389279365520375
1009.0, 0.3380983848117744
1010.0, 0.33214536168675374
1011.0, 0.33161782691467445
1012.0, 0.32525577131724254
1013.0, 0.3223849966187769
1014.0, 0.322321541591146
1015.0, 0.31620791838354345
1016.0, 0.3063173843602035
1017.0, 0.29157607854887047
1018.0, 0.2749802592512005
1019.0, 0.2534505275003272
1020.0, 0.24027211386035394
1021.0, 0.22211053720697005
1022.0, 0.2037570558010141
1023.0, 0.18745274849443472
1024.0, 0.170906202819817
1025.0, 0.160443160873535
1026.0, 0.14022627899765952
1027.0, 0.12426067203589802
1028.0, 0.11126887864010523
1029.0, 0.10748338814573369
1030.0, 0.0922569212008482
1031.0, 0.08533755474887787
1032.0, 0.08345614249489564
1033.0, 0.07298408438313471
1034.0, 0.07735126250248198
1035.0, 0.06410249578382031
1036.0, 0.05514581786088352
1037.0, 0.05930519225497817
1038.0, 0.05243090499804048
1039.0, 0.04169400960877217
1040.0, 0.034560208189099835
1041.0, 0.025566849977563554
1042.0, 0.018878988983728574
1043.0, 0.023145102622092063
1044.0, 0.017597241514560137
1045.0, 0.015330789277659396
1046.0, 0.012684897211316567
1047.0, 0.013677451939087813
1048.0, 0.012628373153295664
1049.0, 0.008779456834248245
1050.0, 0.006195498833717806
1051.0, 0.004336597637728438
1052.0, 0.000581670649520403
1053.0, 0.001018696808725665
1054.0, 0.0018567379892899516
1055.0, 0.008220219658403041
1056.0, 0.005956769015435213
1057.0, 0.005523556341101366
1058.0, 0.003404088807368342
1059.0, 0.004657509565225798
1060.0, 0.0027557376814284044
1061.0, 0.007157934899536971
1062.0, 0.007500780710320926
1063.0, 0.004253665026354819
1064.0, 0.0008541328619339301
1065.0, 0.002103050359847199
1066.0, 0.0011299148686815135
1067.0, 0.00117238040965796
1068.0, 0.0043225711465917594
1069.0, 0.0022719527528881687
1070.0, 0.0034271667770980206
1071.0, 0.0011203019115977432
1072.0, 0.005215950391835011
1073.0, 0.015743738031169074
1074.0, 0.02095216512720537
1075.0, 0.022130514275072566
1076.0, 0.028717590374483754
1077.0, 0.03771005501854827
1078.0, 0.05088774748029741
1079.0, 0.061221751209662806
1080.0, 0.0628820060953372
1081.0, 0.0738445805636969
1082.0, 0.07622546729326758
1083.0, 0.08437269268569977
1084.0, 0.07692266704490436
1085.0, 0.08131919509321804
1086.0, 0.07651465928174724
1087.0, 0.07179334937816627
1088.0, 0.07063040916240382
1089.0, 0.06350857414055691
1090.0, 0.054744543565498675
1091.0, 0.041449266375925845
1092.0, 0.04696715291075543
1093.0, 0.04252576494630858
1094.0, 0.036468728513550513
1095.0, 0.03515660910182025
1096.0, 0.03735846032720351
1097.0, 0.03272132982275915
1098.0, 0.024810395571737098
1099.0, 0.02235877209496397
1100.0, 0.019647299579920136
1101.0, 0.02019419666044337
1102.0, 0.018552810118961365
1103.0, 0.019155169063638282
1104.0, 0.020362564834081
1105.0, 0.014262611326905515
1106.0, 0.01452351028729059
1107.0, 0.016932049670040406
1108.0, 0.011925270421016652
1109.0, 0.006360344525869015
1110.0, 0.007438621232135083
1111.0, 0.00960591376506754
1112.0, 0.0060939621933564355
1113.0, 0.005332531406619345
1114.0, 0.00445760168422756
1115.0, 0.003619236668642487
1116.0, 0.0011641802721041694
1117.0, 0.002363178432069925
1118.0, 0.002333697258570759
1119.0, 0.0017497970439503806
1120.0, 0.0009964594830674733
1121.0, 0.005954132259270178
1122.0, 0.007177426749511632
1123.0, 0.0011082278761689907
1124.0, 0.0036984505756328476
1125.0, 0.004056829188474142
1126.0, 0.01034391091446354
1127.0, 0.009608148255433113
1128.0, 0.007941017301705964
1129.0, 0.005369036932405762
1130.0, 0.0005197372321637813
1131.0, 0.0029480353680084483
1132.0, 0.011229693784635722
1133.0, 0.012347010941499923
1134.0, 0.010945649738646672
1135.0, 0.007853837328585996
1136.0, 0.01037082426861078
1137.0, 0.008296508835463842
1138.0, 0.006363580372108212
1139.0, 0.003940486966444563
1140.0, 0.0018848489117237995
1141.0, 0.012109135974275336
1142.0, 0.015350843303525602
1143.0, 0.006397467868317931
1144.0, 0.0021292310777291457
1145.0, 0.00879814420697522
1146.0, 0.009866569342094421
1147.0, 0.011523100044168481
1148.0, 0.009691519653945548
1149.0, 0.011227478493341526
1150.0, 0.017294399615294685
1151.0, 0.01667160944289862
1152.0, 0.013166258980425817
1153.0, 0.015985152561361748
1154.0, 0.007298618885295883
1155.0, 0.006634462334977273
1156.0, 0.012070616107547115
1157.0, 0.019174277710715806
1158.0, 0.013701422612853375
1159.0, 0.013596785487194339
1160.0, 0.020761925092866975
1161.0, 0.01971093133784897
1162.0, 0.013607077402514937
1163.0, 0.013151581221965058
1164.0, 0.017858724870040123
1165.0, 0.021130938373874114
1166.0, 0.017899988077406524
1167.0, 0.01752413928831713
1168.0, 0.01747424670706126
1169.0, 0.013421283555626166
1170.0, 0.014027350122538975
1171.0, 0.013373140007587199
1172.0, 0.009947198180668465
1173.0, 0.01346414548254845
1174.0, 0.015367047547689609
1175.0, 0.010702651388001305
1176.0, 0.00871976951206264
1177.0, 0.008750474128706177
1178.0, 0.006013635881386133
1179.0, 0.004848778308237914
1180.0, 0.003144285789960839
1181.0, 0.0014903156139841937
1182.0, 0.004609102059909296
1183.0, 0.009017850356111651
1184.0, 0.0059111265085408735
1185.0, 0.0021037579639378583
1186.0, 0.005986538311998569
1187.0, 0.0022608312909183225
1188.0, 0.002608044370785118
1189.0, 0.005911824966864226
1190.0, 0.009312393074875303
1191.0, 0.0016968649449928164
1192.0, 0.0065397041244581065
1193.0, 0.013702427494047934
1194.0, 0.011759830599973268
1195.0, 0.008946445804702299
1196.0, 0.010313704392964375
1197.0, 0.011091611247593905
1198.0, 0.01299765006960205
1199.0, 0.007222952059163979
1200.0, 0.009024139642510455
1201.0, 0.0017050350798784644
1202.0, 0.006104387495798091
1203.0, 0.017246880910172853
1204.0, 0.007492265937744941
1205.0, 0.0024872803935480697
1206.0, 0.004904588088056265
1207.0, 0.007045133518519718
1208.0, 0.011383731247787483
1209.0, 0.009417592978931352
1210.0, 0.007845649291538876
1211.0, 0.0039112524436660506
1212.0, 0.0082460619724338
1213.0, 0.006102786514886139
1214.0, 0.008261210698714746
1215.0, 0.0023795450229819604
1216.0, 0.0040691666016161
1217.0, 0.0015876775046250158
1218.0, 0.0002524408701994528
1219.0, 0.008903085121247819
1220.0, 0.013421536213609102
1221.0, 0.005543349029228372
1222.0, 0.00924263416243668
1223.0, 0.012102220115323019
1224.0, 0.008906929353413407
1225.0, 0.002258963710065621
1226.0, 0.005375074360459466
1227.0, 0.0033094082048277388
1228.0, 0.0018335761965944455
1229.0, 0.0036021412332481843
1230.0, 0.001281546504910468
1231.0, 0.0014746067869932716
1232.0, 0.007457968428424215
1233.0, 0.004707903404673652
1234.0, 0.0029036015193612975
1235.0, 0.006354523013986537
1236.0, 0.003766867351674429
1237.0, 0.008323129499998975
1238.0, 0.005898716844289196
1239.0, 0.0027665959633655797
1240.0, 0.007930963068492152
1241.0, 0.011154540670638605
1242.0, 0.004032051798410545
1243.0, 0.0036699558799343415
1244.0, 0.004243283438491106
1245.0, 0.002400166773737426
1246.0, 0.00045573164764663296
1247.0, 0.009467069570012974
1248.0, 0.0027521092036951363
1249.0, 0.0020574529486320453
1250.0, 0.002007585145770169
1251.0, 0.0008495587318074714
1252.0, 0.0050847980662338576
1253.0, 0.0037913660721569774
1254.0, 0.008382403534085838
1255.0, 0.01074461738458117
1256.0, 0.007080230708980736
1257.0, 0.005885410153596216
1258.0, 0.006870935161968306
1259.0, 0.005887746183387759
1260.0, 0.007032074471885611
1261.0, 0.011641633089307846
1262.0, 0.010438886219755186
1263.0, 0.007772442805442153
1264.0, 0.009891784808397058
1265.0, 0.0116979440406313
1266.0, 0.009125683420255902
1267.0, 0.009922627128208693
1268.0, 0.007064930783274203
1269.0, 0.002507036796628596
1270.0, 0.0064880551507259495
1271.0, 0.010703795815760957
1272.0, 0.008651038289076467
1273.0, 0.007450334623041669
1274.0, 0.006797142886913218
1275.0, 0.006667944817639598
1276.0, 0.01091057596992569
1277.0, 0.00642770742564487
1278.0, 0.002565136948653677
1279.0, 0.005252728830512495
1280.0, 0.009164323336635386
1281.0, 0.006417243265299983
1282.0, 0.009029922166125819
1283.0, 0.009918788856441815
1284.0, 0.00807647772781628
1285.0, 0.005418509917296937
1286.0, 0.004535535729001698
1287.0, 0.009279234331686707
1288.0, 0.012553774038143476
1289.0, 0.009093747945497062
1290.0, 0.00019058378367831582
1291.0, 0.0031204441584463246
1292.0, 0.004648903623399087
1293.0, 0.008071165859927424
1294.0, 0.009560679509829082
1295.0, 0.007032479871630632
1296.0, 0.013265771032281942
1297.0, 0.009528484583986224
1298.0, 0.002974601449591869
1299.0, 0.003954633756846107
1300.0, 0.007342737321054687
1301.0, 0.008716688091053299
1302.0, 0.007672304826418396
1303.0, 0.00427583793779493
1304.0, 0.0020497626824052496
1305.0, 0.0035126944889154335
1306, 0.0
1307, 0.0
1308, 0.0
1309, 0.0
1310, 0.0
1311, 0.0
1312, 0.0
1313, 0.0
1314, 0.0
1315, 0.0
1316, 0.0
1317, 0.0
1318, 0.0
1319, 0.0
1320, 0.0
1321, 0.0
1322, 0.0
1323, 0.0
1324, 0.0
1325, 0.0
1326, 0.0
1327, 0.0
1328, 0.0
1329, 0.0
1330, 0.0
1331, 0.0
1332, 0.0
1333, 0.0
1334, 0.0
1335, 0.0
1336, 0.0
1337, 0.0
1338, 0.0
1339, 0.0
1340, 0.0
1341, 0.0
1342, 0.0
1343, 0.0
1344, 0.0
1345, 0.0
1346, 0.0
1347, 0.0
1348, 0.0
1349, 0.0
1350, 0.0
1351, 0.0
1352, 0.0
1353, 0.0
1354, 0.0
1355, 0.0
1356, 0.0
1357, 0.0
1358, 0.0
1359, 0.0
1360, 0.0
1361, 0.0
1362, 0.0
1363, 0.0
1364, 0.0
1365, 0.0
1366, 0.0
1367, 0.0
1368, 0.0
1369, 0.0
1370, 0.0
1371, 0.0
1372, 0.0
1373, 0.0
1374, 0.0
1375, 0.0
1376, 0.0
1377, 0.0
1378, 0.0
1379, 0.0
1380, 0.0
1381, 0.0
1382, 0.0
1383, 0.0
1384, 0.0
1385, 0.0
1386, 0.0
1387, 0.0
1388, 0.0
1389, 0.0
1390, 0.0
1391, 0.0
1392, 0.0
1393, 0.0
1394, 0.0
1395, 0.0
1396, 0.0
1397, 0.0
1398, 0.0
1399, 0.0
1400, 0.0
1401, 0.0
1402, 0.0
1403, 0.0
1404, 0.0
1405, 0.0
1406, 0.0
1407, 0.0
1408, 0.0
1409, 0.0
1410, 0.0
1411, 0.0
1412, 0.0
1413, 0.0
1414, 0.0
1415, 0.0
1416, 0.0
1417, 0.0
1418, 0.0
1419, 0.0
1420, 0.0
1421, 0.0
1422, 0.0
1423, 0.0
1424, 0.0
1425, 0.0
1426, 0.0
1427, 0.0
1428, 0.0
1429, 0.0
1430, 0.0
1431, 0.0
1432, 0.0
1433, 0.0
1434, 0.0
1435, 0.0
1436, 0.0
1437, 0.0
1438, 0.0
1439, 0.0
1440, 0.0
1441, 0.0
1442, 0.0
1443, 0.0
1444, 0.0
1445, 0.0
1446, 0.0
1447, 0.0
1448, 0.0
1449, 0.0
1450, 0.0
1451, 0.0
1452, 0.0
1453, 0.0
1454, 0.0
1455, 0.0
1456, 0.0
1457, 0.0
1458, 0.0
1459, 0.0
1460, 0.0
1461, 0.0
1462, 0.0
1463, 0.0
1464, 0.0
1465, 0.0
1466, 0.0
1467, 0.0
1468, 0.0
1469, 0.0
1470, 0.0
1471, 0.0
1472, 0.0
1473, 0.0
1474, 0.0
1475, 0.0
1476, 0.0
1477, 0.0
1478, 0.0
1479, 0.0
1480, 0.0
1481, 0.0
1482, 0.0
1483, 0.0
1484, 0.0
1485, 0.0
1486, 0.0
1487, 0.0
1488, 0.0
1489, 0.0
1490, 0.0
1491, 0.0
1492, 0.0
1493, 0.0
1494, 0.0
1495, 0.0
1496, 0.0
1497, 0.0
1498, 0.0
1499, 0.0
1500, 0.0
1501, 0.0
1502, 0.0
1503, 0.0
1504, 0.0
1505, 0.0
1506, 0.0
1507, 0.0
1508, 0.0
1509, 0.0
1510, 0.0
1511, 0.0
1512, 0.0
1513, 0.0
1514, 0.0
1515, 0.0
1516, 0.0
1517, 0.0
1518, 0.0
1519, 0.0
1520, 0.0
1521, 0.0
1522, 0.0
1523, 0.0
1524, 0.0
1525, 0.0
1526, 0.0
1527, 0.0
1528, 0.0
1529, 0.0
1530, 0.0
1531, 0.0
1532, 0.0
1533, 0.0
1534, 0.0
1535, 0.0
1536, 0.0
1537, 0.0
1538, 0.0
1539, 0.0
1540, 0.0
1541, 0.0
1542, 0.0
1543, 0.0
1544, 0.0
1545, 0.0
1546, 0.0
1547, 0.0
1548, 0.0
1549, 0.0
1550, 0.0
1551, 0.0
1552, 0.0
1553, 0.0
1554, 0.0
1555, 0.0
1556, 0.0
1557, 0.0
1558, 0.0
1559, 0.0
1560, 0.0
1561, 0.0
1562, 0.0
1563, 0.0
1564, 0.0
1565, 0.0
1566, 0.0
1567, 0.0
1568, 0.0
1569, 0.0
1570, 0.0
1571, 0.0
1572, 0.0
1573, 0.0
1574, 0.0
1575, 0.0
1576, 0.0
1577, 0.0
1578, 0.0
1579, 0.0
1580, 0.0
1581, 0.0
1582, 0.0
1583, 0.0
1584, 0.0
1585, 0.0
1586, 0.0
1587, 0.0
1588, 0.0
1589, 0.0
1590, 0.0
1591, 0.0
1592, 0.0
1593, 0.0
1594, 0.0
1595, 0.0
1596, 0.0
1597, 0.0
1598, 0.0
1599, 0.0
