30, 0.0
31, 0.0
32, 0.0
33, 0.0
34, 0.0
35, 0.0
36, 0.0
37, 0.0
38, 0.0
39, 0.0
40, 0.0
41, 0.0
42, 0.0
43, 0.0
44, 0.0
45, 0.0
46, 0.0
47, 0.0
48, 0.0
49, 0.0
50, 0.0
51, 0.0
52, 0.0
53, 0.0
54, 0.0
55, 0.0
56, 0.0
57, 0.0
58, 0.0
59, 0.0
60, 0.0
61, 0.0
62, 0.0
63, 0.0
64, 0.0
65, 0.0
66, 0.0
67, 0.0
68, 0.0
69, 0.0
70, 0.0
71, 0.0
72, 0.0
73, 0.0
74, 0.0
75, 0.0
76, 0.0
77, 0.0
78, 0.0
79, 0.0
80, 0.0
81, 0.0
82, 0.0
83, 0.0
84, 0.0
85, 0.0
86, 0.0
87, 0.0
88, 0.0
89, 0.0
90, 0.0
91, 0.0
92, 0.0
93, 0.0
94, 0.0
95, 0.0
96, 0.0
97, 0.0
98, 0.0
99, 0.0
100, 0.0
101, 0.0
102, 0.0
103, 0.0
104, 0.0
105, 0.0
106, 0.0
107, 0.0
108, 0.0
109, 0.0
110, 0.0
111, 0.0
112, 0.0
113, 0.0
114, 0.0
115, 0.0
116, 0.0
117, 0.0
118, 0.0
119, 0.0
120, 0.0
121, 0.0
122, 0.0
123, 0.0
124, 0.0
125, 0.0
126, 0.0
127, 0.0
128, 0.0
129, 0.0
130, 0.0
131.0, 0.002293721644769467
132.0, 0.012848498945442762
133.0, 0.02246260074228127
134.0, 0.029012240313848074
135.0, 0.03129914519212504
136.0, 0.02911697803616623
137.0, 0.01760382669976145
138.0, 0.007104541710551431
139.0, 0.0011759012460498075
140.0, 0.0012757863609025003
141.0, 0.0008694656764907596
142.0, 0.00192875737127655
143.0, 0.008397281243651772
144.0, 0.019203313184765498
145.0, 0.030435138810515572
146.0, 0.043370556736459204
147.0, 0.05959230370156295
148.0, 0.07812340037867739
149.0, 0.09303931060615588
150.0, 0.10547441980801947
151.0, 0.11722606029872361
152.0, 0.1275176740061035
153.0, 0.13345997269864085
154.0, 0.13752234536713845
155.0, 0.1354829938794426
156.0, 0.12992200571926368
157.0, 0.12326233202702791
158.0, 0.11057874248496806
159.0, 0.10227827999437884
160.0, 0.09574270825570402
161.0, 0.08683640831545941
162.0, 0.0762890159180385
163.0, 0.06990311337077823
164.0, 0.06410824782323064
165.0, 0.057554210356475614
166.0, 0.051056974134026774
167.0, 0.046173054164389375
168.0, 0.0417979692474375
169.0, 0.03889107033946573
170.0, 0.0368774423700298
171.0, 0.03363573928582976
172.0, 0.029872717393714797
173.0, 0.025702147004297186
174.0, 0.02479338561489604
175.0, 0.029814299682163734
176.0, 0.027797432561329247
177.0, 0.027612523769738506
178.0, 0.02838896791254554
179.0, 0.02957975474176111
180.0, 0.03161320623258817
181.0, 0.03393544253214159
182.0, 0.034023174337832036
183.0, 0.03284688379763567
184.0, 0.032151479726490906
185.0, 0.0283332034479386
186.0, 0.024827419825982296
187.0, 0.020006712508838995
188.0, 0.014519770381992207
189.0, 0.012236979082103323
190.0, 0.010294737052475697
191.0, 0.006447638882328617
192.0, 0.002934312674074403
193.0, 0.0027001942085588333
194.0, 0.005103100083880741
195.0, 0.005489064528511441
196.0, 0.0075442964846322656
197.0, 0.011163112501570583
198.0, 0.012573717782469457
199.0, 0.01488709711949528
200.0, 0.0184414142456832
201.0, 0.020863986490065056
202.0, 0.021195400603392648
203.0, 0.0222617081643334
204.0, 0.020922799691195697
205.0, 0.022125499020798075
206.0, 0.023906054389697402
207.0, 0.0213269545713613
208.0, 0.021163780299808012
209.0, 0.021343762858393865
210.0, 0.01962263818390721
211.0, 0.01669501240801461
212.0, 0.015236674559902
213.0, 0.01171631670959765
214.0, 0.007379792145475872
215.0, 0.003966495595958818
216.0, 0.0022222422597099837
217.0, 0.0015580778800833171
218.0, 0.003484176864695368
219.0, 0.005643970991747998
220.0, 0.0039434258180265445
221.0, 0.00392873992869327
222.0, 0.0037314178674614507
223.0, 0.001283245041402393
224.0, 0.00022763019539907763
225.0, 0.001135917092301789
226.0, 0.0010939829232613674
227.0, 0.001292180382680433
228.0, 0.0005227955218272723
229.0, 0.0004757767019872525
230.0, 0.0004723201248314626
231.0, 0.0016538011644432293
232.0, 0.0007700416320129878
233.0, 0.0001859532102702322
234.0, 0.0008483180175128484
235.0, 0.0036105569777311773
236.0, 0.0027346072069988803
237.0, 0.004810662069834957
238.0, 0.006017045838918909
239.0, 0.0036262346641596603
240.0, 0.00435719691832657
241.0, 0.007386326082736859
242.0, 0.00881603708192516
243.0, 0.007653089831958324
244.0, 0.00497730981065772
245.0, 0.002790748655173981
246.0, 0.003556889363722363
247.0, 0.002219362271841941
248.0, 0.0006049683775628061
249.0, 0.0011388915224727117
250.0, 0.002635247696703687
251.0, 0.000833310920816817
252.0, 0.0007867078318239221
253.0, 0.0035019239071529093
254.0, 0.003311118946131754
255.0, 0.0012059054746936908
256.0, 0.0012277227211643536
257.0, 0.004373952844615258
258.0, 0.008359971179129667
259.0, 0.010470292513507342
260.0, 0.015147161345051572
261.0, 0.021274216163188142
262.0, 0.026377726607948883
263.0, 0.02933993756134057
264.0, 0.03393625806687827
265.0, 0.03646989593489676
266.0, 0.037761772185409756
267.0, 0.038953912226651115
268.0, 0.04047755451052667
269.0, 0.04364715069774415
270.0, 0.0419329158999501
271.0, 0.03807887480623646
272.0, 0.03631136184662915
273.0, 0.03744281490135257
274.0, 0.03654847628526626
275.0, 0.03688434443842528
276.0, 0.03660663273018544
277.0, 0.03617571819309497
278.0, 0.03937670077818104
279.0, 0.04479624393896668
280.0, 0.047316186329092035
281.0, 0.04888284002453729
282.0, 0.05152240017755355
283.0, 0.053695151247329355
284.0, 0.057369605631818754
285.0, 0.05982171159788888
286.0, 0.06049626878319734
287.0, 0.06110039941380648
288.0, 0.06584700137334121
289.0, 0.06886170938653424
290.0, 0.07204649739071939
291.0, 0.07634704278586242
292.0, 0.08051271732194717
293.0, 0.08293230889539657
294.0, 0.08682639648193298
295.0, 0.08758420858760473
296.0, 0.08841716250198985
297.0, 0.09392730671075
298.0, 0.0927813402204629
299.0, 0.09346489704890078
300.0, 0.09275545704065798
301.0, 0.08991389912807787
302.0, 0.08758136379895905
303.0, 0.08337079406550846
304.0, 0.0766260582898687
305.0, 0.07041189701080498
306.0, 0.06605788338411347
307.0, 0.06231496684142556
308.0, 0.05949862274169692
309.0, 0.05837435698933643
310.0, 0.056619225525184134
311.0, 0.053437433199009496
312.0, 0.05134815824265199
313.0, 0.05508377399279465
314.0, 0.058136821200199244
315.0, 0.059232271056030544
316.0, 0.06149487394446617
317.0, 0.06771022185974727
318.0, 0.07508636438973326
319.0, 0.07690717056116719
320.0, 0.0825943298612937
321.0, 0.09168791157160334
322.0, 0.09623638275643659
323.0, 0.10835158865145982
324.0, 0.11634423252881118
325.0, 0.12491747722708607
326.0, 0.13560662664247597
327.0, 0.14340919935228888
328.0, 0.15294507187762663
329.0, 0.15954273197542806
330.0, 0.16819297557401802
331.0, 0.1782349656328553
332.0, 0.1831845879662022
333.0, 0.18505629238608498
334.0, 0.18660699181137058
335.0, 0.18751691764332346
336.0, 0.185508058027684
337.0, 0.1787112727981999
338.0, 0.17233725196069719
339.0, 0.16524663362035305
340.0, 0.1522212273991071
341.0, 0.1372521333963734
342.0, 0.1301429837636925
343.0, 0.11863970049155902
344.0, 0.10738900097835832
345.0, 0.09735138083123782
346.0, 0.08910201065526263
347.0, 0.083451197802675
348.0, 0.07986809858928022
349.0, 0.0780554370542434
350.0, 0.07562729521255378
351.0, 0.07436369892848238
352.0, 0.07670150471099434
353.0, 0.08152207358631257
354.0, 0.08456984716124019
355.0, 0.0890052676197337
356.0, 0.0947183563021527
357.0, 0.09880305490165722
358.0, 0.09883215496072323
359.0, 0.09597814321517159
360.0, 0.0979272501784065
361.0, 0.09959092738082873
362.0, 0.09644827964193148
363.0, 0.09370907326930035
364.0, 0.09071437944106768
365.0, 0.08690262142215749
366.0, 0.08191348645169112
367.0, 0.07621650203159515
368.0, 0.07081953716077485
369.0, 0.06648590374103067
370.0, 0.05955118139228808
371.0, 0.052779104608663696
372.0, 0.046182564364382124
373.0, 0.03780596893813811
374.0, 0.03069894470982022
375.0, 0.022389519300589644
376.0, 0.015211382280298757
377.0, 0.009166959014862728
378.0, 0.002777247505393288
379.0, 0.003218222433641245
380.0, 0.007808616999997569
381.0, 0.008371775158845855
382.0, 0.00743330883595856
383.0, 0.007434980792818243
384.0, 0.005965066544097477
385.0, 0.005930878439221593
386.0, 0.0016871805044628542
387.0, 0.007137136439645593
388.0, 0.014476518929774416
389.0, 0.01988280774358031
390.0, 0.033211365937957545
391.0, 0.04314656167118344
392.0, 0.050857699462549345
393.0, 0.059028981492135424
394.0, 0.06782000466068172
395.0, 0.07341837463144467
396.0, 0.07385285154912005
397.0, 0.07272419426804046
398.0, 0.07074047710666072
399.0, 0.0663554969764914
400.0, 0.060857838507157584
401.0, 0.05821967107066292
402.0, 0.05708201431718961
403.0, 0.05958835248196691
404.0, 0.06459271960167672
405.0, 0.06634408535043151
406.0, 0.07400308073963191
407.0, 0.07928952929040631
408.0, 0.0853541260218101
409.0, 0.09508766689505437
410.0, 0.10707303034877011
411.0, 0.12110056909856191
412.0, 0.1393875130484903
413.0, 0.15887941991003654
414.0, 0.1797437235682962
415.0, 0.20508476192080743
416.0, 0.2350745273039114
417.0, 0.2669271315351853
418.0, 0.2930751641335971
419.0, 0.316753583335691
420.0, 0.33831050529872414
421.0, 0.35089032513025326
422.0, 0.35025941449062226
423.0, 0.34128095178884577
424.0, 0.3218331010770677
425.0, 0.2954129111186256
426.0, 0.26787811407684764
427.0, 0.23616023146747198
428.0, 0.20519053557297295
429.0, 0.17334548238304245
430.0, 0.14166483261557924
431.0, 0.11382911220287496
432.0, 0.09193914938012324
433.0, 0.0750669021355355
434.0, 0.056428081354253486
435.0, 0.04242982822963298
436.0, 0.03335729824051768
437.0, 0.02417809346634506
438.0, 0.015964056415456514
439.0, 0.009870177046966827
440.0, 0.004619695679405044
441.0, 0.001751557228283454
442.0, 0.0016592348054522397
443.0, 0.0012452626756236105
444.0, 0.0007168918119711707
445.0, 0.002848693242038897
446.0, 0.005277504882373098
447.0, 0.007096120114514146
448.0, 0.009015170330823809
449.0, 0.011052007865295897
450.0, 0.011961380179117034
451.0, 0.013314245002381547
452.0, 0.014374849651098483
453.0, 0.013685555625294206
454.0, 0.011170538403664202
455.0, 0.008434154860745325
456.0, 0.006690642127850304
457.0, 0.004247760329240918
458.0, 0.0023856162128534234
459.0, 0.0008659822239913503
460.0, 0.002947718588826759
461.0, 0.0018910839526579378
462.0, 0.003438742095107122
463.0, 0.003621564177445173
464.0, 0.001199486100907073
465.0, 0.0001627183076386379
466.0, 0.0010242872778512874
467.0, 0.0006615163466088516
468.0, 0.0001322131423973684
469.0, 3.263800679348033e-05
470.0, 0.0010677750751245576
471.0, 0.0032165139198491446
472.0, 0.0025519005020252453
473.0, 0.002050803791434851
474.0, 0.003175972425060907
475.0, 0.003361292666940446
476.0, 0.001572687536668861
477.0, 0.0004496065075391473
478.0, 0.0014122373438463114
479.0, 0.0006281983984254445
480.0, 0.0008043358894435708
481.0, 0.000520685365739314
482.0, 0.0007185215872024498
483.0, 0.0018829884527356315
484.0, 0.0031537632812085993
485.0, 0.0035604102780773567
486.0, 0.0061196475475966605
487.0, 0.008434830504460908
488.0, 0.008076149468509633
489.0, 0.011126559147627387
490.0, 0.013415807851990962
491.0, 0.017587580661737844
492.0, 0.021638306334699115
493.0, 0.0241332230775979
494.0, 0.02664898768442475
495.0, 0.027217655793647186
496.0, 0.030075430961829026
497.0, 0.03298423881304037
498.0, 0.034001837533485985
499.0, 0.03286514323151077
500.0, 0.0298945047564749
501.0, 0.027649607501884086
502.0, 0.025973365276903027
503.0, 0.027123221647358156
504.0, 0.028748763545904478
505.0, 0.02934343489606651
506.0, 0.03321199764669346
507.0, 0.03853941951541713
508.0, 0.04478935385885563
509.0, 0.0513745685967691
510.0, 0.05945739997495825
511.0, 0.06772517942238453
512.0, 0.07309305303034402
513.0, 0.08478197268895164
514.0, 0.09493463778090998
515.0, 0.10227581288030156
516.0, 0.11038193914219169
517.0, 0.11992192972985186
518.0, 0.12374174886215975
519.0, 0.12992447429019718
520.0, 0.13259615748220754
521.0, 0.13251632923399978
522.0, 0.1299761045951139
523.0, 0.12255648742562515
524.0, 0.11256439672127438
525.0, 0.10717086682999448
526.0, 0.09594961944907913
527.0, 0.08469481292501038
528.0, 0.076076600383817
529.0, 0.06701675809515727
530.0, 0.05729288194407194
531.0, 0.04951447441669745
532.0, 0.03978032826102966
533.0, 0.03365187571286886
534.0, 0.028349020079984362
535.0, 0.0206599598691142
536.0, 0.021704625787792493
537.0, 0.021170073492134
538.0, 0.01857046676085923
539.0, 0.017947699913264625
540.0, 0.018104871997752188
541.0, 0.01689857331547171
542.0, 0.016460643973942504
543.0, 0.01759289237363358
544.0, 0.01935590974498022
545.0, 0.020637506508667733
546.0, 0.022799955817205383
547.0, 0.025955459992576948
548.0, 0.02667563346444434
549.0, 0.028011897380477
550.0, 0.032131240852031555
551.0, 0.03652015162916972
552.0, 0.04179456432837974
553.0, 0.0476227601305644
554.0, 0.05051285045910642
555.0, 0.05114516469756395
556.0, 0.0529089759170098
557.0, 0.054127430046078374
558.0, 0.0565233036320202
559.0, 0.05831568594486382
560.0, 0.05563215489071199
561.0, 0.05421450420433054
562.0, 0.052912092419587546
563.0, 0.05111664907755498
564.0, 0.04721461593709241
565.0, 0.04278372044911432
566.0, 0.039213759606689935
567.0, 0.03038063970139793
568.0, 0.025392348364704168
569.0, 0.021337290634380265
570.0, 0.020433135456841577
571.0, 0.02131580805225215
572.0, 0.02093214197825738
573.0, 0.01972238239851193
574.0, 0.019338941601495876
575.0, 0.019816760085469363
576.0, 0.021012054166002422
577.0, 0.021829162888082586
578.0, 0.02162749415159641
579.0, 0.020902412118917097
580.0, 0.020033894683011456
581.0, 0.01794020155056808
582.0, 0.016157839246060637
583.0, 0.014399277922667503
584.0, 0.01228393384381209
585.0, 0.009308101026136764
586.0, 0.004644897104636814
587.0, 0.004707783197249493
588.0, 0.0019135885867461472
589.0, 0.0003441344709220886
590.0, 0.0004568925359650898
591.0, 0.0003601738461235616
592.0, 0.002051889524254986
593.0, 0.0021857511062013993
594.0, 0.00261946037784846
595.0, 0.0020750299472967015
596.0, 0.0015834979977745617
597.0, 0.0017103313003202331
598.0, 0.001943741350908511
599.0, 0.003950620245149521
600.0, 0.002369614153503944
601.0, 0.0023516164214980027
602.0, 0.002826777805380884
603.0, 0.002324569243444073
604.0, 0.0012305532443156423
605.0, 0.0006495153608098836
606.0, 0.00026645089706761507
607.0, 0.0018686781072672254
608.0, 0.00011644788182153234
609.0, 0.0028889741616889408
610.0, 0.0028724380406241336
611.0, 0.001816994554258254
612.0, 0.002633229919948493
613.0, 0.00448381798131437
614.0, 0.006461123825424762
615.0, 0.006751412934991782
616.0, 0.006600649224983511
617.0, 0.007584108897605717
618.0, 0.008788213897437915
619.0, 0.009041265184080815
620.0, 0.009006999672935697
621.0, 0.010625252747934901
622.0, 0.013411392867261545
623.0, 0.01573091021906124
624.0, 0.018243426068472613
625.0, 0.02306134166724369
626.0, 0.021377792515813426
627.0, 0.024360859023382753
628.0, 0.02623829849807989
629.0, 0.02858407306889606
630.0, 0.032596023151862594
631.0, 0.03557861882540652
632.0, 0.03887502874965834
633.0, 0.042956238517935105
634.0, 0.04611664454971104
635.0, 0.051848435515054705
636.0, 0.06125674517383687
637.0, 0.06973394922592013
638.0, 0.07443427633505303
639.0, 0.08490340613269087
640.0, 0.09508254979041415
641.0, 0.10902966161311932
642.0, 0.12606164534783568
643.0, 0.14286637985718081
644.0, 0.16210427566245575
645.0, 0.18800759255111443
646.0, 0.21251786204775955
647.0, 0.24226417135618486
648.0, 0.275082922795153
649.0, 0.3061377297896739
650.0, 0.33962067904889554
651.0, 0.37992996667915424
652.0, 0.415208408531157
653.0, 0.4457443249689812
654.0, 0.4712139499029564
655.0, 0.49877557001114664
656.0, 0.5261196404726106
657.0, 0.5536158791310836
658.0, 0.5864697881973066
659.0, 0.6250856239631124
660.0, 0.6785003388805265
661.0, 0.7276139657753091
662.0, 0.777667353997754
663.0, 0.832144419342974
664.0, 0.8884365317020648
665.0, 0.9394999400330813
666.0, 0.9769385383566982
667.0, 0.9939579944314654
668.0, 0.9975634137275918
669.0, 0.9620065578054894
670.0, 0.8995009468766293
671.0, 0.8221602767533346
672.0, 0.7326961657837949
673.0, 0.6409862119451026
674.0, 0.5542816464056526
675.0, 0.47437991708207616
676.0, 0.40525384415341664
677.0, 0.34968386715486793
678.0, 0.3026702024926631
679.0, 0.26005898537862837
680.0, 0.22664505293551074
681.0, 0.1985760705816468
682.0, 0.176543946313149
683.0, 0.15853686377351617
684.0, 0.1422112175384914
685.0, 0.12779370157631986
686.0, 0.11582248656246535
687.0, 0.1059648080024162
688.0, 0.10218951109177972
689.0, 0.09866032021386563
690.0, 0.09468820769940488
691.0, 0.0926807647233656
692.0, 0.09293246315491803
693.0, 0.09369378921709784
694.0, 0.09405431206499783
695.0, 0.09514432163009258
696.0, 0.09861270690309677
697.0, 0.09897402524412824
698.0, 0.100535509040313
699.0, 0.09952149327154537
700.0, 0.09588820904310075
701.0, 0.0938915932159113
702.0, 0.08923213167080549
703.0, 0.08060175412192613
704.0, 0.06960060561378988
705.0, 0.05999169522433306
706.0, 0.05258925460433372
707.0, 0.04653141214454075
708.0, 0.04099761616546292
709.0, 0.034995040384074624
710.0, 0.02894136966573105
711.0, 0.02467191025371142
712.0, 0.024617199734246933
713.0, 0.02055955279521943
714.0, 0.01652670717424619
715.0, 0.016219851021740016
716.0, 0.014566106006328364
717.0, 0.013434198046783455
718.0, 0.009697574430217315
719.0, 0.011186459482847076
720.0, 0.010231499688350403
721.0, 0.009546233867755848
722.0, 0.009474631677865171
723.0, 0.008118413120958332
724.0, 0.009418008239509128
725.0, 0.006462206047085349
726.0, 0.005357389673014808
727.0, 0.004217190426905912
728.0, 0.004367537987179811
729.0, 0.004782647605367178
730.0, 0.004380147626174315
731.0, 0.004208894344668836
732.0, 0.004756587712053025
733.0, 0.003927228715083105
734.0, 0.0009415254179453616
735.0, 0.0021667608726796206
736.0, 0.001951065911692027
737.0, 0.0007096546495579331
738.0, 0.0025377785296988252
739.0, 0.003920563698523586
740.0, 0.0036835683133504857
741.0, 0.003826744107509296
742.0, 0.002568016150499646
743.0, 0.001262987991020936
744.0, 0.0006744422383104159
745.0, 0.0008318792753831587
746.0, 0.0016916950690956606
747.0, 0.003252104890212604
748.0, 0.0028512575799140632
749.0, 0.0015844316126859327
750.0, 0.0005141137407505882
751.0, 0.0026215899483082337
752.0, 0.002530980194078229
753.0, 0.00033978607608178726
754.0, 0.0003860560510673013
755.0, 0.0021288998928736024
756.0, 0.003716959414918642
757.0, 0.00046977277668923645
758.0, 0.0007386375916450825
759.0, 0.0001290364341516067
760.0, 0.00046607060687835596
761.0, 0.0004960489660507053
762.0, 0.0012187136244916378
763.0, 0.0010730969152483647
764.0, 3.357686061780862e-05
765.0, 0.0015950051980437414
766.0, 0.0019671499275103945
767.0, 0.0016679196547808512
768.0, 0.003214465210960009
769.0, 0.003206735085123279
770.0, 0.0009782916620984467
771.0, 0.00088797638362473
772.0, 0.0014936273602607752
773.0, 0.0002800172007870281
774.0, 0.0014915174610535507
775.0, 0.003030746618844923
776.0, 0.0012653134077668135
777.0, 0.0012487166881688827
778.0, 0.0008782739665031066
779.0, 0.001049595875874995
780.0, 0.002791296995740336
781.0, 0.0043151160139136635
782.0, 0.0039552170604167805
783.0, 0.0021766043970510764
784.0, 0.002820262848935558
785.0, 0.003493112157240622
786.0, 0.0028196657969667043
787.0, 0.004619003423322926
788.0, 0.00515324635930213
789.0, 0.00400151158633958
790.0, 0.0043019495155651845
791.0, 0.0033172835169053847
792.0, 0.004645613686523364
793.0, 0.006324602597652726
794.0, 0.006519363681514402
795.0, 0.006341238644275701
796.0, 0.0017947867167254468
797.0, 0.0024110161816220986
798.0, 0.00203884072141651
799.0, 0.001581499070822851
800.0, 0.0002476994288496864
801.0, 0.0018780064631930455
802.0, 0.004044124682049105
803.0, 0.0038300471635952403
804.0, 0.006163499729319153
805.0, 0.005705373220454687
806.0, 0.005167907475617306
807.0, 0.007133854920317743
808.0, 0.007764021516836664
809.0, 0.008247324602199315
810.0, 0.009535271433570365
811.0, 0.009877468990587855
812.0, 0.008715832552074055
813.0, 0.010137525760124657
814.0, 0.008523237983619673
815.0, 0.007882182080905865
816.0, 0.006356120901076546
817.0, 0.005792311683841795
818.0, 0.00534449189876012
819.0, 0.005570672336432741
820.0, 0.006732927454625059
821.0, 0.0065597609658055705
822.0, 0.005432612363578509
823.0, 0.0056003201645765666
824.0, 0.00662960690131705
825.0, 0.0028736620682846565
826.0, 0.0027513327809208766
827.0, 0.004735651792353419
828.0, 0.004089278932035994
829.0, 0.0024111193099042314
830.0, 0.0026850675605288236
831.0, 0.0018356751679899771
832.0, 0.003067605291467044
833.0, 0.0008070785574284126
834.0, 0.002305051919981812
835.0, 0.002310665916704601
836.0, 0.0004736511894063872
837.0, 0.0001751188116131236
838.0, 0.0007502425420033948
839.0, 0.0005761991801753594
840.0, 0.00036809688682068903
841.0, 0.0011874986755369505
842.0, 0.0024008427702215504
843.0, 0.0008683428630188092
844.0, 0.0009843747945573109
845.0, 0.002165500525272055
846.0, 0.0017106457298902116
847.0, 0.001647444124606835
848.0, 0.003252422089585258
849.0, 0.003358046220731889
850.0, 0.0035048181169761543
851.0, 0.003702152192244044
852.0, 0.002745993742199768
853.0, 0.0026049328825329164
854.0, 0.0033372728585806914
855.0, 0.005074994945917266
856.0, 0.006370288703756652
857.0, 0.0061906194974879585
858.0, 0.008263589530106757
859.0, 0.01047896507969181
860.0, 0.01226836830637535
861.0, 0.017057994415737444
862.0, 0.01653861137568282
863.0, 0.01735613316269432
864.0, 0.02091497241288822
865.0, 0.024237105241770945
866.0, 0.028785391515650155
867.0, 0.0309761520382914
868.0, 0.033572697052196704
869.0, 0.03882559931014988
870.0, 0.04319281708555373
871.0, 0.04578600690492378
872.0, 0.04781812354134277
873.0, 0.049832798922054285
874.0, 0.049884945785657574
875.0, 0.0486593074146499
876.0, 0.049893707524808734
877.0, 0.049892081959551235
878.0, 0.04493035977924603
879.0, 0.042045991173218666
880.0, 0.034908097051505
881.0, 0.029613071287587143
882.0, 0.02790805666693938
883.0, 0.025847708981711934
884.0, 0.022397719648397183
885.0, 0.019841903399479194
886.0, 0.01726255315885599
887.0, 0.013517881242044363
888.0, 0.010146172369364125
889.0, 0.009996155229394944
890.0, 0.008311036680849966
891.0, 0.008419274599716066
892.0, 0.006305463465942719
893.0, 0.004549800856004976
894.0, 0.006890143220422722
895.0, 0.009030790368850784
896.0, 0.006628023423324529
897.0, 0.006015318647717934
898.0, 0.007201647521729589
899.0, 0.0036952623602480024
900.0, 0.005139158135869353
901.0, 0.006255427438726067
902.0, 0.0051498590492771446
903.0, 0.0048375505786074
904.0, 0.00497048947599621
905.0, 0.003855938332858258
906.0, 0.0027112842336231182
907.0, 0.00122598022702315
908.0, 0.00012462257339739845
909.0, 0.0017097448611379717
910.0, 0.0020099595018171607
911.0, 0.000670981547413496
912.0, 0.002260161751334495
913.0, 0.003458212920543005
914.0, 0.004668074643961607
915.0, 0.004513314190064928
916.0, 0.0010385318896623556
917.0, 0.004116213348808149
918.0, 0.004698611501579752
919.0, 0.004183313847844195
920.0, 0.003976323357659662
921.0, 0.0019669715073632665
922.0, 0.0014995075531366302
923.0, 0.001330992097372787
924.0, 0.0004237181576519412
925.0, 0.003164845815418287
926.0, 0.006474044536956223
927.0, 0.006126945425341513
928.0, 0.006317736562605833
929.0, 0.013293147910809336
930.0, 0.017320370868304572
931.0, 0.020207255162767283
932.0, 0.02393758616054408
933.0, 0.02502234974668234
934.0, 0.024790447044726348
935.0, 0.025466364728263434
936.0, 0.025817687031946687
937.0, 0.025349102350894725
938.0, 0.02268819044023785
939.0, 0.020569334654768748
940.0, 0.02076661125316281
941.0, 0.01811458551765899
942.0, 0.01605420422624832
943.0, 0.016066065015423403
944.0, 0.017024326466580416
945.0, 0.01621871482373047
946.0, 0.015548169845115957
947.0, 0.01844639612124206
948.0, 0.020519154493181004
949.0, 0.023222455042232935
950.0, 0.02577584302691279
951.0, 0.02959893922376173
952.0, 0.03277294639460445
953.0, 0.03930064514721235
954.0, 0.04596168912372613
955.0, 0.053895633890578665
956.0, 0.06315277994978011
957.0, 0.07275049138339627
958.0, 0.08457251309617587
959.0, 0.09909262538991852
960.0, 0.11371795798362483
961.0, 0.13350927180019845
962.0, 0.15336607795436794
963.0, 0.1743717152589432
964.0, 0.20171431936578246
965.0, 0.22958448894972164
966.0, 0.25715554951109276
967.0, 0.28950251112714215
968.0, 0.32343976764581456
969.0, 0.3533769100697245
970.0, 0.3779450042815945
971.0, 0.3943749344124253
972.0, 0.41327862955028905
973.0, 0.4239770849216213
974.0, 0.42511127388551223
975.0, 0.41509460704382284
976.0, 0.4002733985399142
977.0, 0.37965236638632976
978.0, 0.3570684455385877
979.0, 0.3374854052035221
980.0, 0.3223048240099178
981.0, 0.3078605599328145
982.0, 0.2933602640805724
983.0, 0.28714017202608555
984.0, 0.28638908811302727
985.0, 0.28394162290067404
986.0, 0.28094720280634705
987.0, 0.286471505243937
988.0, 0.29108185454911023
989.0, 0.29839646847283763
990.0, 0.3101695275578372
991.0, 0.3247190205782864
992.0, 0.33732547833717524
993.0, 0.3486067235740508
994.0, 0.3637556017564384
995.0, 0.3790045963609504
996.0, 0.39496975286368563
997.0, 0.4077077149057841
998.0, 0.41144646529738904
999.0, 0.4115865979412671
1000.0, 0.4036102039911414
1001.0, 0.39204534558741444
1002.0, 0.37642597177735027
1003.0, 0.3616206683454866
1004.0, 0.34526590383575934
1005.0, 0.3248673836544128
1006.0, 0.3081037006561054
1007.0, 0.29741770781541155
1008.0, 0.28599147427289445
1009.0, 0.27551074094754263
1010.0, 0.2726695340555482
1011.0, 0.2675016989184292
1012.0, 0.2698280471809749
1013.0, 0.2697757840398314
1014.0, 0.27419636083288323
1015.0, 0.27545341900393105
1016.0, 0.2751981950412804
1017.0, 0.27418204829567633
1018.0, 0.26633477586526816
1019.0, 0.25249754600671354
1020.0, 0.2354849704238813
1021.0, 0.21614150434895205
1022.0, 0.19505480478456008
1023.0, 0.17544933670282847
1024.0, 0.15250676694614534
1025.0, 0.13867584625290044
1026.0, 0.12325665614618232
1027.0, 0.10974269480467982
1028.0, 0.09797223550077681
1029.0, 0.08816922131607816
1030.0, 0.07969813498275259
1031.0, 0.0709264280454569
1032.0, 0.061384042136604366
1033.0, 0.05350078828062429
1034.0, 0.05101172837451678
1035.0, 0.045070642404667294
1036.0, 0.041575957143272224
1037.0, 0.03674730902811864
1038.0, 0.03162061490266292
1039.0, 0.028952860601982967
1040.0, 0.024982747357364877
1041.0, 0.020641784690836346
1042.0, 0.01862138988312522
1043.0, 0.01712560278095529
1044.0, 0.016366779663280786
1045.0, 0.0171722167268309
1046.0, 0.015481751489133269
1047.0, 0.012581509851907625
1048.0, 0.011009560882174524
1049.0, 0.008201894932709515
1050.0, 0.00913881911591426
1051.0, 0.011047266292535836
1052.0, 0.006217973456619561
1053.0, 0.006140038108961065
1054.0, 0.006397987665884778
1055.0, 0.0038125242017848083
1056.0, 0.0031486327104031657
1057.0, 0.0018750024769129535
1058.0, 0.0007320714282713742
1059.0, 0.0020729330644661055
1060.0, 0.001585362798055955
1061.0, 0.0006375508366395209
1062.0, 0.0021931181762054335
1063.0, 0.0002893867668505109
1064.0, 0.0006655239729774868
1065.0, 0.0013957918923554612
1066.0, 0.00041411743661955885
1067.0, 0.0006041389234052939
1068.0, 0.003598973125815064
1069.0, 0.002434066074740958
1070.0, 0.0017869984089039297
1071.0, 0.0030586084759501348
1072.0, 0.0034502419240387814
1073.0, 0.001635773487582879
1074.0, 0.0018358773222276394
1075.0, 0.0034272902532687818
1076.0, 0.00034624487354477807
1077.0, 0.0016027361549769727
1078.0, 0.003514552062230795
1079.0, 0.0005044366449823232
1080.0, 0.00044315990515594064
1081.0, 0.001602557643837022
1082.0, 0.002001988575865773
1083.0, 0.0012990991602514952
1084.0, 0.0015000241447044509
1085.0, 0.0004045752833429555
1086.0, 0.002639870875406292
1087.0, 0.003853623722988711
1088.0, 0.0019382418197186856
1089.0, 0.0008188801052221934
1090.0, 0.0017156663510577985
1091.0, 0.0024642732229637376
1092.0, 0.004045540590098615
1093.0, 0.002722641753975705
1094.0, 0.0038466649840115342
1095.0, 0.0011832445147740719
1096.0, 0.00029203748585972537
1097.0, 0.003978009536053227
1098.0, 0.004977312255026763
1099.0, 0.0021627874506883163
1100.0, 0.0014306458366379678
1101.0, 0.005968331498397911
1102.0, 0.007259402618866296
1103.0, 0.004744461855526177
1104.0, 0.003335059303258262
1105.0, 0.00354820937058628
1106.0, 0.004427835712811105
1107.0, 0.0040296980601749475
1108.0, 0.0024052609673935036
1109.0, 0.0036527189406433823
1110.0, 0.0059949134848420755
1111.0, 0.005501381485706091
1112.0, 0.005367123733269832
1113.0, 0.006506833324842477
1114.0, 0.006649842103649264
1115.0, 0.00691571586242709
1116.0, 0.007078175951191912
1117.0, 0.005533435286670587
1118.0, 0.0055039676665939955
1119.0, 0.005969507271305601
1120.0, 0.005539082537932279
1121.0, 0.0033663620396294455
1122.0, 0.003452129139624895
1123.0, 0.005921860500343904
1124.0, 0.007024108375906089
1125.0, 0.006866377587099233
1126.0, 0.004104210104344211
1127.0, 0.004666512310834626
1128.0, 0.004633999746121805
1129.0, 0.0031367185317709672
1130.0, 0.004591863369488784
1131.0, 0.00433915207537843
1132.0, 0.0023351587532933963
1133.0, 0.006043074464429011
1134.0, 0.005068217336961438
1135.0, 0.005878092890289533
1136.0, 0.0030000232273104327
1137.0, 0.0008041746574445842
1138.0, 0.0006108934815955563
1139.0, 0.002169671101882149
1140.0, 0.004270290407955416
1141.0, 0.00382049158273171
1142.0, 0.004788585695659256
1143.0, 0.003697838121617188
1144.0, 0.001620051966455464
1145.0, 0.0022295553230949135
1146.0, 0.004323318421807132
1147.0, 0.0031433002494821623
1148.0, 0.001431703066630741
1149.0, 0.0026105843619160774
1150.0, 0.003940465047343433
1151.0, 0.00440316029294733
1152.0, 0.0020544458392412405
1153.0, 5.654048033355702e-05
1154.0, 0.003745122425451669
1155.0, 0.0036813197322233303
1156.0, 0.002536456335202748
1157.0, 0.0030258200793607873
1158.0, 0.0026121101668480323
1159.0, 0.00435933922980789
1160.0, 0.006206375522408425
1161.0, 0.004636669864732586
1162.0, 0.00195705413595696
1163.0, 0.0009121842270644503
1164.0, 0.002515115515627022
1165.0, 0.00460236374941411
1166.0, 0.002738567229049362
1167.0, 0.0008441681872096302
1168.0, 0.002356433761643552
1169.0, 0.001629025474234231
1170.0, 0.00504197941501868
1171.0, 0.0035266615472929748
1172.0, 0.006567460791248666
1173.0, 0.0015000596788454117
1174.0, 0.0033036639654965413
1175.0, 0.0023697922377184048
1176.0, 0.002441525757071815
1177.0, 0.005688628618825304
1178.0, 0.004767095876505897
1179.0, 0.003950526599910549
1180.0, 0.0034853753255322238
1181.0, 0.0020808438686724436
1182.0, 0.004428745369599629
1183.0, 0.004871753528805905
1184.0, 0.0033198968025669223
1185.0, 0.004908947565843868
1186.0, 0.005586840716863409
1187.0, 0.004809146451137107
1188.0, 0.004080943766392711
1189.0, 0.0049094024055259524
1190.0, 0.004293797180621223
1191.0, 0.0017025016513966726
1192.0, 0.0017994816571493932
1193.0, 0.00426592767671751
1194.0, 0.00602750738875253
1195.0, 0.005311133437468768
1196.0, 0.0037247842570772975
1197.0, 0.004822177346714467
1198.0, 0.005730308018268797
1199.0, 0.004867717631015154
1200.0, 0.0024374298038308396
1201.0, 0.004245099922615916
1202.0, 0.004812480783595282
1203.0, 0.0036979234618435023
1204.0, 0.002782971391570028
1205.0, 0.0033220355395475274
1206.0, 0.0031963455193732278
1207.0, 0.0021531707080383387
1208.0, 0.00325685983024578
1209.0, 0.005939676952570426
1210.0, 0.006228172446931084
1211.0, 0.004654417926859195
1212.0, 0.003963593506797956
1213.0, 0.0028401251250268367
1214.0, 0.0032113982448133613
1215.0, 0.00396664541014613
1216.0, 0.00407178378926582
1217.0, 0.0057039951234483304
1218.0, 0.005285430620364997
1219.0, 0.005755407243419164
1220.0, 0.0032557202451491446
1221.0, 0.005877206045213365
1222.0, 0.004010755481158335
1223.0, 0.006483840011699308
1224.0, 0.007509473289509611
1225.0, 0.0055932833272554485
1226.0, 0.003611434260843484
1227.0, 0.007175863706991498
1228.0, 0.0034944232823881077
1229.0, 0.00477162310299835
1230.0, 0.006118460558610133
1231.0, 0.006675418558438798
1232.0, 0.004629662912283279
1233.0, 0.003581383521130611
1234.0, 0.002922814443459873
1235.0, 0.000723334160759872
1236.0, 0.0010407732264949457
1237.0, 0.0005713894986201752
1238.0, 0.0006481792122178767
1239.0, 0.0019520463022221076
1240.0, 0.00021295831061804394
1241.0, 0.00012382891077908733
1242.0, 0.005231067241922969
1243.0, 0.0049245903829725325
1244.0, 0.004048338145421097
1245.0, 0.0047009011588870445
1246.0, 0.005788397992457719
1247.0, 0.005636140223568286
1248.0, 0.006716373103669178
1249.0, 0.006138437399930034
1250.0, 0.005769902480576836
1251.0, 0.004025051335947115
1252.0, 0.006326441988616516
1253.0, 0.008293825383819613
1254.0, 0.006310517258540036
1255.0, 0.006975785350042468
1256.0, 0.004726247609431699
1257.0, 0.003988498076108587
1258.0, 0.005372332674361853
1259.0, 0.005242001953565045
1260.0, 0.00487970436279568
1261.0, 0.0054935855548381984
1262.0, 0.00516613998839106
1263.0, 0.003548652995279618
1264.0, 0.004666865978571942
1265.0, 0.003253108205588613
1266.0, 0.003328718913554907
1267.0, 0.002642897929072848
1268.0, 0.004222618510246763
1269.0, 0.0021811768908349925
1270.0, 0.0006708898836412185
1271.0, 0.0018405412737030002
1272.0, 0.0003970002214654302
1273, 0.0
1274, 0.0
1275, 0.0
1276, 0.0
1277, 0.0
1278, 0.0
1279, 0.0
1280, 0.0
1281, 0.0
1282, 0.0
1283, 0.0
1284, 0.0
1285, 0.0
1286, 0.0
1287, 0.0
1288, 0.0
1289, 0.0
1290, 0.0
1291, 0.0
1292, 0.0
1293, 0.0
1294, 0.0
1295, 0.0
1296, 0.0
1297, 0.0
1298, 0.0
1299, 0.0
1300, 0.0
1301, 0.0
1302, 0.0
1303, 0.0
1304, 0.0
1305, 0.0
1306, 0.0
1307, 0.0
1308, 0.0
1309, 0.0
1310, 0.0
1311, 0.0
1312, 0.0
1313, 0.0
1314, 0.0
1315, 0.0
1316, 0.0
1317, 0.0
1318, 0.0
1319, 0.0
1320, 0.0
1321, 0.0
1322, 0.0
1323, 0.0
1324, 0.0
1325, 0.0
1326, 0.0
1327, 0.0
1328, 0.0
1329, 0.0
1330, 0.0
1331, 0.0
1332, 0.0
1333, 0.0
1334, 0.0
1335, 0.0
1336, 0.0
1337, 0.0
1338, 0.0
1339, 0.0
1340, 0.0
1341, 0.0
1342, 0.0
1343, 0.0
1344, 0.0
1345, 0.0
1346, 0.0
1347, 0.0
1348, 0.0
1349, 0.0
1350, 0.0
1351, 0.0
1352, 0.0
1353, 0.0
1354, 0.0
1355, 0.0
1356, 0.0
1357, 0.0
1358, 0.0
1359, 0.0
1360, 0.0
1361, 0.0
1362, 0.0
1363, 0.0
1364, 0.0
1365, 0.0
1366, 0.0
1367, 0.0
1368, 0.0
1369, 0.0
1370, 0.0
1371, 0.0
1372, 0.0
1373, 0.0
1374, 0.0
1375, 0.0
1376, 0.0
1377, 0.0
1378, 0.0
1379, 0.0
1380, 0.0
1381, 0.0
1382, 0.0
1383, 0.0
1384, 0.0
1385, 0.0
1386, 0.0
1387, 0.0
1388, 0.0
1389, 0.0
1390, 0.0
1391, 0.0
1392, 0.0
1393, 0.0
1394, 0.0
1395, 0.0
1396, 0.0
1397, 0.0
1398, 0.0
1399, 0.0
1400, 0.0
1401, 0.0
1402, 0.0
1403, 0.0
1404, 0.0
1405, 0.0
1406, 0.0
1407, 0.0
1408, 0.0
1409, 0.0
1410, 0.0
1411, 0.0
1412, 0.0
1413, 0.0
1414, 0.0
1415, 0.0
1416, 0.0
1417, 0.0
1418, 0.0
1419, 0.0
1420, 0.0
1421, 0.0
1422, 0.0
1423, 0.0
1424, 0.0
1425, 0.0
1426, 0.0
1427, 0.0
1428, 0.0
1429, 0.0
1430, 0.0
1431, 0.0
1432, 0.0
1433, 0.0
1434, 0.0
1435, 0.0
1436, 0.0
1437, 0.0
1438, 0.0
1439, 0.0
1440, 0.0
1441, 0.0
1442, 0.0
1443, 0.0
1444, 0.0
1445, 0.0
1446, 0.0
1447, 0.0
1448, 0.0
1449, 0.0
1450, 0.0
1451, 0.0
1452, 0.0
1453, 0.0
1454, 0.0
1455, 0.0
1456, 0.0
1457, 0.0
1458, 0.0
1459, 0.0
1460, 0.0
1461, 0.0
1462, 0.0
1463, 0.0
1464, 0.0
1465, 0.0
1466, 0.0
1467, 0.0
1468, 0.0
1469, 0.0
1470, 0.0
1471, 0.0
1472, 0.0
1473, 0.0
1474, 0.0
1475, 0.0
1476, 0.0
1477, 0.0
1478, 0.0
1479, 0.0
1480, 0.0
1481, 0.0
1482, 0.0
1483, 0.0
1484, 0.0
1485, 0.0
1486, 0.0
1487, 0.0
1488, 0.0
1489, 0.0
1490, 0.0
1491, 0.0
1492, 0.0
1493, 0.0
1494, 0.0
1495, 0.0
1496, 0.0
1497, 0.0
1498, 0.0
1499, 0.0
1500, 0.0
1501, 0.0
1502, 0.0
1503, 0.0
1504, 0.0
1505, 0.0
1506, 0.0
1507, 0.0
1508, 0.0
1509, 0.0
1510, 0.0
1511, 0.0
1512, 0.0
1513, 0.0
1514, 0.0
1515, 0.0
1516, 0.0
1517, 0.0
1518, 0.0
1519, 0.0
1520, 0.0
1521, 0.0
1522, 0.0
1523, 0.0
1524, 0.0
1525, 0.0
1526, 0.0
1527, 0.0
1528, 0.0
1529, 0.0
1530, 0.0
1531, 0.0
1532, 0.0
1533, 0.0
1534, 0.0
1535, 0.0
1536, 0.0
1537, 0.0
1538, 0.0
1539, 0.0
1540, 0.0
1541, 0.0
1542, 0.0
1543, 0.0
1544, 0.0
1545, 0.0
1546, 0.0
1547, 0.0
1548, 0.0
1549, 0.0
1550, 0.0
1551, 0.0
1552, 0.0
1553, 0.0
1554, 0.0
1555, 0.0
1556, 0.0
1557, 0.0
1558, 0.0
1559, 0.0
1560, 0.0
1561, 0.0
1562, 0.0
1563, 0.0
1564, 0.0
1565, 0.0
1566, 0.0
1567, 0.0
1568, 0.0
1569, 0.0
1570, 0.0
1571, 0.0
1572, 0.0
1573, 0.0
1574, 0.0
1575, 0.0
1576, 0.0
1577, 0.0
1578, 0.0
1579, 0.0
1580, 0.0
1581, 0.0
1582, 0.0
1583, 0.0
1584, 0.0
1585, 0.0
1586, 0.0
1587, 0.0
1588, 0.0
1589, 0.0
1590, 0.0
1591, 0.0
1592, 0.0
1593, 0.0
1594, 0.0
1595, 0.0
1596, 0.0
1597, 0.0
1598, 0.0
1599, 0.0
