30, 0.0
31, 0.0
32, 0.0
33, 0.0
34, 0.0
35, 0.0
36, 0.0
37, 0.0
38, 0.0
39, 0.0
40, 0.0
41, 0.0
42, 0.0
43, 0.0
44, 0.0
45, 0.0
46, 0.0
47, 0.0
48, 0.0
49, 0.0
50, 0.0
51, 0.0
52, 0.0
53, 0.0
54, 0.0
55, 0.0
56, 0.0
57, 0.0
58, 0.0
59, 0.0
60, 0.0
61, 0.0
62, 0.0
63, 0.0
64, 0.0
65, 0.0
66, 0.0
67, 0.0
68, 0.0
69, 0.0
70, 0.0
71, 0.0
72, 0.0
73, 0.0
74, 0.0
75, 0.0
76, 0.0
77, 0.0
78, 0.0
79, 0.0
80, 0.0
81, 0.0
82, 0.0
83, 0.0
84, 0.0
85, 0.0
86, 0.0
87, 0.0
88, 0.0
89, 0.0
90, 0.0
91, 0.0
92, 0.0
93, 0.0
94, 0.0
95, 0.0
96, 0.0
97, 0.0
98, 0.0
99, 0.0
100, 0.0
101, 0.0
102, 0.0
103, 0.0
104, 0.0
105, 0.0
106, 0.0
107, 0.0
108, 0.0
109, 0.0
110, 0.0
111, 0.0
112, 0.0
113, 0.0
114, 0.0
115, 0.0
116, 0.0
117, 0.0
118, 0.0
119, 0.0
120, 0.0
121, 0.0
122, 0.0
123, 0.0
124, 0.0
125, 0.0
126, 0.0
127, 0.0
128, 0.0
129, 0.0
130, 0.0
131, 0.0
132, 0.0
133, 0.0
134, 0.0
135, 0.0
136, 0.0
137, 0.0
138, 0.0
139, 0.0
140, 0.0
141, 0.0
142, 0.0
143, 0.0
144, 0.0
145, 0.0
146, 0.0
147, 0.0
148, 0.0
149, 0.0
150, 0.0
151, 0.0
152, 0.0
153, 0.0
154, 0.0
155, 0.0
156, 0.0
157, 0.0
158, 0.0
159, 0.0
160, 0.0
161, 0.0
162, 0.0
163, 0.0
164, 0.0
165, 0.0
166, 0.0
167, 0.0
168, 0.0
169, 0.0
170, 0.0
171, 0.0
172, 0.0
173, 0.0
174, 0.0
175, 0.0
176, 0.0
177, 0.0
178, 0.0
179, 0.0
180, 0.0
181, 0.0
182, 0.0
183.0, 0.0004051295826840275
184.0, 0.0027108066519014474
185.0, 0.005327875050214968
186.0, 0.007840374174136923
187.0, 0.011161911418561076
188.0, 0.015284748958366557
189.0, 0.019269950322253267
190.0, 0.023003233142513485
191.0, 0.027239480159516907
192.0, 0.03231822906038604
193.0, 0.03824521263502444
194.0, 0.044978656196757685
195.0, 0.052389354437999774
196.0, 0.060743719704376586
197.0, 0.07003848761058959
198.0, 0.07972917960836283
199.0, 0.08905970304480114
200.0, 0.0957909807946957
201.0, 0.09956352706739807
202.0, 0.09987113196686141
203.0, 0.09183484681910346
204.0, 0.08059169033445492
205.0, 0.06744754502859518
206.0, 0.05427245491256687
207.0, 0.0454294695759364
208.0, 0.0388943379736635
209.0, 0.034783512190102554
210.0, 0.032640137282402684
211.0, 0.03155813454356028
212.0, 0.03183711461359934
213.0, 0.033885991018343824
214.0, 0.03668512732846515
215.0, 0.03964848485985169
216.0, 0.04407050854127279
217.0, 0.04887354260490466
218.0, 0.0539733396689568
219.0, 0.06047664766324191
220.0, 0.06934758275066825
221.0, 0.07579796382713773
222.0, 0.08361612052228554
223.0, 0.08993519992793067
224.0, 0.09146537930511792
225.0, 0.09087215392132138
226.0, 0.08513390656952009
227.0, 0.07687111621665646
228.0, 0.0675081582902761
229.0, 0.057253153357841105
230.0, 0.04804942438439471
231.0, 0.04065522024302398
232.0, 0.03493716508643091
233.0, 0.030552596888679128
234.0, 0.02740467438313698
235.0, 0.023597570227727398
236.0, 0.020839747159255986
237.0, 0.01891367546689027
238.0, 0.015579762550907308
239.0, 0.013267990009069306
240.0, 0.012077642567668436
241.0, 0.011526635512280092
242.0, 0.011295031080868202
243.0, 0.01152306714331368
244.0, 0.01212099341878312
245.0, 0.013131852297985688
246.0, 0.014828062027345783
247.0, 0.017469553521728694
248.0, 0.02008505162058429
249.0, 0.02296781116849265
250.0, 0.02589050482205896
251.0, 0.028896999206511852
252.0, 0.03304738931786835
253.0, 0.03728349061567935
254.0, 0.04246830378107886
255.0, 0.048864130438748724
256.0, 0.05615814309410205
257.0, 0.06374993932703088
258.0, 0.0720886648018124
259.0, 0.08005053361887177
260.0, 0.08689554399699155
261.0, 0.09331927671148628
262.0, 0.09519834703646139
263.0, 0.09131013976134177
264.0, 0.0828204408228739
265.0, 0.07177972547512246
266.0, 0.06207789447051188
267.0, 0.054016429675474265
268.0, 0.047896137670739504
269.0, 0.04336655770402053
270.0, 0.039132770617694324
271.0, 0.03600015128275886
272.0, 0.03201554141964037
273.0, 0.02723321647949277
274.0, 0.022839011009700233
275.0, 0.019260104188031677
276.0, 0.015540398560401842
277.0, 0.01258280993426266
278.0, 0.010045156183510056
279.0, 0.006676725640799158
280.0, 0.004732819564513453
281.0, 0.003204232144852862
282.0, 0.001742629512905682
283.0, 0.0004260937253915137
284.0, 0.000843473587027491
285.0, 0.0003453848425547033
286.0, 0.00025892290063269724
287.0, 0.0007791664788842486
288.0, 0.0007388518729138646
289.0, 0.00027499646834023336
290.0, 0.0005935050896644009
291.0, 0.0007524336423453571
292.0, 0.001249249338586845
293.0, 0.0021513752717508073
294.0, 0.0017831896326331643
295.0, 0.0021546055102439924
296.0, 0.0024939389404420942
297.0, 0.002284916882370632
298.0, 0.0029565820194452507
299.0, 0.004103204875218677
300.0, 0.004644039296358554
301.0, 0.005353554663395101
302.0, 0.007045055634896527
303.0, 0.008121320530062101
304.0, 0.009804194381315152
305.0, 0.01154092354662557
306.0, 0.013112560610719312
307.0, 0.014810699989984435
308.0, 0.015953809602436992
309.0, 0.016198464766843498
310.0, 0.015987312279190292
311.0, 0.015471147840334496
312.0, 0.014211780065312398
313.0, 0.01241063448271354
314.0, 0.010220723299407621
315.0, 0.007900788948497385
316.0, 0.00592082084986288
317.0, 0.004915052925051252
318.0, 0.0031176175910267094
319.0, 0.0013649580319373027
320.0, 0.0004218859845035513
321.0, 0.0003324627330628903
322.0, 0.0006135241592028407
323.0, 0.0008194931673715574
324.0, 0.000578962517667258
325.0, 0.0007377143272228395
326.0, 0.0018157357096322795
327.0, 0.0018963207462811085
328.0, 0.0019132866320144815
329.0, 0.0020029962041247422
330.0, 0.001979015484779186
331.0, 0.0017029419456898523
332.0, 0.0014101474201091019
333.0, 0.000826214074636831
334.0, 0.0005282475993665515
335.0, 0.0008712078422050331
336.0, 0.000573316479115646
337.0, 0.0005565645396182543
338.0, 0.0002376508458030382
339.0, 0.0003698929078063255
340.0, 0.0003215752352435278
341.0, 0.0003861432627089471
342.0, 0.000770259411085431
343.0, 0.0007621114790343748
344.0, 0.00037165760342094045
345.0, 0.00021831250304190822
346.0, 0.00021090067201571052
347.0, 0.0007708533480043863
348.0, 0.0014288271631162541
349.0, 0.001648912818940659
350.0, 0.0013351347676225421
351.0, 0.001805794924845549
352.0, 0.0021368006739017576
353.0, 0.002215975158685315
354.0, 0.002549516175279966
355.0, 0.0033794545794024965
356.0, 0.0032561747482384436
357.0, 0.0032247411489633453
358.0, 0.0032272821094637347
359.0, 0.0031110728897717436
360.0, 0.003607046499362832
361.0, 0.003835724441532526
362.0, 0.004213504143045415
363.0, 0.004559689901922784
364.0, 0.004483396141634762
365.0, 0.004038394456466493
366.0, 0.00467160442961534
367.0, 0.005337693607999503
368.0, 0.005629791015536236
369.0, 0.005643340325472111
370.0, 0.0048404883204624105
371.0, 0.004992121395003749
372.0, 0.0051480648839247675
373.0, 0.00533815929662439
374.0, 0.006236363991086313
375.0, 0.006219273149705595
376.0, 0.00556016888186565
377.0, 0.005444642761339954
378.0, 0.006006087011051761
379.0, 0.006302795873039727
380.0, 0.0061042447881928955
381.0, 0.00584595575483184
382.0, 0.005823315260669933
383.0, 0.0060287549327097765
384.0, 0.006231109551866624
385.0, 0.00623311719006194
386.0, 0.00599282567298186
387.0, 0.005844597086894029
388.0, 0.005533862138190058
389.0, 0.004561149977864044
390.0, 0.004494233809793393
391.0, 0.00502658387548918
392.0, 0.004869457049836323
393.0, 0.004162038762293411
394.0, 0.004366652894936622
395.0, 0.004795626666225167
396.0, 0.004711836073506954
397.0, 0.004384944144492618
398.0, 0.004084897984224644
399.0, 0.003899553013850716
400.0, 0.003757427906183308
401.0, 0.0035250702754754067
402.0, 0.0035245578275859067
403.0, 0.0035656658623817454
404.0, 0.0029569594555740705
405.0, 0.003553856396516824
406.0, 0.0036309141588057067
407.0, 0.003619775838033085
408.0, 0.0038449863393757986
409.0, 0.003600477328700313
410.0, 0.0028907685721528435
411.0, 0.0031336373821022863
412.0, 0.003965868726738747
413.0, 0.004446043224683244
414.0, 0.0039928902095129806
415.0, 0.0032437393625806125
416.0, 0.002893688610575428
417.0, 0.0032141988432426217
418.0, 0.0036048838048405654
419.0, 0.003082391248058799
420.0, 0.0023956442417877497
421.0, 0.0019661275415053044
422.0, 0.001960536385983539
423.0, 0.002178128594564445
424.0, 0.0023905237735797704
425.0, 0.003370417901204247
426.0, 0.002928148588611634
427.0, 0.002706770419722297
428.0, 0.003014193578202313
429.0, 0.0026880247258333255
430.0, 0.002205474272170714
431.0, 0.0022187650795070448
432.0, 0.0022075626008036873
433.0, 0.0018643341085388654
434.0, 0.0016343776890351935
435.0, 0.0022023074652099267
436.0, 0.0018681431367882897
437.0, 0.0015475162008543248
438.0, 0.00138879781869334
439.0, 0.0009586638964748481
440.0, 0.0011345141028511843
441.0, 0.0009608465706206961
442.0, 0.0014902873457834373
443.0, 0.0023432312581678264
444.0, 0.0024997522284986493
445.0, 0.0018855666585640659
446.0, 0.0013555363665545821
447.0, 0.0013368159802048638
448.0, 0.001988652119707928
449.0, 0.002636537381958212
450.0, 0.0015872870260901146
451.0, 0.001247760096683971
452.0, 0.00121905212524416
453.0, 0.0013229918233449742
454.0, 0.0014522141668052728
455.0, 0.0012239538925686755
456.0, 0.0012209154487315048
457.0, 0.0008338707788818102
458.0, 0.0007539682696184558
459.0, 0.0011454708277204766
460.0, 0.001216904759374818
461.0, 0.0014189108725989694
462.0, 0.0014336900165685857
463.0, 0.0014325562306444905
464.0, 0.0010021605312472144
465.0, 6.144181132627577e-05
466.0, 0.0014839151494929405
467.0, 0.0009945195297926864
468.0, 0.0006013283955908763
469.0, 0.0007865073644591122
470.0, 0.000627190965728216
471.0, 0.0003322977050098721
472.0, 0.00017044310764236713
473.0, 0.00048557724072486957
474.0, 0.000826923440528485
475.0, 0.0007301477372948174
476.0, 0.0006142622249780281
477.0, 0.0005138822418177958
478.0, 0.0006480443664515604
479.0, 0.001060172900214854
480.0, 0.0011751147108897513
481.0, 0.0002799008524179684
482.0, 0.0010673520760486322
483.0, 0.00047147200839916647
484.0, 0.0003568076965487102
485.0, 0.00097224839660182
486.0, 0.0004998789744862763
487.0, 0.0005031636888918044
488.0, 0.0005133401112636895
489.0, 0.0004103864702153038
490.0, 0.00045029220115829014
491.0, 0.0007167914952141315
492.0, 0.0006527269981034183
493.0, 0.00024141312625843665
494.0, 1.4963525375807057e-05
495.0, 0.00045559708478431506
496.0, 0.0010767750820313354
497.0, 0.0005034397568377678
498.0, 0.0009046651224953049
499.0, 0.0006716684342350789
500.0, 0.0006797880643923765
501.0, 0.0008294296458681293
502.0, 9.334041878117173e-05
503.0, 0.00039869486246573495
504.0, 0.00039700873868574524
505.0, 0.0009530796404278563
506.0, 0.0011303816261448332
507.0, 0.00016971190125118833
508.0, 0.00017725180047744655
509.0, 0.00012179806897533806
510.0, 0.0001299505716782714
511.0, 0.0003014618912101783
512.0, 0.00028939189681735693
513.0, 0.0004766452968601721
514.0, 0.0005587436725941741
515.0, 0.0007660785430201785
516.0, 0.0002466953941555638
517.0, 0.0005723311245128902
518.0, 0.000430464960820225
519.0, 0.0005784410070439835
520.0, 6.530395885868606e-05
521.0, 4.407239022825057e-05
522.0, 0.0001225648850182938
523.0, 0.00011617009847004548
524.0, 0.0006989718904485721
525.0, 0.00042354825517805495
526.0, 0.00023694088150356024
527.0, 0.00034804156603428834
528.0, 0.0005782472070427611
529.0, 0.0007888593054906892
530.0, 0.00047806820544095554
531.0, 0.00046722997103973576
532.0, 0.0002872485883337575
533.0, 0.00024831739253012214
534.0, 0.0006645211937310531
535.0, 0.0007049230250003743
536.0, 0.0005153543010478476
537.0, 7.226463714097302e-05
538.0, 0.00010066249255015013
539.0, 0.0005454456255627282
540.0, 0.0006638788824052663
541.0, 0.00026568558322378756
542.0, 0.0001785113135746565
543.0, 0.0006752422651740742
544.0, 0.0006131305652183447
545.0, 0.00017728156207369485
546.0, 0.0005604466814170718
547.0, 0.0005714099803158126
548.0, 0.0006714549669785754
549.0, 0.0008691303211455935
550.0, 0.0009730038024589098
551.0, 0.0010168297021903275
552.0, 0.000679728589694946
553.0, 0.0008691211115971039
554.0, 0.0009879612875750528
555.0, 0.0009644205721716495
556.0, 0.000927584374842926
557.0, 0.00046934303820521107
558.0, 4.709929292082455e-05
559.0, 0.00015008299537223863
560.0, 7.621470710671656e-05
561.0, 6.66719315825409e-05
562.0, 0.0007259556919164259
563.0, 9.445408139193867e-05
564.0, 1.8172616342061733e-05
565.0, 0.0003833896191641412
566.0, 0.0007001035249480551
567.0, 0.0008133228478365708
568.0, 0.0010103310490645358
569.0, 0.0008043659088996375
570.0, 0.0004967473625395267
571.0, 0.0004066500206498179
572.0, 0.0003500163011124363
573.0, 0.00015560920700426444
574.0, 0.0002814060490096214
575.0, 0.00032198167918966625
576.0, 0.0004001408962892903
577.0, 0.0009730931908674839
578.0, 0.0005409783404308154
579.0, 9.101029931903929e-05
580.0, 0.0005985512503187146
581.0, 0.0006708288048559357
582.0, 0.0009695251404313437
583.0, 0.0010968427186167696
584.0, 0.0007911024651889318
585.0, 0.0009379484257705487
586.0, 0.0008318861952939012
587.0, 0.0005236741152306962
588.0, 0.0008425024418924173
589.0, 0.001301749497918349
590.0, 0.0011573792620646135
591.0, 0.0012619134142687427
592.0, 0.0006264016416734911
593.0, 0.0006920887818669254
594.0, 0.0009090532509785586
595.0, 0.001012669260355912
596.0, 0.0013047233964828078
597.0, 0.0008346293339054508
598.0, 0.000780435583146087
599.0, 0.0004963741434195297
600.0, 0.00020598721867714015
601.0, 0.00042353697261521674
602.0, 0.0011359718550501899
603.0, 0.0007977128008970321
604.0, 0.0008990004592683633
605.0, 0.001052987728729753
606.0, 0.0012134475039182605
607.0, 0.001316518457741349
608.0, 0.0008989131322382195
609.0, 0.0005847221534511872
610.0, 0.0006326189340576788
611.0, 0.0005201660538870255
612.0, 0.000356942943834251
613.0, 0.0003687604281446977
614.0, 8.549989884478514e-05
615.0, 0.0008258459434906216
616.0, 0.00048661378944851415
617.0, 0.000251539590377624
618.0, 0.0006261046982114322
619.0, 0.0008234273138662711
620.0, 0.000566265895194278
621.0, 0.0016967477998004442
622.0, 0.002183045429576499
623.0, 0.0012404929893819194
624.0, 0.00035961617875220433
625.0, 0.000895474900357266
626.0, 0.0010636186205118033
627.0, 0.0006897500217838322
628.0, 4.894127647080479e-05
629.0, 0.00022739768977359225
630.0, 8.630203837670333e-05
631.0, 0.0005532376695072953
632.0, 0.0005485256560921151
633.0, 0.00012457746768972005
634.0, 0.00013773988241847084
635.0, 0.0004474965231704189
636.0, 0.0005009084815183509
637.0, 0.0004028839249639139
638.0, 0.000604609742249209
639.0, 0.0013922961932131847
640.0, 0.0010604952766267097
641.0, 8.359382614835464e-05
642.0, 0.0004254286782741143
643.0, 0.0003122141279382892
644.0, 4.3651735199512644e-05
645.0, 0.00016032385335496073
646.0, 0.0005402502746257944
647.0, 0.0007517947045830999
648.0, 0.0005688561841300471
649.0, 0.0005160824674717501
650.0, 0.0005202343208955395
651.0, 0.0005636239982546291
652.0, 0.00013226275613040315
653.0, 0.0006649239264584242
654.0, 0.0018501371456448629
655.0, 0.001603066402794608
656.0, 0.0014066105877676533
657.0, 0.0012388056780073104
658.0, 0.0010493254165037241
659.0, 0.001268637246409468
660.0, 0.0016576826735218914
661.0, 0.0012478971454628386
662.0, 0.0006235011179418636
663.0, 0.0006668460421293557
664.0, 0.0006561445460875748
665.0, 0.0006103598759122916
666.0, 0.0007854895509350089
667.0, 0.0010046243740021229
668.0, 0.0009202450853036511
669.0, 0.0006582440952440215
670.0, 0.0008029943762181708
671.0, 0.0011775854088688904
672.0, 0.0011904490414475011
673.0, 0.0009785883214170868
674.0, 0.0022032658906628168
675.0, 0.002619075916145712
676.0, 0.003440546846569752
677.0, 0.00370722698603384
678.0, 0.003685295775202767
679.0, 0.004639883728331951
680.0, 0.005620711174324008
681.0, 0.006578057043651695
682.0, 0.007863292832658502
683.0, 0.008978966904624889
684.0, 0.010537719751778465
685.0, 0.013030682813044921
686.0, 0.015204025573574543
687.0, 0.017503150792256346
688.0, 0.020089930877501178
689.0, 0.01996367451482437
690.0, 0.01941953018329546
691.0, 0.019891454135869333
692.0, 0.01676692011737554
693.0, 0.011928828029047317
694.0, 0.009932534837047733
695.0, 0.00960384421741563
696.0, 0.009875887869583077
697.0, 0.010568995285449974
698.0, 0.011540989133957501
699.0, 0.013393287721905286
700.0, 0.016412473046890995
701.0, 0.019241235925856925
702.0, 0.01866019944417824
703.0, 0.01499364386091376
704.0, 0.011698357479811643
705.0, 0.00989407723245761
706.0, 0.009971879361099906
707.0, 0.010589373485105497
708.0, 0.011004419700977602
709.0, 0.011400631969537302
710.0, 0.012392553711027455
711.0, 0.014706165250706317
712.0, 0.017942461633945115
713.0, 0.02088609945489633
714.0, 0.024200352258266656
715.0, 0.029771940559898628
716.0, 0.03495280106246776
717.0, 0.03116943584852868
718.0, 0.018698295903668657
719.0, 0.009631417544833352
720.0, 0.004925990766537404
721.0, 0.0023621557521112295
722.0, 0.0009570397544787934
723.0, 0.0006266395934323981
724.0, 0.0008135416404163988
725.0, 0.0015968526816259254
726.0, 0.0014313939459806013
727.0, 0.0008919549273898259
728.0, 0.0007110795132158611
729.0, 0.0008447671012347373
730.0, 0.0007460055701141253
731.0, 0.0008518406836889267
732.0, 0.001068104587669434
733.0, 0.0008828516626041731
734.0, 0.00027554894961367884
735.0, 7.249814796193475e-05
736.0, 0.0006854835472752016
737.0, 0.00046732573874868136
738.0, 0.0001065091353025893
739.0, 0.0002790357526043288
740.0, 0.00028736237354070736
741.0, 0.0005485371831295985
742.0, 1.6346109844161133e-05
743.0, 0.00014644194706393008
744.0, 0.0007239138110295364
745.0, 0.00018256081707235952
746.0, 0.0008449039985549944
747.0, 0.000710252274664986
748.0, 0.0003419761030302695
749.0, 0.00018498867611794302
750.0, 5.4109218447778224e-05
751.0, 0.00047165880985238954
752.0, 0.0007923194629947877
753.0, 0.0005718376967499847
754.0, 0.0005568338557008645
755.0, 0.0010012975313866022
756.0, 0.0008456568745323508
757.0, 0.00018025337109393936
758.0, 0.00027115166646563243
759.0, 0.000400921913652239
760.0, 0.0007100611486510938
761.0, 0.0007036234917873997
762.0, 0.0003440975207953304
763.0, 0.0012373279885566032
764.0, 0.0006498902133364581
765.0, 0.00011395591115216505
766.0, 0.00022030370271551607
767.0, 0.0001233682003534463
768.0, 0.000700732752418782
769.0, 0.0011529548468920258
770.0, 0.0008192427302586139
771.0, 0.00039236799859696404
772.0, 0.0004502299923046596
773.0, 0.0010393422832399718
774.0, 0.0010262422746816382
775.0, 0.00041578967702401423
776.0, 0.0006335366012810466
777.0, 0.00048663312882516255
778.0, 0.0005825440201652029
779.0, 0.0008775432465271555
780.0, 0.0005975984260841666
781.0, 0.00019100249124421058
782.0, 0.0005542475554071528
783.0, 0.0011384666374678483
784.0, 0.00045657403802054543
785.0, 0.0003914562777123917
786.0, 0.0005365870321749466
787.0, 0.000602387996807041
788.0, 0.0006859357520701487
789.0, 0.0006200056894623079
790.0, 4.722629495201527e-05
791.0, 0.0004642563817147795
792.0, 0.0009996901978832683
793.0, 0.001217691319653203
794.0, 0.0012686443027507804
795.0, 0.0010744737284669144
796.0, 0.0005822944378664442
797.0, 0.0006020880454653722
798.0, 0.0008511727514210285
799.0, 0.00032400278148235126
800.0, 0.00020433681582490205
801.0, 0.00012652776408348607
802.0, 0.0006670538676466984
803.0, 0.0008343820792136105
804.0, 0.0002679501995748291
805.0, 0.0008359509639790391
806.0, 9.830287482495513e-05
807.0, 0.00012834492713211486
808.0, 0.000513354065572623
809.0, 0.0005119871215687993
810.0, 0.0007427802002720683
811.0, 0.00041908434449646707
812.0, 0.00019137100622304605
813.0, 0.0004732762441738691
814.0, 0.0003345415598161616
815.0, 0.00014092389381789236
816.0, 9.993261351707233e-05
817.0, 0.0008940074513875424
818.0, 0.0007874936003828038
819.0, 0.0008776866869842006
820.0, 0.0013136676566611741
821.0, 0.0010919662871311446
822.0, 0.0009961234888174598
823.0, 0.001316449122251856
824.0, 0.000981884086533245
825.0, 0.0006816926526642449
826.0, 0.0005113941264086355
827.0, 0.0005721174530177209
828.0, 0.0004686939714454629
829.0, 0.000626172188017255
830.0, 0.0008842909167740702
831.0, 0.0007181835953768099
832.0, 0.0010611237803393244
833.0, 0.0007541686772424927
834.0, 0.0009208051881684703
835.0, 0.001056621271074806
836.0, 0.0010309190572676402
837.0, 0.0009541780632922689
838.0, 0.0007293844087132604
839.0, 0.0003473682939751505
840.0, 0.0004219772957705567
841.0, 0.0005758584277184509
842.0, 0.0009089131266387057
843.0, 0.0010401449874311395
844.0, 0.0011448545088220234
845.0, 0.0010656474718519944
846.0, 5.369198982536317e-05
847.0, 0.0004377692579094669
848.0, 0.0008879641311616118
849.0, 0.0010255842700395692
850.0, 0.0009687413161702952
851.0, 0.0009284765817600065
852.0, 0.0009072138840611869
853.0, 0.0008011244624675812
854.0, 0.0009080722477775491
855.0, 0.0012177261616873997
856.0, 0.0013215551214212987
857.0, 0.0010221414218108387
858.0, 0.000916331598231842
859.0, 0.0011745565354533655
860.0, 0.001443234730362136
861.0, 0.0020653791783345455
862.0, 0.002024040878790729
863.0, 0.0030720916120900027
864.0, 0.003559824909929576
865.0, 0.0037860911970221426
866.0, 0.004223814545532322
867.0, 0.004554963828610868
868.0, 0.0047235096811262854
869.0, 0.004285892701973561
870.0, 0.005500429476239163
871.0, 0.006903092592842963
872.0, 0.008012810026666654
873.0, 0.009633983934351394
874.0, 0.011430647128139508
875.0, 0.012382986717845833
876.0, 0.014650916662768182
877.0, 0.016029302831575384
878.0, 0.011084333574885016
879.0, 0.00506388536770892
880.0, 0.0023234790479602324
881.0, 0.0015618826439218428
882.0, 0.0006998158162344289
883.0, 0.0010373796381584622
884.0, 0.0010982606530704783
885.0, 0.0011553781879382228
886.0, 0.0009128232733579848
887.0, 0.0011674363149739798
888.0, 0.0012817771089539609
889.0, 0.0009283010451565213
890.0, 0.0009331633466219304
891.0, 0.0005783807636711456
892.0, 0.0002931021432815623
893.0, 0.00017552974808308946
894.0, 0.0003163631591317256
895.0, 0.00037448629005786037
896.0, 0.00035119941713388425
897.0, 0.0005886743882691517
898.0, 0.0010357080829817406
899.0, 0.00022449183384590216
900.0, 0.00012911802203177618
901.0, 0.000508220147415962
902.0, 0.0009627650610891965
903.0, 0.0013968148129478478
904.0, 0.00035934076766331257
905.0, 0.000456546121455718
906.0, 0.0004159506786953661
907.0, 0.0008521467870230481
908.0, 0.0009757856725144459
909.0, 0.0006063645301929395
910.0, 0.0008314663741536226
911.0, 0.0009955860544325474
912.0, 0.0005768725430208581
913.0, 0.00046993277785898946
914.0, 0.0011890529463684228
915.0, 0.0015487766016689447
916.0, 0.001106970300178835
917.0, 0.0009295954828779589
918.0, 0.0014069295172015293
919.0, 0.001722949786309581
920.0, 0.001039634993057577
921.0, 0.00016894404464061981
922.0, 0.0007071278990762779
923.0, 0.0014591581283808568
924.0, 0.0010847028364711676
925.0, 0.0004352590764674986
926.0, 0.0005028361502050858
927.0, 0.0005544814947709673
928.0, 0.0001950012027675033
929.0, 0.00036444657427637714
930.0, 0.0008783410542760124
931.0, 0.0009133466850083164
932.0, 0.00021299054140117336
933.0, 8.93820634199399e-05
934.0, 0.0002372265259777793
935.0, 0.00015983496162588027
936.0, 2.848435072271071e-05
937.0, 0.0002197960126213837
938.0, 0.00014382541596099418
939.0, 0.0003252710994220435
940.0, 0.00011208088525272456
941.0, 0.0004975376842822696
942.0, 0.0006335959700184926
943.0, 0.0006680824219647815
944.0, 0.0011208995927625162
945.0, 0.0013480160685309778
946.0, 0.0009968291539973115
947.0, 0.001566479467350006
948.0, 0.0003461989456133803
949.0, 0.00011896553301941787
950.0, 0.0002353288823757142
951.0, 0.0004385514480939446
952.0, 0.00026920626486383776
953.0, 0.0002014337258605116
954.0, 0.0004801297715645474
955.0, 0.00035029391508490634
956.0, 0.0007039606381551003
957.0, 0.0005491976487950576
958.0, 0.0005123784547340102
959.0, 0.0005060299540459236
960.0, 0.0006663236828022389
961.0, 0.0006835125209872541
962.0, 0.00015429011742092724
963.0, 0.0007128341729695785
964.0, 0.0002161897570356925
965.0, 0.0009883303269474077
966.0, 0.000746884883064194
967.0, 0.0006759255610778955
968.0, 0.0014769020334164838
969.0, 0.0016324655746561448
970.0, 0.0005191803815695266
971.0, 0.0003013914547009153
972.0, 0.0001175189530257162
973.0, 0.00041148030663267404
974.0, 0.00015582337455348158
975.0, 0.0001302366082139467
976.0, 0.00022733539929148923
977.0, 9.588127941340151e-05
978.0, 0.0006737703645588791
979.0, 0.000568560358146112
980.0, 0.0008905971638955436
981.0, 0.0008357459597985463
982.0, 0.0009842775465548218
983.0, 0.00027307996274527187
984.0, 0.0005505119537769337
985.0, 0.0012424072849668507
986.0, 0.00039574514901388275
987.0, 1.2098364145252814e-05
988.0, 0.00030759328783409005
989.0, 0.00091203752935893
990.0, 0.0012194576515147531
991.0, 0.000924283797625848
992.0, 0.0008644912931660726
993.0, 0.000890393068641393
994.0, 0.0007845779698374356
995.0, 0.0007949786789761639
996.0, 0.0007652232363925906
997.0, 0.0007718217668391137
998.0, 0.00010199221879362858
999.0, 0.00012949139319533973
1000.0, 0.0003446193603824279
1001.0, 0.0007452123876082383
1002.0, 0.0006660582276835541
1003.0, 0.00015472751421108047
1004.0, 0.00024150668121434259
1005.0, 0.00010808288037451412
1006.0, 0.0004837922825299484
1007.0, 0.0013838250257151438
1008.0, 0.001395363855381534
1009.0, 0.0013924427255497935
1010.0, 0.0007285954501354062
1011.0, 0.00020608524628353502
1012.0, 0.0003195802269511979
1013.0, 0.0006999339890247411
1014.0, 0.00010742768974086635
1015.0, 4.0999517309214906e-05
1016.0, 0.00022253072072774327
1017.0, 0.00031409437373356537
1018.0, 0.0009127301863072644
1019.0, 0.00046316977476881294
1020.0, 0.0003160451767797489
1021.0, 0.0011867838215150585
1022.0, 0.0003848291170967551
1023.0, 0.0003572055053920651
1024.0, 0.0010137436620868167
1025.0, 0.00010317377949416564
1026.0, 0.0009494746464749786
1027.0, 0.0010248192589865463
1028.0, 0.00022109861565874136
1029.0, 0.00032442247316010197
1030.0, 0.0007120895110560835
1031.0, 0.0006266746761976986
1032.0, 0.001721049495152481
1033.0, 0.0007381355501777692
1034.0, 0.0003592177022874056
1035.0, 0.0017099713415574074
1036.0, 0.0023948302037525055
1037.0, 0.0016700530042105257
1038.0, 0.0009013491966260039
1039.0, 0.0009829983665672404
1040.0, 0.0011858659245288135
1041.0, 0.0010645735155962047
1042.0, 0.00029757511852730083
1043.0, 0.0005846934976831741
1044.0, 0.0002979415293338551
1045.0, 0.0004311705149320573
1046.0, 0.001366086902467208
1047.0, 0.0012409599488332418
1048.0, 0.000837400927835391
1049.0, 0.00183589293233514
1050.0, 0.001883764643690244
1051.0, 0.0016534788990549684
1052.0, 0.0015873105320784507
1053.0, 0.002296978317940462
1054.0, 0.002540828582940416
1055.0, 0.002575389150865377
1056.0, 0.0030385485993594387
1057.0, 0.0034434618487321784
1058.0, 0.0036345155875766163
1059.0, 0.004278784539150439
1060.0, 0.004983966053986225
1061.0, 0.005954845555139308
1062.0, 0.005939941523677837
1063.0, 0.00565605346517552
1064.0, 0.0052480048777884866
1065.0, 0.005686001796596974
1066.0, 0.006820894777105217
1067.0, 0.0077005314500786645
1068.0, 0.008848411239162243
1069.0, 0.011727344227029316
1070.0, 0.0155522924935989
1071.0, 0.020500356271070826
1072.0, 0.02933470102455681
1073.0, 0.0447473126194021
1074.0, 0.0741465020951728
1075.0, 0.11668599097802314
1076.0, 0.15660949041995537
1077.0, 0.1862861788875356
1078.0, 0.2141271726956979
1079.0, 0.24224518599472122
1080.0, 0.27471256875994876
1081.0, 0.3244066337098623
1082.0, 0.40367182431882126
1083.0, 0.5267747328254926
1084.0, 0.6599957871180961
1085.0, 0.8455517052436431
1086.0, 0.9932860792548049
1087.0, 0.8529031717003832
1088.0, 0.4230733585373119
1089.0, 0.1822763030252676
1090.0, 0.08113826638302755
1091.0, 0.04015218293921061
1092.0, 0.025193289984847204
1093.0, 0.017184606272168418
1094.0, 0.012421151776828778
1095.0, 0.009749890304812209
1096.0, 0.007672312308118593
1097.0, 0.0059300375196827924
1098.0, 0.004894799705514539
1099.0, 0.004943128709540871
1100.0, 0.0053216318982552925
1101.0, 0.004003102199867992
1102.0, 0.003453394766296582
1103.0, 0.0022291266451661953
1104.0, 0.0018523150825874703
1105.0, 0.0015432287957153291
1106.0, 0.0010636971251090192
1107.0, 0.0012685320841336223
1108.0, 0.001689373355156334
1109.0, 0.0016831064303543177
1110.0, 0.0019127375271580256
1111.0, 0.0015272537616267334
1112.0, 0.002398682634466246
1113.0, 0.0019204277815078469
1114.0, 0.0011898708428144254
1115.0, 0.0015367869622100936
1116.0, 0.0013974166560936072
1117.0, 0.0003937575615843541
1118.0, 9.42633289549703e-05
1119.0, 0.00015672912815448934
1120.0, 0.0010270732444749866
1121.0, 0.0010317300971184368
1122.0, 0.0005265450246172036
1123.0, 0.0005738418003490268
1124.0, 0.00046146053539887174
1125.0, 0.0006595359992371199
1126.0, 0.0005040859824066906
1127.0, 0.0003874545632604436
1128.0, 0.00028899672621818793
1129.0, 0.00035667122299493515
1130.0, 0.0006500257885522179
1131.0, 0.0009628601493342655
1132.0, 0.0008480839049954225
1133.0, 0.0001651398070262567
1134.0, 0.00028957279426446516
1135.0, 0.0008386324511225361
1136.0, 0.0006424418708667583
1137.0, 0.0003901908705009814
1138.0, 0.0007669159687677159
1139.0, 0.0009723518693472844
1140.0, 6.707142031027173e-05
1141.0, 0.000464327227460817
1142.0, 0.0010312216759704818
1143.0, 0.0011445246819945965
1144.0, 0.0007716001581508519
1145.0, 0.0002965356237575717
1146.0, 0.00046386873603725896
1147.0, 0.0010144322596948474
1148.0, 0.0009209756018377399
1149.0, 0.0005143860781820871
1150.0, 0.0006452038282723673
1151.0, 0.0006021375865131005
1152.0, 0.00012144134185397969
1153.0, 0.0006852519299596479
1154.0, 0.0003321173286075296
1155.0, 0.0007161539726016721
1156.0, 0.0003988814711831892
1157.0, 0.0011931803134784787
1158.0, 0.0015392254083082895
1159.0, 0.0011186862211960413
1160.0, 0.00034192939940714493
1161.0, 0.00032901490793884756
1162.0, 0.0003668136036423331
1163.0, 0.0014220749017742084
1164.0, 0.001133864984026736
1165.0, 0.00017260505573572123
1166.0, 0.000442146720909681
1167.0, 0.0004329266744826623
1168.0, 0.00015205947254082604
1169.0, 0.00028335059534731553
1170.0, 0.00016302426263327147
1171.0, 0.0009316363224837274
1172.0, 0.001212516076954684
1173.0, 0.0007667994003512303
1174.0, 0.0013078640717810416
1175.0, 0.0005420207705072514
1176.0, 8.468717709851142e-05
1177.0, 0.0010721768888877553
1178.0, 0.0004615500727936983
1179.0, 0.0007441762526806275
1180.0, 0.0010458998734610746
1181.0, 0.0006577864872376175
1182.0, 0.0011484622012125118
1183.0, 0.0016326310662500404
1184.0, 0.0014126240527044974
1185.0, 0.002106944768612434
1186.0, 0.0018829520572198586
1187.0, 0.0010862628322912276
1188.0, 0.0017311693686402215
1189.0, 0.00047745106704005633
1190.0, 0.0009398070487470622
1191.0, 0.0009592378700407712
1192.0, 0.000538441538351644
1193.0, 0.0006256046932336646
1194.0, 0.0011495289280080275
1195.0, 0.0014378585467265809
1196.0, 0.0012142120848239978
1197.0, 0.0014161894063467054
1198.0, 0.0023522908124513236
1199.0, 0.0014736949549934006
1200.0, 0.0018285546039148765
1201.0, 0.0017398523414464727
1202.0, 0.002347771599251854
1203.0, 0.0011245243604781417
1204.0, 0.0008104750671899624
1205.0, 0.001584920322373482
1206.0, 0.0016630219163829964
1207.0, 0.002440762697387818
1208.0, 0.003136671662493268
1209.0, 0.0019635118575693066
1210.0, 0.0019174835710779265
1211.0, 0.0009605077618340548
1212.0, 0.0028893071451930098
1213.0, 0.002286716342249076
1214.0, 0.002843447831530213
1215.0, 0.0025161738050792103
1216.0, 0.001850803759118651
1217.0, 0.0006677605446808643
1218.0, 0.0005132364891367497
1219.0, 0.0010862117651888588
1220.0, 0.0012169770216810816
1221.0, 0.0012911212808217906
1222.0, 0.0011656580011724432
1223.0, 0.0005769342389478167
1224.0, 0.001706078502114754
1225.0, 0.0023795874789206074
1226.0, 0.0019341528226797947
1227.0, 0.001659640556756784
1228.0, 0.0011341557508194242
1229.0, 0.0009710212831668464
1230.0, 0.0015078379078650754
1231.0, 0.001028411693699187
1232.0, 0.0006125451280065746
1233.0, 0.0007914477653696967
1234.0, 0.0005885228813575915
1235.0, 0.0009545959734498924
1236.0, 0.0007849360364009135
1237.0, 2.1067172591634364e-05
1238.0, 0.00034755672108158746
1239.0, 0.00046677387018207746
1240.0, 0.00024526631112886194
1241.0, 0.000665151478853051
1242.0, 0.0008485977253529176
1243.0, 0.001218992763521532
1244.0, 0.0008219173002088706
1245.0, 0.0011616391513474685
1246.0, 0.0012600931147179392
1247.0, 0.0002679586547897756
1248.0, 0.0008376072133391706
1249.0, 0.00036295477327069126
1250.0, 0.0005142778021410405
1251.0, 0.0005641358769163473
1252.0, 0.0019000086927636003
1253.0, 0.0018022623093381066
1254.0, 0.0013147036981129925
1255.0, 0.00024920274375121623
1256.0, 0.00039946548066238554
1257.0, 0.0010042763717786765
1258.0, 0.0015270979967816772
1259.0, 0.0013142890455700035
1260.0, 0.0010509508895095465
1261.0, 0.0016499297086708042
1262.0, 0.001560197487577838
1263.0, 0.002030120515194099
1264.0, 0.0012411205695901633
1265.0, 0.0007572393046446932
1266.0, 0.0008269690651761715
1267.0, 0.0015180406562653268
1268.0, 0.0019232905988768425
1269.0, 0.0015342625682175925
1270.0, 0.0015588679481952582
1271.0, 0.0015183345429496174
1272.0, 0.0008568534165067406
1273.0, 0.0006627918741159874
1274.0, 0.0012065517645866819
1275.0, 0.0015037473493357074
1276.0, 0.0015468321126631294
1277.0, 0.0011288723450476592
1278.0, 0.0006411267370142598
1279.0, 0.0006028446875995349
1280.0, 0.0006012724491027593
1281.0, 0.0004460021026767707
1282.0, 0.0005704852664262411
1283.0, 0.0003484117137184742
1284.0, 0.0011197378544451863
1285.0, 0.00182194079889093
1286.0, 0.0012417840356082498
1287.0, 0.0008003833077013585
1288.0, 0.0012831982199323737
1289.0, 0.001198075026811145
1290.0, 0.0005998751377647579
1291.0, 0.0010141567944817026
1292.0, 0.0013978656358875025
1293.0, 0.0004873287298388374
1294.0, 0.0006430030827402737
1295.0, 0.0003270611080117564
1296.0, 0.0007810942678296893
1297.0, 0.0003817077456328962
1298.0, 0.0001117507610042392
1299.0, 0.0002185275059006079
1300.0, 9.592611064091691e-05
1301.0, 0.00018521238439750648
1302.0, 0.00032684772586998544
1303.0, 7.194500614680406e-06
1304, 0.0
1305, 0.0
1306, 0.0
1307, 0.0
1308, 0.0
1309, 0.0
1310, 0.0
1311, 0.0
1312, 0.0
1313, 0.0
1314, 0.0
1315, 0.0
1316, 0.0
1317, 0.0
1318, 0.0
1319, 0.0
1320, 0.0
1321, 0.0
1322, 0.0
1323, 0.0
1324, 0.0
1325, 0.0
1326, 0.0
1327, 0.0
1328, 0.0
1329, 0.0
1330, 0.0
1331, 0.0
1332, 0.0
1333, 0.0
1334, 0.0
1335, 0.0
1336, 0.0
1337, 0.0
1338, 0.0
1339, 0.0
1340, 0.0
1341, 0.0
1342, 0.0
1343, 0.0
1344, 0.0
1345, 0.0
1346, 0.0
1347, 0.0
1348, 0.0
1349, 0.0
1350, 0.0
1351, 0.0
1352, 0.0
1353, 0.0
1354, 0.0
1355, 0.0
1356, 0.0
1357, 0.0
1358, 0.0
1359, 0.0
1360, 0.0
1361, 0.0
1362, 0.0
1363, 0.0
1364, 0.0
1365, 0.0
1366, 0.0
1367, 0.0
1368, 0.0
1369, 0.0
1370, 0.0
1371, 0.0
1372, 0.0
1373, 0.0
1374, 0.0
1375, 0.0
1376, 0.0
1377, 0.0
1378, 0.0
1379, 0.0
1380, 0.0
1381, 0.0
1382, 0.0
1383, 0.0
1384, 0.0
1385, 0.0
1386, 0.0
1387, 0.0
1388, 0.0
1389, 0.0
1390, 0.0
1391, 0.0
1392, 0.0
1393, 0.0
1394, 0.0
1395, 0.0
1396, 0.0
1397, 0.0
1398, 0.0
1399, 0.0
1400, 0.0
1401, 0.0
1402, 0.0
1403, 0.0
1404, 0.0
1405, 0.0
1406, 0.0
1407, 0.0
1408, 0.0
1409, 0.0
1410, 0.0
1411, 0.0
1412, 0.0
1413, 0.0
1414, 0.0
1415, 0.0
1416, 0.0
1417, 0.0
1418, 0.0
1419, 0.0
1420, 0.0
1421, 0.0
1422, 0.0
1423, 0.0
1424, 0.0
1425, 0.0
1426, 0.0
1427, 0.0
1428, 0.0
1429, 0.0
1430, 0.0
1431, 0.0
1432, 0.0
1433, 0.0
1434, 0.0
1435, 0.0
1436, 0.0
1437, 0.0
1438, 0.0
1439, 0.0
1440, 0.0
1441, 0.0
1442, 0.0
1443, 0.0
1444, 0.0
1445, 0.0
1446, 0.0
1447, 0.0
1448, 0.0
1449, 0.0
1450, 0.0
1451, 0.0
1452, 0.0
1453, 0.0
1454, 0.0
1455, 0.0
1456, 0.0
1457, 0.0
1458, 0.0
1459, 0.0
1460, 0.0
1461, 0.0
1462, 0.0
1463, 0.0
1464, 0.0
1465, 0.0
1466, 0.0
1467, 0.0
1468, 0.0
1469, 0.0
1470, 0.0
1471, 0.0
1472, 0.0
1473, 0.0
1474, 0.0
1475, 0.0
1476, 0.0
1477, 0.0
1478, 0.0
1479, 0.0
1480, 0.0
1481, 0.0
1482, 0.0
1483, 0.0
1484, 0.0
1485, 0.0
1486, 0.0
1487, 0.0
1488, 0.0
1489, 0.0
1490, 0.0
1491, 0.0
1492, 0.0
1493, 0.0
1494, 0.0
1495, 0.0
1496, 0.0
1497, 0.0
1498, 0.0
1499, 0.0
1500, 0.0
1501, 0.0
1502, 0.0
1503, 0.0
1504, 0.0
1505, 0.0
1506, 0.0
1507, 0.0
1508, 0.0
1509, 0.0
1510, 0.0
1511, 0.0
1512, 0.0
1513, 0.0
1514, 0.0
1515, 0.0
1516, 0.0
1517, 0.0
1518, 0.0
1519, 0.0
1520, 0.0
1521, 0.0
1522, 0.0
1523, 0.0
1524, 0.0
1525, 0.0
1526, 0.0
1527, 0.0
1528, 0.0
1529, 0.0
1530, 0.0
1531, 0.0
1532, 0.0
1533, 0.0
1534, 0.0
1535, 0.0
1536, 0.0
1537, 0.0
1538, 0.0
1539, 0.0
1540, 0.0
1541, 0.0
1542, 0.0
1543, 0.0
1544, 0.0
1545, 0.0
1546, 0.0
1547, 0.0
1548, 0.0
1549, 0.0
1550, 0.0
1551, 0.0
1552, 0.0
1553, 0.0
1554, 0.0
1555, 0.0
1556, 0.0
1557, 0.0
1558, 0.0
1559, 0.0
1560, 0.0
1561, 0.0
1562, 0.0
1563, 0.0
1564, 0.0
1565, 0.0
1566, 0.0
1567, 0.0
1568, 0.0
1569, 0.0
1570, 0.0
1571, 0.0
1572, 0.0
1573, 0.0
1574, 0.0
1575, 0.0
1576, 0.0
1577, 0.0
1578, 0.0
1579, 0.0
1580, 0.0
1581, 0.0
1582, 0.0
1583, 0.0
1584, 0.0
1585, 0.0
1586, 0.0
1587, 0.0
1588, 0.0
1589, 0.0
1590, 0.0
1591, 0.0
1592, 0.0
1593, 0.0
1594, 0.0
1595, 0.0
1596, 0.0
1597, 0.0
1598, 0.0
1599, 0.0
