30, 0.0
31, 0.0
32, 0.0
33, 0.0
34, 0.0
35, 0.0
36, 0.0
37, 0.0
38, 0.0
39, 0.0
40, 0.0
41, 0.0
42, 0.0
43, 0.0
44, 0.0
45, 0.0
46, 0.0
47, 0.0
48, 0.0
49, 0.0
50, 0.0
51, 0.0
52, 0.0
53, 0.0
54, 0.0
55, 0.0
56, 0.0
57, 0.0
58, 0.0
59, 0.0
60, 0.0
61, 0.0
62, 0.0
63, 0.0
64, 0.0
65, 0.0
66, 0.0
67, 0.0
68, 0.0
69, 0.0
70, 0.0
71, 0.0
72, 0.0
73, 0.0
74, 0.0
75, 0.0
76, 0.0
77, 0.0
78, 0.0
79, 0.0
80, 0.0
81, 0.0
82, 0.0
83, 0.0
84, 0.0
85, 0.0
86, 0.0
87, 0.0
88, 0.0
89, 0.0
90, 0.0
91, 0.0
92, 0.0
93, 0.0
94, 0.0
95, 0.0
96, 0.0
97, 0.0
98, 0.0
99, 0.0
100, 0.0
101.0, 0.00042329067580016577
102.0, 0.0011684855623458543
103.0, 0.001950074190040447
104.0, 0.0019228600095348685
105.0, 0.00014881156175766688
106.0, 0.0006012440081621833
107.0, 0.0003945206440514599
108.0, 0.00033238069631044015
109.0, 0.001002777753562319
110.0, 0.001284439921374579
111.0, 0.002413552265440735
112.0, 0.003916482411177625
113.0, 0.004793815622759181
114.0, 0.005487411023225023
115.0, 0.006955094574730128
116.0, 0.009268483194797788
117.0, 0.01205452708790763
118.0, 0.0145964320143206
119.0, 0.01851689035651028
120.0, 0.02282046849909185
121.0, 0.02703414170301089
122.0, 0.032177637945750556
123.0, 0.03630763758318488
124.0, 0.04022778386119467
125.0, 0.04449669314352562
126.0, 0.04887497754192488
127.0, 0.053439090246242014
128.0, 0.05939373337025561
129.0, 0.06749563134574299
130.0, 0.07766432773674671
131.0, 0.08762114527439462
132.0, 0.10089994520726646
133.0, 0.11315166868710667
134.0, 0.12323470893395096
135.0, 0.13341374372891604
136.0, 0.14411434744874027
137.0, 0.1551930841341453
138.0, 0.16658623418501334
139.0, 0.1784663207134566
140.0, 0.19341136108958343
141.0, 0.20732540355376433
142.0, 0.2183975670119976
143.0, 0.2281232843056988
144.0, 0.23650677924432542
145.0, 0.24777769743105652
146.0, 0.2643799686925581
147.0, 0.2872010955365345
148.0, 0.313535091080488
149.0, 0.343836257173003
150.0, 0.376309867340877
151.0, 0.40625266001238536
152.0, 0.41915999783855096
153.0, 0.40653257376599694
154.0, 0.36867745510131866
155.0, 0.313164170274979
156.0, 0.2537299286120348
157.0, 0.20345196079861266
158.0, 0.16509337104780053
159.0, 0.1371207461969118
160.0, 0.11749817291227088
161.0, 0.10283958591694883
162.0, 0.09047648176440551
163.0, 0.07993017251568874
164.0, 0.07111826220261369
165.0, 0.06296364097803497
166.0, 0.0573814306329421
167.0, 0.053112860484519714
168.0, 0.0501127368731422
169.0, 0.04978833564214809
170.0, 0.04896824898094661
171.0, 0.048847948853397334
172.0, 0.050168972459925576
173.0, 0.052550147648906455
174.0, 0.053933054264273535
175.0, 0.05685476479808352
176.0, 0.06094624497380677
177.0, 0.06498552155835022
178.0, 0.06864987917802359
179.0, 0.07056714338888427
180.0, 0.06927397658049461
181.0, 0.06515430265635168
182.0, 0.060419707846401355
183.0, 0.05804007204058513
184.0, 0.056692265272026136
185.0, 0.057208058892546806
186.0, 0.060934341777018085
187.0, 0.06584498463804114
188.0, 0.0700067290046826
189.0, 0.0737021654792513
190.0, 0.0765411943021011
191.0, 0.07637908395200779
192.0, 0.07686685151661342
193.0, 0.07657580621200127
194.0, 0.07569695794600467
195.0, 0.0764448878689386
196.0, 0.08014735629298479
197.0, 0.08384910645963942
198.0, 0.08880013492455978
199.0, 0.09687877505973222
200.0, 0.10602685686570458
201.0, 0.1178228102036954
202.0, 0.1327805090138859
203.0, 0.14979765455175964
204.0, 0.16509136020518764
205.0, 0.17581342899094823
206.0, 0.1758498186897953
207.0, 0.1624401543825177
208.0, 0.13843550968592855
209.0, 0.11425948860897632
210.0, 0.09439475960850757
211.0, 0.07977475841585353
212.0, 0.06960102361640061
213.0, 0.061907648751528044
214.0, 0.054521385930758774
215.0, 0.047581022648945565
216.0, 0.04002455041661583
217.0, 0.031053448515345066
218.0, 0.025553788913424344
219.0, 0.020610507959187258
220.0, 0.015131422564481658
221.0, 0.010058890535562335
222.0, 0.007867775205103577
223.0, 0.0058249347983974275
224.0, 0.004754085258895455
225.0, 0.003770143531099531
226.0, 0.0009428835248726641
227.0, 0.0010829628733951095
228.0, 0.0012868611834944736
229.0, 0.0015330463980170012
230.0, 0.0029588167049973677
231.0, 0.0034549426575943448
232.0, 0.003920768031007599
233.0, 0.00384095718833996
234.0, 0.002549203571603236
235.0, 0.00040025994660601306
236.0, 0.0015817432267429255
237.0, 0.0014979226447344657
238.0, 0.0001418030147970659
239.0, 0.0012013926938007299
240.0, 0.0021969505413225584
241.0, 0.003313853442529496
242.0, 0.005483945650492586
243.0, 0.007778656311472259
244.0, 0.008693469265290167
245.0, 0.009836784200238756
246.0, 0.010683881969832875
247.0, 0.011277511519989368
248.0, 0.011677926965802637
249.0, 0.011688727566827928
250.0, 0.010888262819078037
251.0, 0.010328326910400438
252.0, 0.01009621687818238
253.0, 0.009675111888014641
254.0, 0.010062437706024276
255.0, 0.010320855982823283
256.0, 0.011107295444155344
257.0, 0.012554595060421496
258.0, 0.013234674465006575
259.0, 0.012918022037746371
260.0, 0.012793103811994028
261.0, 0.012416144160136531
262.0, 0.011053351145229219
263.0, 0.010733715343898314
264.0, 0.010408749721821441
265.0, 0.010590992063941379
266.0, 0.011166944046604602
267.0, 0.011136765576045492
268.0, 0.012139264064907887
269.0, 0.014142984340287861
270.0, 0.015857865135496228
271.0, 0.016032464338366158
272.0, 0.014701982793633142
273.0, 0.014205152877250925
274.0, 0.013781072577385377
275.0, 0.012848877949837868
276.0, 0.011748201586173802
277.0, 0.01137897327826414
278.0, 0.011330297094546148
279.0, 0.01055754080990871
280.0, 0.009453224903419414
281.0, 0.01032719811547458
282.0, 0.010843850189761728
283.0, 0.0109381962131624
284.0, 0.01028469086964543
285.0, 0.00875847724851618
286.0, 0.007437952946686305
287.0, 0.007818990606758778
288.0, 0.007194232714659918
289.0, 0.0053112038377927644
290.0, 0.004170407800365336
291.0, 0.0025538343149205897
292.0, 0.0018032949932558142
293.0, 0.001894308998278022
294.0, 0.001714448323509879
295.0, 0.00021821939743698536
296.0, 0.0005026029418037485
297.0, 0.0006621715042080008
298.0, 0.0008748342813143292
299.0, 0.0010544390485345563
300.0, 0.0003003923094516094
301.0, 0.00034406204716588216
302.0, 0.00024913704190329536
303.0, 0.00024732546920183863
304.0, 0.0004153439381186403
305.0, 8.023718528235414e-05
306.0, 0.0002131169936355623
307.0, 0.00020127779493734049
308.0, 0.00014499021594892132
309.0, 6.077548023617066e-05
310.0, 0.0005241152799062596
311.0, 0.0004664416900196685
312.0, 0.00033169456040554467
313.0, 0.000876941889095392
314.0, 0.001151657638754592
315.0, 0.0005560838143798711
316.0, 0.0006311232821374042
317.0, 0.0005715408176757276
318.0, 0.000596931970542063
319.0, 0.0012376445349048214
320.0, 0.0007128288336700517
321.0, 4.142466921182772e-05
322.0, 0.0005111808805080836
323.0, 0.001094484469270043
324.0, 0.0015439731206069267
325.0, 0.0014494895308674613
326.0, 0.0009527944010769654
327.0, 0.0007080772791420288
328.0, 0.0018978786302363204
329.0, 0.002519849076992443
330.0, 0.0024680538219784606
331.0, 0.0021617756743961243
332.0, 0.0020200350547027834
333.0, 0.0022120989326054486
334.0, 0.002282795977307599
335.0, 0.0025155994264328
336.0, 0.0027830302306039996
337.0, 0.0028329518443165015
338.0, 0.003181320077686816
339.0, 0.00225461717149173
340.0, 0.0020301087204728655
341.0, 0.00258971040554737
342.0, 0.0019521642041449383
343.0, 0.0019424887751643147
344.0, 0.002222159634743224
345.0, 0.003078262439092338
346.0, 0.003925088065763112
347.0, 0.0033093419061238157
348.0, 0.0033456548290259507
349.0, 0.0038137013658975675
350.0, 0.004072837554232733
351.0, 0.004011697515817392
352.0, 0.004247934444836237
353.0, 0.003962633909941724
354.0, 0.0037143199738385807
355.0, 0.003324671142235412
356.0, 0.0027732608467474318
357.0, 0.003214423979824341
358.0, 0.003984653011451569
359.0, 0.003704125073035829
360.0, 0.0029393902116554055
361.0, 0.0028078299589559654
362.0, 0.0033457358911786043
363.0, 0.0026990566763976454
364.0, 0.0023786144492634748
365.0, 0.002369324607230867
366.0, 0.0017932665444372073
367.0, 0.001586953544914252
368.0, 0.001751507157838603
369.0, 0.0024391890934196145
370.0, 0.002858304881662718
371.0, 0.0021752236698497195
372.0, 0.0027410499073760213
373.0, 0.002531944780675105
374.0, 0.0021629640832098542
375.0, 0.002326935225094164
376.0, 0.0028579491398707784
377.0, 0.0028626360356356234
378.0, 0.0021807793929223556
379.0, 0.0015346664014003072
380.0, 0.001395161845617271
381.0, 0.0015438775010009488
382.0, 0.0024182546310252124
383.0, 0.0021444808071444826
384.0, 0.0017172941478965247
385.0, 0.0022174026711589425
386.0, 0.003129052213383384
387.0, 0.002956606477804054
388.0, 0.0024571386205122603
389.0, 0.0022402928224525246
390.0, 0.002469314157271355
391.0, 0.0028790776481200995
392.0, 0.0019504088119796353
393.0, 0.0015662415865399827
394.0, 0.0019749417351940628
395.0, 0.002234029203495719
396.0, 0.00141338605011968
397.0, 0.0018772167133548946
398.0, 0.002068162970849823
399.0, 0.0018634755129744252
400.0, 0.0015693247411722
401.0, 0.0011894820615030253
402.0, 0.001155646410950478
403.0, 0.0010875029653779637
404.0, 0.0012510147986618126
405.0, 0.0017051171418931224
406.0, 0.0018428558811408088
407.0, 0.002306618722658639
408.0, 0.002006610688635153
409.0, 0.0016928643350495225
410.0, 0.0019031094924133259
411.0, 0.0017471625446999945
412.0, 0.002105374952285902
413.0, 0.001686238423933177
414.0, 0.0014577919682684259
415.0, 0.002014280660728757
416.0, 0.002103898416893183
417.0, 0.0011543624803815292
418.0, 0.0010731832485650931
419.0, 0.001252220116246249
420.0, 0.0011309201315790431
421.0, 0.0013276658866448222
422.0, 0.0014182190708610853
423.0, 0.0021411632643403237
424.0, 0.0023440497730315545
425.0, 0.0016819581054670638
426.0, 0.001221038979549855
427.0, 0.001149859586977251
428.0, 0.0009588199945209593
429.0, 0.0009563732970910223
430.0, 0.0012466505166917657
431.0, 0.0013949316224173055
432.0, 0.0010043666854066674
433.0, 0.0005732755795370958
434.0, 0.0005189053588332185
435.0, 0.0010331377091378463
436.0, 0.0016797690206461389
437.0, 0.0009200014451925
438.0, 0.0007543282975458165
439.0, 0.0010106826047314168
440.0, 0.0009441355517778152
441.0, 0.00043847440357511674
442.0, 0.0003682986029562948
443.0, 0.001198098602383934
444.0, 0.0009137074421190129
445.0, 0.00029814154946577196
446.0, 0.0010079659628051713
447.0, 0.0008623893234454078
448.0, 0.0003086639291074772
449.0, 0.00023033460838025634
450.0, 0.000632645538102049
451.0, 0.000651784953925876
452.0, 0.0007258498199924104
453.0, 0.00021477406964788017
454.0, 0.0002759129641738434
455.0, 0.00019678741928406184
456.0, 0.0007217600415074889
457.0, 0.00014847067328672503
458.0, 0.0002889456648496215
459.0, 0.0003219634637872412
460.0, 7.071256977418676e-05
461.0, 0.0006192131737804502
462.0, 0.0019214049165064931
463.0, 0.0009353490755449664
464.0, 0.00045916658207366753
465.0, 0.00048094243983415243
466.0, 0.0006000639882696647
467.0, 0.001020068962714158
468.0, 0.0005563833423080487
469.0, 0.00030637115994735674
470.0, 8.059586980930227e-05
471.0, 6.494786200703567e-05
472.0, 0.0002952715560405291
473.0, 0.00027718406584668393
474.0, 0.0010717080902378961
475.0, 0.0011403743457329694
476.0, 0.0004822710028106175
477.0, 0.00019321609022668432
478.0, 0.00042671732963268005
479.0, 0.0009901115581745516
480.0, 0.0008116552086345433
481.0, 0.0001990444583345263
482.0, 5.44354187840436e-05
483.0, 0.0005191813904149625
484.0, 0.0004104254040502825
485.0, 0.0005754325223679414
486.0, 0.00047917462330250647
487.0, 0.00018763361658616498
488.0, 0.0005477540548189234
489.0, 0.0011474441271269488
490.0, 0.0011950153220742488
491.0, 0.0007306513743003669
492.0, 0.00021216808569791506
493.0, 5.476721240892869e-05
494.0, 0.0002842744641249193
495.0, 0.0004512346435353654
496.0, 0.0003097290639873507
497.0, 0.00027786481039636515
498.0, 0.0004430310414382045
499.0, 0.0003843947988945019
500.0, 0.0009673134242028784
501.0, 0.0011110084784068156
502.0, 0.0005525966461943612
503.0, 0.0004776539178120425
504.0, 0.001793559549286427
505.0, 0.0003792713164063633
506.0, 0.000955673783093383
507.0, 0.001245422673449001
508.0, 0.0009332285001460834
509.0, 0.0011779402258617765
510.0, 0.0005315949999087382
511.0, 0.0004998623732727534
512.0, 0.0008866770794311963
513.0, 0.0004767282785123969
514.0, 0.000497694627322824
515.0, 0.0003128912942897411
516.0, 0.00016797279543787067
517.0, 5.3468580832519766e-05
518.0, 0.0003266784102440196
519.0, 0.0006196560416460774
520.0, 0.0005963555228041924
521.0, 0.000147163772460063
522.0, 9.525854531397448e-05
523.0, 0.0007204854512089518
524.0, 0.0011945399708412907
525.0, 0.000534519449182802
526.0, 0.0008931649006720451
527.0, 0.0018647916387766765
528.0, 0.0010681402332324977
529.0, 0.0005289002212357181
530.0, 0.0011625065556803323
531.0, 0.001387511371709664
532.0, 0.0008756365285940424
533.0, 0.0006836306354332505
534.0, 0.0007690100770134268
535.0, 0.0004851793538068038
536.0, 5.5156037563448485e-05
537.0, 0.0007494118007340502
538.0, 0.0009105516080362554
539.0, 0.0012729655199560782
540.0, 0.0010778880474454698
541.0, 0.0004441767926177269
542.0, 0.0006429056587839759
543.0, 0.0012071053708475892
544.0, 0.0012392070991922787
545.0, 0.0016331314931159085
546.0, 0.001374399097157493
547.0, 0.000540340987493523
548.0, 0.0019654351280106717
549.0, 0.0012557078381185247
550.0, 0.0007819663149830418
551.0, 0.0010445771955075098
552.0, 0.0011326160195530466
553.0, 0.00021567664627910512
554.0, 0.0002725859924976371
555.0, 0.0008220977560389225
556.0, 0.00046327229041075564
557.0, 0.0003382332606287061
558.0, 0.0010276480318379417
559.0, 0.0005233653798462837
560.0, 0.0013227731092493096
561.0, 0.000608920495699759
562.0, 0.0002945433372420508
563.0, 4.307329226982835e-05
564.0, 0.00112082249151445
565.0, 0.0005986968940217723
566.0, 0.0014209922875126019
567.0, 0.0009636339202752579
568.0, 0.000791728829988363
569.0, 0.0015090360401633295
570.0, 0.0010323985579866514
571.0, 0.0011107556940252855
572.0, 0.001318348025510088
573.0, 0.0009979676439804848
574.0, 0.0011187916105296948
575.0, 0.001967189036995811
576.0, 0.0016329699455792548
577.0, 0.0017512002712966972
578.0, 0.0017247829336088823
579.0, 0.001275101766426835
580.0, 0.0010482588659144261
581.0, 0.001622902554881834
582.0, 0.0016353289873758882
583.0, 0.0020466513039753493
584.0, 0.0019133794695923552
585.0, 0.0012494967463664993
586.0, 0.0007578153623723892
587.0, 0.0009574897297722311
588.0, 0.0021200433950728835
589.0, 0.0017690637138693531
590.0, 0.0012443670263498265
591.0, 0.001036858816619047
592.0, 0.0009697135095005448
593.0, 0.001091218695109811
594.0, 0.001603895619892163
595.0, 0.0007068660363300537
596.0, 0.0004226894767690969
597.0, 0.0010371543178003474
598.0, 0.0013457726629441523
599.0, 0.0016959138569294444
600.0, 0.0010907909512563748
601.0, 9.704884582591188e-05
602.0, 3.154685366488882e-05
603.0, 0.0005392338635859177
604.0, 0.0006970317478906634
605.0, 0.0009155214643477935
606.0, 0.0008157716312907082
607.0, 0.0007933285271385444
608.0, 0.0012416278811794622
609.0, 0.0016031626564774143
610.0, 0.001115336492433198
611.0, 0.001030220288816327
612.0, 0.000732419692590949
613.0, 0.0009849940717834012
614.0, 0.0010254007001950442
615.0, 0.0007959289350628353
616.0, 0.0015855747473715043
617.0, 0.001345098117558119
618.0, 0.0006933826578856219
619.0, 0.0001250421175190102
620.0, 5.404700993652377e-05
621.0, 0.000287027800956759
622.0, 0.0002449405096766398
623.0, 0.0005798919873054409
624.0, 0.00021958982284278587
625.0, 0.0004970804245682312
626.0, 0.000421185486823414
627.0, 0.0002741370565857016
628.0, 5.5588401933534656e-05
629.0, 5.752118519623975e-05
630.0, 0.00036596656376260313
631.0, 0.00032558257275445746
632.0, 0.00018770293294757698
633.0, 0.0009311666231212819
634.0, 0.0021530632348825424
635.0, 0.0012661584505313337
636.0, 0.0009026173940478259
637.0, 0.0011154779893907329
638.0, 0.0011999000854242545
639.0, 0.0011075088649278781
640.0, 0.0014326660754254326
641.0, 0.0012352987394336295
642.0, 0.001191734541678011
643.0, 0.0012287439924650698
644.0, 0.0012420771282296253
645.0, 0.0012533709235695437
646.0, 0.0010316377678669538
647.0, 0.0006307369597376758
648.0, 0.0008178717471354692
649.0, 0.001072247534810311
650.0, 0.0012050248949056223
651.0, 0.0011649535726397412
652.0, 0.00041586804935545306
653.0, 0.0005747933594836145
654.0, 0.0007698252425593209
655.0, 0.0011216427312960766
656.0, 0.0015439501134505047
657.0, 0.0015366326712736701
658.0, 0.0008845348800785535
659.0, 0.0012192920813236378
660.0, 0.0003769613710405939
661.0, 0.0002063145898645303
662.0, 4.4087662020497144e-05
663.0, 0.000330002922654935
664.0, 0.0008783297281289841
665.0, 0.0011563112644115794
666.0, 0.00046298206698154793
667.0, 1.6443371479957375e-05
668.0, 0.00020497791410121428
669.0, 0.0005775617894915566
670.0, 0.0006127445514916937
671.0, 0.0014022856011966505
672.0, 0.0010866653492075634
673.0, 0.00047156996253733545
674.0, 0.0006189725506317269
675.0, 0.001169298118025182
676.0, 0.0008313763754261649
677.0, 0.0010981851324802247
678.0, 0.0010561855594410756
679.0, 0.0011997472768257042
680.0, 0.0014894544827412965
681.0, 0.0015103332923652145
682.0, 0.0014999468586493626
683.0, 0.0024924882090375773
684.0, 0.003142513050871474
685.0, 0.004552448999164686
686.0, 0.006291401091916848
687.0, 0.007979955036922413
688.0, 0.009730612532462851
689.0, 0.010840152345665145
690.0, 0.013809261177601567
691.0, 0.017280125496076822
692.0, 0.01985475220030368
693.0, 0.02212696869845335
694.0, 0.025473304326934385
695.0, 0.030435870531699986
696.0, 0.036559003437119555
697.0, 0.04305878299319982
698.0, 0.05111182693586262
699.0, 0.061105314115210266
700.0, 0.07458782004683101
701.0, 0.09164584934625956
702.0, 0.09407828919513855
703.0, 0.08399787018168677
704.0, 0.0770533255455914
705.0, 0.07802351638167263
706.0, 0.0761650186057651
707.0, 0.05772131012668656
708.0, 0.034150064162582386
709.0, 0.020147214886395974
710.0, 0.012646622171894795
711.0, 0.00904752164101476
712.0, 0.007612165879472829
713.0, 0.006591005718173291
714.0, 0.006923259605071478
715.0, 0.0064162403420494
716.0, 0.0068217040323704506
717.0, 0.006405749307342466
718.0, 0.0045882914894027575
719.0, 0.002696951173758265
720.0, 0.0017390295367024024
721.0, 0.0018537104315138654
722.0, 0.0018061375936691646
723.0, 0.0010292139485080394
724.0, 0.0006968098055316039
725.0, 0.0009914733771586538
726.0, 0.0008900090581037235
727.0, 0.0007556297639443462
728.0, 0.0006969926374899282
729.0, 0.0012003083738266866
730.0, 0.0012956713066860513
731.0, 0.0007660649182344564
732.0, 0.0003189372520353221
733.0, 0.00035492168022751224
734.0, 0.000555826179314556
735.0, 0.0013197788336776024
736.0, 0.0012796937728402774
737.0, 0.0005959659375357891
738.0, 0.0002414888886365296
739.0, 0.0006545002189959098
740.0, 0.0010280985631553525
741.0, 0.000708525746682582
742.0, 0.0006128480298893894
743.0, 0.0005956725342441016
744.0, 0.0006284075705270548
745.0, 0.0007848026276824665
746.0, 0.0007194749544660558
747.0, 0.0005430233765296314
748.0, 0.0008988451304634469
749.0, 0.00020584532662442325
750.0, 0.0006424952393647844
751.0, 0.00048057004618441473
752.0, 7.91067116172848e-05
753.0, 0.0011991966833163194
754.0, 9.148237418586219e-05
755.0, 0.00023273388045171026
756.0, 0.0011360893852099367
757.0, 0.0008865987064835347
758.0, 6.94524947140002e-05
759.0, 0.0005804392879805197
760.0, 0.0010578709450366455
761.0, 0.0010970608667467336
762.0, 0.0009110101939532382
763.0, 0.0011407852573408295
764.0, 0.0014218560915379057
765.0, 0.0014077640962057033
766.0, 0.0023767058181483236
767.0, 0.0007304196456534064
768.0, 0.0008949428634190586
769.0, 0.001413210325962078
770.0, 0.0012042336732857595
771.0, 0.0005859506310882217
772.0, 0.0007372184225403023
773.0, 0.0025504419206475557
774.0, 0.001356081391547495
775.0, 0.0006409041827490055
776.0, 0.0010879037848319187
777.0, 0.0017311494349478704
778.0, 0.0015357550349815166
779.0, 0.0006851936331266743
780.0, 0.0017639390926033945
781.0, 0.0010044138579437907
782.0, 0.001047455078574673
783.0, 0.001866415521949915
784.0, 0.002015154425332841
785.0, 0.0014502745244706146
786.0, 0.0018084659029698415
787.0, 0.0019262191053673187
788.0, 0.0014831488675853216
789.0, 0.0013506484834028064
790.0, 0.0016979787694825503
791.0, 0.0009211698774159798
792.0, 0.0008220922930700773
793.0, 0.00023594177413266534
794.0, 0.0007440904170584106
795.0, 0.001552556234427459
796.0, 0.001996623758226356
797.0, 0.0012472264499103097
798.0, 0.0008876418430359757
799.0, 0.0018082028675465715
800.0, 0.0010496273552209104
801.0, 0.0008771504015072617
802.0, 0.0014973843438505056
803.0, 0.0012187582170822722
804.0, 0.000873616075531007
805.0, 0.0011933633974390888
806.0, 0.0018980417179494142
807.0, 0.0024673777083858944
808.0, 0.0009722351629209436
809.0, 0.001430291761594867
810.0, 0.002414649885936549
811.0, 0.0021539029047491355
812.0, 0.0014262081841171646
813.0, 0.0015509609901991303
814.0, 0.0016222120160757064
815.0, 0.0016265551624099963
816.0, 0.0016454578364723917
817.0, 0.00108346746960545
818.0, 0.0012231811143988136
819.0, 0.001981220830138038
820.0, 0.0020713876096670404
821.0, 0.0016776835639934972
822.0, 0.0011074486690821556
823.0, 0.0008774150559873108
824.0, 0.00042197345056548436
825.0, 0.0009532720387837915
826.0, 0.001383499319367305
827.0, 0.0006234597508686001
828.0, 0.0010468984176165957
829.0, 0.0002568140621862825
830.0, 0.00048365535166048425
831.0, 0.0015211491684018182
832.0, 0.0017381426936688995
833.0, 0.0013698963975194197
834.0, 0.0014985462742623103
835.0, 0.0018796171129934276
836.0, 0.000248250069713586
837.0, 0.00020415323613595936
838.0, 0.001035957095506675
839.0, 0.0013793230871551943
840.0, 0.0015133007174644665
841.0, 0.0022126958881476854
842.0, 0.0019668219226931763
843.0, 0.001656697335251257
844.0, 0.0013378080660725615
845.0, 0.001261328681815901
846.0, 0.0016553541438100055
847.0, 0.0017425197716945853
848.0, 0.0015622933582992865
849.0, 0.001964198299554672
850.0, 0.0023159901143534533
851.0, 0.0031225847096897907
852.0, 0.0031020498954326308
853.0, 0.00302896067373063
854.0, 0.003711136027835373
855.0, 0.0034366827122245275
856.0, 0.0017248115466377586
857.0, 0.0017343718647326927
858.0, 0.0018444804499711416
859.0, 0.001411974465818562
860.0, 4.1031622013093587e-05
861.0, 0.00044477579045685634
862.0, 0.0007249303155417928
863.0, 0.001926615150910389
864.0, 0.0011528688240172562
865.0, 0.00013104457353894672
866.0, 0.00030236909163926874
867.0, 0.0003476752647774305
868.0, 0.0006212988052088672
869.0, 0.000894250380060414
870.0, 0.0010664341614024628
871.0, 0.0009449276735778094
872.0, 0.0003500542083460517
873.0, 0.0006373307600681679
874.0, 0.001125049550250752
875.0, 0.0016246404079211117
876.0, 0.0015758515944073433
877.0, 0.0012369636476157653
878.0, 0.001166882134999783
879.0, 0.000828188383804758
880.0, 0.00014782474704575245
881.0, 0.00020333223192321704
882.0, 0.0013224048983050748
883.0, 0.0011148915007106047
884.0, 0.0006862783497214552
885.0, 0.0007156311789108723
886.0, 0.0001920930461349071
887.0, 0.0009322025717582482
888.0, 2.6598187372678386e-05
889.0, 0.00010655743039955771
890.0, 0.000771949729351092
891.0, 0.0007686346564224925
892.0, 0.0010558484030800937
893.0, 0.0023097058251239175
894.0, 0.002645521740715011
895.0, 0.0009584724244590221
896.0, 0.0009870407613330231
897.0, 0.0014720031249733205
898.0, 0.0010737478302026847
899.0, 0.00019576363863633924
900.0, 0.0004839098768005533
901.0, 0.0017518843428364307
902.0, 0.0015881221218304394
903.0, 0.0018200074258388158
904.0, 0.001548378941828729
905.0, 0.0010525928876082957
906.0, 0.001553040374491621
907.0, 0.00173742830722342
908.0, 0.0013107784814247528
909.0, 0.0011704797300288313
910.0, 0.0011212371197496605
911.0, 0.0024271812010004863
912.0, 0.0022846182306118243
913.0, 0.0007510755244988145
914.0, 0.0006092997871366343
915.0, 0.0010060909662206335
916.0, 0.001142270335271105
917.0, 0.0016028524110947991
918.0, 0.0016246465337485124
919.0, 0.0001975887086633448
920.0, 0.000666020283732103
921.0, 0.0021925851083672734
922.0, 0.0025022478819231764
923.0, 0.0015140114897483244
924.0, 0.001087800494926119
925.0, 0.002006759244840992
926.0, 0.002550509485308158
927.0, 0.0018548304449670777
928.0, 0.0012365397531919678
929.0, 0.0014557450614522567
930.0, 0.0010423811400235336
931.0, 0.0007071746056920352
932.0, 0.0012105852801914086
933.0, 0.001758241770490316
934.0, 0.001894756537341975
935.0, 0.0016695985440386871
936.0, 0.0011626744563491068
937.0, 0.001278472740677869
938.0, 0.0005537828818748805
939.0, 0.00020066483795723775
940.0, 0.0007130132699760617
941.0, 0.0009451541510993246
942.0, 0.0010919731188889679
943.0, 0.0006347775958331148
944.0, 0.00010730011719355085
945.0, 0.00038261145535547987
946.0, 0.0010789966947495888
947.0, 0.0015358574214107109
948.0, 0.001353036450614604
949.0, 0.0007675671716840632
950.0, 0.0005229114777925638
951.0, 0.0010253165419091962
952.0, 0.001159217292574176
953.0, 0.00010072966085076558
954.0, 0.00027733765052773715
955.0, 0.00025017487935130996
956.0, 0.0003792799827379756
957.0, 0.00023323625802032315
958.0, 0.001502519659580978
959.0, 0.0010768009840488061
960.0, 0.0002754683590980552
961.0, 0.0001264449852762734
962.0, 0.00031821697299894093
963.0, 0.0008794833801656643
964.0, 0.0007086615069401088
965.0, 0.0004541327456378379
966.0, 0.0012942049130532322
967.0, 0.000621314504800157
968.0, 0.00028326144465716345
969.0, 0.000510779035205603
970.0, 0.00023483032146299227
971.0, 0.0001623714607483626
972.0, 9.089680852693733e-05
973.0, 0.0005300198127673275
974.0, 0.000987318719347535
975.0, 0.0009399419877531304
976.0, 7.627455771966744e-05
977.0, 0.00091441237285524
978.0, 0.0015417198694930388
979.0, 0.000842580010977692
980.0, 0.0008851662986954702
981.0, 0.001555917864941575
982.0, 0.001894040341061904
983.0, 0.0017485816838211567
984.0, 0.0009310005496521198
985.0, 0.0014040637444841355
986.0, 0.002119796245310047
987.0, 0.0009662750345608348
988.0, 0.001080482480922785
989.0, 0.0009875362796306257
990.0, 0.0005469131742273569
991.0, 0.0006623122967166451
992.0, 1.4885923150474968e-05
993.0, 0.0008312777869504209
994.0, 0.000727472299035992
995.0, 0.0007429158975438428
996.0, 0.00031253439223733685
997.0, 0.0010922091691323184
998.0, 0.0007817980825233794
999.0, 0.0005398992813105679
1000.0, 0.0018539721892353274
1001.0, 0.00025441097363179297
1002.0, 7.629263294685719e-05
1003.0, 0.000658647039418506
1004.0, 0.001113459808520704
1005.0, 0.0012771390714562032
1006.0, 0.0012501848674936428
1007.0, 0.0006941055661388943
1008.0, 0.0007247462016398535
1009.0, 0.0020661090041464328
1010.0, 0.0021006410613815855
1011.0, 0.0008650203138915596
1012.0, 0.0008814532155382751
1013.0, 0.000964514422768043
1014.0, 0.0011293565295779921
1015.0, 0.0009199454382363145
1016.0, 0.000196967479009008
1017.0, 0.00019632868370084072
1018.0, 0.0002942746697129856
1019.0, 0.0002447822766436067
1020.0, 4.943062155330079e-05
1021.0, 0.0010957502421405003
1022.0, 0.001208001401600337
1023.0, 0.0007731051538445628
1024.0, 0.0009677127695780508
1025.0, 0.000654260533567086
1026.0, 0.0001837871618089628
1027.0, 0.0005287400899678446
1028.0, 0.0003608063092563542
1029.0, 0.0004949515543265149
1030.0, 0.00048728759600786197
1031.0, 0.000242827589760443
1032.0, 0.0006706606192017498
1033.0, 0.0006444870085340215
1034.0, 0.0002543965086073282
1035.0, 5.469320319674976e-05
1036.0, 0.000999345061391717
1037.0, 0.0005393400064292118
1038.0, 0.00036117138292742125
1039.0, 0.00048559647773276776
1040.0, 0.0008223704009961719
1041.0, 0.0014854440073459034
1042.0, 0.0010540903915089938
1043.0, 0.0016244609761089583
1044.0, 0.0022219855505349684
1045.0, 0.0013382415998293416
1046.0, 0.0013225165521793647
1047.0, 0.0018954510713133676
1048.0, 0.001030127204700065
1049.0, 0.0017630075554265611
1050.0, 0.0019583892935725817
1051.0, 0.001508265466051512
1052.0, 0.0015313953928636195
1053.0, 0.0017046354551248867
1054.0, 0.002282220066222635
1055.0, 0.0033880938576079755
1056.0, 0.003327666116246745
1057.0, 0.0039048697534584944
1058.0, 0.004661080286265997
1059.0, 0.0056321182451184995
1060.0, 0.005937206984695532
1061.0, 0.005436699908245954
1062.0, 0.004838911316733355
1063.0, 0.004822818277311292
1064.0, 0.004985407874185429
1065.0, 0.005366403659418593
1066.0, 0.007672982196016692
1067.0, 0.007746001071238186
1068.0, 0.008669428795941445
1069.0, 0.012320482994968213
1070.0, 0.01683967055449228
1071.0, 0.02612771530150414
1072.0, 0.0477305985747702
1073.0, 0.08188942930829324
1074.0, 0.11337782252519188
1075.0, 0.12854273418256726
1076.0, 0.1408405816040657
1077.0, 0.15397811070993392
1078.0, 0.1745676586458822
1079.0, 0.19846926837206885
1080.0, 0.22935081238519117
1081.0, 0.29140360554805667
1082.0, 0.41110577028545287
1083.0, 0.5676871308070477
1084.0, 0.7753537091600516
1085.0, 0.9870621515908082
1086.0, 0.8686322829454488
1087.0, 0.46504333936112674
1088.0, 0.20228355065315087
1089.0, 0.08404330363960533
1090.0, 0.039641686196397505
1091.0, 0.022769351439941937
1092.0, 0.014668526586883597
1093.0, 0.010624787103063
1094.0, 0.00878103288002874
1095.0, 0.007529736416906095
1096.0, 0.006086983752002692
1097.0, 0.005899473339908008
1098.0, 0.0047198525120587505
1099.0, 0.005293604695208756
1100.0, 0.005081961543685604
1101.0, 0.004143765431668914
1102.0, 0.003997905418980029
1103.0, 0.004551283773552817
1104.0, 0.003741981899801768
1105.0, 0.0015941719642381983
1106.0, 0.0027788994284523552
1107.0, 0.0028850885875695317
1108.0, 0.0022131702080407357
1109.0, 0.001961729621485111
1110.0, 0.0015956683958999911
1111.0, 0.0008860616005199064
1112.0, 0.0010739424897712193
1113.0, 0.0013892377130933621
1114.0, 0.0013611614379857393
1115.0, 0.001357016401944762
1116.0, 0.00029655547163796837
1117.0, 0.00127621942599159
1118.0, 0.001627943445725416
1119.0, 0.002386703308438125
1120.0, 0.0009044682694066172
1121.0, 0.000337181674359465
1122.0, 0.0001463215894850215
1123.0, 0.0005487947976832643
1124.0, 0.0005990912928650752
1125.0, 0.0003300620567382264
1126.0, 0.0013076868321950262
1127.0, 0.0002481826602412788
1128.0, 0.00023084647124648776
1129.0, 0.0005357800457386648
1130.0, 0.0003332764158147571
1131.0, 0.0006733350555964025
1132.0, 0.00011087612300738343
1133.0, 0.0006743479395047062
1134.0, 0.0022587848468639143
1135.0, 0.0027462541979977584
1136.0, 0.002219132148681805
1137.0, 0.0017812237799135079
1138.0, 0.0021923884089722033
1139.0, 0.0012808403757365746
1140.0, 0.001575457777937656
1141.0, 0.0016212867077913574
1142.0, 0.002160869854984131
1143.0, 0.002244252257988833
1144.0, 0.0012569070350267185
1145.0, 0.00024603963575313425
1146.0, 0.00024479231837152757
1147.0, 0.00062956045108387
1148.0, 0.00039043919046689905
1149.0, 0.0007125695615988566
1150.0, 0.0019873432493498116
1151.0, 0.0005243299541824567
1152.0, 0.00033431267783999607
1153.0, 0.000760332854935028
1154.0, 0.00019593833665628444
1155.0, 0.0005250267956851863
1156.0, 8.17645858280467e-05
1157.0, 0.0011779823849411438
1158.0, 0.0011371775157435872
1159.0, 6.553993106487698e-05
1160.0, 0.00013660703198978041
1161.0, 0.0009064490400645593
1162.0, 0.00126585915663096
1163.0, 0.0012705313796636793
1164.0, 0.0007250341810041799
1165.0, 0.00031198004003915353
1166.0, 0.000789492562434659
1167.0, 0.0004943358390175252
1168.0, 0.0006431120539774146
1169.0, 0.0012579316180048885
1170.0, 0.0007408766392501127
1171.0, 0.0009287546191719937
1172.0, 0.0005174827514795245
1173.0, 0.0004930943260425076
1174.0, 8.247819565897096e-05
1175.0, 0.0006455008952542562
1176.0, 0.0010208859673977685
1177.0, 0.0010870511089712143
1178.0, 0.0010232304352858197
1179.0, 0.0011923601048581317
1180.0, 0.00176609000022908
1181.0, 0.0016363159019361446
1182.0, 0.00042654778445251596
1183.0, 5.743713709123381e-05
1184.0, 0.0005250260949956914
1185.0, 0.0009261037078779035
1186.0, 4.9200011741123634e-05
1187.0, 0.000604312061583431
1188.0, 0.0006753773620058444
1189.0, 0.00025498767373415183
1190.0, 0.0002542532552448953
1191.0, 0.0001672050189571568
1192.0, 0.0007379733327298596
1193.0, 0.001233622334164224
1194.0, 0.0008480636509110855
1195.0, 3.1772059018204894e-05
1196.0, 0.000395881718855793
1197.0, 0.0008652401529723203
1198.0, 7.527387458348552e-05
1199.0, 0.0007020602802030123
1200.0, 0.0008913036196590598
1201.0, 0.0013325300216761662
1202.0, 0.0006939264172207912
1203.0, 7.682136660341888e-05
1204.0, 0.0004080288014547921
1205.0, 0.0010720162939803258
1206.0, 0.0015371346854734025
1207.0, 0.0013112475476051756
1208.0, 0.0011914246949421517
1209.0, 0.0005859371662239076
1210.0, 0.0007426709888755479
1211.0, 0.000895740955557614
1212.0, 0.00028741518340699945
1213.0, 0.0003748586817765674
1214.0, 0.001053959045189231
1215.0, 0.0011637578765168652
1216.0, 0.0019078735674495494
1217.0, 0.0025197285748199652
1218.0, 0.0013913171268723117
1219.0, 0.001031110563138059
1220.0, 0.002102803937297542
1221.0, 0.0012439040641816532
1222.0, 0.0010377110010708112
1223.0, 0.0010063336511302917
1224.0, 0.0012541308536717388
1225.0, 0.002109008634747973
1226.0, 0.001651205632813494
1227.0, 0.0010459471866375324
1228.0, 0.0008900275997445267
1229.0, 0.0011084653599750622
1230.0, 0.001148329981736558
1231.0, 0.0006232353964826332
1232.0, 0.0005526403855288068
1233.0, 0.0010065149259414494
1234.0, 8.153770265937719e-05
1235.0, 0.0003758497229119151
1236.0, 0.0017432884411917103
1237.0, 0.00012062990557004187
1238.0, 0.0011730977470412547
1239.0, 0.0006043196668516873
1240.0, 0.0004040239524618124
1241.0, 0.0008298576066307934
1242.0, 0.001180293175698371
1243.0, 0.001290451970861352
1244.0, 0.0007320449175527049
1245.0, 0.00022852309147627396
1246.0, 0.0003797493087215978
1247.0, 0.00012127961630628815
1248.0, 0.0007549220676765256
1249.0, 0.0013616332526347398
1250.0, 0.0012166531732875927
1251.0, 0.0023757477131203988
1252.0, 0.0016897404906051424
1253.0, 0.0001321299753932179
1254.0, 0.00022014317903912533
1255.0, 0.0009562362730660234
1256.0, 0.0006530636902957035
1257.0, 0.0007083429490423494
1258.0, 0.0010419758945904433
1259.0, 0.0007751681345444741
1260.0, 0.0008180141085224298
1261.0, 0.0003192921600962822
1262.0, 0.000746526748152537
1263.0, 0.0006347601578484506
1264.0, 0.000517304436998302
1265.0, 0.000858309803172027
1266.0, 0.00044525023686185387
1267.0, 4.591925243818411e-05
1268.0, 0.00047342233456284567
1269.0, 0.0007347692827664042
1270.0, 0.0008355484412521729
1271.0, 0.0007394765058166049
1272.0, 0.0005906994514755936
1273.0, 0.0010088006918286623
1274.0, 0.001123175265024101
1275.0, 0.0009263897381169154
1276.0, 0.0015488150565050986
1277.0, 0.0011883586080712577
1278.0, 0.0020694238996233614
1279.0, 0.0020021810313055376
1280.0, 0.0006876366627065261
1281.0, 5.3556443097079725e-05
1282.0, 0.0013319418413122036
1283.0, 0.0014742236234793124
1284.0, 0.0007748076673653979
1285.0, 0.0005212975412516484
1286.0, 0.00038186519738320516
1287.0, 0.0009667429150486717
1288.0, 0.001374554212812162
1289.0, 0.00033517930953008804
1290.0, 0.0008421425536216764
1291.0, 0.0011234914193832867
1292.0, 0.00023591560488949947
1293.0, 0.0007194369873512785
1294.0, 0.0005986987399459964
1295.0, 0.0013058182990700524
1296.0, 0.0010722383527948342
1297.0, 0.0005657899200370579
1298.0, 0.00025063146242396405
1299.0, 0.00031266340975356357
1300.0, 0.0009107024085812271
1301.0, 0.0006048055978212297
1302.0, 0.0004178964679794233
1303.0, 0.0007469881300998773
1304, 0.0
1305, 0.0
1306, 0.0
1307, 0.0
1308, 0.0
1309, 0.0
1310, 0.0
1311, 0.0
1312, 0.0
1313, 0.0
1314, 0.0
1315, 0.0
1316, 0.0
1317, 0.0
1318, 0.0
1319, 0.0
1320, 0.0
1321, 0.0
1322, 0.0
1323, 0.0
1324, 0.0
1325, 0.0
1326, 0.0
1327, 0.0
1328, 0.0
1329, 0.0
1330, 0.0
1331, 0.0
1332, 0.0
1333, 0.0
1334, 0.0
1335, 0.0
1336, 0.0
1337, 0.0
1338, 0.0
1339, 0.0
1340, 0.0
1341, 0.0
1342, 0.0
1343, 0.0
1344, 0.0
1345, 0.0
1346, 0.0
1347, 0.0
1348, 0.0
1349, 0.0
1350, 0.0
1351, 0.0
1352, 0.0
1353, 0.0
1354, 0.0
1355, 0.0
1356, 0.0
1357, 0.0
1358, 0.0
1359, 0.0
1360, 0.0
1361, 0.0
1362, 0.0
1363, 0.0
1364, 0.0
1365, 0.0
1366, 0.0
1367, 0.0
1368, 0.0
1369, 0.0
1370, 0.0
1371, 0.0
1372, 0.0
1373, 0.0
1374, 0.0
1375, 0.0
1376, 0.0
1377, 0.0
1378, 0.0
1379, 0.0
1380, 0.0
1381, 0.0
1382, 0.0
1383, 0.0
1384, 0.0
1385, 0.0
1386, 0.0
1387, 0.0
1388, 0.0
1389, 0.0
1390, 0.0
1391, 0.0
1392, 0.0
1393, 0.0
1394, 0.0
1395, 0.0
1396, 0.0
1397, 0.0
1398, 0.0
1399, 0.0
1400, 0.0
1401, 0.0
1402, 0.0
1403, 0.0
1404, 0.0
1405, 0.0
1406, 0.0
1407, 0.0
1408, 0.0
1409, 0.0
1410, 0.0
1411, 0.0
1412, 0.0
1413, 0.0
1414, 0.0
1415, 0.0
1416, 0.0
1417, 0.0
1418, 0.0
1419, 0.0
1420, 0.0
1421, 0.0
1422, 0.0
1423, 0.0
1424, 0.0
1425, 0.0
1426, 0.0
1427, 0.0
1428, 0.0
1429, 0.0
1430, 0.0
1431, 0.0
1432, 0.0
1433, 0.0
1434, 0.0
1435, 0.0
1436, 0.0
1437, 0.0
1438, 0.0
1439, 0.0
1440, 0.0
1441, 0.0
1442, 0.0
1443, 0.0
1444, 0.0
1445, 0.0
1446, 0.0
1447, 0.0
1448, 0.0
1449, 0.0
1450, 0.0
1451, 0.0
1452, 0.0
1453, 0.0
1454, 0.0
1455, 0.0
1456, 0.0
1457, 0.0
1458, 0.0
1459, 0.0
1460, 0.0
1461, 0.0
1462, 0.0
1463, 0.0
1464, 0.0
1465, 0.0
1466, 0.0
1467, 0.0
1468, 0.0
1469, 0.0
1470, 0.0
1471, 0.0
1472, 0.0
1473, 0.0
1474, 0.0
1475, 0.0
1476, 0.0
1477, 0.0
1478, 0.0
1479, 0.0
1480, 0.0
1481, 0.0
1482, 0.0
1483, 0.0
1484, 0.0
1485, 0.0
1486, 0.0
1487, 0.0
1488, 0.0
1489, 0.0
1490, 0.0
1491, 0.0
1492, 0.0
1493, 0.0
1494, 0.0
1495, 0.0
1496, 0.0
1497, 0.0
1498, 0.0
1499, 0.0
1500, 0.0
1501, 0.0
1502, 0.0
1503, 0.0
1504, 0.0
1505, 0.0
1506, 0.0
1507, 0.0
1508, 0.0
1509, 0.0
1510, 0.0
1511, 0.0
1512, 0.0
1513, 0.0
1514, 0.0
1515, 0.0
1516, 0.0
1517, 0.0
1518, 0.0
1519, 0.0
1520, 0.0
1521, 0.0
1522, 0.0
1523, 0.0
1524, 0.0
1525, 0.0
1526, 0.0
1527, 0.0
1528, 0.0
1529, 0.0
1530, 0.0
1531, 0.0
1532, 0.0
1533, 0.0
1534, 0.0
1535, 0.0
1536, 0.0
1537, 0.0
1538, 0.0
1539, 0.0
1540, 0.0
1541, 0.0
1542, 0.0
1543, 0.0
1544, 0.0
1545, 0.0
1546, 0.0
1547, 0.0
1548, 0.0
1549, 0.0
1550, 0.0
1551, 0.0
1552, 0.0
1553, 0.0
1554, 0.0
1555, 0.0
1556, 0.0
1557, 0.0
1558, 0.0
1559, 0.0
1560, 0.0
1561, 0.0
1562, 0.0
1563, 0.0
1564, 0.0
1565, 0.0
1566, 0.0
1567, 0.0
1568, 0.0
1569, 0.0
1570, 0.0
1571, 0.0
1572, 0.0
1573, 0.0
1574, 0.0
1575, 0.0
1576, 0.0
1577, 0.0
1578, 0.0
1579, 0.0
1580, 0.0
1581, 0.0
1582, 0.0
1583, 0.0
1584, 0.0
1585, 0.0
1586, 0.0
1587, 0.0
1588, 0.0
1589, 0.0
1590, 0.0
1591, 0.0
1592, 0.0
1593, 0.0
1594, 0.0
1595, 0.0
1596, 0.0
1597, 0.0
1598, 0.0
1599, 0.0
