30, 0.0
31, 0.0
32, 0.0
33, 0.0
34, 0.0
35, 0.0
36, 0.0
37, 0.0
38, 0.0
39, 0.0
40, 0.0
41, 0.0
42, 0.0
43, 0.0
44, 0.0
45, 0.0
46, 0.0
47, 0.0
48, 0.0
49, 0.0
50, 0.0
51, 0.0
52, 0.0
53, 0.0
54, 0.0
55, 0.0
56, 0.0
57, 0.0
58, 0.0
59, 0.0
60, 0.0
61, 0.0
62, 0.0
63, 0.0
64, 0.0
65, 0.0
66, 0.0
67, 0.0
68, 0.0
69, 0.0
70, 0.0
71, 0.0
72, 0.0
73, 0.0
74, 0.0
75, 0.0
76, 0.0
77, 0.0
78, 0.0
79, 0.0
80, 0.0
81, 0.0
82, 0.0
83, 0.0
84, 0.0
85, 0.0
86, 0.0
87, 0.0
88, 0.0
89, 0.0
90, 0.0
91, 0.0
92, 0.0
93, 0.0
94, 0.0
95, 0.0
96, 0.0
97, 0.0
98, 0.0
99, 0.0
100, 0.0
101, 0.0
102, 0.0
103, 0.0
104, 0.0
105, 0.0
106, 0.0
107, 0.0
108, 0.0
109, 0.0
110, 0.0
111, 0.0
112, 0.0
113, 0.0
114, 0.0
115, 0.0
116, 0.0
117, 0.0
118, 0.0
119, 0.0
120, 0.0
121, 0.0
122, 0.0
123, 0.0
124, 0.0
125, 0.0
126, 0.0
127, 0.0
128, 0.0
129, 0.0
130, 0.0
131, 0.0
132, 0.0
133, 0.0
134, 0.0
135, 0.0
136, 0.0
137, 0.0
138, 0.0
139, 0.0
140, 0.0
141, 0.0
142, 0.0
143, 0.0
144, 0.0
145, 0.0
146, 0.0
147, 0.0
148, 0.0
149, 0.0
150, 0.0
151.0, 0.002146365794224314
152.0, 0.0026709847140983936
153.0, 0.007818394964385262
154.0, 0.009602953286137542
155.0, 0.0041042254704894985
156.0, 0.0006901700054410655
157.0, 0.0015963916967641572
158.0, 0.00017905156304984295
159.0, 0.0029552551364399725
160.0, 0.011416984076579156
161.0, 0.023943310548253886
162.0, 0.03874610715927351
163.0, 0.05086285558893449
164.0, 0.06696687353383438
165.0, 0.08811212811764814
166.0, 0.11239541854424781
167.0, 0.13641105679776683
168.0, 0.1667606917109142
169.0, 0.20062734534094645
170.0, 0.23632597681065962
171.0, 0.2733877061165119
172.0, 0.3011743002512521
173.0, 0.3333252413521021
174.0, 0.37259979757928424
175.0, 0.4115760506685768
176.0, 0.4302667455174021
177.0, 0.4652057108435285
178.0, 0.4965474957952405
179.0, 0.5144531435921016
180.0, 0.5096775761711273
181.0, 0.5016900117791754
182.0, 0.4772554244791812
183.0, 0.4422712941150934
184.0, 0.405064711449482
185.0, 0.3612322820340751
186.0, 0.30950000632262864
187.0, 0.25358054191387003
188.0, 0.20581316020026516
189.0, 0.17950791769887364
190.0, 0.1442795913987926
191.0, 0.11326686405517956
192.0, 0.08224457212947231
193.0, 0.051468282469041636
194.0, 0.04644445660170433
195.0, 0.04380972462508676
196.0, 0.03645982648507058
197.0, 0.023496237069976007
198.0, 0.00909996510623162
199.0, 0.00691672828467525
200.0, 0.004807022864833184
201.0, 0.0010950212320470596
202.0, 0.005719614798535778
203.0, 0.0070676307212054834
204.0, 0.0011660710769104343
205.0, 0.0028599440704023633
206.0, 0.004256497295104501
207.0, 0.01154451367229831
208.0, 0.013824048076140044
209.0, 0.004078665418419603
210.0, 0.005002779409818142
211.0, 0.014786598791152072
212.0, 0.003461354578823719
213.0, 0.008845385137572406
214.0, 0.008548983510337203
215.0, 0.005926725223522827
216.0, 0.010220568349179273
217.0, 0.01170386697497376
218.0, 0.019637513389669337
219.0, 0.02921805978312987
220.0, 0.03682231003729801
221.0, 0.04120327851449581
222.0, 0.0416174518379466
223.0, 0.051656822138891584
224.0, 0.06274879443713985
225.0, 0.06978106869250285
226.0, 0.08263152626467471
227.0, 0.09161033788013072
228.0, 0.1073934756700276
229.0, 0.12916036403190606
230.0, 0.15289024074404814
231.0, 0.18760303216664484
232.0, 0.22256716414304095
233.0, 0.26601564123247184
234.0, 0.31672320768407436
235.0, 0.3655482480068083
236.0, 0.4300917927757353
237.0, 0.5032650878931866
238.0, 0.5837379380164003
239.0, 0.6669412795476123
240.0, 0.7424600985357417
241.0, 0.8153648170784399
242.0, 0.8824703724497048
243.0, 0.9424801625717233
244.0, 0.988337552426088
245.0, 0.9999879924472656
246.0, 0.9969048648495566
247.0, 0.9671901248799781
248.0, 0.9156770229836231
249.0, 0.863172251485727
250.0, 0.8252565589707517
251.0, 0.7753433649873508
252.0, 0.7156745916115969
253.0, 0.6616083032288717
254.0, 0.6278583440743444
255.0, 0.6057104679215672
256.0, 0.5722028955239327
257.0, 0.5373516805730766
258.0, 0.5137857057971003
259.0, 0.49714425272757984
260.0, 0.47197424824442735
261.0, 0.45148506952692663
262.0, 0.43510742490495186
263.0, 0.4151018004952956
264.0, 0.3959499175822716
265.0, 0.3678659939557718
266.0, 0.34374285873849325
267.0, 0.33203171626589295
268.0, 0.3194580393501787
269.0, 0.2823008461481276
270.0, 0.2574948007364115
271.0, 0.23490653701865183
272.0, 0.2100918022018878
273.0, 0.18952881256266246
274.0, 0.16556357324186546
275.0, 0.1373731977584149
276.0, 0.11393717648769087
277.0, 0.09567992600512457
278.0, 0.07498502840311036
279.0, 0.046109005108785454
280.0, 0.02893010198390501
281.0, 0.018017593122679632
282.0, 0.007892207976940225
283.0, 0.003863219155145273
284.0, 0.009282710731635628
285.0, 0.010775126623263694
286.0, 0.006635338230036121
287.0, 0.0062567098980449085
288.0, 0.0016401766801562878
289.0, 0.0006460923372764244
290.0, 0.008252538255018005
291.0, 0.02296291436127326
292.0, 0.03964581509682532
293.0, 0.06326844466526527
294.0, 0.0817230061775514
295.0, 0.10031155632806123
296.0, 0.1139304944869689
297.0, 0.11940019388680867
298.0, 0.13783224883800366
299.0, 0.15220509207859595
300.0, 0.15882053300224197
301.0, 0.16809108726949987
302.0, 0.18978080449935936
303.0, 0.2083943942199497
304.0, 0.22848497606771995
305.0, 0.24943486902776218
306.0, 0.2710332732713145
307.0, 0.29531889046481896
308.0, 0.32454492303810273
309.0, 0.3598212245932059
310.0, 0.3921423001241136
311.0, 0.4206868910378063
312.0, 0.4493343061783601
313.0, 0.4757793913372238
314.0, 0.5012235161068354
315.0, 0.5296009394004091
316.0, 0.5500918641194859
317.0, 0.5528720838852059
318.0, 0.5536509423254404
319.0, 0.5550000291014507
320.0, 0.5610452211820399
321.0, 0.5675021499972892
322.0, 0.5686921362498465
323.0, 0.5816309542995157
324.0, 0.60085046267021
325.0, 0.6249660515678302
326.0, 0.651783831375845
327.0, 0.6776210429796751
328.0, 0.7017690117621925
329.0, 0.7296860555900633
330.0, 0.7537753254611413
331.0, 0.7730056771209491
332.0, 0.7921149898223756
333.0, 0.8059056501965727
334.0, 0.8096663576989931
335.0, 0.7973246059897638
336.0, 0.780896162408542
337.0, 0.7708018202719596
338.0, 0.7299300859387562
339.0, 0.6885642169753118
340.0, 0.6366994538845401
341.0, 0.5780488526230663
342.0, 0.5276526402149841
343.0, 0.48047565404417963
344.0, 0.4342014564002987
345.0, 0.4057121362068713
346.0, 0.40073682427046137
347.0, 0.4025848190162154
348.0, 0.39773178893875016
349.0, 0.4258242676092825
350.0, 0.45505674333642604
351.0, 0.4809533621623915
352.0, 0.5148874538610979
353.0, 0.5517270922263217
354.0, 0.5811952375376308
355.0, 0.605670949131717
356.0, 0.6259298173788267
357.0, 0.6423953574991091
358.0, 0.6567346024828475
359.0, 0.6683654922294003
360.0, 0.666522417041158
361.0, 0.6569659515966338
362.0, 0.6446475624475916
363.0, 0.6229010074893495
364.0, 0.5881339597373476
365.0, 0.5634991228851502
366.0, 0.5281472659406403
367.0, 0.481236733661109
368.0, 0.4375966998690312
369.0, 0.3811532846774281
370.0, 0.3424739387918046
371.0, 0.3018794772898045
372.0, 0.2575657757166571
373.0, 0.22182396418786865
374.0, 0.1925549198861071
375.0, 0.15644247599410663
376.0, 0.12854330974828979
377.0, 0.11125928279279686
378.0, 0.09694044660121734
379.0, 0.07422790579198656
380.0, 0.06119078860892388
381.0, 0.050291141075654064
382.0, 0.041326444210271415
383.0, 0.03366734817728337
384.0, 0.023005638421165982
385.0, 0.021794122510661797
386.0, 0.018163260477586523
387.0, 0.013934073790030876
388.0, 0.007537396086132544
389.0, 0.005980239929916123
390.0, 0.0057705625254862065
391.0, 0.005521521658892177
392.0, 0.004819798100439165
393.0, 0.0022342782286304845
394.0, 0.0012050574977435736
395.0, 0.006099992743390714
396.0, 0.00673203128354425
397.0, 0.007171410555884977
398.0, 0.007088462687405459
399.0, 0.004579072886851576
400.0, 0.004352205356019853
401.0, 0.005198919612302936
402.0, 0.001674421573856105
403.0, 0.008523408367427066
404.0, 0.008904717216920831
405.0, 0.0013551498121237582
406.0, 0.0027032270317762534
407.0, 0.005262097411727568
408.0, 0.003570702944865888
409.0, 0.001200689310609002
410.0, 0.005143176077249247
411.0, 0.0016500227735604938
412.0, 0.0061068701209371625
413.0, 0.00635456452712644
414.0, 0.0027053689939138103
415.0, 0.0036541181702336605
416.0, 0.006997865890906675
417.0, 0.0029293973285429466
418.0, 0.005371735423676546
419.0, 0.00885475990619931
420.0, 0.006747334976962714
421.0, 0.0019850865547438425
422.0, 0.008425723044308275
423.0, 0.013671328573081896
424.0, 0.012007886773803848
425.0, 0.0075723897420389265
426.0, 0.008632783388887122
427.0, 0.015550755462645605
428.0, 0.017651167333487146
429.0, 0.010882238180558645
430.0, 0.010228086864082794
431.0, 0.017175058580824666
432.0, 0.018803147702867142
433.0, 0.0157240821388238
434.0, 0.02142017352242734
435.0, 0.021285974377273014
436.0, 0.017151177002040562
437.0, 0.01861706263763448
438.0, 0.023143255683361997
439.0, 0.02748184060332056
440.0, 0.029607260365051957
441.0, 0.028557956624076605
442.0, 0.02542090827882975
443.0, 0.02187339557387007
444.0, 0.017858519447575022
445.0, 0.02278934498412158
446.0, 0.02548913960073362
447.0, 0.027210816465744636
448.0, 0.030317522939478335
449.0, 0.02783741252640619
450.0, 0.028543283439607176
451.0, 0.02853350909456753
452.0, 0.028719972959099165
453.0, 0.027154395134106474
454.0, 0.024124237033915585
455.0, 0.027971134390087152
456.0, 0.027221635315730526
457.0, 0.022468581426523773
458.0, 0.02288501246220718
459.0, 0.02690206167512793
460.0, 0.024332251290332743
461.0, 0.025610817933993984
462.0, 0.024024870172743303
463.0, 0.020755735159927877
464.0, 0.019003543337968276
465.0, 0.01886157413391239
466.0, 0.014700473350950592
467.0, 0.015170335716216742
468.0, 0.019619899443104872
469.0, 0.02073741540183283
470.0, 0.019212627053590694
471.0, 0.018640838563446303
472.0, 0.01498498843977826
473.0, 0.01548479585728891
474.0, 0.016187649771678084
475.0, 0.01437472009303999
476.0, 0.0149371793937885
477.0, 0.02023212993750762
478.0, 0.010061059071242027
479.0, 0.01474819745923803
480.0, 0.017602495653897772
481.0, 0.014022207702547545
482.0, 0.013844992585039368
483.0, 0.01510944250210761
484.0, 0.013518742142490226
485.0, 0.021017706688944336
486.0, 0.02290808430020486
487.0, 0.018631408461138105
488.0, 0.018909377122205893
489.0, 0.023980919291743376
490.0, 0.02243372228668859
491.0, 0.023854114722851764
492.0, 0.0275611462352173
493.0, 0.02756328828240158
494.0, 0.023349346662624695
495.0, 0.02323099365694596
496.0, 0.023779081684475154
497.0, 0.027234412521114856
498.0, 0.028076595241674482
499.0, 0.023307267880520625
500.0, 0.019566138202638212
501.0, 0.02808889223489363
502.0, 0.026882632105640344
503.0, 0.021109166752031963
504.0, 0.022248998832963968
505.0, 0.027128964718980516
506.0, 0.021913987846336434
507.0, 0.018903770585535915
508.0, 0.023789427630263416
509.0, 0.029094014522873343
510.0, 0.02673421938345153
511.0, 0.023526809117730408
512.0, 0.027790041156844844
513.0, 0.02861891244835425
514.0, 0.031670253040843276
515.0, 0.026875132826806175
516.0, 0.02488596177572872
517.0, 0.022874994048278623
518.0, 0.026597611479736476
519.0, 0.0249336843324784
520.0, 0.028077156763410237
521.0, 0.026750078179326144
522.0, 0.021329303244555245
523.0, 0.022950237421202606
524.0, 0.0210183232835229
525.0, 0.021083056022800514
526.0, 0.018057979847223266
527.0, 0.018217605635898613
528.0, 0.019802708128397867
529.0, 0.02015053460516452
530.0, 0.024836598996269877
531.0, 0.023950398611130453
532.0, 0.016211250985349018
533.0, 0.01198077412897551
534.0, 0.0139802319288885
535.0, 0.018017794921521068
536.0, 0.022352067995912616
537.0, 0.021914890953715623
538.0, 0.023838740485794405
539.0, 0.023902060296283195
540.0, 0.0203473678916883
541.0, 0.016638673482961743
542.0, 0.018576558388962505
543.0, 0.016191146114693425
544.0, 0.013208694714087027
545.0, 0.016466597476599305
546.0, 0.022480032750739322
547.0, 0.02180795024995478
548.0, 0.014403542824746719
549.0, 0.015311347054855295
550.0, 0.016375019791245272
551.0, 0.01773389421802413
552.0, 0.012712299713761765
553.0, 0.00638113214149084
554.0, 0.013730560027339505
555.0, 0.011507453997767978
556.0, 0.01488969105627258
557.0, 0.011690377825148226
558.0, 0.004518308819506912
559.0, 0.0014270345430282185
560.0, 0.003814320676719966
561.0, 0.005991950735675319
562.0, 0.007754006158295141
563.0, 0.002751644650437941
564.0, 0.004640248440799291
565.0, 0.009610903074288834
566.0, 0.003192259232371013
567.0, 0.004294499484144413
568.0, 0.005500946020213875
569.0, 0.0006317193128431961
570.0, 0.0030711178863132155
571.0, 0.00513653671423768
572.0, 0.00047593263469335954
573.0, 0.0015632317128869383
574.0, 0.005941658450210052
575.0, 0.0046574029923373925
576.0, 0.004504632221076546
577.0, 0.007399621803822898
578.0, 0.00933833316076486
579.0, 0.0081820159366335
580.0, 0.009746515367496733
581.0, 0.004495599591250008
582.0, 0.0031086117080786294
583.0, 0.0018531438640929862
584.0, 0.00430248756224603
585.0, 0.009337329383322698
586.0, 0.00356987096312373
587.0, 0.0026563174118307796
588.0, 0.003906800927572028
589.0, 0.0031064976322603788
590.0, 0.0026247805789507603
591.0, 0.005810389095446034
592.0, 0.006952663643023224
593.0, 0.004510973727178587
594.0, 0.00035722967675985533
595.0, 0.008723172760533967
596.0, 0.012956409582135396
597.0, 0.009996403922341478
598.0, 0.003503185827251935
599.0, 0.0009065564798821049
600.0, 0.0004715584690647798
601.0, 0.005765658708407631
602.0, 0.01318128251454717
603.0, 0.012704931204822354
604.0, 0.00716729100151581
605.0, 0.007171778868451923
606.0, 0.0062396890481329955
607.0, 0.005915144258212378
608.0, 0.007423403306176046
609.0, 0.009235560669815636
610.0, 0.00801695612875313
611.0, 0.0035948811844068065
612.0, 0.007587391123955324
613.0, 0.013084627664844455
614.0, 0.015745645963114424
615.0, 0.011775381188778421
616.0, 0.0103632066346677
617.0, 0.012296675770007653
618.0, 0.008873235500356702
619.0, 0.009636739446680398
620.0, 0.009134175910174415
621.0, 0.009019640447298015
622.0, 0.008205166697216404
623.0, 0.008008370386759797
624.0, 0.01097375718409057
625.0, 0.014110063579505928
626.0, 0.007284521028062086
627.0, 0.007604968512693457
628.0, 0.011402238788329716
629.0, 0.009214670879531926
630.0, 0.005630514403945889
631.0, 0.008377262482311772
632.0, 0.01237802318461269
633.0, 0.007744753476091087
634.0, 0.007860510155907535
635.0, 0.0035970719745454785
636.0, 0.003814043666525808
637.0, 0.008150390580191243
638.0, 0.006913117487646075
639.0, 0.006058908748804424
640.0, 0.007392992798232331
641.0, 0.0023057830319463753
642.0, 0.0012769660935465978
643.0, 0.0004084440352418473
644.0, 0.0030785137014166858
645.0, 0.004901183652462262
646.0, 0.001699841910179647
647.0, 0.001056126079408033
648.0, 0.004046713795498644
649.0, 0.002750775513679699
650.0, 0.0037878229400165365
651.0, 0.008327893451730321
652.0, 0.003938435104078072
653.0, 0.004248805868443416
654.0, 0.004129091624525182
655.0, 0.007632676579232099
656.0, 0.010825232562303824
657.0, 0.012013512775472607
658.0, 0.01337996028268843
659.0, 0.014399272062038107
660.0, 0.009309284174384926
661.0, 0.01850870858645357
662.0, 0.017685907719974824
663.0, 0.011929023532976783
664.0, 0.009744185155729236
665.0, 0.01091229780262708
666.0, 0.01133577773947573
667.0, 0.011418579205756016
668.0, 0.020025000876079117
669.0, 0.015518461621773422
670.0, 0.01681963433630786
671.0, 0.019336138328532808
672.0, 0.015475043053125297
673.0, 0.01745255877301535
674.0, 0.01368618803927435
675.0, 0.014977193848219666
676.0, 0.014156459692935887
677.0, 0.016166498341614273
678.0, 0.014371645960536096
679.0, 0.009365393192724388
680.0, 0.012340838636031234
681.0, 0.007622725380615791
682.0, 0.010429043894997754
683.0, 0.008831415271893857
684.0, 0.0063242233571781156
685.0, 0.005014932687021944
686.0, 0.004681934494529251
687.0, 0.006903824389232473
688.0, 0.004622445957218375
689.0, 0.0045048609672048625
690.0, 0.0010485002184821217
691.0, 0.0028750149693032648
692.0, 0.004078627950357819
693.0, 0.0007248194520310816
694.0, 0.000570997176229267
695.0, 0.004231189124614105
696.0, 0.011079101351047574
697.0, 0.0026014759554298145
698.0, 0.006299360176697884
699.0, 0.01184548849516838
700.0, 0.006954602597454445
701.0, 8.01764695430062e-05
702.0, 0.004850352779965603
703.0, 0.008130517001085058
704.0, 0.01521728478869299
705.0, 0.003262054245699776
706.0, 0.0030211313315789672
707.0, 0.004041682958696495
708.0, 0.004450847846957452
709.0, 0.006606099722200225
710.0, 0.0072893039915959065
711.0, 0.007596037420891353
712.0, 0.0018274877147241731
713.0, 0.005136047947008727
714.0, 0.006301509672548201
715.0, 0.0019060769629858638
716.0, 0.002788247511790586
717.0, 0.0025098988938065704
718.0, 0.006806130754933248
719.0, 0.00642839265480676
720.0, 0.008481647947370068
721.0, 0.00900918546663481
722.0, 0.007344559057069978
723.0, 0.006473403379975296
724.0, 0.0060054392558913745
725.0, 0.008632848800817702
726.0, 0.006152290375609396
727.0, 0.0010938514342234281
728.0, 0.00508030735456645
729.0, 0.007398806625908646
730.0, 0.00430417083225677
731.0, 0.003722262898344283
732.0, 0.005584673821967032
733.0, 0.005290833203355689
734.0, 0.00568898158871502
735.0, 0.00925708261158248
736.0, 0.005915398694847931
737.0, 0.0058185895883766155
738.0, 0.011344309407006693
739.0, 0.00984001536088895
740.0, 0.011106131602477616
741.0, 0.014582716212206163
742.0, 0.005753084453149957
743.0, 0.00576947798263606
744.0, 0.007291331325213154
745.0, 0.0026152011125806464
746.0, 0.005365353897446191
747.0, 0.006031730431207443
748.0, 0.011273031130370209
749.0, 0.003763341419824881
750.0, 0.006562046889432348
751.0, 0.003417324134970138
752.0, 0.0031512992578157867
753.0, 0.004061518159108811
754.0, 0.0018109188416894927
755.0, 0.004845807444551201
756.0, 0.005587499992263912
757.0, 0.007268584622061814
758.0, 0.009533904444501555
759.0, 0.00765027576145353
760.0, 0.0032407601910940604
761.0, 0.0021388725636888764
762.0, 0.00436627398044659
763.0, 0.003386295723759141
764.0, 0.001943431449918944
765.0, 0.003064844747747405
766.0, 0.0025639859751820492
767.0, 0.00033719855856227817
768.0, 0.0006129417588657169
769.0, 0.0007766416238375935
770.0, 0.0007925446380479552
771.0, 0.005859977032259001
772.0, 0.0071203783758136225
773.0, 0.005449738143112571
774.0, 0.004237224462406326
775.0, 0.006301831169151125
776.0, 0.00852923284000124
777.0, 0.007632715880357074
778.0, 0.005768931603008957
779.0, 0.0077730931527529605
780.0, 0.01237482784441092
781.0, 0.010149549958857286
782.0, 0.011825578267444419
783.0, 0.005331100976674468
784.0, 0.007103181122809468
785.0, 0.013021719441794128
786.0, 0.012579272457774628
787.0, 0.01112476891633399
788.0, 0.011899482012073848
789.0, 0.006997018580421564
790.0, 0.005397329267888384
791.0, 0.004820710440592017
792.0, 0.008489816568567843
793.0, 0.009550604171078956
794.0, 0.008434882156595528
795.0, 0.01005827810403987
796.0, 0.007713565120937171
797.0, 0.012007185550712654
798.0, 0.002148417173527819
799.0, 0.001610015104520844
800.0, 0.003695126422796181
801.0, 0.0019301902218786368
802.0, 0.002135912424491831
803.0, 0.002568186749598279
804.0, 0.0029663386050054353
805.0, 0.005287917099467348
806.0, 0.0009067842528140018
807.0, 0.0011787266624252823
808.0, 0.0030497797635389598
809.0, 0.0003367144841923109
810.0, 0.005797453349890734
811.0, 0.014035712448700326
812.0, 0.009818816570698816
813.0, 0.011401511427450122
814.0, 0.005157905570726626
815.0, 0.012937613462772422
816.0, 0.008448156000081546
817.0, 0.010400778345218584
818.0, 0.010206993911250647
819.0, 0.007727488341545508
820.0, 0.008037767326833622
821.0, 0.007777904390250847
822.0, 0.009121159862423804
823.0, 0.007965121772203574
824.0, 0.012286336178778265
825.0, 0.010394642521749035
826.0, 0.007216335550724741
827.0, 0.007998617119383437
828.0, 0.008530597289249119
829.0, 0.005006567353328271
830.0, 0.004733341544100953
831.0, 0.010463793770572266
832.0, 0.005772193965142758
833.0, 0.008878180885154721
834.0, 0.012658175593358521
835.0, 0.010481632060523207
836.0, 0.010831162566425818
837.0, 0.012049250670290732
838.0, 0.006518160826730817
839.0, 0.0024725743715977616
840.0, 0.008206676982015016
841.0, 0.007974888050010547
842.0, 0.0023901697776123284
843.0, 0.008128880839357441
844.0, 0.008840720365234707
845.0, 0.007324275979940827
846.0, 0.0066966964062687645
847.0, 0.0037643430050863006
848.0, 0.005170541953805099
849.0, 0.006313895314785936
850.0, 0.004330389211222312
851.0, 0.015526065796568003
852.0, 0.01049890569865188
853.0, 0.006408384631584889
854.0, 0.010472593746222161
855.0, 0.009503014763248207
856.0, 0.004912057866539071
857.0, 0.006721888436291308
858.0, 0.005548803502280941
859.0, 0.008293543845874227
860.0, 0.00762999006562545
861.0, 0.008922729800744272
862.0, 0.010495418691846519
863.0, 0.010699871193317848
864.0, 0.007356489685293521
865.0, 0.0045077036990995075
866.0, 0.008066091799067986
867.0, 0.012171900828310609
868.0, 0.01325090076625002
869.0, 0.009968511726502708
870.0, 0.004843561209200308
871.0, 0.009537120998046393
872.0, 0.012274824704368501
873.0, 0.0050152476896530174
874.0, 0.00012780170395337409
875.0, 0.0034953349276981905
876.0, 0.006459896091557832
877.0, 0.00879927083286048
878.0, 0.009584408098872604
879.0, 0.007400971695599716
880.0, 0.008127199458808566
881.0, 0.0024279075029052443
882.0, 0.0009369272972426691
883.0, 0.0033511017530910943
884.0, 0.007265665212388351
885.0, 0.008133590120590041
886.0, 0.004854562839323024
887.0, 0.0004252121374116839
888.0, 0.00885095481617376
889.0, 0.006139337890536332
890.0, 0.00613955832222101
891.0, 0.0027232858428985897
892.0, 0.0006212903728291844
893.0, 0.0044463443625866175
894.0, 0.006939812206678261
895.0, 0.006463637709291705
896.0, 0.008777588776898958
897.0, 0.008067737632229196
898.0, 0.007308830988657452
899.0, 0.00811487613828423
900.0, 0.007241080688416932
901.0, 0.009472368426069326
902.0, 0.008035228102698792
903.0, 0.011045864031335237
904.0, 0.010973100762213316
905.0, 0.007781773169775543
906.0, 0.00895367717221729
907.0, 0.004726418573831845
908.0, 0.011867703493091256
909.0, 0.005130137965484401
910.0, 0.005067614493470086
911.0, 0.005413066003577691
912.0, 0.006758556457730716
913.0, 0.00734736127921683
914.0, 0.008161072350695752
915.0, 0.007758240695970863
916.0, 0.0031556324121284
917.0, 0.008076170848889508
918.0, 0.007949763041919968
919.0, 0.0008692285903534134
920.0, 0.006089015561904449
921.0, 0.0023531178504270214
922.0, 0.0009010047901239927
923.0, 0.002166709521637296
924.0, 0.004739955268169444
925.0, 0.004174312918096189
926.0, 0.0015396956818985869
927.0, 0.004409168120353337
928.0, 0.004241718160846725
929.0, 0.001573865827348474
930.0, 0.0062208208969451746
931.0, 0.0019286149029148348
932.0, 0.006405893801935009
933.0, 0.00657092780135637
934.0, 0.004002658843650622
935.0, 0.006474998563118588
936.0, 0.00832102506860498
937.0, 0.007582149800203503
938.0, 0.006901219015317271
939.0, 0.0115195143162764
940.0, 0.010203538929082765
941.0, 0.0072099999161809505
942.0, 0.010166229998731688
943.0, 0.011253694904989089
944.0, 0.005290203526390912
945.0, 0.0024072908433690142
946.0, 0.00394864653014526
947.0, 0.0035476593830808265
948.0, 0.004667091358666057
949.0, 0.0008422574336215498
950.0, 0.00731199157441467
951.0, 0.007848300237683231
952.0, 0.003981438292351353
953.0, 0.007657814800128045
954.0, 0.0053508134027303745
955.0, 0.0015116834529085418
956.0, 0.0026569275382211707
957.0, 0.008334294925439552
958.0, 0.006864763652924525
959.0, 0.003993297722019071
960.0, 0.006787016979585372
961.0, 0.007769800209586083
962.0, 0.004752000786357082
963.0, 0.004356529506877102
964.0, 0.00628795759774973
965.0, 0.002633445071601499
966.0, 0.0052989284615540195
967.0, 0.005480798653914504
968.0, 0.0013942636785132195
969.0, 0.005081489814736063
970.0, 0.010457800306337224
971.0, 0.007068395157565732
972.0, 0.0085248347477644
973.0, 0.006577823545512081
974.0, 0.002253202489192948
975.0, 0.013379038979696875
976.0, 0.011177759110016125
977.0, 0.00799976193834942
978.0, 0.005314896689818168
979.0, 0.006925042669468391
980.0, 0.009259938736170778
981.0, 0.009064708116149168
982.0, 0.011364163441234879
983.0, 0.00784038382456241
984.0, 0.002319931475945823
985.0, 0.009499588752112282
986.0, 0.002982226527475952
987.0, 0.0026408137424405584
988.0, 0.010489712769509817
989.0, 0.012758931777851453
990.0, 0.003526903433234789
991.0, 0.001945117439392958
992.0, 0.003076217022925481
993.0, 0.0039217409765282
994.0, 0.002370354535424775
995.0, 0.0019713617321861104
996.0, 0.006446084261385498
997.0, 0.013659516041892009
998.0, 0.00690897685622792
999.0, 0.0023451877941176756
1000.0, 0.009043543311380573
1001.0, 0.008716031261799317
1002.0, 0.009887433236106566
1003.0, 0.010905338013693254
1004.0, 0.007583815644667616
1005.0, 0.005132454059492248
1006.0, 0.006769940422723718
1007.0, 0.01091272168722743
1008.0, 0.012115910590301635
1009.0, 0.008708965005898028
1010.0, 0.01017712290669876
1011.0, 0.006816366887829089
1012.0, 0.008598473790218457
1013.0, 0.010647371429464147
1014.0, 0.011023992629308992
1015.0, 0.0133786479425285
1016.0, 0.01000946677256496
1017.0, 0.008929297212536455
1018.0, 0.01221233597881967
1019.0, 0.009247510779677033
1020.0, 0.005624739661528315
1021.0, 0.0005712203669874425
1022.0, 0.001645526440654148
1023.0, 0.0027935307711333965
1024.0, 0.009369464418688852
1025.0, 0.0036717333802915035
1026.0, 0.003192711132345772
1027.0, 0.0015592860189157938
1028.0, 0.0006159387297991568
1029.0, 0.0007164215322630341
1030.0, 0.0009666845079712216
1031.0, 0.0012728908110984079
1032.0, 0.005715616328447331
1033.0, 0.007216774046763153
1034.0, 0.0026936218935278825
1035.0, 0.004816694305460054
1036.0, 0.010705633653852449
1037.0, 0.012649458298956156
1038.0, 0.012330385018022937
1039.0, 0.00939386040193194
1040.0, 0.002377194838865472
1041.0, 0.0008745401762770909
1042.0, 0.002951397962417946
1043.0, 0.0065265595117397395
1044.0, 0.008115297711318458
1045.0, 0.008028742018465776
1046.0, 0.005987375972385275
1047.0, 0.009210128232397297
1048.0, 0.00895700357013498
1049.0, 0.007156548461580245
1050.0, 0.009532430375350216
1051.0, 0.0018019510103737893
1052.0, 0.011332722329987877
1053.0, 0.01308397482724449
1054.0, 0.007622001824376293
1055.0, 0.014128945136879551
1056.0, 0.016903637830572235
1057.0, 0.010616871597920567
1058.0, 0.0030162372980985226
1059.0, 0.0012017091858175734
1060.0, 0.003701451767721839
1061.0, 0.0015931508695241562
1062.0, 0.0022230537476976456
1063.0, 0.004476722153321899
1064.0, 0.004911920215912147
1065.0, 0.0014516071047543137
1066.0, 0.011349657334514136
1067.0, 0.009928778662549136
1068.0, 0.006916624475559219
1069.0, 0.0037033499369482667
1070.0, 0.0009050373544663604
1071.0, 0.002580117581715873
1072.0, 0.005098529089270909
1073.0, 0.0027361205846979687
1074.0, 0.0008113068349504305
1075.0, 0.0013995307331728245
1076.0, 0.0019324031819176971
1077.0, 0.005848798616780841
1078.0, 0.004947642105157025
1079.0, 0.0037635450175505136
1080.0, 0.002275076504998291
1081.0, 0.00022863188914994654
1082.0, 0.003262947346785057
1083.0, 0.006657838728887059
1084.0, 0.009795490676270653
1085.0, 0.002630952519969816
1086.0, 0.003898712193927272
1087.0, 0.007168037927161972
1088.0, 0.005777126865683252
1089.0, 0.0054169243347320034
1090.0, 0.003582188868372607
1091.0, 0.004296593156703852
1092.0, 0.008490222846588185
1093.0, 0.007591576313737375
1094.0, 0.007581217002238607
1095.0, 0.009170373689764987
1096.0, 0.007448920453056273
1097.0, 0.007042715125734044
1098.0, 0.006013240351533686
1099.0, 0.009086629680064313
1100.0, 0.005900446186178856
1101.0, 0.005459517800121796
1102.0, 0.005171834474664328
1103.0, 0.006456516965184787
1104.0, 0.004431321974198916
1105.0, 0.0037028748021341526
1106.0, 0.004448342261959164
1107.0, 0.0022391394597245586
1108.0, 0.000954223596816275
1109.0, 0.0011645997613425293
1110.0, 0.0019171609739146998
1111.0, 0.0031077042204162245
1112.0, 0.0028792420865815663
1113.0, 0.002221692830558904
1114.0, 0.00253157064755798
1115.0, 0.002003576156813242
1116.0, 0.0033145267624339406
1117.0, 0.002573329047467463
1118.0, 0.004278211492631206
1119.0, 0.004655052678037673
1120.0, 0.003056880040839925
1121.0, 0.0038461461061080945
1122.0, 0.007954797561434242
1123.0, 0.010972084041798877
1124.0, 0.0034314777126069904
1125.0, 0.003472152046370793
1126.0, 0.006716108216271118
1127.0, 0.004132854575686084
1128.0, 0.007924193544955112
1129.0, 0.00837236028872592
1130.0, 0.011599062833085079
1131.0, 0.008057618154550809
1132.0, 0.006548958953767763
1133.0, 0.004951905456462274
1134.0, 0.008045573351419425
1135.0, 0.007716189931489918
1136.0, 0.00964015941133058
1137.0, 0.00867078155934816
1138.0, 0.005380314574658177
1139.0, 0.008179677383573891
1140.0, 0.008866899560002688
1141.0, 0.006129459151879744
1142.0, 0.005518949425230573
1143.0, 0.005572412068891807
1144.0, 0.004735799831933695
1145.0, 0.006290737536273599
1146.0, 0.004779386101571232
1147.0, 0.0015037355752897386
1148.0, 0.0037658085941459953
1149.0, 0.000336134352548942
1150.0, 0.0021236494535417667
1151.0, 0.003538993055568272
1152.0, 0.007877014986862153
1153.0, 0.0022941676665712615
1154.0, 0.005567492435122598
1155.0, 0.00905704657795212
1156.0, 0.008407932335406106
1157.0, 0.0015516947613927754
1158.0, 0.005436963941415829
1159.0, 0.0036585420134983134
1160.0, 0.00316165270764946
1161.0, 0.004051181808586242
1162.0, 0.002067928763955366
1163.0, 0.006615308049056676
1164.0, 0.0068400656549958295
1165.0, 0.005683832186303147
1166.0, 0.005438245696401523
1167.0, 0.004216879323768389
1168.0, 0.007584124610896069
1169.0, 0.006376985169005352
1170.0, 0.0017310400281359093
1171.0, 0.00922650482538701
1172.0, 0.003914862452192433
1173.0, 0.008132811050781378
1174.0, 5.5768637049144704e-05
1175.0, 0.002152268936056591
1176.0, 0.002922531292962252
1177.0, 0.002657851009870429
1178.0, 0.0003424702169001866
1179.0, 0.00046284035562250037
1180.0, 0.0026565409274031467
1181.0, 0.0016226351539758437
1182.0, 0.0015417291275650466
1183.0, 0.003844246727131693
1184.0, 0.005352004893749368
1185.0, 0.008785288536891556
1186.0, 0.006961913641034558
1187.0, 0.00302240883040517
1188.0, 0.0038687375385606953
1189.0, 0.004249409115300901
1190.0, 0.01082759411398798
1191.0, 0.012339015651173919
1192.0, 0.011951055656320935
1193.0, 0.0055126017471560365
1194.0, 0.008627643676288257
1195.0, 0.008528234944910826
1196.0, 0.009613946925946096
1197.0, 0.0162664282715625
1198.0, 0.019217594753548096
1199.0, 0.02112594791410191
1200.0, 0.022411241629531693
1201.0, 0.022171058248891335
1202.0, 0.01564687895340533
1203.0, 0.015049396890802681
1204.0, 0.018420854404942896
1205.0, 0.0204060050215549
1206.0, 0.02162958727336631
1207.0, 0.02032295011496217
1208.0, 0.01624126000480226
1209.0, 0.018039188247557094
1210.0, 0.02543060084735275
1211.0, 0.02592959120599763
1212.0, 0.02285153808102389
1213.0, 0.027348223388896174
1214.0, 0.027885955419370875
1215.0, 0.02505832970053895
1216.0, 0.0269347379138314
1217.0, 0.0342262056754246
1218.0, 0.03476329437990016
1219.0, 0.03050799501907942
1220.0, 0.029050083429600995
1221.0, 0.03829254582486195
1222.0, 0.03431330706882529
1223.0, 0.03327207911139382
1224.0, 0.03385796106129458
1225.0, 0.03101604586001557
1226.0, 0.0378134452352819
1227.0, 0.027820759759702954
1228.0, 0.02604076873201592
1229.0, 0.0405893525806299
1230.0, 0.03748343266905868
1231.0, 0.038610535772695215
1232.0, 0.03868826021182437
1233.0, 0.032629833694432245
1234.0, 0.030780752512502417
1235.0, 0.0329271907540937
1236.0, 0.024124731007546172
1237.0, 0.018327394774017725
1238.0, 0.02306878484130271
1239.0, 0.019926404540015846
1240.0, 0.017770461758283528
1241.0, 0.01623911776744974
1242.0, 0.014968125775874218
1243.0, 0.019563663347081085
1244.0, 0.017933019044800387
1245.0, 0.02309710323780519
1246.0, 0.014177761415285872
1247.0, 0.019473216114320336
1248.0, 0.01691413956205957
1249.0, 0.011720997907610943
1250.0, 0.010224374466068085
1251.0, 0.011705347740080885
1252.0, 0.009536042533283901
1253.0, 0.00888304511328674
1254.0, 0.011732169127551364
1255.0, 0.0021146406679265367
1256.0, 0.004047500771264655
1257.0, 0.0030710743218323347
1258.0, 0.014031262112366133
1259.0, 0.01081038551116885
1260.0, 0.008679195413448677
1261.0, 0.00740694062757788
1262.0, 0.0032816400932610713
1263.0, 0.005751020224416023
1264.0, 0.00486717959771915
1265.0, 0.0025220123738432924
1266.0, 0.00941746573504669
1267.0, 0.0035459089607198643
1268.0, 0.002842080150875121
1269.0, 0.009458693082723735
1270.0, 0.004059667970624186
1271.0, 0.005579204071388956
1272.0, 0.00791222681145637
1273, 0.0
1274, 0.0
1275, 0.0
1276, 0.0
1277, 0.0
1278, 0.0
1279, 0.0
1280, 0.0
1281, 0.0
1282, 0.0
1283, 0.0
1284, 0.0
1285, 0.0
1286, 0.0
1287, 0.0
1288, 0.0
1289, 0.0
1290, 0.0
1291, 0.0
1292, 0.0
1293, 0.0
1294, 0.0
1295, 0.0
1296, 0.0
1297, 0.0
1298, 0.0
1299, 0.0
1300, 0.0
1301, 0.0
1302, 0.0
1303, 0.0
1304, 0.0
1305, 0.0
1306, 0.0
1307, 0.0
1308, 0.0
1309, 0.0
1310, 0.0
1311, 0.0
1312, 0.0
1313, 0.0
1314, 0.0
1315, 0.0
1316, 0.0
1317, 0.0
1318, 0.0
1319, 0.0
1320, 0.0
1321, 0.0
1322, 0.0
1323, 0.0
1324, 0.0
1325, 0.0
1326, 0.0
1327, 0.0
1328, 0.0
1329, 0.0
1330, 0.0
1331, 0.0
1332, 0.0
1333, 0.0
1334, 0.0
1335, 0.0
1336, 0.0
1337, 0.0
1338, 0.0
1339, 0.0
1340, 0.0
1341, 0.0
1342, 0.0
1343, 0.0
1344, 0.0
1345, 0.0
1346, 0.0
1347, 0.0
1348, 0.0
1349, 0.0
1350, 0.0
1351, 0.0
1352, 0.0
1353, 0.0
1354, 0.0
1355, 0.0
1356, 0.0
1357, 0.0
1358, 0.0
1359, 0.0
1360, 0.0
1361, 0.0
1362, 0.0
1363, 0.0
1364, 0.0
1365, 0.0
1366, 0.0
1367, 0.0
1368, 0.0
1369, 0.0
1370, 0.0
1371, 0.0
1372, 0.0
1373, 0.0
1374, 0.0
1375, 0.0
1376, 0.0
1377, 0.0
1378, 0.0
1379, 0.0
1380, 0.0
1381, 0.0
1382, 0.0
1383, 0.0
1384, 0.0
1385, 0.0
1386, 0.0
1387, 0.0
1388, 0.0
1389, 0.0
1390, 0.0
1391, 0.0
1392, 0.0
1393, 0.0
1394, 0.0
1395, 0.0
1396, 0.0
1397, 0.0
1398, 0.0
1399, 0.0
1400, 0.0
1401, 0.0
1402, 0.0
1403, 0.0
1404, 0.0
1405, 0.0
1406, 0.0
1407, 0.0
1408, 0.0
1409, 0.0
1410, 0.0
1411, 0.0
1412, 0.0
1413, 0.0
1414, 0.0
1415, 0.0
1416, 0.0
1417, 0.0
1418, 0.0
1419, 0.0
1420, 0.0
1421, 0.0
1422, 0.0
1423, 0.0
1424, 0.0
1425, 0.0
1426, 0.0
1427, 0.0
1428, 0.0
1429, 0.0
1430, 0.0
1431, 0.0
1432, 0.0
1433, 0.0
1434, 0.0
1435, 0.0
1436, 0.0
1437, 0.0
1438, 0.0
1439, 0.0
1440, 0.0
1441, 0.0
1442, 0.0
1443, 0.0
1444, 0.0
1445, 0.0
1446, 0.0
1447, 0.0
1448, 0.0
1449, 0.0
1450, 0.0
1451, 0.0
1452, 0.0
1453, 0.0
1454, 0.0
1455, 0.0
1456, 0.0
1457, 0.0
1458, 0.0
1459, 0.0
1460, 0.0
1461, 0.0
1462, 0.0
1463, 0.0
1464, 0.0
1465, 0.0
1466, 0.0
1467, 0.0
1468, 0.0
1469, 0.0
1470, 0.0
1471, 0.0
1472, 0.0
1473, 0.0
1474, 0.0
1475, 0.0
1476, 0.0
1477, 0.0
1478, 0.0
1479, 0.0
1480, 0.0
1481, 0.0
1482, 0.0
1483, 0.0
1484, 0.0
1485, 0.0
1486, 0.0
1487, 0.0
1488, 0.0
1489, 0.0
1490, 0.0
1491, 0.0
1492, 0.0
1493, 0.0
1494, 0.0
1495, 0.0
1496, 0.0
1497, 0.0
1498, 0.0
1499, 0.0
1500, 0.0
1501, 0.0
1502, 0.0
1503, 0.0
1504, 0.0
1505, 0.0
1506, 0.0
1507, 0.0
1508, 0.0
1509, 0.0
1510, 0.0
1511, 0.0
1512, 0.0
1513, 0.0
1514, 0.0
1515, 0.0
1516, 0.0
1517, 0.0
1518, 0.0
1519, 0.0
1520, 0.0
1521, 0.0
1522, 0.0
1523, 0.0
1524, 0.0
1525, 0.0
1526, 0.0
1527, 0.0
1528, 0.0
1529, 0.0
1530, 0.0
1531, 0.0
1532, 0.0
1533, 0.0
1534, 0.0
1535, 0.0
1536, 0.0
1537, 0.0
1538, 0.0
1539, 0.0
1540, 0.0
1541, 0.0
1542, 0.0
1543, 0.0
1544, 0.0
1545, 0.0
1546, 0.0
1547, 0.0
1548, 0.0
1549, 0.0
1550, 0.0
1551, 0.0
1552, 0.0
1553, 0.0
1554, 0.0
1555, 0.0
1556, 0.0
1557, 0.0
1558, 0.0
1559, 0.0
1560, 0.0
1561, 0.0
1562, 0.0
1563, 0.0
1564, 0.0
1565, 0.0
1566, 0.0
1567, 0.0
1568, 0.0
1569, 0.0
1570, 0.0
1571, 0.0
1572, 0.0
1573, 0.0
1574, 0.0
1575, 0.0
1576, 0.0
1577, 0.0
1578, 0.0
1579, 0.0
1580, 0.0
1581, 0.0
1582, 0.0
1583, 0.0
1584, 0.0
1585, 0.0
1586, 0.0
1587, 0.0
1588, 0.0
1589, 0.0
1590, 0.0
1591, 0.0
1592, 0.0
1593, 0.0
1594, 0.0
1595, 0.0
1596, 0.0
1597, 0.0
1598, 0.0
1599, 0.0
