30, 0.0
31, 0.0
32, 0.0
33, 0.0
34, 0.0
35, 0.0
36, 0.0
37, 0.0
38, 0.0
39, 0.0
40, 0.0
41, 0.0
42, 0.0
43, 0.0
44, 0.0
45, 0.0
46, 0.0
47, 0.0
48, 0.0
49, 0.0
50, 0.0
51, 0.0
52, 0.0
53, 0.0
54, 0.0
55, 0.0
56, 0.0
57, 0.0
58, 0.0
59, 0.0
60, 0.0
61, 0.0
62, 0.0
63, 0.0
64, 0.0
65, 0.0
66, 0.0
67, 0.0
68, 0.0
69, 0.0
70, 0.0
71, 0.0
72, 0.0
73, 0.0
74, 0.0
75, 0.0
76, 0.0
77, 0.0
78, 0.0
79, 0.0
80, 0.0
81, 0.0
82, 0.0
83, 0.0
84, 0.0
85, 0.0
86, 0.0
87, 0.0
88, 0.0
89, 0.0
90, 0.0
91, 0.0
92, 0.0
93, 0.0
94, 0.0
95, 0.0
96, 0.0
97, 0.0
98, 0.0
99, 0.0
100, 0.0
101, 0.0
102, 0.0
103, 0.0
104, 0.0
105, 0.0
106, 0.0
107, 0.0
108, 0.0
109.0, 0.00019359131616390128
110.0, 0.002746939770520989
111.0, 0.0005109581880254235
112.0, 0.005599992294186442
113.0, 0.017459112166739205
114.0, 0.03037273686998524
115.0, 0.05471313246730871
116.0, 0.08314485672049668
117.0, 0.10854290270688126
118.0, 0.12742664837605405
119.0, 0.1410522765499662
120.0, 0.14496769313205987
121.0, 0.1528107261245172
122.0, 0.1660449246053188
123.0, 0.17637038943401553
124.0, 0.19060070892207986
125.0, 0.2091348159418377
126.0, 0.2299684098091688
127.0, 0.25119180032882826
128.0, 0.27378883343017857
129.0, 0.2933262718577644
130.0, 0.31457282904048534
131.0, 0.34208013531999454
132.0, 0.3673638363464751
133.0, 0.39328274881346026
134.0, 0.42371120199124246
135.0, 0.46306509893165454
136.0, 0.5139582270858559
137.0, 0.5325687668471156
138.0, 0.48656565718590594
139.0, 0.38620630885717905
140.0, 0.2663158148750134
141.0, 0.16993783420753228
142.0, 0.10452478000305107
143.0, 0.0649538068992178
144.0, 0.04368164685839042
145.0, 0.027598040388783624
146.0, 0.015891084162696342
147.0, 0.00886583085677741
148.0, 0.006631697843943282
149.0, 0.0015352707444481653
150.0, 0.0019934760618689315
151.0, 0.004189058648262219
152.0, 0.006874175252069023
153.0, 0.007312947080880993
154.0, 0.005239644212401714
155.0, 0.003315685456862375
156.0, 0.0030400940992153383
157.0, 0.003579943585848259
158.0, 0.0011529326356320617
159.0, 0.007184055624474408
160.0, 0.01257086397938456
161.0, 0.013745221224469334
162.0, 0.022544338928958633
163.0, 0.025773257949490518
164.0, 0.02629789092055475
165.0, 0.031077049929125505
166.0, 0.030194483903568332
167.0, 0.033858660146055895
168.0, 0.040446932952880675
169.0, 0.045128490533560564
170.0, 0.047887808246210355
171.0, 0.055818940843694986
172.0, 0.06140159932558692
173.0, 0.06315496619541887
174.0, 0.06577480729375491
175.0, 0.07241163526053675
176.0, 0.07665999757462011
177.0, 0.07955268147061456
178.0, 0.08468761198679299
179.0, 0.09269267660710566
180.0, 0.09262896196360938
181.0, 0.08916673672875992
182.0, 0.08596591446199582
183.0, 0.0791789550529314
184.0, 0.06927259178507338
185.0, 0.05964869484989008
186.0, 0.05201763111436015
187.0, 0.04590558330217533
188.0, 0.04006527762519298
189.0, 0.037965312403983056
190.0, 0.03897095233247421
191.0, 0.041187749147205084
192.0, 0.043528513156079654
193.0, 0.04812210664972571
194.0, 0.05630081252883575
195.0, 0.06919042355559595
196.0, 0.08770255346721036
197.0, 0.1076750874692324
198.0, 0.13272511078329932
199.0, 0.16377131865499606
200.0, 0.20061747081156944
201.0, 0.2439256968509922
202.0, 0.29248792486485353
203.0, 0.34770736847848094
204.0, 0.4062458739799653
205.0, 0.45677807507615104
206.0, 0.4980397772868331
207.0, 0.5316332540902536
208.0, 0.562843178343901
209.0, 0.5962216011468214
210.0, 0.6297508857033715
211.0, 0.6632141292051986
212.0, 0.7007865340016004
213.0, 0.743413325221991
214.0, 0.783860090893303
215.0, 0.8178307517515097
216.0, 0.8575395440310708
217.0, 0.9007173899659853
218.0, 0.9327865783335272
219.0, 0.9591192115063198
220.0, 0.9842383125784928
221.0, 0.9992618129862928
222.0, 0.9962980425679729
223.0, 0.9814050130066415
224.0, 0.9335799943728562
225.0, 0.8500403632701212
226.0, 0.7434451365495006
227.0, 0.6308372651685937
228.0, 0.5251529063798528
229.0, 0.43623846711437075
230.0, 0.36310983679040837
231.0, 0.30299903018394253
232.0, 0.25503276902492394
233.0, 0.21596079958452646
234.0, 0.18376806151483624
235.0, 0.15747209922877997
236.0, 0.1357893553614097
237.0, 0.11411394465852336
238.0, 0.0983094795337754
239.0, 0.08494712867517387
240.0, 0.07103105120590814
241.0, 0.05988366275446512
242.0, 0.05305263046875609
243.0, 0.046278368645695574
244.0, 0.03770963249714809
245.0, 0.028607588896975834
246.0, 0.023969361575807212
247.0, 0.021644308508547552
248.0, 0.019648838525568837
249.0, 0.016969928214432873
250.0, 0.013335446788422318
251.0, 0.00822734586823847
252.0, 0.0050176490899954095
253.0, 0.0034875379384710224
254.0, 0.002301873262750989
255.0, 0.0035859761617003053
256.0, 0.0009280104971634767
257.0, 0.0019746483683040507
258.0, 0.0021088693798995387
259.0, 0.0030063370370154627
260.0, 0.005864785698102038
261.0, 0.006484839787273516
262.0, 0.005371915325136711
263.0, 0.004357552841556665
264.0, 0.002098756908591801
265.0, 0.0017944675669354863
266.0, 0.0028280515899326403
267.0, 0.002328274793800433
268.0, 0.004957816460181775
269.0, 0.010890025958047111
270.0, 0.014026595400264304
271.0, 0.01771157698064594
272.0, 0.023000177348471
273.0, 0.026441224922799406
274.0, 0.030194623799477228
275.0, 0.0363438050838463
276.0, 0.04577469398165579
277.0, 0.057211989294424406
278.0, 0.06496295985219568
279.0, 0.07392869198198099
280.0, 0.08677865911477729
281.0, 0.10277309737042872
282.0, 0.1191929387239345
283.0, 0.13581634951498534
284.0, 0.1594898600451997
285.0, 0.18329977974264203
286.0, 0.20204038063074223
287.0, 0.2228751925997798
288.0, 0.24199143118135902
289.0, 0.2591895377495953
290.0, 0.27638217284490885
291.0, 0.2932111632319785
292.0, 0.3058769773291207
293.0, 0.32355419635644467
294.0, 0.3409543177043048
295.0, 0.35794764706507415
296.0, 0.37729094804008456
297.0, 0.3934358255261853
298.0, 0.4078441775712544
299.0, 0.42175441566424426
300.0, 0.4342609118645799
301.0, 0.44324447754275836
302.0, 0.4489721678176183
303.0, 0.4433634440348169
304.0, 0.42708650113656815
305.0, 0.4015780543378978
306.0, 0.3643516875760471
307.0, 0.31358231044225704
308.0, 0.2588979390027582
309.0, 0.20565001946211786
310.0, 0.15793544586572034
311.0, 0.12989170080426543
312.0, 0.10277439651077928
313.0, 0.08036607322502587
314.0, 0.06470728359559691
315.0, 0.05179988429194387
316.0, 0.042480685901044896
317.0, 0.03639827997493859
318.0, 0.030586210752600634
319.0, 0.024540578829561503
320.0, 0.01947556441439566
321.0, 0.01143095196262586
322.0, 0.00878587730975144
323.0, 0.008914689198948922
324.0, 0.00623918339458278
325.0, 0.0007095095136508171
326.0, 0.0016758383496414736
327.0, 0.0011667311874737313
328.0, 0.0010801984129016507
329.0, 0.0011451363684417055
330.0, 0.00035921600770448704
331.0, 0.0003885522094823447
332.0, 0.0005996876761194081
333.0, 0.0016565559882045847
334.0, 0.0026518528798478323
335.0, 0.0012329688485437128
336.0, 0.003444258475430998
337.0, 0.00648710974116313
338.0, 0.00903219491207977
339.0, 0.01200378498359279
340.0, 0.018538448395593845
341.0, 0.02053955897271396
342.0, 0.02289883578697676
343.0, 0.028392538067668675
344.0, 0.0335242809724933
345.0, 0.03649585908677214
346.0, 0.041868918072507776
347.0, 0.04686898321224165
348.0, 0.05055323708811258
349.0, 0.0543737480599506
350.0, 0.05672028682123827
351.0, 0.06071507658057465
352.0, 0.0672502007568731
353.0, 0.07337592070228673
354.0, 0.07583882141682115
355.0, 0.0754665816782763
356.0, 0.07994808759912071
357.0, 0.08362643286840826
358.0, 0.08424452800050367
359.0, 0.08450737952981031
360.0, 0.08332356154645948
361.0, 0.07769492091354913
362.0, 0.070199183206782
363.0, 0.06269339535237599
364.0, 0.05486407999367248
365.0, 0.04681116008838147
366.0, 0.0392647777505828
367.0, 0.03258399924933075
368.0, 0.027112841379504458
369.0, 0.022591207075889734
370.0, 0.01667515835044035
371.0, 0.012824126097045202
372.0, 0.01089295963149292
373.0, 0.00797750270178257
374.0, 0.0028706653258479967
375.0, 0.001726482262730719
376.0, 0.0012954766989491703
377.0, 0.0005793917885953521
378.0, 0.001897819678706477
379.0, 0.00024966367490421217
380.0, 0.0010290448063344031
381.0, 0.0006293641391693676
382.0, 0.0006032017225572321
383.0, 0.0006592285052852907
384.0, 0.0028383513180729437
385.0, 0.0026718420134421747
386.0, 0.0021834617587636095
387.0, 0.0018694303604412077
388.0, 0.00028725277924836787
389.0, 0.0024116388055563107
390.0, 0.0002510505032632853
391.0, 0.001830899034577576
392.0, 0.0023899547133346055
393.0, 0.0022103409409107303
394.0, 0.005797950203034952
395.0, 0.005224963889429679
396.0, 0.006266840863708735
397.0, 0.00825542367374047
398.0, 0.00946688100798565
399.0, 0.010041937609843118
400.0, 0.013608783615034212
401.0, 0.017027774195990743
402.0, 0.020052396771783894
403.0, 0.021828644697789303
404.0, 0.02191941056453796
405.0, 0.02722282243674315
406.0, 0.030087369114588976
407.0, 0.03478838854557379
408.0, 0.041383378163059446
409.0, 0.04715309516173323
410.0, 0.053543551773485236
411.0, 0.058490434056373435
412.0, 0.0669466311428088
413.0, 0.08079612421172971
414.0, 0.09593577896711146
415.0, 0.10832876706810396
416.0, 0.12926984778840991
417.0, 0.15040201191071365
418.0, 0.1779358410164622
419.0, 0.21384321564117809
420.0, 0.25160699045647794
421.0, 0.2958191563340755
422.0, 0.341271927629116
423.0, 0.38090120441610115
424.0, 0.417151036209401
425.0, 0.4568588052865982
426.0, 0.4967551304187323
427.0, 0.5262294669274712
428.0, 0.5602594191965071
429.0, 0.5995079374516672
430.0, 0.6376360946138863
431.0, 0.6844996491524098
432.0, 0.7271703217870639
433.0, 0.7753729346928188
434.0, 0.8190132017064516
435.0, 0.8473658179701908
436.0, 0.866320727297588
437.0, 0.8838875190048443
438.0, 0.884534336420397
439.0, 0.8713492835425369
440.0, 0.843119578055202
441.0, 0.7881683730622024
442.0, 0.7256135074874062
443.0, 0.6563788261201116
444.0, 0.6015154263500802
445.0, 0.5614398099132903
446.0, 0.5181964273076676
447.0, 0.4889931243118452
448.0, 0.4571136904453261
449.0, 0.43222515469132616
450.0, 0.4071713157161585
451.0, 0.3686400519721341
452.0, 0.32511237030805745
453.0, 0.27916739641699545
454.0, 0.24015041270415208
455.0, 0.20556854306476213
456.0, 0.172621167894792
457.0, 0.14492512302973082
458.0, 0.12127753012197154
459.0, 0.10769538096040229
460.0, 0.09385962594711084
461.0, 0.07852649979024337
462.0, 0.07092417365508376
463.0, 0.06440384043015362
464.0, 0.056335238242289414
465.0, 0.04893961134423893
466.0, 0.04428500264140402
467.0, 0.04066723893602366
468.0, 0.03512218378267501
469.0, 0.031161875074010394
470.0, 0.02834531814660783
471.0, 0.0264447999426351
472.0, 0.02452686943642767
473.0, 0.021755430253438433
474.0, 0.01968682890962667
475.0, 0.016631348596745386
476.0, 0.013891783684442788
477.0, 0.012560295585570185
478.0, 0.011395573323092253
479.0, 0.007917276545266434
480.0, 0.007921531134604023
481.0, 0.008709176693046914
482.0, 0.006491682497922006
483.0, 0.004379536697023583
484.0, 0.006388097566227013
485.0, 0.0025815138299978054
486.0, 0.001966534112094329
487.0, 0.0012881555094179037
488.0, 0.0011128483435791162
489.0, 0.0019835918099536283
490.0, 0.0003607505562563352
491.0, 0.00022761655228893926
492.0, 0.0005064128556795504
493.0, 0.00027995087618668484
494.0, 6.551790437378852e-05
495.0, 3.120080466039601e-05
496.0, 0.001486889931425168
497.0, 0.0014458368013810542
498.0, 0.0017713408936805544
499.0, 0.002151514512721043
500.0, 0.001403603286336688
501.0, 0.00023202417296866885
502.0, 0.0005648172365065071
503.0, 0.0008631704205373438
504.0, 0.0011855707082235756
505.0, 0.001886127843648069
506.0, 0.0023442508118200153
507.0, 0.00023901619182815472
508.0, 0.000548173049666418
509.0, 0.0012007356548568878
510.0, 0.0008307043119311606
511.0, 0.00041236120568683386
512.0, 0.0015613276044436348
513.0, 0.002392018601454092
514.0, 0.0027205788844249486
515.0, 0.003428611181241017
516.0, 0.0027176781606828063
517.0, 0.0015785783743084408
518.0, 0.0070544070951953485
519.0, 0.007830609632289973
520.0, 0.007362276457312355
521.0, 0.00847214971269707
522.0, 0.010099260901793522
523.0, 0.010353418339755723
524.0, 0.012591017158977666
525.0, 0.01603281031826286
526.0, 0.018439534297613212
527.0, 0.02031984676110143
528.0, 0.022453934514166333
529.0, 0.02420131656999492
530.0, 0.027281126553467754
531.0, 0.02912875376852557
532.0, 0.03270382838514412
533.0, 0.037754865794176994
534.0, 0.042310435371176645
535.0, 0.04677162763567547
536.0, 0.046920445672277294
537.0, 0.05400437535978939
538.0, 0.06216940306110523
539.0, 0.06800296239902534
540.0, 0.07392454590323606
541.0, 0.08110629256505242
542.0, 0.0866835477312423
543.0, 0.09592636163806999
544.0, 0.10311593255508261
545.0, 0.10779464912296363
546.0, 0.116308394830694
547.0, 0.12252261286048295
548.0, 0.13148664067637886
549.0, 0.13463403660343928
550.0, 0.13680954180036534
551.0, 0.14152405810816465
552.0, 0.14486943017820267
553.0, 0.15067367291436076
554.0, 0.15063832392857684
555.0, 0.14982722627946
556.0, 0.14941926065510003
557.0, 0.14783303876868276
558.0, 0.14494210302106839
559.0, 0.13960326023246003
560.0, 0.13280439267053404
561.0, 0.12371716679353363
562.0, 0.11410873580095465
563.0, 0.10673732872764709
564.0, 0.10104993574364364
565.0, 0.08957158253067317
566.0, 0.07956038098831346
567.0, 0.0711815269367722
568.0, 0.06533386359766194
569.0, 0.061438222458147715
570.0, 0.05438679523545398
571.0, 0.045282582210259534
572.0, 0.039778948016604816
573.0, 0.035029582898720664
574.0, 0.029113984031643773
575.0, 0.024561255512788392
576.0, 0.022780157500478636
577.0, 0.018992163467679866
578.0, 0.017801084476722063
579.0, 0.015522073363373553
580.0, 0.012481949220933052
581.0, 0.010463333172387927
582.0, 0.008272068697107265
583.0, 0.006465541477850701
584.0, 0.004069921669839215
585.0, 0.0037777105343074937
586.0, 0.0030361340081072035
587.0, 0.0005266881307336084
588.0, 0.0010486387767626687
589.0, 0.0029901649916929517
590.0, 0.001379499771655215
591.0, 0.0008784087130306953
592.0, 0.0025689027405796263
593.0, 0.0033626441168896144
594.0, 0.001531739985171034
595.0, 0.005632519495577663
596.0, 0.0075881866655356164
597.0, 0.01055101685758451
598.0, 0.015580947089549897
599.0, 0.02193854285271602
600.0, 0.03176344917394436
601.0, 0.048966053086092115
602.0, 0.0744090140504594
603.0, 0.1066186204491277
604.0, 0.14340497562671792
605.0, 0.17598583079863583
606.0, 0.19496445281539718
607.0, 0.2049414367377161
608.0, 0.215892473227189
609.0, 0.23083030423115988
610.0, 0.2539071258403086
611.0, 0.2794224588075153
612.0, 0.3008999480389907
613.0, 0.3299226165206006
614.0, 0.3589857745732438
615.0, 0.3798709786880063
616.0, 0.4023298164552715
617.0, 0.42515607408883693
618.0, 0.437451873165877
619.0, 0.43289884321293587
620.0, 0.41084628123902045
621.0, 0.3492143495146901
622.0, 0.27425370361982876
623.0, 0.2023625615206182
624.0, 0.1415159978984376
625.0, 0.1019098658449903
626.0, 0.0743796550791905
627.0, 0.05484550549070591
628.0, 0.0444229963460402
629.0, 0.03870519388906927
630.0, 0.03496450666956445
631.0, 0.033466706494423966
632.0, 0.03349272465885083
633.0, 0.031663636001077564
634.0, 0.03349988768349917
635.0, 0.03438841893145552
636.0, 0.034305361310673584
637.0, 0.03519998720109828
638.0, 0.033806360294492147
639.0, 0.03725379469307131
640.0, 0.038516607526417924
641.0, 0.038892635239186096
642.0, 0.03916592465647984
643.0, 0.03884992730503913
644.0, 0.038060434420658734
645.0, 0.03791744609426609
646.0, 0.03605829313870101
647.0, 0.03464068428776935
648.0, 0.032394524091966144
649.0, 0.02907740586788591
650.0, 0.026107101334273467
651.0, 0.02361056320864781
652.0, 0.0201002416310635
653.0, 0.01795466451795067
654.0, 0.016651280643101837
655.0, 0.01379694433703563
656.0, 0.009836204504133323
657.0, 0.00763475369681946
658.0, 0.008280376759227924
659.0, 0.00781819986747228
660.0, 0.00560270997752077
661.0, 0.005591128966525333
662.0, 0.004572609074716721
663.0, 0.0014497578270165838
664.0, 0.0025087330175004867
665.0, 0.0009047578766046678
666.0, 0.0012528458651404242
667.0, 0.001184719632596339
668.0, 0.0006380407167054873
669.0, 0.0014410254866762196
670.0, 0.00031222560702656575
671.0, 0.00030610173019012736
672.0, 0.0008620722484687199
673.0, 6.460092625688562e-05
674.0, 0.00013634572011115388
675.0, 0.0003652922737143333
676.0, 0.0002036256892223341
677.0, 0.0010800177092966093
678.0, 0.000270312672350264
679.0, 7.693404865481751e-05
680.0, 0.0014778206620274013
681.0, 0.0012931565719070499
682.0, 0.00048435394849965976
683.0, 0.0006592440886931231
684.0, 0.002679426456123905
685.0, 0.00237899462615148
686.0, 0.00029141327628422317
687.0, 0.0001430195362285584
688.0, 0.00039850636512859866
689.0, 0.0007960650950912295
690.0, 0.0001647318458715326
691.0, 0.0011260064661348472
692.0, 0.0037192471483454437
693.0, 0.002488681023113322
694.0, 0.0004972021078421245
695.0, 0.0006961775244917628
696.0, 0.001738407006339777
697.0, 0.0012737744576854077
698.0, 0.0010998630103166347
699.0, 0.0023493543431755827
700.0, 0.003908234971030694
701.0, 0.002443310781215935
702.0, 0.0012690631367077185
703.0, 0.0021925455778154575
704.0, 0.002326824474131914
705.0, 0.0033426516916305387
706.0, 0.002086997909992288
707.0, 0.0010324722945117798
708.0, 0.002126925116981567
709.0, 0.0026869012621708044
710.0, 0.0022170797890091907
711.0, 0.0030349589068229942
712.0, 0.0028365312843273934
713.0, 0.004477407822427354
714.0, 0.003601031485585938
715.0, 0.00352531406369671
716.0, 0.003652569354912958
717.0, 0.0028666119816711006
718.0, 0.0029781462168243975
719.0, 0.003357377076911313
720.0, 0.0033120638223217793
721.0, 0.003400197243505608
722.0, 0.002469796893710918
723.0, 0.002455590366317365
724.0, 0.0035693727462006164
725.0, 0.0036915622135252533
726.0, 0.0032095950864494405
727.0, 0.002728302660953391
728.0, 0.0012285152183123358
729.0, 0.0018110955543326345
730.0, 0.0020167821857703873
731.0, 0.0019945953606704983
732.0, 0.003236572633297089
733.0, 0.002682978358519033
734.0, 0.0006021291061641922
735.0, 0.00036966912905295955
736.0, 0.0024576221746956655
737.0, 0.0032968953091085233
738.0, 0.0020293912447570447
739.0, 0.0011901678461242028
740.0, 0.0018034520395017388
741.0, 0.0020429891282422808
742.0, 0.00147666913833191
743.0, 0.0010025458788370902
744.0, 0.00031035418102153727
745.0, 0.0009332567239850663
746.0, 0.0026574100758700813
747.0, 0.0010959055657439698
748.0, 0.0016640967638727575
749.0, 0.00040170975325610266
750.0, 0.00021533828071502797
751.0, 0.0004243897639073319
752.0, 0.0006081696043637343
753.0, 0.00013415903893177145
754.0, 0.0007549140252655317
755.0, 0.0009397011776658228
756.0, 0.0006623497810518836
757.0, 0.00020519667330418144
758.0, 0.00033624209798516105
759.0, 0.0013374104203969228
760.0, 0.0012920394150157525
761.0, 0.0005480514525170766
762.0, 0.00014808942880354813
763.0, 0.0013057647043544958
764.0, 0.00131541449114592
765.0, 0.0014078092406573902
766.0, 0.0015599143578528026
767.0, 0.0014772856383950012
768.0, 0.0016567870264462996
769.0, 0.0019313971368941254
770.0, 0.0006307565650855482
771.0, 0.00271782009404397
772.0, 0.002494416753455381
773.0, 0.0009678906761459228
774.0, 0.0008025097867702485
775.0, 0.0013052413723748872
776.0, 0.0024922572840895547
777.0, 0.0014404606086778997
778.0, 0.0011292728031223377
779.0, 0.0008487387387074204
780.0, 0.001824487600624208
781.0, 0.0018487403584532699
782.0, 0.002537742718020569
783.0, 0.0023158440216727244
784.0, 0.0013819038550418603
785.0, 0.0024175921172270246
786.0, 0.0026435893836870344
787.0, 0.0017471371962650942
788.0, 0.0023428109795010058
789.0, 0.0021976548659910734
790.0, 0.002041920492846721
791.0, 0.0019631086276279954
792.0, 0.001056531569003219
793.0, 0.0005146822301061622
794.0, 0.0025013945684915994
795.0, 0.002362252497737712
796.0, 0.0009758529843568618
797.0, 0.0011906822413670617
798.0, 0.001986023829552234
799.0, 0.0019274001484726375
800.0, 0.002330769321058203
801.0, 0.0014921127765861093
802.0, 0.0022146646523743207
803.0, 0.0024544127030680274
804.0, 0.0026513736403972372
805.0, 0.0019354526392392928
806.0, 0.0014661576348085111
807.0, 0.0024034001456335326
808.0, 0.0025543507125038623
809.0, 0.002050006235436146
810.0, 0.0019135388094178557
811.0, 0.0013512868737422326
812.0, 0.0024574868021397566
813.0, 0.0035357981904018086
814.0, 0.002926214444945562
815.0, 0.0023530882309130727
816.0, 0.0027557809053623005
817.0, 0.0017970888867416468
818.0, 0.0017991752592626266
819.0, 0.0026913107044071304
820.0, 0.001833734578517533
821.0, 0.0029435057170056574
822.0, 0.005215580284113027
823.0, 0.003999606081946004
824.0, 0.002796243033187753
825.0, 0.0037812693138102446
826.0, 0.0034242789845840196
827.0, 0.0032883918814985906
828.0, 0.0024751673990642503
829.0, 0.0034986389948072345
830.0, 0.004610657548753651
831.0, 0.003356272473730906
832.0, 0.0026837411517075397
833.0, 0.004028775345570865
834.0, 0.002365479393969681
835.0, 0.002721549419845401
836.0, 0.0046115014744155065
837.0, 0.004513951800356726
838.0, 0.0042396255741929
839.0, 0.004698646084528836
840.0, 0.0039952887822211295
841.0, 0.004897682683268248
842.0, 0.0053197524594196495
843.0, 0.003501297471393984
844.0, 0.0029613787444196958
845.0, 0.003893702052196095
846.0, 0.004278752683726535
847.0, 0.004041912470513558
848.0, 0.004166309239304972
849.0, 0.004213421119324195
850.0, 0.006374188768415084
851.0, 0.004203816739140992
852.0, 0.005006923180283337
853.0, 0.0063424750543708604
854.0, 0.005502232976726962
855.0, 0.004183087125759132
856.0, 0.004351587216314261
857.0, 0.0050697498303886555
858.0, 0.004067450619660931
859.0, 0.003013786596307998
860.0, 0.003683247250552493
861.0, 0.002682827798777071
862.0, 0.003269079286491185
863.0, 0.0036697965774562776
864.0, 0.0026278606192699987
865.0, 0.0026169091273952065
866.0, 0.004348002303802305
867.0, 0.0034111147008909514
868.0, 0.001903872494548326
869.0, 0.0029526513820694157
870.0, 0.00287981356535105
871.0, 0.0023071928158567797
872.0, 0.002783485050769647
873.0, 0.0033493245212741756
874.0, 0.0028948648953347356
875.0, 0.0010355184779768868
876.0, 0.0030483160840701342
877.0, 0.0021563359541348134
878.0, 0.0033057617673980513
879.0, 0.0028192162368493416
880.0, 0.0015554348228304577
881.0, 0.0005445801336609469
882.0, 0.0006241346869092625
883.0, 0.002053448838817152
884.0, 0.0004594912184428743
885.0, 0.00130643696704933
886.0, 0.0006506028208725738
887.0, 0.00034860854485531617
888.0, 0.00037473654073003906
889.0, 0.0006821144257836611
890.0, 0.001022215354066595
891.0, 0.0013255883595830625
892.0, 0.0016250701134078015
893.0, 0.00047076255122318385
894.0, 0.00024716211043415465
895.0, 0.0003791840957628637
896.0, 0.0007941532270813346
897.0, 0.0014972281208367486
898.0, 0.0008548813127633449
899.0, 0.0004139690592766975
900.0, 0.0007705006025842525
901.0, 0.0007678278017504761
902.0, 0.0004936790935216242
903.0, 0.0002363503343177913
904.0, 0.00047636390038596353
905.0, 0.001778397282090317
906.0, 0.001419007650432214
907.0, 0.001982758585175337
908.0, 0.003059470591617139
909.0, 0.0032302714953592617
910.0, 0.0025761722519128945
911.0, 0.0013488924509173588
912.0, 0.0022882695015926592
913.0, 0.0024060149554990962
914.0, 0.0028785466333027974
915.0, 0.0019526015369462871
916.0, 0.0029839310181803964
917.0, 0.004666025951602937
918.0, 0.004091437210577634
919.0, 0.0027683058852330912
920.0, 0.003492488706333516
921.0, 0.0037670140766625413
922.0, 0.0023608833049204225
923.0, 0.003666320645038296
924.0, 0.0031612449122591104
925.0, 0.004362685745931152
926.0, 0.004729538733255082
927.0, 0.0034088294926748336
928.0, 0.0031819928872099186
929.0, 0.0037487356260057117
930.0, 0.0028047337175267145
931.0, 0.0034360115668155547
932.0, 0.0028786880485056877
933.0, 0.0032777560958653852
934.0, 0.002314380227860771
935.0, 0.002519784523814384
936.0, 0.00461961895528849
937.0, 0.004546131379459765
938.0, 0.0027581903810920817
939.0, 0.002383403219902087
940.0, 0.00020102794248464767
941.0, 0.0017397724872454275
942.0, 0.0017349004564078106
943.0, 0.0009119332892113211
944.0, 0.0004311473980103352
945.0, 0.0009001049975471926
946.0, 0.001813259528342462
947.0, 0.0011113778826500713
948.0, 0.00027301163813796394
949.0, 0.0001983649682749893
950.0, 0.00026544246499480575
951.0, 0.0009758706461505781
952.0, 0.0022411215542622893
953.0, 0.0005079075439454086
954.0, 0.0005521452341250514
955.0, 0.001038797389795682
956.0, 0.0009693326767373991
957.0, 0.001321873622240549
958.0, 0.0013646994761715113
959.0, 8.89090983856673e-05
960.0, 0.00048202200307109375
961.0, 0.0010323769530530256
962.0, 0.0003278904629708941
963.0, 0.001623505952189479
964.0, 0.0010913647532577462
965.0, 0.0007353889185351708
966.0, 0.0006421492233385834
967.0, 0.001100385843148649
968.0, 0.00011484992427028434
969.0, 0.00037417367254180247
970.0, 0.0001943196719387532
971.0, 0.0008362353270116587
972.0, 0.0016698987113342638
973.0, 0.0012481497616521123
974.0, 0.0025992364722352023
975.0, 0.0016792726683547423
976.0, 0.0011019670542228635
977.0, 0.001525657886470481
978.0, 0.001525150222612894
979.0, 0.002285479621096504
980.0, 0.004052385611111007
981.0, 0.004783819187336266
982.0, 0.006756250242545133
983.0, 0.006990461480399005
984.0, 0.007806391844782328
985.0, 0.009540639862213832
986.0, 0.013143569696167796
987.0, 0.016248349834651125
988.0, 0.01848004977913356
989.0, 0.020921884786750066
990.0, 0.024367001122378502
991.0, 0.031076208921198875
992.0, 0.0399968808604681
993.0, 0.05387017699756903
994.0, 0.06949768747326462
995.0, 0.09640065702179572
996.0, 0.13950171911386833
997.0, 0.19229565296008228
998.0, 0.23790488968549106
999.0, 0.2719518037905356
1000.0, 0.2953744796969071
1001.0, 0.31445702556435695
1002.0, 0.3465594760849757
1003.0, 0.38974439922284954
1004.0, 0.4337740452267978
1005.0, 0.47521906702896777
1006.0, 0.511289538185287
1007.0, 0.5422128519804622
1008.0, 0.5719916448350738
1009.0, 0.57859325201377
1010.0, 0.5586672592744077
1011.0, 0.49795927850024874
1012.0, 0.39189956092501177
1013.0, 0.28852039787669564
1014.0, 0.21039289644260983
1015.0, 0.1583857516674457
1016.0, 0.12854696801491092
1017.0, 0.11008157577343716
1018.0, 0.0977785031311245
1019.0, 0.08675929615227998
1020.0, 0.07910558047731868
1021.0, 0.07268358607070846
1022.0, 0.06575031552998502
1023.0, 0.058524033426800015
1024.0, 0.05020033462103589
1025.0, 0.04171079091442419
1026.0, 0.03153287659352798
1027.0, 0.024936665198222754
1028.0, 0.021552665705526424
1029.0, 0.01697642961273373
1030.0, 0.015413762307012522
1031.0, 0.014016525021940276
1032.0, 0.011588318962920166
1033.0, 0.010611532261190097
1034.0, 0.008168158467619977
1035.0, 0.004752905319281448
1036.0, 0.004743095486338327
1037.0, 0.0034548169503974607
1038.0, 0.00308089699543313
1039.0, 0.0038624680168931834
1040.0, 0.0008276862451952283
1041.0, 0.0010385659186172404
1042.0, 0.0006833443779636296
1043.0, 0.00013172326427873275
1044.0, 0.0006780001995254336
1045.0, 0.00040198085791150916
1046.0, 0.00032903467562281417
1047.0, 0.0010285151948644415
1048.0, 0.0007808412107295084
1049.0, 0.0019062167369614965
1050.0, 0.0006975013824989679
1051.0, 0.0023833135003855244
1052.0, 0.0005680747243309235
1053.0, 0.00013718994078129788
1054.0, 0.0013814134515353284
1055.0, 0.0008841847770453086
1056.0, 0.0012334325940076966
1057.0, 0.0024391755275365054
1058.0, 0.0015740487955753979
1059.0, 5.614768019744477e-05
1060.0, 0.0004090890535423835
1061.0, 0.0008014577377085365
1062.0, 0.00033026325778521463
1063.0, 0.0018701063880000835
1064.0, 0.0011072588589191516
1065.0, 0.002349483313653886
1066.0, 0.0017729146912066158
1067.0, 0.004225540564550306
1068.0, 0.004354835707881011
1069.0, 0.004393798919619214
1070.0, 0.004653895226776743
1071.0, 0.006439642481214702
1072.0, 0.007800297548442099
1073.0, 0.008548396370896945
1074.0, 0.010831233036305996
1075.0, 0.010445683177579743
1076.0, 0.013743089035340052
1077.0, 0.01688717518831081
1078.0, 0.018278005650950994
1079.0, 0.020516121116697917
1080.0, 0.023989405272507203
1081.0, 0.027129010837960606
1082.0, 0.031754065089163674
1083.0, 0.038653239281286465
1084.0, 0.048804059735995844
1085.0, 0.058943358188392865
1086.0, 0.06977459119248282
1087.0, 0.08346252988852827
1088.0, 0.09939714549452988
1089.0, 0.12448997956795697
1090.0, 0.14953381533600565
1091.0, 0.1803035753413485
1092.0, 0.20672298942451534
1093.0, 0.23696500274565846
1094.0, 0.2688556077612151
1095.0, 0.2945939818867158
1096.0, 0.3177313127390453
1097.0, 0.35146447886228704
1098.0, 0.384237970815059
1099.0, 0.4044951209413282
1100.0, 0.42138193691088793
1101.0, 0.43648055840269184
1102.0, 0.44063448273612543
1103.0, 0.43709870476332285
1104.0, 0.41334638783882627
1105.0, 0.3817881908882356
1106.0, 0.33668510126699475
1107.0, 0.291343410594208
1108.0, 0.24362358126628314
1109.0, 0.20114824709614854
1110.0, 0.16554416153446744
1111.0, 0.13536807508097676
1112.0, 0.11015360813190547
1113.0, 0.0960844680197075
1114.0, 0.08497580931165716
1115.0, 0.07025380687070501
1116.0, 0.06246928873459186
1117.0, 0.055859983353370946
1118.0, 0.052346487112292915
1119.0, 0.04707878347217713
1120.0, 0.042886516518268206
1121.0, 0.03939882949791869
1122.0, 0.03794822825452533
1123.0, 0.038458226708054266
1124.0, 0.03682585361941381
1125.0, 0.034643598933663956
1126.0, 0.03592288603224487
1127.0, 0.03774840701967395
1128.0, 0.03910839881531884
1129.0, 0.039978117798884334
1130.0, 0.04123862727859834
1131.0, 0.04529059457783454
1132.0, 0.046856564999944526
1133.0, 0.05047531613437445
1134.0, 0.05605872842271176
1135.0, 0.059378427380903875
1136.0, 0.06626804890992911
1137.0, 0.07188896539166564
1138.0, 0.07842810038679406
1139.0, 0.08429212078744905
1140.0, 0.09218070080850065
1141.0, 0.10126414186396963
1142.0, 0.1075724114933119
1143.0, 0.11453049670485149
1144.0, 0.12114991578831832
1145.0, 0.1236083748123993
1146.0, 0.12980965070859546
1147.0, 0.13930949030539155
1148.0, 0.13948117468868157
1149.0, 0.1407117665726633
1150.0, 0.14175796116016773
1151.0, 0.14265886574981018
1152.0, 0.13661767109898806
1153.0, 0.1334684124649407
1154.0, 0.1259243846637658
1155.0, 0.12212778154659698
1156.0, 0.11419300227595941
1157.0, 0.10378169584559624
1158.0, 0.09461533508344243
1159.0, 0.08670938296226863
1160.0, 0.07835416854539329
1161.0, 0.06860453474820766
1162.0, 0.06110876933520541
1163.0, 0.05668874022316901
1164.0, 0.05015955195317796
1165.0, 0.04492636583519224
1166.0, 0.04031385687966629
1167.0, 0.03703611640692458
1168.0, 0.032951566003423825
1169.0, 0.029277895421716403
1170.0, 0.02648606326409745
1171.0, 0.021978472988369423
1172.0, 0.020128137446357944
1173.0, 0.0162297392143234
1174.0, 0.014666340462321958
1175.0, 0.014136696415448936
1176.0, 0.012661040940039421
1177.0, 0.010939625116992634
1178.0, 0.01005115699444309
1179.0, 0.008230534534080486
1180.0, 0.005701073588614748
1181.0, 0.004673847332222333
1182.0, 0.00486466870023134
1183.0, 0.005217974138245279
1184.0, 0.003926166743160068
1185.0, 0.004005677083793035
1186.0, 0.003549612231012833
1187.0, 0.002712405134744319
1188.0, 0.0016033263388386687
1189.0, 0.003228009584283247
1190.0, 0.0022872620286092413
1191.0, 0.0011213597970477324
1192.0, 0.001186854715750283
1193.0, 0.000259885183642563
1194.0, 0.0005778037628174241
1195.0, 0.0009646803142866384
1196.0, 0.0006500674957239309
1197.0, 0.0004112180854611452
1198.0, 0.0011469370087411408
1199.0, 0.000840910888998332
1200.0, 0.0008935234727063132
1201.0, 0.0003335317786566085
1202.0, 0.0006179364826532298
1203.0, 0.0011138009418891486
1204.0, 0.0021212197128628848
1205.0, 0.0010675328805077493
1206.0, 0.00038247331520036384
1207.0, 0.00024033414691784663
1208.0, 0.0017595870269881638
1209.0, 0.0009554688166772333
1210.0, 0.0006713683024314396
1211.0, 0.0001849436755280415
1212.0, 0.0005788170990389451
1213.0, 0.0010551221385968095
1214.0, 0.0007657162365263859
1215.0, 0.00017809241475124016
1216.0, 0.000251385054143741
1217.0, 0.0008335706666444729
1218.0, 0.0004870474319560921
1219.0, 0.0006464967050956409
1220.0, 0.000705983421312057
1221.0, 0.0010022618329788412
1222.0, 0.0014605971066792272
1223.0, 0.0014401123129413082
1224.0, 0.00013459697544025115
1225.0, 0.0004546220590285034
1226.0, 0.0013738889487949451
1227.0, 0.0010780978827928443
1228.0, 0.0019201202026299616
1229.0, 0.0026441331952892144
1230.0, 0.0036883164302382466
1231.0, 0.0015092997018725607
1232.0, 0.004017222814247281
1233.0, 0.003225613014609424
1234.0, 0.006056960232669139
1235.0, 0.007223899405702261
1236.0, 0.005844889795708654
1237.0, 0.004628065898087197
1238.0, 0.004601270562213246
1239.0, 0.0037842974090278856
1240.0, 0.0040836328102064655
1241.0, 0.004316382616130176
1242.0, 0.003410809295557489
1243.0, 0.0038878460804632636
1244.0, 0.0034893378686251908
1245.0, 0.0027736173570080493
1246.0, 0.002668341362737406
1247.0, 0.0027675518134963194
1248.0, 0.003584687288583403
1249.0, 0.003622974228424183
1250.0, 0.0043739814757905015
1251.0, 0.001742098261927682
1252.0, 0.0017185752089559072
1253.0, 0.0024274449112850274
1254.0, 0.0031413690988985575
1255.0, 0.002421859157545455
1256.0, 0.0016277937690646548
1257.0, 0.0012110534691414277
1258.0, 0.0005984829475278122
1259.0, 0.0028460759927444635
1260.0, 0.0021708546037064506
1261.0, 0.001421241298222167
1262.0, 0.001736414654559433
1263.0, 0.002006604045460862
1264.0, 0.001028177163419107
1265.0, 0.000947665347113691
1266.0, 0.0011656957664830541
1267.0, 0.0017697208063291398
1268.0, 0.0023353059921341172
1269.0, 0.0018478150819687417
1270.0, 0.0015730763799375923
1271.0, 0.0005921259388096426
1272.0, 0.0008122512452162226
1273.0, 0.001407938078223826
1274.0, 0.0008991483784119877
1275.0, 0.0001661709891044398
1276.0, 0.0003547780002460219
1277.0, 0.0018765496081440563
1278.0, 0.003167483239208346
1279.0, 0.0011884250287324794
1280.0, 0.0008819493776700759
1281.0, 0.0005561975230751838
1282.0, 0.001235224236386742
1283, 0.0
1284, 0.0
1285, 0.0
1286, 0.0
1287, 0.0
1288, 0.0
1289, 0.0
1290, 0.0
1291, 0.0
1292, 0.0
1293, 0.0
1294, 0.0
1295, 0.0
1296, 0.0
1297, 0.0
1298, 0.0
1299, 0.0
1300, 0.0
1301, 0.0
1302, 0.0
1303, 0.0
1304, 0.0
1305, 0.0
1306, 0.0
1307, 0.0
1308, 0.0
1309, 0.0
1310, 0.0
1311, 0.0
1312, 0.0
1313, 0.0
1314, 0.0
1315, 0.0
1316, 0.0
1317, 0.0
1318, 0.0
1319, 0.0
1320, 0.0
1321, 0.0
1322, 0.0
1323, 0.0
1324, 0.0
1325, 0.0
1326, 0.0
1327, 0.0
1328, 0.0
1329, 0.0
1330, 0.0
1331, 0.0
1332, 0.0
1333, 0.0
1334, 0.0
1335, 0.0
1336, 0.0
1337, 0.0
1338, 0.0
1339, 0.0
1340, 0.0
1341, 0.0
1342, 0.0
1343, 0.0
1344, 0.0
1345, 0.0
1346, 0.0
1347, 0.0
1348, 0.0
1349, 0.0
1350, 0.0
1351, 0.0
1352, 0.0
1353, 0.0
1354, 0.0
1355, 0.0
1356, 0.0
1357, 0.0
1358, 0.0
1359, 0.0
1360, 0.0
1361, 0.0
1362, 0.0
1363, 0.0
1364, 0.0
1365, 0.0
1366, 0.0
1367, 0.0
1368, 0.0
1369, 0.0
1370, 0.0
1371, 0.0
1372, 0.0
1373, 0.0
1374, 0.0
1375, 0.0
1376, 0.0
1377, 0.0
1378, 0.0
1379, 0.0
1380, 0.0
1381, 0.0
1382, 0.0
1383, 0.0
1384, 0.0
1385, 0.0
1386, 0.0
1387, 0.0
1388, 0.0
1389, 0.0
1390, 0.0
1391, 0.0
1392, 0.0
1393, 0.0
1394, 0.0
1395, 0.0
1396, 0.0
1397, 0.0
1398, 0.0
1399, 0.0
1400, 0.0
1401, 0.0
1402, 0.0
1403, 0.0
1404, 0.0
1405, 0.0
1406, 0.0
1407, 0.0
1408, 0.0
1409, 0.0
1410, 0.0
1411, 0.0
1412, 0.0
1413, 0.0
1414, 0.0
1415, 0.0
1416, 0.0
1417, 0.0
1418, 0.0
1419, 0.0
1420, 0.0
1421, 0.0
1422, 0.0
1423, 0.0
1424, 0.0
1425, 0.0
1426, 0.0
1427, 0.0
1428, 0.0
1429, 0.0
1430, 0.0
1431, 0.0
1432, 0.0
1433, 0.0
1434, 0.0
1435, 0.0
1436, 0.0
1437, 0.0
1438, 0.0
1439, 0.0
1440, 0.0
1441, 0.0
1442, 0.0
1443, 0.0
1444, 0.0
1445, 0.0
1446, 0.0
1447, 0.0
1448, 0.0
1449, 0.0
1450, 0.0
1451, 0.0
1452, 0.0
1453, 0.0
1454, 0.0
1455, 0.0
1456, 0.0
1457, 0.0
1458, 0.0
1459, 0.0
1460, 0.0
1461, 0.0
1462, 0.0
1463, 0.0
1464, 0.0
1465, 0.0
1466, 0.0
1467, 0.0
1468, 0.0
1469, 0.0
1470, 0.0
1471, 0.0
1472, 0.0
1473, 0.0
1474, 0.0
1475, 0.0
1476, 0.0
1477, 0.0
1478, 0.0
1479, 0.0
1480, 0.0
1481, 0.0
1482, 0.0
1483, 0.0
1484, 0.0
1485, 0.0
1486, 0.0
1487, 0.0
1488, 0.0
1489, 0.0
1490, 0.0
1491, 0.0
1492, 0.0
1493, 0.0
1494, 0.0
1495, 0.0
1496, 0.0
1497, 0.0
1498, 0.0
1499, 0.0
1500, 0.0
1501, 0.0
1502, 0.0
1503, 0.0
1504, 0.0
1505, 0.0
1506, 0.0
1507, 0.0
1508, 0.0
1509, 0.0
1510, 0.0
1511, 0.0
1512, 0.0
1513, 0.0
1514, 0.0
1515, 0.0
1516, 0.0
1517, 0.0
1518, 0.0
1519, 0.0
1520, 0.0
1521, 0.0
1522, 0.0
1523, 0.0
1524, 0.0
1525, 0.0
1526, 0.0
1527, 0.0
1528, 0.0
1529, 0.0
1530, 0.0
1531, 0.0
1532, 0.0
1533, 0.0
1534, 0.0
1535, 0.0
1536, 0.0
1537, 0.0
1538, 0.0
1539, 0.0
1540, 0.0
1541, 0.0
1542, 0.0
1543, 0.0
1544, 0.0
1545, 0.0
1546, 0.0
1547, 0.0
1548, 0.0
1549, 0.0
1550, 0.0
1551, 0.0
1552, 0.0
1553, 0.0
1554, 0.0
1555, 0.0
1556, 0.0
1557, 0.0
1558, 0.0
1559, 0.0
1560, 0.0
1561, 0.0
1562, 0.0
1563, 0.0
1564, 0.0
1565, 0.0
1566, 0.0
1567, 0.0
1568, 0.0
1569, 0.0
1570, 0.0
1571, 0.0
1572, 0.0
1573, 0.0
1574, 0.0
1575, 0.0
1576, 0.0
1577, 0.0
1578, 0.0
1579, 0.0
1580, 0.0
1581, 0.0
1582, 0.0
1583, 0.0
1584, 0.0
1585, 0.0
1586, 0.0
1587, 0.0
1588, 0.0
1589, 0.0
1590, 0.0
1591, 0.0
1592, 0.0
1593, 0.0
1594, 0.0
1595, 0.0
1596, 0.0
1597, 0.0
1598, 0.0
1599, 0.0
