30, 0.0
31, 0.0
32, 0.0
33, 0.0
34, 0.0
35, 0.0
36, 0.0
37, 0.0
38, 0.0
39, 0.0
40, 0.0
41, 0.0
42, 0.0
43, 0.0
44, 0.0
45, 0.0
46, 0.0
47, 0.0
48, 0.0
49, 0.0
50, 0.0
51, 0.0
52, 0.0
53, 0.0
54, 0.0
55, 0.0
56, 0.0
57, 0.0
58, 0.0
59, 0.0
60, 0.0
61, 0.0
62, 0.0
63, 0.0
64, 0.0
65, 0.0
66, 0.0
67, 0.0
68, 0.0
69, 0.0
70, 0.0
71, 0.0
72, 0.0
73, 0.0
74, 0.0
75, 0.0
76, 0.0
77, 0.0
78, 0.0
79, 0.0
80, 0.0
81, 0.0
82, 0.0
83, 0.0
84, 0.0
85, 0.0
86, 0.0
87, 0.0
88, 0.0
89, 0.0
90, 0.0
91, 0.0
92, 0.0
93, 0.0
94, 0.0
95, 0.0
96, 0.0
97, 0.0
98, 0.0
99, 0.0
100, 0.0
101, 0.0
102, 0.0
103, 0.0
104, 0.0
105, 0.0
106, 0.0
107, 0.0
108, 0.0
109, 0.0
110, 0.0
111, 0.0
112, 0.0
113, 0.0
114, 0.0
115, 0.0
116, 0.0
117, 0.0
118, 0.0
119, 0.0
120, 0.0
121, 0.0
122, 0.0
123, 0.0
124, 0.0
125, 0.0
126, 0.0
127, 0.0
128, 0.0
129, 0.0
130, 0.0
131, 0.0
132, 0.0
133, 0.0
134, 0.0
135, 0.0
136, 0.0
137, 0.0
138, 0.0
139, 0.0
140, 0.0
141, 0.0
142, 0.0
143, 0.0
144, 0.0
145, 0.0
146, 0.0
147, 0.0
148, 0.0
149, 0.0
150, 0.0
151, 0.0
152, 0.0
153, 0.0
154, 0.0
155, 0.0
156, 0.0
157, 0.0
158, 0.0
159, 0.0
160, 0.0
161, 0.0
162, 0.0
163, 0.0
164, 0.0
165, 0.0
166, 0.0
167, 0.0
168, 0.0
169, 0.0
170, 0.0
171, 0.0
172, 0.0
173, 0.0
174, 0.0
175, 0.0
176, 0.0
177, 0.0
178, 0.0
179, 0.0
180, 0.0
181, 0.0
182, 0.0
183, 0.0
184, 0.0
185, 0.0
186, 0.0
187, 0.0
188, 0.0
189, 0.0
190, 0.0
191, 0.0
192, 0.0
193, 0.0
194, 0.0
195, 0.0
196, 0.0
197, 0.0
198, 0.0
199, 0.0
200, 0.0
201.0, 0.002876453529522531
202.0, 0.011500231267666767
203.0, 0.00989942191568286
204.0, 0.0028700399619897812
205.0, 0.015501305410515063
206.0, 0.03398956987867148
207.0, 0.042573909432775
208.0, 0.05225661293667774
209.0, 0.06072831675937916
210.0, 0.07225239542399325
211.0, 0.07660583278240105
212.0, 0.06879427539878374
213.0, 0.06551902660061998
214.0, 0.07101468123847832
215.0, 0.07122843277210063
216.0, 0.06309220193794915
217.0, 0.05558246075850045
218.0, 0.05052443295874485
219.0, 0.03899086235116883
220.0, 0.030545980629934105
221.0, 0.03467250150724639
222.0, 0.03916789960135706
223.0, 0.03858240953932666
224.0, 0.04932510426019515
225.0, 0.06995703002641371
226.0, 0.07809527942704345
227.0, 0.09259852851912881
228.0, 0.10591087080002795
229.0, 0.12107392605219361
230.0, 0.14410753918979802
231.0, 0.1730383772244668
232.0, 0.1561558420035951
233.0, 0.14150082958741836
234.0, 0.15346430214364368
235.0, 0.17371262545954264
236.0, 0.1576436888879301
237.0, 0.15872399764364842
238.0, 0.17483919659761327
239.0, 0.1868021300313058
240.0, 0.20706053488666004
241.0, 0.22878367298817992
242.0, 0.248181133639386
243.0, 0.261309719729191
244.0, 0.26640462901660594
245.0, 0.2909865833540778
246.0, 0.3017751312577879
247.0, 0.31399626034107797
248.0, 0.34108205660544505
249.0, 0.33171259923945634
250.0, 0.33865646147835665
251.0, 0.35940067405413184
252.0, 0.3745625669410154
253.0, 0.36478480553065656
254.0, 0.3681963168802787
255.0, 0.3754235724655241
256.0, 0.3815726749291754
257.0, 0.3793729258278325
258.0, 0.35132300136675704
259.0, 0.3579425121610233
260.0, 0.3471346653582881
261.0, 0.3186308238164006
262.0, 0.31450331937249604
263.0, 0.2930658075112113
264.0, 0.28638930486429853
265.0, 0.2865328239892919
266.0, 0.2758083942329388
267.0, 0.24886284050013688
268.0, 0.24458879892077878
269.0, 0.23397040392451587
270.0, 0.20759002078343636
271.0, 0.1850914009834565
272.0, 0.2025140698245115
273.0, 0.17670721263820385
274.0, 0.1510760666214248
275.0, 0.14877074377414343
276.0, 0.13218615635864342
277.0, 0.11212399230335075
278.0, 0.09955211692055604
279.0, 0.09651114476804411
280.0, 0.09310271699161916
281.0, 0.06835575986597528
282.0, 0.060387271447327216
283.0, 0.04828549740708488
284.0, 0.03307725356207027
285.0, 0.03479528317899149
286.0, 0.024180274851063038
287.0, 0.0135383754746866
288.0, 0.006291341711285045
289.0, 0.001039761088206115
290.0, 0.004304198072971446
291.0, 0.004482118966028701
292.0, 0.003993989388317176
293.0, 0.005419023641095587
294.0, 0.009733651238901077
295.0, 0.00828610150220293
296.0, 0.009195642397484705
297.0, 0.011275143999731887
298.0, 0.010223959199917566
299.0, 0.004795731881443619
300.0, 0.002991255115746113
301.0, 0.0014511816201782171
302.0, 0.0019778233184981056
303.0, 0.0034390180714280773
304.0, 0.03391663134694399
305.0, 0.056397399804769786
306.0, 0.060070166623876896
307.0, 0.06522869047873311
308.0, 0.08558179109296209
309.0, 0.09513114161419711
310.0, 0.09814097900371271
311.0, 0.11787441781401553
312.0, 0.14667389818321638
313.0, 0.16179899368519518
314.0, 0.16726545386391276
315.0, 0.18590281132268033
316.0, 0.1974224102374098
317.0, 0.20166657563051216
318.0, 0.22546363282812518
319.0, 0.23089626520392503
320.0, 0.24014152175250172
321.0, 0.25895173272925875
322.0, 0.279044597877195
323.0, 0.2879056673384587
324.0, 0.3227497217747126
325.0, 0.34456922792684874
326.0, 0.3484961966876662
327.0, 0.35368824083078304
328.0, 0.37540678304098096
329.0, 0.40277747677364756
330.0, 0.4206345446808867
331.0, 0.43099254053653324
332.0, 0.4456902086621912
333.0, 0.45826146671640355
334.0, 0.47616640487298634
335.0, 0.4862493910597271
336.0, 0.4867332407449999
337.0, 0.49554633076378185
338.0, 0.5108213094351107
339.0, 0.5206943882806019
340.0, 0.5298950432570921
341.0, 0.542425818973724
342.0, 0.5491554316214967
343.0, 0.5478614570618463
344.0, 0.5428075508323782
345.0, 0.5392223813389291
346.0, 0.5361843119612387
347.0, 0.5250111379081511
348.0, 0.5138391624187958
349.0, 0.5076245265826642
350.0, 0.49785589853168866
351.0, 0.4800800306717218
352.0, 0.47880550262081495
353.0, 0.46353038939857105
354.0, 0.44656423111230453
355.0, 0.43395489545492866
356.0, 0.4150615953256119
357.0, 0.3815965544192277
358.0, 0.3758199220297307
359.0, 0.36432764488773617
360.0, 0.343970242910443
361.0, 0.34985281180445404
362.0, 0.3461688519181232
363.0, 0.3388997390169356
364.0, 0.3357863413150568
365.0, 0.33238260840253
366.0, 0.3159484286585547
367.0, 0.30017577649677435
368.0, 0.3080623529393065
369.0, 0.3088250310159309
370.0, 0.28712041104185243
371.0, 0.2781359026432153
372.0, 0.2795148751227284
373.0, 0.26981421824547586
374.0, 0.25183294889880226
375.0, 0.23542311132424715
376.0, 0.22151875633641344
377.0, 0.22331796089999967
378.0, 0.21009332455626623
379.0, 0.19182861751388555
380.0, 0.1854503119393221
381.0, 0.16781851265982728
382.0, 0.13870253102241561
383.0, 0.1185004769124839
384.0, 0.11370265869207317
385.0, 0.11486387375093492
386.0, 0.10108095861863438
387.0, 0.09344270973673947
388.0, 0.08777861576180679
389.0, 0.08389472899751045
390.0, 0.08235977261956945
391.0, 0.07161111420260084
392.0, 0.0657715167377255
393.0, 0.06535168914531558
394.0, 0.056028804272991985
395.0, 0.03360436751408858
396.0, 0.03809291844228915
397.0, 0.02547456725184895
398.0, 0.02193188313724826
399.0, 0.01931120503674389
400.0, 0.004517770377949902
401.0, 0.00922524873362291
402.0, 0.0148405678540469
403.0, 0.009096013337013861
404.0, 0.0006950841422926087
405.0, 0.0061608475311332265
406.0, 0.021678543873841116
407.0, 0.030152477583901324
408.0, 0.02464667117841201
409.0, 0.018273230219164247
410.0, 0.02503407360204847
411.0, 0.022243343081766627
412.0, 0.020987468715181232
413.0, 0.014714289806134153
414.0, 0.004916565869754818
415.0, 0.004939857336540218
416.0, 0.025039649638676255
417.0, 0.023279747479539106
418.0, 0.0275139995137986
419.0, 0.04556450671251152
420.0, 0.061495829724320016
421.0, 0.060676523199031364
422.0, 0.07612214808381326
423.0, 0.09335319818339181
424.0, 0.10782263902951753
425.0, 0.12361006290201673
426.0, 0.14023827865940677
427.0, 0.15340279088764922
428.0, 0.18731036083104108
429.0, 0.2219966853091087
430.0, 0.23561978482413048
431.0, 0.2658308076910696
432.0, 0.2849444239411044
433.0, 0.29664943851222014
434.0, 0.3128474556236158
435.0, 0.33722832531529157
436.0, 0.3588069793350244
437.0, 0.38212703168309475
438.0, 0.40477252508397293
439.0, 0.43078454271239275
440.0, 0.4622717724286424
441.0, 0.4935205648248899
442.0, 0.5221904256179507
443.0, 0.5506740581588787
444.0, 0.5698833767380663
445.0, 0.5804874647937698
446.0, 0.599053599907534
447.0, 0.6148308046206235
448.0, 0.640588735411176
449.0, 0.6550485085606679
450.0, 0.659414640678113
451.0, 0.6848043318585582
452.0, 0.6990122682325132
453.0, 0.7142048026997119
454.0, 0.7226386101859642
455.0, 0.7296689258762583
456.0, 0.7464423482155277
457.0, 0.7414124618107428
458.0, 0.7580294253351615
459.0, 0.7555615585366048
460.0, 0.7341300527122196
461.0, 0.72978121054509
462.0, 0.7383440074650959
463.0, 0.7283082801689108
464.0, 0.6997826475961048
465.0, 0.6687883642405111
466.0, 0.6477709975220488
467.0, 0.6311688265699175
468.0, 0.6216243887465344
469.0, 0.5841826166549215
470.0, 0.5466613940137911
471.0, 0.52831557706871
472.0, 0.4943114472460605
473.0, 0.4854711992611026
474.0, 0.472347876421426
475.0, 0.4476408259394823
476.0, 0.41582084865399965
477.0, 0.3829767965103134
478.0, 0.372797943699824
479.0, 0.3677151672391177
480.0, 0.35171333880586814
481.0, 0.32998713366592713
482.0, 0.3127692417748197
483.0, 0.2781843452174436
484.0, 0.2579166884482417
485.0, 0.23060155111332525
486.0, 0.20151171958061476
487.0, 0.18816358854371557
488.0, 0.1849374879997258
489.0, 0.1629741218818604
490.0, 0.14891502443989044
491.0, 0.13882380294055646
492.0, 0.12154813538974417
493.0, 0.10211322864929066
494.0, 0.09341828485586189
495.0, 0.07399069315835154
496.0, 0.05743306111564664
497.0, 0.05410527286020809
498.0, 0.052317907003083794
499.0, 0.03621037970618517
500.0, 0.033125475488201044
501.0, 0.023964605517586297
502.0, 0.012324876691176209
503.0, 0.013327670755041269
504.0, 0.0217108598186895
505.0, 0.01928772940377851
506.0, 0.012280366724353885
507.0, 0.016270053057664602
508.0, 0.02902240744189752
509.0, 0.026012789405620323
510.0, 0.04281474471497921
511.0, 0.0504082093556542
512.0, 0.057366308806192944
513.0, 0.0688875011189821
514.0, 0.07491269596378389
515.0, 0.07760566405000591
516.0, 0.08146598362777403
517.0, 0.08246603343745217
518.0, 0.08563439051111314
519.0, 0.09683338410862759
520.0, 0.11398147756494643
521.0, 0.1329216535754497
522.0, 0.15513789404615358
523.0, 0.16243394805728892
524.0, 0.15834339318845989
525.0, 0.17088870264887132
526.0, 0.18953091741587558
527.0, 0.2085274531763329
528.0, 0.2216349412933567
529.0, 0.22766844776974512
530.0, 0.23694639077215282
531.0, 0.27250214687083946
532.0, 0.2844030352880992
533.0, 0.3087982030203202
534.0, 0.3351114174542102
535.0, 0.36239501601878826
536.0, 0.41343348927715406
537.0, 0.4236255806308084
538.0, 0.44782926686480834
539.0, 0.4813240116250351
540.0, 0.5152537052034047
541.0, 0.5478212457615825
542.0, 0.5700441640991512
543.0, 0.5907525502583204
544.0, 0.62444309971523
545.0, 0.6586559048397347
546.0, 0.6862347730060107
547.0, 0.7174066478907838
548.0, 0.7650451475809984
549.0, 0.8180945491009924
550.0, 0.8584127975332341
551.0, 0.8770326673641062
552.0, 0.8856305170768274
553.0, 0.9144112180257663
554.0, 0.9401420119462455
555.0, 0.9591655008486364
556.0, 0.9745932954670831
557.0, 0.985527011802673
558.0, 0.9897701776790901
559.0, 0.9999178744324275
560.0, 0.9913799699451418
561.0, 0.9801367104089297
562.0, 0.9674837197111861
563.0, 0.9492015666394316
564.0, 0.9292031086740299
565.0, 0.8676252376459251
566.0, 0.825972789261637
567.0, 0.7842219701948953
568.0, 0.7369350711184584
569.0, 0.7030326792175824
570.0, 0.6534189260581212
571.0, 0.6145490086106761
572.0, 0.5683417185859452
573.0, 0.5183028743621251
574.0, 0.46607158039543656
575.0, 0.4017992159551048
576.0, 0.36604897002418446
577.0, 0.3266569911577359
578.0, 0.2747831579482004
579.0, 0.22823101878123764
580.0, 0.2006902962578364
581.0, 0.17131294276490838
582.0, 0.12887815750322848
583.0, 0.10794054799723743
584.0, 0.08207959639678938
585.0, 0.05368725871645106
586.0, 0.04751516850515003
587.0, 0.01718369830654489
588.0, 0.00906774756658043
589.0, 0.018548342178563826
590.0, 0.025613220830917927
591.0, 0.03715177866242763
592.0, 0.04237238524655487
593.0, 0.05243561555046188
594.0, 0.061832754156632565
595.0, 0.05812151767941421
596.0, 0.04615541238914085
597.0, 0.035954331557067454
598.0, 0.026330946356703504
599.0, 0.003585837136344739
600.0, 0.022422407994495998
601.0, 0.045064228342407205
602.0, 0.07484513507416976
603.0, 0.10279542384579718
604.0, 0.1346724385796206
605.0, 0.1874062704793246
606.0, 0.2301401558252615
607.0, 0.2727467311242016
608.0, 0.3245008175910375
609.0, 0.37499212257780296
610.0, 0.4183880405752968
611.0, 0.4494876295184977
612.0, 0.4956457000846067
613.0, 0.5391286914125828
614.0, 0.5807834486295237
615.0, 0.6424756852478979
616.0, 0.6836303217585973
617.0, 0.7299655121158158
618.0, 0.7629198525182279
619.0, 0.7990451161572522
620.0, 0.8439179552788101
621.0, 0.8700743021682116
622.0, 0.8905534600493962
623.0, 0.9164372057922525
624.0, 0.9418231917258384
625.0, 0.9541566208868079
626.0, 0.9546230519359111
627.0, 0.9636741486644563
628.0, 0.9772941886793411
629.0, 0.9757330621237826
630.0, 0.9716097852565898
631.0, 0.9633155807577743
632.0, 0.9462270248555469
633.0, 0.93294943454111
634.0, 0.9251576108945538
635.0, 0.9029851185898002
636.0, 0.8906998745818855
637.0, 0.8820753019082782
638.0, 0.8629448569332187
639.0, 0.8452847970525365
640.0, 0.8191920994909139
641.0, 0.7906301063762509
642.0, 0.773169864327063
643.0, 0.7602592270185115
644.0, 0.7476662132806446
645.0, 0.749087265504456
646.0, 0.7195954793262205
647.0, 0.6942131559805429
648.0, 0.6807214104876437
649.0, 0.6632473936777842
650.0, 0.6335597559742875
651.0, 0.6065453623925469
652.0, 0.5955518791921407
653.0, 0.5660456405341773
654.0, 0.5456314177176148
655.0, 0.5277228449328707
656.0, 0.4974020156863225
657.0, 0.4799805224160056
658.0, 0.4721352757214373
659.0, 0.4415135589934409
660.0, 0.424357352056876
661.0, 0.42870963626768577
662.0, 0.4210365281898487
663.0, 0.3837465217652414
664.0, 0.3803372958618571
665.0, 0.36834263122683164
666.0, 0.3629730100942386
667.0, 0.35667306644825836
668.0, 0.3382958841739629
669.0, 0.32368741742335033
670.0, 0.32354862581912697
671.0, 0.30991840356232747
672.0, 0.2922744606680684
673.0, 0.28042686453290727
674.0, 0.27048012370308055
675.0, 0.256957795116167
676.0, 0.2500755433326192
677.0, 0.2533104226611599
678.0, 0.23694355587851468
679.0, 0.21613885224272422
680.0, 0.20916806537668847
681.0, 0.20988538599521778
682.0, 0.20155557573605026
683.0, 0.1809137920840439
684.0, 0.16871544656408458
685.0, 0.16951028658825273
686.0, 0.17131966766638737
687.0, 0.16394294604594187
688.0, 0.15477098164134245
689.0, 0.1561172977708203
690.0, 0.15970586087101396
691.0, 0.15096569619709335
692.0, 0.1359516698844449
693.0, 0.1264172651898817
694.0, 0.11349920335914951
695.0, 0.11140620175930166
696.0, 0.1172431616546415
697.0, 0.10444734746484391
698.0, 0.08880855787908463
699.0, 0.0870116980263582
700.0, 0.07504142000416696
701.0, 0.0764985219071238
702.0, 0.06652128965782962
703.0, 0.056937601235845944
704.0, 0.055210382141845794
705.0, 0.058060369353112734
706.0, 0.06065194095334461
707.0, 0.05055003811560718
708.0, 0.059503704028894586
709.0, 0.05109719550586202
710.0, 0.041564014390542116
711.0, 0.04195034873826636
712.0, 0.04043855694655006
713.0, 0.03996738708325841
714.0, 0.04855790905964709
715.0, 0.039274035501718235
716.0, 0.04194243859326774
717.0, 0.04178551854100943
718.0, 0.029665466678503553
719.0, 0.04345663639443934
720.0, 0.040847121149611566
721.0, 0.04695957379298583
722.0, 0.04423374401567321
723.0, 0.04503319249706956
724.0, 0.052420204526720096
725.0, 0.04713997090778909
726.0, 0.03778207428583951
727.0, 0.031236769671868055
728.0, 0.03623112563249341
729.0, 0.03877562818753059
730.0, 0.03180487461259843
731.0, 0.026713691401766052
732.0, 0.03719458819876258
733.0, 0.02125917409485823
734.0, 0.027756255794003693
735.0, 0.033368633313314085
736.0, 0.027627744825244112
737.0, 0.021379252504941406
738.0, 0.023309662845103586
739.0, 0.017244706968854964
740.0, 0.019328964170191372
741.0, 0.013013775410129456
742.0, 0.01302448646536194
743.0, 0.0149730916096591
744.0, 0.010304273871928912
745.0, 0.01563340949433171
746.0, 0.012999044329161989
747.0, 0.008437557913102849
748.0, 0.007346239872777581
749.0, 0.013709970747911223
750.0, 0.014681711599104683
751.0, 0.0022806828143639717
752.0, 0.0032475220817093286
753.0, 0.013302709418444147
754.0, 0.022410342382363575
755.0, 0.014600609063073644
756.0, 0.009765688727916926
757.0, 0.015708724942420295
758.0, 0.00830636320367152
759.0, 0.0167922634137831
760.0, 0.0017615935536816594
761.0, 0.000929179948656635
762.0, 0.012779588802569342
763.0, 0.009317677881918255
764.0, 0.004102010870522921
765.0, 0.003989242653081084
766.0, 0.00229520528184077
767.0, 0.00048699933659597955
768.0, 0.001397565815727698
769.0, 0.0010737789229820487
770.0, 0.005579616297978322
771.0, 0.007559175957022584
772.0, 0.004852505421188329
773.0, 4.1175838695356286e-05
774.0, 0.011355402621862536
775.0, 0.009555895540352329
776.0, 0.006974459436731884
777.0, 0.016645297388518485
778.0, 0.02242885884594088
779.0, 0.025448201493728832
780.0, 0.022130780951449866
781.0, 0.021285184728489042
782.0, 0.024383746826265085
783.0, 0.0317196747387502
784.0, 0.03460923880919352
785.0, 0.020058263107190756
786.0, 0.026293962251365502
787.0, 0.03865753046440015
788.0, 0.04547351297622245
789.0, 0.039002536363540515
790.0, 0.03482899708925283
791.0, 0.046611236856053756
792.0, 0.050144475152646015
793.0, 0.0705894373685448
794.0, 0.07566205184739816
795.0, 0.07262537181648107
796.0, 0.06401755808833641
797.0, 0.05874430608442677
798.0, 0.0661410117537375
799.0, 0.07036131277111501
800.0, 0.07134035358228381
801.0, 0.07505425016967882
802.0, 0.06908072140302367
803.0, 0.0677600609812856
804.0, 0.07160563367158135
805.0, 0.06734718636203665
806.0, 0.07201113029698476
807.0, 0.07415269469026729
808.0, 0.07343296166030315
809.0, 0.07625634309260979
810.0, 0.08448854913887748
811.0, 0.08230017813706542
812.0, 0.0654757719877597
813.0, 0.07063607713715454
814.0, 0.07241925651507339
815.0, 0.06452307762332841
816.0, 0.06762852125979
817.0, 0.06995983782574328
818.0, 0.061306767003161886
819.0, 0.05089409306101732
820.0, 0.05439984635325778
821.0, 0.05817102623309934
822.0, 0.05801121708646515
823.0, 0.06055999908660026
824.0, 0.052853189112411915
825.0, 0.0425843078233869
826.0, 0.045963575118557955
827.0, 0.0449752989929416
828.0, 0.03839065789047823
829.0, 0.03374685382521405
830.0, 0.021108004778371534
831.0, 0.012351470766922987
832.0, 0.0140379839861029
833.0, 0.016067382758177803
834.0, 0.012776656097178872
835.0, 0.010017062680432362
836.0, 0.007611929593012918
837.0, 0.007993392143087207
838.0, 0.010884005160372003
839.0, 0.01627283839634479
840.0, 0.018640126242177323
841.0, 0.009729556879110582
842.0, 0.007743950718479115
843.0, 0.0001529230358754301
844.0, 0.010331303618362936
845.0, 0.015179273645143126
846.0, 0.004707115942179018
847.0, 0.0045855950969925
848.0, 0.011144297999077448
849.0, 0.002624076630378272
850.0, 0.006258202908852347
851.0, 0.006427771163369287
852.0, 0.0017156970713850443
853.0, 0.0011863722585285289
854.0, 0.0028803417275828974
855.0, 0.0005312113105191295
856.0, 0.005425279296375993
857.0, 0.0003225577866114641
858.0, 0.007224739351872564
859.0, 0.0033577708055739556
860.0, 0.004197689191241693
861.0, 0.01050443792997865
862.0, 0.008896224323506839
863.0, 0.011718927748056262
864.0, 0.0067551088832218595
865.0, 0.0030378336612330286
866.0, 0.005317284677078868
867.0, 0.0007124559927123284
868.0, 0.006158422669564037
869.0, 0.01432837155320768
870.0, 0.0010454754184316367
871.0, 0.0035145376181030157
872.0, 0.004382292160426
873.0, 0.014358111055417833
874.0, 0.018384490508201283
875.0, 0.012592411137040493
876.0, 0.013634602712875685
877.0, 0.01999605529466901
878.0, 0.010471209566496867
879.0, 0.028941878793885607
880.0, 0.031009253662400732
881.0, 0.027708537479597787
882.0, 0.03904876852031205
883.0, 0.0474512450901357
884.0, 0.042910930553159726
885.0, 0.04327535621894343
886.0, 0.05502016583641696
887.0, 0.0684595783223157
888.0, 0.07375720175491592
889.0, 0.08241005731748642
890.0, 0.09236321346829773
891.0, 0.10282748899217481
892.0, 0.11104448230938062
893.0, 0.11280256541715505
894.0, 0.12974491206223843
895.0, 0.15157117663457947
896.0, 0.15574563008843229
897.0, 0.1628045077051536
898.0, 0.18195497220830986
899.0, 0.2069705542701907
900.0, 0.22114155412018507
901.0, 0.2188246648067544
902.0, 0.23280396561942357
903.0, 0.24817788603009547
904.0, 0.25906000621103764
905.0, 0.2677749185372269
906.0, 0.27435593594296065
907.0, 0.2896476917876373
908.0, 0.3191147962904361
909.0, 0.32327329354706436
910.0, 0.3347269737787741
911.0, 0.33876470735819875
912.0, 0.345151365799915
913.0, 0.34694817687122936
914.0, 0.34268731804693087
915.0, 0.3479872257140388
916.0, 0.36261648783218897
917.0, 0.3601694852275021
918.0, 0.36629887906071407
919.0, 0.3528256695010182
920.0, 0.3487880760381119
921.0, 0.3504473778400371
922.0, 0.34489549169336764
923.0, 0.3403524980348379
924.0, 0.34458395946270265
925.0, 0.3233349940279236
926.0, 0.3093157491814659
927.0, 0.30531993473177454
928.0, 0.3007297674245982
929.0, 0.28424820878020773
930.0, 0.2658873030906956
931.0, 0.2575343167847086
932.0, 0.25160796040715677
933.0, 0.24248672726547085
934.0, 0.24616866544884605
935.0, 0.2306973736785274
936.0, 0.22432267606596096
937.0, 0.22635109709373658
938.0, 0.21659082883293776
939.0, 0.19601608541387866
940.0, 0.18556453173482096
941.0, 0.17897210147710482
942.0, 0.17354152137852918
943.0, 0.16589012006782117
944.0, 0.15427998946298896
945.0, 0.1460172619442984
946.0, 0.14895630632891446
947.0, 0.14678015101563882
948.0, 0.12623850507332174
949.0, 0.12473238751997742
950.0, 0.1267340619471752
951.0, 0.11172694641327827
952.0, 0.10441090720136233
953.0, 0.09907641518318873
954.0, 0.09502263601996513
955.0, 0.08736423683225801
956.0, 0.07728656477067046
957.0, 0.08247871703727551
958.0, 0.08189386171155882
959.0, 0.09111536910012291
960.0, 0.08368957825030397
961.0, 0.0883022301193752
962.0, 0.08920199730970743
963.0, 0.08468422624026309
964.0, 0.08694028671252527
965.0, 0.08752071044638533
966.0, 0.09701913872279552
967.0, 0.0867849315990102
968.0, 0.09510977490731516
969.0, 0.09626742191824454
970.0, 0.09485708222529815
971.0, 0.09473151968858508
972.0, 0.09141233442144062
973.0, 0.08480959540890923
974.0, 0.07387031839031913
975.0, 0.07440141317664654
976.0, 0.08232841777472025
977.0, 0.08820901645186294
978.0, 0.08077822203697299
979.0, 0.07656635357552762
980.0, 0.0764427211920494
981.0, 0.07555848911481267
982.0, 0.08429338396224867
983.0, 0.0826275210714017
984.0, 0.08201721434135709
985.0, 0.09323928391643978
986.0, 0.08642464273511427
987.0, 0.08466649055058258
988.0, 0.08597175598262716
989.0, 0.07866254899462177
990.0, 0.07215547444868234
991.0, 0.07309112755970147
992.0, 0.0673671208753304
993.0, 0.07231169827653769
994.0, 0.07336260345687472
995.0, 0.07284271483349802
996.0, 0.08010586885257406
997.0, 0.07582210600608345
998.0, 0.05997661393012828
999.0, 0.06163610346960882
1000.0, 0.06889181486268832
1001.0, 0.07017703337849064
1002.0, 0.0568439004933301
1003.0, 0.04526255971880664
1004.0, 0.04365481073444462
1005.0, 0.04474452675966374
1006.0, 0.04224486101495695
1007.0, 0.0395898121782633
1008.0, 0.04119459867313664
1009.0, 0.040731904920688365
1010.0, 0.038580493001534606
1011.0, 0.03742899489598733
1012.0, 0.037874549937732274
1013.0, 0.04085441026436415
1014.0, 0.037904062829269114
1015.0, 0.03981437379409487
1016.0, 0.04347510377079948
1017.0, 0.02638141791432219
1018.0, 0.025237440655004065
1019.0, 0.030089625911888206
1020.0, 0.027832150738071198
1021.0, 0.02462614958226983
1022.0, 0.01910702880409638
1023.0, 0.015697086446005645
1024.0, 0.010631880286898637
1025.0, 0.002058415538518266
1026.0, 0.0011297355769063287
1027.0, 0.00563868385070582
1028.0, 0.006868326125858691
1029.0, 0.011285641796687958
1030.0, 0.0029292391500743576
1031.0, 0.0010902040825358675
1032.0, 0.0035557379917962803
1033.0, 0.002753083602506655
1034.0, 0.006836369877382932
1035.0, 0.0029741779549049227
1036.0, 0.007964805983618288
1037.0, 0.000128180772524215
1038.0, 0.012458091665416345
1039.0, 0.014308047355844514
1040.0, 0.007089689238787594
1041.0, 0.0030958992663789446
1042.0, 0.006262498164634716
1043.0, 0.009465328878970896
1044.0, 0.004909312334787398
1045.0, 0.003242435421458277
1046.0, 0.0038355863758750604
1047.0, 0.0015354473454766997
1048.0, 0.012767843126712062
1049.0, 0.017195915248227975
1050.0, 0.004686013984589481
1051.0, 0.005687779195242524
1052.0, 0.0014428578051534973
1053.0, 0.011499888341657284
1054.0, 0.02691484436961218
1055.0, 0.032900509393219986
1056.0, 0.016186076731248323
1057.0, 0.02758233869273827
1058.0, 0.0155213002622574
1059.0, 0.0023038683086456582
1060.0, 0.010214362903379584
1061.0, 0.011485012717599894
1062.0, 0.008966807401603938
1063.0, 0.02427438423482348
1064.0, 0.01844709020605183
1065.0, 0.007999660890497697
1066.0, 0.0035251376286648743
1067.0, 0.002069292420636527
1068.0, 0.000591728686027764
1069.0, 0.010504799304884124
1070.0, 0.017044126804918215
1071.0, 0.015588284674566782
1072.0, 0.01136643814055854
1073.0, 0.006233882705820465
1074.0, 0.0022936215774436632
1075.0, 0.01424173795617057
1076.0, 0.010684348745818995
1077.0, 0.001224035040091586
1078.0, 0.008610268684893011
1079.0, 0.01786559334585763
1080.0, 0.01162997001485625
1081.0, 0.004754338631505615
1082.0, 0.01054385651098117
1083.0, 0.015526836938167827
1084.0, 0.007012283222345433
1085.0, 0.020519624235748588
1086.0, 0.014091808572983127
1087.0, 0.012087957889312013
1088.0, 0.0112113018780894
1089.0, 0.013189632417649503
1090.0, 0.02075221475964663
1091.0, 0.01858629964420445
1092.0, 0.00839228474107383
1093.0, 0.009138755862344344
1094.0, 0.009877916684827778
1095.0, 0.02268404100133265
1096.0, 0.013401502078886605
1097.0, 0.0058524544557104026
1098.0, 0.003258408245291475
1099.0, 0.002956800297138267
1100.0, 0.0054244481787830545
1101.0, 0.002548358788821715
1102.0, 0.003468271178445489
1103.0, 0.009323512176088853
1104.0, 0.006512771304710695
1105.0, 0.0006808188656598732
1106.0, 0.002887667047744738
1107.0, 0.001386510770281148
1108.0, 0.0014115558252901959
1109.0, 0.0016360148750729998
1110.0, 0.0050737622068892894
1111.0, 0.004033225171640391
1112.0, 0.01237172945301405
1113.0, 0.006140130098188643
1114.0, 0.010944709578028995
1115.0, 0.008162904944942345
1116.0, 0.012675477980610285
1117.0, 0.009041284314635323
1118.0, 0.018944637694531627
1119.0, 0.020448264267268264
1120.0, 0.019314865415447864
1121.0, 0.018389390704362376
1122.0, 0.02108340617325945
1123.0, 0.028182949424348843
1124.0, 0.02993950296699853
1125.0, 0.023196138873564476
1126.0, 0.013499179958831337
1127.0, 0.030741299418039984
1128.0, 0.03458435604263757
1129.0, 0.02760860915912311
1130.0, 0.03190561738441771
1131.0, 0.038724926521979154
1132.0, 0.04678497446209546
1133.0, 0.046484927482903435
1134.0, 0.034438386676335433
1135.0, 0.031126695351774054
1136.0, 0.03598822881121777
1137.0, 0.03656324462746975
1138.0, 0.033889324480707986
1139.0, 0.033131812589590436
1140.0, 0.029850038305356718
1141.0, 0.02864917597682249
1142.0, 0.03772112051037062
1143.0, 0.04409658025355098
1144.0, 0.041110971469167985
1145.0, 0.04104117199293603
1146.0, 0.04797779926132766
1147.0, 0.0441119705743033
1148.0, 0.04501681804434467
1149.0, 0.03583250152139014
1150.0, 0.043386569136131155
1151.0, 0.039224505260255484
1152.0, 0.036027317496544295
1153.0, 0.04213867769701369
1154.0, 0.04627239857584543
1155.0, 0.04153914108902937
1156.0, 0.03335711900913489
1157.0, 0.03382526535821876
1158.0, 0.044888486700270985
1159.0, 0.0380210391971644
1160.0, 0.025835365589811185
1161.0, 0.03619311798590439
1162.0, 0.02606942589309674
1163.0, 0.038129285978880774
1164.0, 0.03963697769344878
1165.0, 0.02897861012455539
1166.0, 0.021431712308049574
1167.0, 0.019549223001557522
1168.0, 0.0230253717521932
1169.0, 0.022058262069200148
1170.0, 0.01129987887558918
1171.0, 0.02059203346605228
1172.0, 0.02858163334956384
1173.0, 0.020703043009251285
1174.0, 0.015402316762284615
1175.0, 0.02643123687959187
1176.0, 0.02927661698150466
1177.0, 0.030080389667146046
1178.0, 0.03508422640009004
1179.0, 0.03423518782040297
1180.0, 0.028407483746331723
1181.0, 0.026360374890525066
1182.0, 0.02494473867530755
1183.0, 0.022550636451578218
1184.0, 0.018726956318131583
1185.0, 0.027566137684899194
1186.0, 0.01999713114020636
1187.0, 0.019915830563092013
1188.0, 0.017893638381017412
1189.0, 0.013483671792969994
1190.0, 0.012066453342537607
1191.0, 0.01617128761780448
1192.0, 0.024081165224513004
1193.0, 0.014683960409336097
1194.0, 0.001118918474463794
1195.0, 0.012968758452821137
1196.0, 0.015618073675330604
1197.0, 0.015252111071302246
1198.0, 0.024810732925619736
1199.0, 0.032882663417945796
1200.0, 0.032756760919338
1201.0, 0.021306944718037096
1202.0, 0.018623624927154032
1203.0, 0.0192733422206557
1204.0, 0.016758865213637265
1205.0, 0.03271378535730833
1206.0, 0.015726116984623503
1207.0, 0.010702551251347359
1208.0, 0.019614399152325455
1209.0, 0.02233031880292725
1210.0, 0.030341467745294524
1211.0, 0.0210164846182346
1212.0, 0.025376863188337283
1213.0, 0.028104298362413453
1214.0, 0.02096795437023191
1215.0, 0.018303310463754757
1216.0, 0.015285533608656584
1217.0, 0.005465890897929074
1218.0, 0.001646535732500581
1219.0, 0.0041059752356951695
1220.0, 0.009047682055709624
1221.0, 0.01578647426795003
1222.0, 0.018879962965560524
1223.0, 0.018119003412039647
1224.0, 0.016726660549127723
1225.0, 0.010191763971557993
1226.0, 0.015989272683758667
1227.0, 0.01984152397401501
1228.0, 0.012415819142176751
1229.0, 0.006573330399301442
1230.0, 0.004220714534171895
1231.0, 0.007942490959834153
1232.0, 0.010429804923755026
1233.0, 0.018131875541908052
1234.0, 0.013586260489085174
1235.0, 0.014045908529238902
1236.0, 0.011748462653792733
1237.0, 0.002744974380392192
1238.0, 0.003677526536637978
1239.0, 0.0033778630449014828
1240.0, 0.009169366022611527
1241.0, 0.0035399491065224702
1242.0, 0.0021814551483671394
1243.0, 0.01159195677017685
1244.0, 0.01606164208831398
1245.0, 0.01623478028699051
1246.0, 0.014484036646598662
1247.0, 0.011442480078653953
1248.0, 0.010188783776114747
1249.0, 0.007135135920237416
1250.0, 0.02040659102094997
1251.0, 0.01151266999912339
1252.0, 0.01389435971105055
1253.0, 0.022227499894755386
1254.0, 0.01766536432755773
1255.0, 0.012216992878168699
1256.0, 0.015377935195034241
1257.0, 0.01845127516657445
1258.0, 0.01604489298961962
1259.0, 0.021444075055845665
1260.0, 0.028298716072003252
1261.0, 0.027524891064538693
1262.0, 0.023747855256066482
1263.0, 0.019864375090027024
1264.0, 0.026226058226899135
1265.0, 0.02354804991747792
1266.0, 0.02209339687942345
1267.0, 0.02448342761725795
1268.0, 0.028146476625725465
1269.0, 0.030893051639228924
1270.0, 0.024274092413652023
1271.0, 0.012744011686446757
1272.0, 0.01207969455956946
1273.0, 0.016189131928623528
1274.0, 0.012135795233708004
1275.0, 0.013122271393865194
1276.0, 0.015256271007689705
1277.0, 0.0012278128578007705
1278.0, 0.010422767991134297
1279.0, 0.007147861850743737
1280.0, 0.01071969338792037
1281.0, 0.013272803754559246
1282.0, 0.009669071687786943
1283.0, 0.008500120201087669
1284.0, 0.010608626073552093
1285.0, 0.008415584492647418
1286.0, 0.0006752986184960638
1287.0, 0.0012781843781171636
1288.0, 0.007449896222857944
1289.0, 0.004108605722748413
1290.0, 0.008035101152657868
1291.0, 0.011702175025637905
1292.0, 0.01394145501204338
1293.0, 0.007166727862900705
1294.0, 0.0021841431722749074
1295.0, 0.0005450542972329283
1296.0, 0.002000211414206677
1297.0, 0.010799227920537485
1298.0, 0.008810631209575981
1299.0, 0.0018149729190497022
1300.0, 0.001961459410377294
1301.0, 0.0004010964266435581
1302, 0.0
1303, 0.0
1304, 0.0
1305, 0.0
1306, 0.0
1307, 0.0
1308, 0.0
1309, 0.0
1310, 0.0
1311, 0.0
1312, 0.0
1313, 0.0
1314, 0.0
1315, 0.0
1316, 0.0
1317, 0.0
1318, 0.0
1319, 0.0
1320, 0.0
1321, 0.0
1322, 0.0
1323, 0.0
1324, 0.0
1325, 0.0
1326, 0.0
1327, 0.0
1328, 0.0
1329, 0.0
1330, 0.0
1331, 0.0
1332, 0.0
1333, 0.0
1334, 0.0
1335, 0.0
1336, 0.0
1337, 0.0
1338, 0.0
1339, 0.0
1340, 0.0
1341, 0.0
1342, 0.0
1343, 0.0
1344, 0.0
1345, 0.0
1346, 0.0
1347, 0.0
1348, 0.0
1349, 0.0
1350, 0.0
1351, 0.0
1352, 0.0
1353, 0.0
1354, 0.0
1355, 0.0
1356, 0.0
1357, 0.0
1358, 0.0
1359, 0.0
1360, 0.0
1361, 0.0
1362, 0.0
1363, 0.0
1364, 0.0
1365, 0.0
1366, 0.0
1367, 0.0
1368, 0.0
1369, 0.0
1370, 0.0
1371, 0.0
1372, 0.0
1373, 0.0
1374, 0.0
1375, 0.0
1376, 0.0
1377, 0.0
1378, 0.0
1379, 0.0
1380, 0.0
1381, 0.0
1382, 0.0
1383, 0.0
1384, 0.0
1385, 0.0
1386, 0.0
1387, 0.0
1388, 0.0
1389, 0.0
1390, 0.0
1391, 0.0
1392, 0.0
1393, 0.0
1394, 0.0
1395, 0.0
1396, 0.0
1397, 0.0
1398, 0.0
1399, 0.0
1400, 0.0
1401, 0.0
1402, 0.0
1403, 0.0
1404, 0.0
1405, 0.0
1406, 0.0
1407, 0.0
1408, 0.0
1409, 0.0
1410, 0.0
1411, 0.0
1412, 0.0
1413, 0.0
1414, 0.0
1415, 0.0
1416, 0.0
1417, 0.0
1418, 0.0
1419, 0.0
1420, 0.0
1421, 0.0
1422, 0.0
1423, 0.0
1424, 0.0
1425, 0.0
1426, 0.0
1427, 0.0
1428, 0.0
1429, 0.0
1430, 0.0
1431, 0.0
1432, 0.0
1433, 0.0
1434, 0.0
1435, 0.0
1436, 0.0
1437, 0.0
1438, 0.0
1439, 0.0
1440, 0.0
1441, 0.0
1442, 0.0
1443, 0.0
1444, 0.0
1445, 0.0
1446, 0.0
1447, 0.0
1448, 0.0
1449, 0.0
1450, 0.0
1451, 0.0
1452, 0.0
1453, 0.0
1454, 0.0
1455, 0.0
1456, 0.0
1457, 0.0
1458, 0.0
1459, 0.0
1460, 0.0
1461, 0.0
1462, 0.0
1463, 0.0
1464, 0.0
1465, 0.0
1466, 0.0
1467, 0.0
1468, 0.0
1469, 0.0
1470, 0.0
1471, 0.0
1472, 0.0
1473, 0.0
1474, 0.0
1475, 0.0
1476, 0.0
1477, 0.0
1478, 0.0
1479, 0.0
1480, 0.0
1481, 0.0
1482, 0.0
1483, 0.0
1484, 0.0
1485, 0.0
1486, 0.0
1487, 0.0
1488, 0.0
1489, 0.0
1490, 0.0
1491, 0.0
1492, 0.0
1493, 0.0
1494, 0.0
1495, 0.0
1496, 0.0
1497, 0.0
1498, 0.0
1499, 0.0
1500, 0.0
1501, 0.0
1502, 0.0
1503, 0.0
1504, 0.0
1505, 0.0
1506, 0.0
1507, 0.0
1508, 0.0
1509, 0.0
1510, 0.0
1511, 0.0
1512, 0.0
1513, 0.0
1514, 0.0
1515, 0.0
1516, 0.0
1517, 0.0
1518, 0.0
1519, 0.0
1520, 0.0
1521, 0.0
1522, 0.0
1523, 0.0
1524, 0.0
1525, 0.0
1526, 0.0
1527, 0.0
1528, 0.0
1529, 0.0
1530, 0.0
1531, 0.0
1532, 0.0
1533, 0.0
1534, 0.0
1535, 0.0
1536, 0.0
1537, 0.0
1538, 0.0
1539, 0.0
1540, 0.0
1541, 0.0
1542, 0.0
1543, 0.0
1544, 0.0
1545, 0.0
1546, 0.0
1547, 0.0
1548, 0.0
1549, 0.0
1550, 0.0
1551, 0.0
1552, 0.0
1553, 0.0
1554, 0.0
1555, 0.0
1556, 0.0
1557, 0.0
1558, 0.0
1559, 0.0
1560, 0.0
1561, 0.0
1562, 0.0
1563, 0.0
1564, 0.0
1565, 0.0
1566, 0.0
1567, 0.0
1568, 0.0
1569, 0.0
1570, 0.0
1571, 0.0
1572, 0.0
1573, 0.0
1574, 0.0
1575, 0.0
1576, 0.0
1577, 0.0
1578, 0.0
1579, 0.0
1580, 0.0
1581, 0.0
1582, 0.0
1583, 0.0
1584, 0.0
1585, 0.0
1586, 0.0
1587, 0.0
1588, 0.0
1589, 0.0
1590, 0.0
1591, 0.0
1592, 0.0
1593, 0.0
1594, 0.0
1595, 0.0
1596, 0.0
1597, 0.0
1598, 0.0
1599, 0.0
