30, 0.0
31, 0.0
32, 0.0
33, 0.0
34, 0.0
35, 0.0
36, 0.0
37, 0.0
38, 0.0
39, 0.0
40, 0.0
41, 0.0
42, 0.0
43, 0.0
44, 0.0
45, 0.0
46, 0.0
47, 0.0
48, 0.0
49, 0.0
50, 0.0
51, 0.0
52, 0.0
53, 0.0
54, 0.0
55, 0.0
56, 0.0
57, 0.0
58, 0.0
59, 0.0
60, 0.0
61, 0.0
62, 0.0
63, 0.0
64, 0.0
65, 0.0
66, 0.0
67, 0.0
68, 0.0
69, 0.0
70, 0.0
71, 0.0
72, 0.0
73, 0.0
74, 0.0
75, 0.0
76, 0.0
77, 0.0
78, 0.0
79, 0.0
80, 0.0
81, 0.0
82, 0.0
83, 0.0
84, 0.0
85, 0.0
86, 0.0
87, 0.0
88, 0.0
89, 0.0
90, 0.0
91, 0.0
92, 0.0
93, 0.0
94, 0.0
95, 0.0
96, 0.0
97, 0.0
98, 0.0
99, 0.0
100, 0.0
101, 0.0
102, 0.0
103, 0.0
104, 0.0
105, 0.0
106, 0.0
107, 0.0
108, 0.0
109, 0.0
110, 0.0
111, 0.0
112, 0.0
113, 0.0
114, 0.0
115, 0.0
116, 0.0
117, 0.0
118, 0.0
119, 0.0
120, 0.0
121, 0.0
122, 0.0
123, 0.0
124, 0.0
125, 0.0
126, 0.0
127, 0.0
128, 0.0
129, 0.0
130, 0.0
131, 0.0
132, 0.0
133, 0.0
134, 0.0
135, 0.0
136, 0.0
137, 0.0
138, 0.0
139, 0.0
140, 0.0
141, 0.0
142, 0.0
143, 0.0
144, 0.0
145.0, 0.014843344563367965
146.0, 0.057214777963520945
147.0, 0.10149813256601804
148.0, 0.1172905981280119
149.0, 0.10917439336817582
150.0, 0.1158991741711311
151.0, 0.14589709475447404
152.0, 0.19103908157766625
153.0, 0.2277652724680904
154.0, 0.26975288734354275
155.0, 0.2914009485173237
156.0, 0.2820283866166204
157.0, 0.25719921154415953
158.0, 0.273905719834707
159.0, 0.2949460995520855
160.0, 0.29370959914665906
161.0, 0.26942929828197276
162.0, 0.2850562297608832
163.0, 0.29408980726066536
164.0, 0.27139834835390925
165.0, 0.24855832106901513
166.0, 0.21106013388035952
167.0, 0.19165730851173782
168.0, 0.17245845721119818
169.0, 0.14672111812398886
170.0, 0.1265690527677229
171.0, 0.1087231242451403
172.0, 0.07758983133178379
173.0, 0.05829754746520414
174.0, 0.06831186751479353
175.0, 0.048498137068957406
176.0, 0.018995529761562577
177.0, 0.011721306960559476
178.0, 0.025973567968733773
179.0, 0.01654864704500867
180.0, 0.039891391750951494
181.0, 0.04495675565419904
182.0, 0.01450735949361408
183.0, 0.02197632851183154
184.0, 0.012491899908283735
185.0, 0.018208145815932004
186.0, 0.05171956485784855
187.0, 0.07272201306543177
188.0, 0.054134405810515214
189.0, 0.0721528876288588
190.0, 0.09180174242418464
191.0, 0.09592742158359378
192.0, 0.1183193291419763
193.0, 0.11808615822997325
194.0, 0.12783357415361674
195.0, 0.1532128013988352
196.0, 0.17207135480164767
197.0, 0.17140843237860018
198.0, 0.20005252554394437
199.0, 0.2292125259730349
200.0, 0.2344649223217724
201.0, 0.25387667801639424
202.0, 0.27323995132357015
203.0, 0.2680795452328716
204.0, 0.2538305469756146
205.0, 0.26412742874454914
206.0, 0.2873468522735231
207.0, 0.2767942302779205
208.0, 0.2557876447592959
209.0, 0.2545796529001571
210.0, 0.25580973641954
211.0, 0.23268694329381598
212.0, 0.2086785781849368
213.0, 0.18407049736771747
214.0, 0.13717725788690838
215.0, 0.15238603851743646
216.0, 0.15612380266280568
217.0, 0.12382639231072382
218.0, 0.07249582849158677
219.0, 0.0901107246559827
220.0, 0.06635893648453393
221.0, 0.039679042146459544
222.0, 0.03704219549946163
223.0, 0.036808940168597794
224.0, 0.032723388076374677
225.0, 0.016946202729417183
226.0, 0.010538023658180677
227.0, 0.0017177088885760193
228.0, 0.020686833276269686
229.0, 0.002937013050019255
230.0, 0.007933616084481124
231.0, 0.014545383278434888
232.0, 0.012279982822781907
233.0, 0.016832231855807473
234.0, 0.014138760375245295
235.0, 0.019971101329832278
236.0, 0.017957548676935043
237.0, 0.03343143061392327
238.0, 0.030675269069376346
239.0, 0.024912226963749153
240.0, 0.03485259435894589
241.0, 0.03687521285126096
242.0, 0.032616429432657995
243.0, 0.019635671836754742
244.0, 0.011946036090713262
245.0, 0.017917313118485365
246.0, 0.017662146486710058
247.0, 0.029591485936884713
248.0, 0.03323785304909804
249.0, 0.019437457930778182
250.0, 0.01146571647183894
251.0, 0.025862129670332856
252.0, 0.01886048043735687
253.0, 0.021058475190489114
254.0, 0.0197253393932185
255.0, 0.00799707534670964
256.0, 0.01719092739429308
257.0, 0.02101545619205903
258.0, 0.015176568702412019
259.0, 0.01803329698848905
260.0, 0.017125166180493603
261.0, 0.0247717389329169
262.0, 0.03727219099601988
263.0, 0.016322679443269324
264.0, 0.02181987558445743
265.0, 0.012884696828560426
266.0, 0.014009783192649065
267.0, 0.022153727076938717
268.0, 0.021315775351008898
269.0, 0.03823373653015081
270.0, 0.031014764259725013
271.0, 0.04248364604723777
272.0, 0.06343119639957699
273.0, 0.040589247980472525
274.0, 0.03495677118301752
275.0, 0.042340284507017434
276.0, 0.053780109232034135
277.0, 0.06225270946814714
278.0, 0.06278070160005227
279.0, 0.036912826894029624
280.0, 0.032995308417922586
281.0, 0.05167000657886189
282.0, 0.07064474810284807
283.0, 0.11744577492360869
284.0, 0.09855214979370633
285.0, 0.07773875398214125
286.0, 0.09435037368587597
287.0, 0.11988855809186176
288.0, 0.1348105865237538
289.0, 0.11663476467978172
290.0, 0.10725411625672578
291.0, 0.12585937203528327
292.0, 0.11686427970795757
293.0, 0.12194663975422768
294.0, 0.13106989597773405
295.0, 0.15553561773185923
296.0, 0.19812709089346467
297.0, 0.1858623787871788
298.0, 0.21303095953087184
299.0, 0.2365495362223649
300.0, 0.24098269260016328
301.0, 0.26196196657276977
302.0, 0.27790061182873943
303.0, 0.3139751834261983
304.0, 0.3551434979254686
305.0, 0.3734011560174826
306.0, 0.3628051028512394
307.0, 0.37627748909215114
308.0, 0.38788504471034757
309.0, 0.4026579791069755
310.0, 0.43002660193114367
311.0, 0.44045218985195217
312.0, 0.4674878530751256
313.0, 0.5023354482981764
314.0, 0.538629574769117
315.0, 0.575014792369488
316.0, 0.5915867962247707
317.0, 0.6034049974319129
318.0, 0.6161806897072711
319.0, 0.6145999052692366
320.0, 0.5782912118548876
321.0, 0.547949171810834
322.0, 0.5422325458969951
323.0, 0.543990660333262
324.0, 0.5408848665815738
325.0, 0.5424807379541986
326.0, 0.5484870692498061
327.0, 0.5769218965586833
328.0, 0.625451726000072
329.0, 0.6791364583561026
330.0, 0.7120793991002298
331.0, 0.7241529671033744
332.0, 0.7298066715727834
333.0, 0.7301838723951531
334.0, 0.7163159142102286
335.0, 0.6875881383166185
336.0, 0.6375495987613242
337.0, 0.579761695860182
338.0, 0.526285867404773
339.0, 0.48098646110515203
340.0, 0.43690278603469634
341.0, 0.4060720427568648
342.0, 0.38966925176580697
343.0, 0.38817085836406073
344.0, 0.4049117993152893
345.0, 0.4233154672265612
346.0, 0.4296175579497458
347.0, 0.4390660229878396
348.0, 0.4626830120344563
349.0, 0.4846711656880801
350.0, 0.5224717924290246
351.0, 0.5606359153198509
352.0, 0.602455725842546
353.0, 0.654310413206466
354.0, 0.716607214230035
355.0, 0.8033442164792033
356.0, 0.8669948949651084
357.0, 0.9126350528496767
358.0, 0.9674795012921212
359.0, 0.9980251568078208
360.0, 0.9689328265386536
361.0, 0.9087101358577228
362.0, 0.8322613881972298
363.0, 0.7437517826297784
364.0, 0.6768468872751616
365.0, 0.5775783781613779
366.0, 0.4924228754613711
367.0, 0.43534388025561244
368.0, 0.382281572638849
369.0, 0.30750785004676057
370.0, 0.2585187898114717
371.0, 0.2373488873981848
372.0, 0.2154624523695739
373.0, 0.16332911498189567
374.0, 0.15478243282345527
375.0, 0.14484779602308664
376.0, 0.12413249713713581
377.0, 0.10140559333004329
378.0, 0.08621790933470622
379.0, 0.08346755561783718
380.0, 0.07299232712450268
381.0, 0.05678998796221457
382.0, 0.05093133937395603
383.0, 0.06275172636257675
384.0, 0.03285560044531013
385.0, 0.025609162884635765
386.0, 0.030903591950799208
387.0, 0.02793363233176111
388.0, 0.035105699424821585
389.0, 0.04169116092731212
390.0, 0.032215467493441105
391.0, 0.018178618215606224
392.0, 0.011539542158178021
393.0, 0.011749461682388452
394.0, 0.022932638049504583
395.0, 0.016957478045958777
396.0, 0.01480193351136594
397.0, 0.02558174868296799
398.0, 0.017385708610529512
399.0, 0.012664555222527171
400.0, 0.014907257374101875
401.0, 0.016228019308483804
402.0, 0.008829317027248628
403.0, 0.02674748101281118
404.0, 0.022223984908252777
405.0, 0.012306455991255464
406.0, 0.01852378980842081
407.0, 0.009109416857405435
408.0, 0.011503902950445871
409.0, 0.02101124026725628
410.0, 0.02301761069271913
411.0, 0.013016621256688959
412.0, 0.009756219411128642
413.0, 0.011397788440848051
414.0, 0.008127059586729215
415.0, 0.007485177833692091
416.0, 0.008633900718663262
417.0, 0.010677701484072814
418.0, 0.014317987989091292
419.0, 0.008060883058687332
420.0, 0.01185108813451286
421.0, 0.014522486358142557
422.0, 0.01683519467902726
423.0, 0.013205682381200366
424.0, 0.02133072605109252
425.0, 0.02272314634653157
426.0, 0.012651470001354812
427.0, 0.012908328632752097
428.0, 0.009104705856625726
429.0, 0.017823776807178098
430.0, 0.02775541905169354
431.0, 0.0245643828707876
432.0, 0.017174018260017902
433.0, 0.02424323017922529
434.0, 0.023228462586768937
435.0, 0.0416329971774997
436.0, 0.04396743699233289
437.0, 0.03018095375832829
438.0, 0.030443465810660108
439.0, 0.026333556813553042
440.0, 0.0272493156837459
441.0, 0.028393122252039348
442.0, 0.017764868044266652
443.0, 0.010927693884919732
444.0, 0.044628694018856274
445.0, 0.04102481896088086
446.0, 0.03147691202966681
447.0, 0.03483695146068161
448.0, 0.04672537220668911
449.0, 0.050842310837001366
450.0, 0.03279494075752434
451.0, 0.028059567050781054
452.0, 0.039249413094873876
453.0, 0.05201438586330045
454.0, 0.060468124307150393
455.0, 0.052847063453164735
456.0, 0.028280111606839735
457.0, 0.01843412809342668
458.0, 0.03205434141933406
459.0, 0.03667416747416437
460.0, 0.027159474813276758
461.0, 0.03968621571210186
462.0, 0.04074891844413489
463.0, 0.029260271366526865
464.0, 0.036634562152014716
465.0, 0.02570031966796751
466.0, 0.04170184478132323
467.0, 0.04340141967776148
468.0, 0.03668489469864753
469.0, 0.04837514344237805
470.0, 0.020937276583444547
471.0, 0.01853668583149355
472.0, 0.023906268226921695
473.0, 0.030869490287190892
474.0, 0.03913341269023742
475.0, 0.03036188880147474
476.0, 0.01408346330159423
477.0, 0.01794041380818949
478.0, 0.03870265256661597
479.0, 0.04876252895996772
480.0, 0.031452914639697585
481.0, 0.025902907718111046
482.0, 0.02612434400027164
483.0, 0.024248682173323936
484.0, 0.017590800310535844
485.0, 0.009372776105411859
486.0, 0.02795146829132852
487.0, 0.0390702250687832
488.0, 0.03967326809440736
489.0, 0.029424302418695515
490.0, 0.017694214304128854
491.0, 0.0356438305841835
492.0, 0.03396274864491193
493.0, 0.027617879091373296
494.0, 0.0329406423697744
495.0, 0.03963835051511496
496.0, 0.02739761735000589
497.0, 0.037309420318068734
498.0, 0.036904065029210786
499.0, 0.033454259834457656
500.0, 0.02933040167846118
501.0, 0.014201149907711545
502.0, 0.01659318498724394
503.0, 0.01982510066727139
504.0, 0.026843834287701016
505.0, 0.035294217433818165
506.0, 0.035774881187139576
507.0, 0.022082049466297268
508.0, 0.03084778528530802
509.0, 0.022560118093039542
510.0, 0.008074993209403704
511.0, 0.011730703295648164
512.0, 0.030191561338229415
513.0, 0.032126541082463676
514.0, 0.04681942367799773
515.0, 0.03875205672464433
516.0, 0.019217524260905804
517.0, 0.026726093426709337
518.0, 0.03345808239863577
519.0, 0.035065911648500765
520.0, 0.029437795809535268
521.0, 0.024506988389428074
522.0, 0.02631671885688388
523.0, 0.03002525190347302
524.0, 0.02124850715632538
525.0, 0.026946672807067563
526.0, 0.032671658219090766
527.0, 0.031811867871966604
528.0, 0.033920567703322156
529.0, 0.029989276478412496
530.0, 0.023426083981774676
531.0, 0.021788028788122037
532.0, 0.019427780440403455
533.0, 0.015157561364857968
534.0, 0.02664777100952249
535.0, 0.030343563904034095
536.0, 0.029381478356507052
537.0, 0.014720961238252882
538.0, 0.011097321412049738
539.0, 0.02615239020565114
540.0, 0.0453088883740499
541.0, 0.026697236605722062
542.0, 0.018759265631399184
543.0, 0.02162485989744057
544.0, 0.025072107711396115
545.0, 0.049631027986743986
546.0, 0.03455959931260688
547.0, 0.022723455762500185
548.0, 0.01630491553155152
549.0, 0.012532562248368078
550.0, 0.01723805095595576
551.0, 0.017932302943063312
552.0, 0.02823180185822175
553.0, 0.020170337537760156
554.0, 0.011345169425006504
555.0, 0.013571914238905023
556.0, 0.023938793381142794
557.0, 0.033171695108341774
558.0, 0.02910894876091431
559.0, 0.014148029100417101
560.0, 0.013962188322373576
561.0, 0.012576627674269775
562.0, 0.017941395192563568
563.0, 0.026133648605409485
564.0, 0.013765997139199978
565.0, 0.009455216246898962
566.0, 0.023113345307635865
567.0, 0.03263015535509229
568.0, 0.03717588970126124
569.0, 0.048084079753662516
570.0, 0.03629122309996446
571.0, 0.014656408464810795
572.0, 0.013727703941485958
573.0, 0.02553643231024921
574.0, 0.025242792715486576
575.0, 0.01583372357823458
576.0, 0.016887835768838125
577.0, 0.033342518121635155
578.0, 0.04821681623390946
579.0, 0.02647748615604481
580.0, 0.011750395370621003
581.0, 0.0167808955663147
582.0, 0.03416948425797974
583.0, 0.025599974527395656
584.0, 0.009764497799892477
585.0, 0.012954017625196884
586.0, 0.009227399782909424
587.0, 0.021261791902302984
588.0, 0.021333995640465855
589.0, 0.01268813337570728
590.0, 0.018833499335710283
591.0, 0.019348144063285947
592.0, 0.01952869598175906
593.0, 0.0232256979941456
594.0, 0.025373147286312757
595.0, 0.02504398586602347
596.0, 0.031260978266112224
597.0, 0.024280374978192975
598.0, 0.019609320395588683
599.0, 0.01908781478566236
600.0, 0.013559847123111226
601.0, 0.009850173872674546
602.0, 0.02391983604705792
603.0, 0.017372115084329343
604.0, 0.017977880566100442
605.0, 0.02715406713908036
606.0, 0.02665264395276911
607.0, 0.011165748496659416
608.0, 0.013766235888243435
609.0, 0.02127560121038597
610.0, 0.029557585021227156
611.0, 0.02073123450088373
612.0, 0.013627920218000942
613.0, 0.03825964141117694
614.0, 0.031008340755659898
615.0, 0.030185686868554256
616.0, 0.03339821434043701
617.0, 0.028223328367189472
618.0, 0.022922656735665937
619.0, 0.038366833306969376
620.0, 0.016947908615728053
621.0, 0.021905865167490664
622.0, 0.035288234960979194
623.0, 0.03782349310265107
624.0, 0.03513195233041682
625.0, 0.04672065515344778
626.0, 0.03314229774609442
627.0, 0.03730266876856395
628.0, 0.03677579811075456
629.0, 0.029883835502024055
630.0, 0.028889841468311344
631.0, 0.017313738556279167
632.0, 0.022538891209899797
633.0, 0.04017300473779082
634.0, 0.03364459258319777
635.0, 0.015627420511117363
636.0, 0.018369528186316483
637.0, 0.031236967900651197
638.0, 0.03726496535644656
639.0, 0.031373719452848704
640.0, 0.041656347799141194
641.0, 0.044888074793258986
642.0, 0.022148862119007854
643.0, 0.03411489249491863
644.0, 0.02800461221009674
645.0, 0.03625596381817795
646.0, 0.041911427521178476
647.0, 0.03725831354626265
648.0, 0.03909998563536226
649.0, 0.03486067541170785
650.0, 0.043491207692644404
651.0, 0.0459068278835057
652.0, 0.0363538198258703
653.0, 0.029352619221817842
654.0, 0.035752911325928366
655.0, 0.03966542057443814
656.0, 0.027325960312553795
657.0, 0.009642262531768876
658.0, 0.036553197998212314
659.0, 0.05462142638358925
660.0, 0.018853871274330008
661.0, 0.037767631094587646
662.0, 0.02600214228146926
663.0, 0.029533809751871847
664.0, 0.03443648851056438
665.0, 0.042272268759204236
666.0, 0.052963066442476434
667.0, 0.033163051455983625
668.0, 0.04112838983134274
669.0, 0.024102689983017397
670.0, 0.02874800447855002
671.0, 0.041685249685738855
672.0, 0.029628064691758195
673.0, 0.01966714656998879
674.0, 0.03238391796155452
675.0, 0.043357541953549385
676.0, 0.04086341402525791
677.0, 0.03712396040314481
678.0, 0.04026499421417321
679.0, 0.04052737894112326
680.0, 0.04125354277279908
681.0, 0.03330801825937297
682.0, 0.03745205002177666
683.0, 0.039391387786387906
684.0, 0.02906086904101153
685.0, 0.02132496720485743
686.0, 0.020872036327815095
687.0, 0.016639462937685593
688.0, 0.02044752282469072
689.0, 0.024075770375119987
690.0, 0.030451660516221724
691.0, 0.04216159600924118
692.0, 0.03231174298414534
693.0, 0.05222265561368716
694.0, 0.04690930550724743
695.0, 0.031045152026849897
696.0, 0.01628837186841034
697.0, 0.011288252780453778
698.0, 0.01274163059027217
699.0, 0.020006060770978433
700.0, 0.027150255492032253
701.0, 0.02868613831971692
702.0, 0.010508126249248337
703.0, 0.027793003474905528
704.0, 0.010905408396888099
705.0, 0.017535871863788292
706.0, 0.029945276497249835
707.0, 0.03767753856732597
708.0, 0.028530078961408818
709.0, 0.025536992085461237
710.0, 0.01942192875305727
711.0, 0.015836206607902272
712.0, 0.020194761182035705
713.0, 0.026231159017960907
714.0, 0.0297236786971364
715.0, 0.025648956976018152
716.0, 0.019350037927471087
717.0, 0.03128652047433274
718.0, 0.02087252201344914
719.0, 0.01567383462605464
720.0, 0.034041524745731896
721.0, 0.044821044136484176
722.0, 0.035045962366977
723.0, 0.03085474182152424
724.0, 0.019792809329339862
725.0, 0.03475908360258208
726.0, 0.026195960836288945
727.0, 0.02307504816516479
728.0, 0.035959298999357084
729.0, 0.03629182394859977
730.0, 0.017857523403073748
731.0, 0.021273898126527906
732.0, 0.02113688604783159
733.0, 0.011404079042528832
734.0, 0.014132898420643815
735.0, 0.031202766657080373
736.0, 0.03149121146950671
737.0, 0.0240696116500219
738.0, 0.04394504049141376
739.0, 0.047744612609135546
740.0, 0.04338764765273074
741.0, 0.038935746600134796
742.0, 0.031027411424441036
743.0, 0.038136668534962136
744.0, 0.02849001891341834
745.0, 0.017045017715606844
746.0, 0.019497262310058976
747.0, 0.021974358003658382
748.0, 0.021171176843138528
749.0, 0.029692336558835117
750.0, 0.01800428484200901
751.0, 0.020583583080935726
752.0, 0.02999344237129028
753.0, 0.021878887703152702
754.0, 0.01836266295936771
755.0, 0.03387967208057532
756.0, 0.024737760351907244
757.0, 0.020188467735126527
758.0, 0.028142856994949273
759.0, 0.022906313231546262
760.0, 0.02562913213486791
761.0, 0.030531767016597013
762.0, 0.012869684226522923
763.0, 0.009124003915013328
764.0, 0.008873619875000118
765.0, 0.011145274937533329
766.0, 0.015064196272717491
767.0, 0.023058135221619307
768.0, 0.024804651783130488
769.0, 0.010753714440903124
770.0, 0.02496152800334773
771.0, 0.028427886092042314
772.0, 0.025689693188536252
773.0, 0.014172973271892543
774.0, 0.009400987732223233
775.0, 0.009839801771715414
776.0, 0.01077825463831079
777.0, 0.03582943249996931
778.0, 0.02267237471760171
779.0, 0.009308901359580101
780.0, 0.01119454523955735
781.0, 0.013442226502816255
782.0, 0.030707448621931522
783.0, 0.03128698434555051
784.0, 0.022518412862567658
785.0, 0.010355679122811937
786.0, 0.011611271186158931
787.0, 0.010936835155990605
788.0, 0.02630222157988079
789.0, 0.03259349106619559
790.0, 0.02444550654115926
791.0, 0.017937473426316776
792.0, 0.03124707922701354
793.0, 0.026381110908398297
794.0, 0.01916265768669688
795.0, 0.025550203965456337
796.0, 0.02809168042646282
797.0, 0.028964277538180375
798.0, 0.016416117396181065
799.0, 0.023605281351260738
800.0, 0.031237008682256644
801.0, 0.028303402230817235
802.0, 0.022709665430922905
803.0, 0.019858326362985006
804.0, 0.010777495028324514
805.0, 0.00836842183158463
806.0, 0.028711255171522905
807.0, 0.03727894795979549
808.0, 0.032363913880725396
809.0, 0.031955137413317174
810.0, 0.034995749445671964
811.0, 0.033231001265223256
812.0, 0.015446500949973184
813.0, 0.03722806804820399
814.0, 0.04026115423990719
815.0, 0.02502998194951756
816.0, 0.02770733576196433
817.0, 0.04171851151882505
818.0, 0.034117387416180985
819.0, 0.032962735345279943
820.0, 0.01806135587332654
821.0, 0.021119402875726046
822.0, 0.026780029746761715
823.0, 0.020114906171699167
824.0, 0.019644322393742208
825.0, 0.03253234385381568
826.0, 0.03287997747569618
827.0, 0.04360599116292653
828.0, 0.04841094496530742
829.0, 0.03515882449525606
830.0, 0.02255831493060925
831.0, 0.02358525688484102
832.0, 0.012047137150072714
833.0, 0.03341814181896621
834.0, 0.03912430931986139
835.0, 0.028642694659568407
836.0, 0.019315361666266365
837.0, 0.03364674088952912
838.0, 0.05924045203297651
839.0, 0.033854453644740316
840.0, 0.032144718561213675
841.0, 0.032729868625703394
842.0, 0.04091370972462131
843.0, 0.04158822625549818
844.0, 0.03321127569368074
845.0, 0.035811873960580116
846.0, 0.047461430399812383
847.0, 0.027968417493296132
848.0, 0.03942208631425306
849.0, 0.03426621819157677
850.0, 0.036586379566166734
851.0, 0.04981539351535972
852.0, 0.053003739814334296
853.0, 0.03163967465718651
854.0, 0.012335747506842354
855.0, 0.02531390555352811
856.0, 0.028255909503391997
857.0, 0.04033970095071179
858.0, 0.03410811372293657
859.0, 0.018902432218216813
860.0, 0.03392447349303253
861.0, 0.030764827678610402
862.0, 0.03974918683044463
863.0, 0.054438190912827165
864.0, 0.02465806061495278
865.0, 0.021279595912980072
866.0, 0.04363303906598891
867.0, 0.04235870138254594
868.0, 0.03955379786094373
869.0, 0.04700410567312028
870.0, 0.041664916441005395
871.0, 0.0462397482151096
872.0, 0.051197436106454046
873.0, 0.0348930098295542
874.0, 0.021806370505252436
875.0, 0.035684326686855866
876.0, 0.02644024622711645
877.0, 0.02801392048901852
878.0, 0.02693670952637464
879.0, 0.03423216673847436
880.0, 0.04113810926165668
881.0, 0.026520062547885564
882.0, 0.016034294784285662
883.0, 0.04141233881860693
884.0, 0.011949302053203178
885.0, 0.024959584748918223
886.0, 0.03045892593166885
887.0, 0.0367472358282142
888.0, 0.025909380329280578
889.0, 0.020936370326130962
890.0, 0.04602572008941887
891.0, 0.0077954071692441975
892.0, 0.019711830984158657
893.0, 0.01435174861329704
894.0, 0.023132288290285085
895.0, 0.028560041898756824
896.0, 0.023108305062310635
897.0, 0.018293794869337247
898.0, 0.018156770932330427
899.0, 0.02481893213523599
900.0, 0.021448909042839866
901.0, 0.020236204302782935
902.0, 0.021329966852308684
903.0, 0.014205212223391994
904.0, 0.011780404915517545
905.0, 0.016087048893960402
906.0, 0.00992517071885431
907.0, 0.02758696640015395
908.0, 0.025117107508176632
909.0, 0.029646942030926608
910.0, 0.02310453696554502
911.0, 0.01610766271346015
912.0, 0.022068070562787624
913.0, 0.025662235558054393
914.0, 0.011498797827578407
915.0, 0.012068627127914707
916.0, 0.0229688899262112
917.0, 0.026315948145158
918.0, 0.028536320188478362
919.0, 0.026666840604829805
920.0, 0.019330575849430095
921.0, 0.015909926805832933
922.0, 0.011286609374167299
923.0, 0.014570899791575715
924.0, 0.010775027194797443
925.0, 0.011534255348861228
926.0, 0.009607424019622123
927.0, 0.01802127345507837
928.0, 0.026244957212998347
929.0, 0.02677667742101663
930.0, 0.015480384992280202
931.0, 0.03209386295315886
932.0, 0.03420286383676307
933.0, 0.015574437581007928
934.0, 0.015298286084019376
935.0, 0.02059625790363479
936.0, 0.018833038851669825
937.0, 0.019544038394311024
938.0, 0.014614600529520386
939.0, 0.008061635681751642
940.0, 0.03276215001241834
941.0, 0.026840481373785648
942.0, 0.009148735841893928
943.0, 0.008718188646923484
944.0, 0.01754522789668708
945.0, 0.028058658535220347
946.0, 0.021035266209287997
947.0, 0.009549040621082548
948.0, 0.01916899935657736
949.0, 0.01911309659423811
950.0, 0.009921119393925449
951.0, 0.017842808210767152
952.0, 0.02905709179629328
953.0, 0.03467816594638765
954.0, 0.04217673512492637
955.0, 0.011136004903454174
956.0, 0.02173733832636495
957.0, 0.020773191081111753
958.0, 0.03080640564545965
959.0, 0.023313052411292855
960.0, 0.011299156841605883
961.0, 0.013974888488585758
962.0, 0.016874398125711787
963.0, 0.02236400454232972
964.0, 0.014361299617099331
965.0, 0.007941382847419185
966.0, 0.017584052641405546
967.0, 0.020748759356104204
968.0, 0.017808168744721464
969.0, 0.019743186384558936
970.0, 0.02219018435202948
971.0, 0.020162667533488124
972.0, 0.017101468227350893
973.0, 0.03033549994862577
974.0, 0.02088288575120485
975.0, 0.01915598160869566
976.0, 0.027840049706085786
977.0, 0.026533910654271575
978.0, 0.015731376152563065
979.0, 0.01810726851649038
980.0, 0.03010460011403807
981.0, 0.013335001476534561
982.0, 0.008814032711468817
983.0, 0.012717853565278537
984.0, 0.017365317088818683
985.0, 0.014449995689651373
986.0, 0.01346024664271687
987.0, 0.020401431075158006
988.0, 0.00935441623493305
989.0, 0.011609360219338352
990.0, 0.038098772173638044
991.0, 0.04080337064159211
992.0, 0.03332561285395291
993.0, 0.021573095153570174
994.0, 0.01351223875471842
995.0, 0.01597659583504713
996.0, 0.024551870588650944
997.0, 0.03349852584374102
998.0, 0.01574236340276985
999.0, 0.010285698551520487
1000.0, 0.016280129995650507
1001.0, 0.03869784200434992
1002.0, 0.02901179340303875
1003.0, 0.01762156852054497
1004.0, 0.033465367693771286
1005.0, 0.02515997787197561
1006.0, 0.023737692168076658
1007.0, 0.031338516314564274
1008.0, 0.016953862606554213
1009.0, 0.010910766103382569
1010.0, 0.019597583958264782
1011.0, 0.01747790805517363
1012.0, 0.02453107255714133
1013.0, 0.03207097205422625
1014.0, 0.015666967606913253
1015.0, 0.02988948137555484
1016.0, 0.026840548088166962
1017.0, 0.02326558733855965
1018.0, 0.04772400980666254
1019.0, 0.03723836765423954
1020.0, 0.02323262426382606
1021.0, 0.01784619353573874
1022.0, 0.011945329524665546
1023.0, 0.0243615322907158
1024.0, 0.02265047022315322
1025.0, 0.013946964482834032
1026.0, 0.03886793819569691
1027.0, 0.03235237759144463
1028.0, 0.026643257650739716
1029.0, 0.028001945459490196
1030.0, 0.031100252813448106
1031.0, 0.024463725843843643
1032.0, 0.009555034550640017
1033.0, 0.026900501041679396
1034.0, 0.02237428019572687
1035.0, 0.02042566884411413
1036.0, 0.030278692774535206
1037.0, 0.0285721597281883
1038.0, 0.03904825848539005
1039.0, 0.036845998022108965
1040.0, 0.0126403245965366
1041.0, 0.011108592937896915
1042.0, 0.030061520124739376
1043.0, 0.021978569384963623
1044.0, 0.021204003557216394
1045.0, 0.028496171473126778
1046.0, 0.0394703483142433
1047.0, 0.017119977935548758
1048.0, 0.01878362179813036
1049.0, 0.0302061647950916
1050.0, 0.018014444363021406
1051.0, 0.0401179594655332
1052.0, 0.030406661156584254
1053.0, 0.02365087244610477
1054.0, 0.014276643260037917
1055.0, 0.027745570095874122
1056.0, 0.03376958309223742
1057.0, 0.028847202202733197
1058.0, 0.03264380070266593
1059.0, 0.03384456207201245
1060.0, 0.027921060260065834
1061.0, 0.04775487119747706
1062.0, 0.02394309527325996
1063.0, 0.03616944885722984
1064.0, 0.020998843441156087
1065.0, 0.02764842875675576
1066.0, 0.020226778496765258
1067.0, 0.026647879812571752
1068.0, 0.03561806483887593
1069.0, 0.01945117571434306
1070.0, 0.01658820269247608
1071.0, 0.007688546180581596
1072.0, 0.01746744623194992
1073.0, 0.027424109766604178
1074.0, 0.02435094522020232
1075.0, 0.013820229679902386
1076.0, 0.01587578084710283
1077.0, 0.02847288595363158
1078.0, 0.02854275512544826
1079.0, 0.015229089426845898
1080.0, 0.023283856659800758
1081.0, 0.04242570399875074
1082.0, 0.03269511734412173
1083.0, 0.013242914634143253
1084.0, 0.008718165484810796
1085.0, 0.012103643999584534
1086.0, 0.03143180761559009
1087.0, 0.028810463727494306
1088.0, 0.015342655829988993
1089.0, 0.021376043244582914
1090.0, 0.017645349712831004
1091.0, 0.020036636880685018
1092.0, 0.017067035807220347
1093.0, 0.020065235863547012
1094.0, 0.02506265619343949
1095.0, 0.028796549863803488
1096.0, 0.03138689908712817
1097.0, 0.027359306203954277
1098.0, 0.02802849866723434
1099.0, 0.03569273450997043
1100.0, 0.027526674839783917
1101.0, 0.027580047489382455
1102.0, 0.02150927680794567
1103.0, 0.018828585406417284
1104.0, 0.019514131944623234
1105.0, 0.02884592012498443
1106.0, 0.02201705293074185
1107.0, 0.02340362805955286
1108.0, 0.03083380189642222
1109.0, 0.028996383608239234
1110.0, 0.034274572032840185
1111.0, 0.02605004741879732
1112.0, 0.025819548445477996
1113.0, 0.029850950138860688
1114.0, 0.03543072105854396
1115.0, 0.028784901501026482
1116.0, 0.021766087488524467
1117.0, 0.013003780647737384
1118.0, 0.013744328258790826
1119.0, 0.023487771547817626
1120.0, 0.03063532424186683
1121.0, 0.050318309609911405
1122.0, 0.04110001183995668
1123.0, 0.03068162643960386
1124.0, 0.010654041885599815
1125.0, 0.015240084398019034
1126.0, 0.028982897764002195
1127.0, 0.02804841105779008
1128.0, 0.033750529305207104
1129.0, 0.038687902175134826
1130.0, 0.025228319944191543
1131.0, 0.01823720971480868
1132.0, 0.03580444037011877
1133.0, 0.039075971754568346
1134.0, 0.029993569482877982
1135.0, 0.01807807972372219
1136.0, 0.020666408363744934
1137.0, 0.033473324727568206
1138.0, 0.020173123451384726
1139.0, 0.021196645773797138
1140.0, 0.027948179563387104
1141.0, 0.022074628374843086
1142.0, 0.010399732286492241
1143.0, 0.025290060864005166
1144.0, 0.04107337779274015
1145.0, 0.03139452421299979
1146.0, 0.008671027905111026
1147.0, 0.01024696187961399
1148.0, 0.012509453088910102
1149.0, 0.016289166849331606
1150.0, 0.028795995502516616
1151.0, 0.033083074656931624
1152.0, 0.023042060017605885
1153.0, 0.020506358797989867
1154.0, 0.028675573386936815
1155.0, 0.022772677177760943
1156.0, 0.026033392008766258
1157.0, 0.019377174768094446
1158.0, 0.02771583009308844
1159.0, 0.032567800844642766
1160.0, 0.022115536703979925
1161.0, 0.02454506131902118
1162.0, 0.030157414046718935
1163.0, 0.03386749707630489
1164.0, 0.04751990186165221
1165.0, 0.02939667691658828
1166.0, 0.02510175445687769
1167.0, 0.011972174574734621
1168.0, 0.014336375428066706
1169.0, 0.01680825894378889
1170.0, 0.033347551117934575
1171.0, 0.039301909212815754
1172.0, 0.041332796462760446
1173.0, 0.0368443319152168
1174.0, 0.02996968175481943
1175.0, 0.03085204103947962
1176.0, 0.032650796015798164
1177.0, 0.028167100664046565
1178.0, 0.02999282576520283
1179.0, 0.01915165940862966
1180.0, 0.024849149437468777
1181.0, 0.025565592704676843
1182.0, 0.02773841875188162
1183.0, 0.028923237106286324
1184.0, 0.03609035761750879
1185.0, 0.037818058081247614
1186.0, 0.02655371918173374
1187.0, 0.022320303878168336
1188.0, 0.033405499802087756
1189.0, 0.037654422287384734
1190.0, 0.02751202382569286
1191.0, 0.040532976966164216
1192.0, 0.031178823310068996
1193.0, 0.017817284428062262
1194.0, 0.03913382297203929
1195.0, 0.030977812876990547
1196.0, 0.028301048340234027
1197.0, 0.01812441022328546
1198.0, 0.008289949909284989
1199.0, 0.029655576876237107
1200.0, 0.031622699495791357
1201.0, 0.02369974932782557
1202.0, 0.01750022526665805
1203.0, 0.014933329132547342
1204.0, 0.02879998715396157
1205.0, 0.030151633907760832
1206.0, 0.02882189693387722
1207.0, 0.038495092234067
1208.0, 0.03608586820842192
1209.0, 0.02797269378094644
1210.0, 0.03314415634756715
1211.0, 0.02227501846117556
1212.0, 0.014227583954049902
1213.0, 0.03770562422007621
1214.0, 0.034621154836346035
1215.0, 0.03571672128971214
1216.0, 0.0502931608610769
1217.0, 0.039693756850938136
1218.0, 0.03837970469221844
1219.0, 0.033557409284324456
1220.0, 0.027603717507109122
1221.0, 0.02889962238917276
1222.0, 0.023073283598773205
1223.0, 0.01944985277355965
1224.0, 0.02554536555407901
1225.0, 0.01690118593159538
1226.0, 0.013466779952394965
1227.0, 0.02295147526724812
1228.0, 0.020536062993497
1229.0, 0.034247036184290744
1230.0, 0.04160117948845207
1231.0, 0.039058261277035926
1232.0, 0.022501193592180873
1233.0, 0.00905797945677051
1234.0, 0.011315713159024384
1235.0, 0.024213213458024792
1236.0, 0.038014097088203906
1237.0, 0.022324353592652856
1238.0, 0.025944960646577128
1239.0, 0.022056155290173043
1240.0, 0.04176774496122284
1241.0, 0.03987132868450191
1242.0, 0.019374153322171628
1243.0, 0.03682626555399983
1244.0, 0.019211004837211988
1245.0, 0.02440768781934466
1246.0, 0.03343638496017863
1247.0, 0.02768713683912715
1248.0, 0.023474577009074585
1249.0, 0.031365067541162445
1250.0, 0.029895779807916596
1251.0, 0.01827313410872814
1252.0, 0.030582432149907135
1253.0, 0.024038385318796426
1254.0, 0.026982739777581914
1255.0, 0.023490473067007064
1256.0, 0.035955969412779454
1257.0, 0.02918218611200111
1258.0, 0.03116715336910746
1259.0, 0.03752221985515057
1260.0, 0.031180681483652658
1261.0, 0.02622664247837811
1262.0, 0.03250534508230835
1263.0, 0.04134970500321426
1264.0, 0.027922908426375195
1265.0, 0.008684522655874329
1266.0, 0.02004185115737241
1267.0, 0.013966502137581025
1268.0, 0.012707759643102038
1269.0, 0.028151258106765522
1270.0, 0.02740830369417653
1271.0, 0.03850124574872095
1272.0, 0.047697013621215346
1273.0, 0.017595590791017968
1274.0, 0.02669684952218506
1275.0, 0.03310947650411585
1276.0, 0.0177520201653096
1277.0, 0.02588540787978424
1278.0, 0.03519993080206802
1279.0, 0.0282223497817756
1280.0, 0.03160054856869385
1281.0, 0.030577327189221185
1282.0, 0.01324268716260088
1283.0, 0.009136381830717303
1284.0, 0.02268197770860041
1285.0, 0.025312463085198633
1286.0, 0.02476198118090449
1287.0, 0.03540035377688579
1288.0, 0.018918813371490317
1289.0, 0.01963407407589809
1290.0, 0.014976581196543779
1291.0, 0.014499337313588313
1292.0, 0.03054034103394738
1293.0, 0.03243669507793035
1294.0, 0.02761522284926149
1295.0, 0.028303968483655143
1296.0, 0.01140519714700258
1297.0, 0.020979736323432936
1298.0, 0.055994576972868144
1299.0, 0.0384128257175534
1300.0, 0.009141152694361995
1301.0, 0.028061731677761746
1302.0, 0.02328970486907321
1303.0, 0.008437615037628157
1304, 0.0
1305, 0.0
1306, 0.0
1307, 0.0
1308, 0.0
1309, 0.0
1310, 0.0
1311, 0.0
1312, 0.0
1313, 0.0
1314, 0.0
1315, 0.0
1316, 0.0
1317, 0.0
1318, 0.0
1319, 0.0
1320, 0.0
1321, 0.0
1322, 0.0
1323, 0.0
1324, 0.0
1325, 0.0
1326, 0.0
1327, 0.0
1328, 0.0
1329, 0.0
1330, 0.0
1331, 0.0
1332, 0.0
1333, 0.0
1334, 0.0
1335, 0.0
1336, 0.0
1337, 0.0
1338, 0.0
1339, 0.0
1340, 0.0
1341, 0.0
1342, 0.0
1343, 0.0
1344, 0.0
1345, 0.0
1346, 0.0
1347, 0.0
1348, 0.0
1349, 0.0
1350, 0.0
1351, 0.0
1352, 0.0
1353, 0.0
1354, 0.0
1355, 0.0
1356, 0.0
1357, 0.0
1358, 0.0
1359, 0.0
1360, 0.0
1361, 0.0
1362, 0.0
1363, 0.0
1364, 0.0
1365, 0.0
1366, 0.0
1367, 0.0
1368, 0.0
1369, 0.0
1370, 0.0
1371, 0.0
1372, 0.0
1373, 0.0
1374, 0.0
1375, 0.0
1376, 0.0
1377, 0.0
1378, 0.0
1379, 0.0
1380, 0.0
1381, 0.0
1382, 0.0
1383, 0.0
1384, 0.0
1385, 0.0
1386, 0.0
1387, 0.0
1388, 0.0
1389, 0.0
1390, 0.0
1391, 0.0
1392, 0.0
1393, 0.0
1394, 0.0
1395, 0.0
1396, 0.0
1397, 0.0
1398, 0.0
1399, 0.0
1400, 0.0
1401, 0.0
1402, 0.0
1403, 0.0
1404, 0.0
1405, 0.0
1406, 0.0
1407, 0.0
1408, 0.0
1409, 0.0
1410, 0.0
1411, 0.0
1412, 0.0
1413, 0.0
1414, 0.0
1415, 0.0
1416, 0.0
1417, 0.0
1418, 0.0
1419, 0.0
1420, 0.0
1421, 0.0
1422, 0.0
1423, 0.0
1424, 0.0
1425, 0.0
1426, 0.0
1427, 0.0
1428, 0.0
1429, 0.0
1430, 0.0
1431, 0.0
1432, 0.0
1433, 0.0
1434, 0.0
1435, 0.0
1436, 0.0
1437, 0.0
1438, 0.0
1439, 0.0
1440, 0.0
1441, 0.0
1442, 0.0
1443, 0.0
1444, 0.0
1445, 0.0
1446, 0.0
1447, 0.0
1448, 0.0
1449, 0.0
1450, 0.0
1451, 0.0
1452, 0.0
1453, 0.0
1454, 0.0
1455, 0.0
1456, 0.0
1457, 0.0
1458, 0.0
1459, 0.0
1460, 0.0
1461, 0.0
1462, 0.0
1463, 0.0
1464, 0.0
1465, 0.0
1466, 0.0
1467, 0.0
1468, 0.0
1469, 0.0
1470, 0.0
1471, 0.0
1472, 0.0
1473, 0.0
1474, 0.0
1475, 0.0
1476, 0.0
1477, 0.0
1478, 0.0
1479, 0.0
1480, 0.0
1481, 0.0
1482, 0.0
1483, 0.0
1484, 0.0
1485, 0.0
1486, 0.0
1487, 0.0
1488, 0.0
1489, 0.0
1490, 0.0
1491, 0.0
1492, 0.0
1493, 0.0
1494, 0.0
1495, 0.0
1496, 0.0
1497, 0.0
1498, 0.0
1499, 0.0
1500, 0.0
1501, 0.0
1502, 0.0
1503, 0.0
1504, 0.0
1505, 0.0
1506, 0.0
1507, 0.0
1508, 0.0
1509, 0.0
1510, 0.0
1511, 0.0
1512, 0.0
1513, 0.0
1514, 0.0
1515, 0.0
1516, 0.0
1517, 0.0
1518, 0.0
1519, 0.0
1520, 0.0
1521, 0.0
1522, 0.0
1523, 0.0
1524, 0.0
1525, 0.0
1526, 0.0
1527, 0.0
1528, 0.0
1529, 0.0
1530, 0.0
1531, 0.0
1532, 0.0
1533, 0.0
1534, 0.0
1535, 0.0
1536, 0.0
1537, 0.0
1538, 0.0
1539, 0.0
1540, 0.0
1541, 0.0
1542, 0.0
1543, 0.0
1544, 0.0
1545, 0.0
1546, 0.0
1547, 0.0
1548, 0.0
1549, 0.0
1550, 0.0
1551, 0.0
1552, 0.0
1553, 0.0
1554, 0.0
1555, 0.0
1556, 0.0
1557, 0.0
1558, 0.0
1559, 0.0
1560, 0.0
1561, 0.0
1562, 0.0
1563, 0.0
1564, 0.0
1565, 0.0
1566, 0.0
1567, 0.0
1568, 0.0
1569, 0.0
1570, 0.0
1571, 0.0
1572, 0.0
1573, 0.0
1574, 0.0
1575, 0.0
1576, 0.0
1577, 0.0
1578, 0.0
1579, 0.0
1580, 0.0
1581, 0.0
1582, 0.0
1583, 0.0
1584, 0.0
1585, 0.0
1586, 0.0
1587, 0.0
1588, 0.0
1589, 0.0
1590, 0.0
1591, 0.0
1592, 0.0
1593, 0.0
1594, 0.0
1595, 0.0
1596, 0.0
1597, 0.0
1598, 0.0
1599, 0.0
