30, 0.0
31, 0.0
32, 0.0
33, 0.0
34, 0.0
35, 0.0
36, 0.0
37, 0.0
38, 0.0
39, 0.0
40, 0.0
41, 0.0
42, 0.0
43, 0.0
44, 0.0
45, 0.0
46, 0.0
47, 0.0
48, 0.0
49, 0.0
50, 0.0
51, 0.0
52, 0.0
53, 0.0
54, 0.0
55, 0.0
56, 0.0
57, 0.0
58, 0.0
59, 0.0
60, 0.0
61, 0.0
62, 0.0
63, 0.0
64, 0.0
65, 0.0
66, 0.0
67, 0.0
68, 0.0
69, 0.0
70, 0.0
71, 0.0
72, 0.0
73, 0.0
74, 0.0
75, 0.0
76, 0.0
77, 0.0
78, 0.0
79, 0.0
80, 0.0
81, 0.0
82, 0.0
83, 0.0
84, 0.0
85, 0.0
86, 0.0
87, 0.0
88, 0.0
89, 0.0
90, 0.0
91, 0.0
92, 0.0
93, 0.0
94, 0.0
95, 0.0
96, 0.0
97, 0.0
98, 0.0
99, 0.0
100, 0.0
101, 0.0
102, 0.0
103, 0.0
104, 0.0
105, 0.0
106, 0.0
107, 0.0
108, 0.0
109, 0.0
110, 0.0
111, 0.0
112, 0.0
113, 0.0
114, 0.0
115, 0.0
116, 0.0
117, 0.0
118.0, 2.1045901477720643e-06
119.0, 1.1073612877771354e-06
120.0, 1.6309980763445263e-05
121.0, 0.00010415584668103405
122.0, 0.0004006406329572747
123.0, 0.00038128307236284093
124.0, 0.00018552630026221671
125.0, 1.8242641622271605e-05
126.0, 1.1798067600351362e-05
127.0, 0.0002419443656756253
128.0, 0.00019366574698677719
129.0, 7.458486081817099e-05
130.0, 0.00012441282599423136
131.0, 0.0004131021232161144
132.0, 0.00036212102165966123
133.0, 0.00010447182588531438
134.0, 0.00011423818320938951
135.0, 0.0003358132197793876
136.0, 0.0006509986110965716
137.0, 0.0007471700264337987
138.0, 0.0005270958937812297
139.0, 0.0005353178711244926
140.0, 0.0009854794681005807
141.0, 0.001287474463857684
142.0, 0.0012526284232095193
143.0, 0.0013484934255540305
144.0, 0.0016499127093736236
145.0, 0.0019426339994840862
146.0, 0.002136049497948019
147.0, 0.002345276857368276
148.0, 0.003150093130177748
149.0, 0.004180039793886508
150.0, 0.005165846535963097
151.0, 0.006147351394928419
152.0, 0.007579685001197217
153.0, 0.009765994327762005
154.0, 0.012543876413219048
155.0, 0.015785736521234894
156.0, 0.01981342888434831
157.0, 0.02239025197042816
158.0, 0.023884009065248114
159.0, 0.02487937407402369
160.0, 0.025399571805660208
161.0, 0.02625212834292192
162.0, 0.027876304211838628
163.0, 0.02987348948097702
164.0, 0.031750323756367015
165.0, 0.03422818134346433
166.0, 0.03637838395579635
167.0, 0.03909995880402999
168.0, 0.04321170719359227
169.0, 0.04688995448791961
170.0, 0.05166006544506913
171.0, 0.05807695991129297
172.0, 0.06697639026310677
173.0, 0.07940378776297559
174.0, 0.09601521443396215
175.0, 0.11745342521674405
176.0, 0.1363922135141114
177.0, 0.1423977239852656
178.0, 0.12686861343001968
179.0, 0.09882620967046173
180.0, 0.07012381000606933
181.0, 0.04741878813841179
182.0, 0.03202468630041826
183.0, 0.02267304219233676
184.0, 0.016899801792190302
185.0, 0.013067124921130272
186.0, 0.01017378877123463
187.0, 0.008371865230460181
188.0, 0.0068149607206300505
189.0, 0.005448028837022057
190.0, 0.004740168469908651
191.0, 0.004025806695841596
192.0, 0.0035157594470984093
193.0, 0.0030690252056206906
194.0, 0.0025283869479634964
195.0, 0.0020306994033666296
196.0, 0.0016205424144904144
197.0, 0.0013613623826686035
198.0, 0.0013233278030763968
199.0, 0.0014745247024845994
200.0, 0.001133812966986796
201.0, 0.0009066070869226227
202.0, 0.0008366764387025838
203.0, 0.0006963448824711989
204.0, 0.0004277084650249103
205.0, 0.0003411009271386196
206.0, 0.00029952036373874567
207.0, 0.0002428702186008582
208.0, 0.0002967065005161826
209.0, 0.00037196251115984903
210.0, 0.00038467720587992145
211.0, 0.0002905906659098255
212.0, 0.00014044194167843262
213.0, 0.00010848062422433522
214.0, 0.0001669436989750814
215.0, 0.0001753801029793491
216.0, 0.00013855999980905896
217.0, 0.00019651113260043084
218.0, 0.00015467346616462969
219.0, 0.00028499444398011456
220.0, 0.0004210331086063677
221.0, 0.00029653380558279527
222.0, 0.00037208088526142103
223.0, 0.0003269781552543037
224.0, 0.00033229909830984717
225.0, 0.00046701009654321864
226.0, 0.0003685571819767655
227.0, 0.00048690584445821694
228.0, 0.00042330414487447716
229.0, 0.00019916766713212871
230.0, 0.00011638629898236311
231.0, 0.00017382571106911246
232.0, 0.00015113670147637285
233.0, 0.00011026614089496925
234.0, 0.00020489447069983103
235.0, 4.4096125646661396e-05
236.0, 0.00012256528854829394
237.0, 0.00019024464279858864
238.0, 0.0001874608513417619
239.0, 0.0002009829403906825
240.0, 0.00017382143647626225
241.0, 4.604790055513397e-05
242.0, 2.965519845772848e-05
243.0, 8.680680087113221e-05
244.0, 0.000153064958061561
245.0, 0.00015117509531662328
246.0, 5.272204079179153e-05
247.0, 0.0001236240114278358
248.0, 7.13591074763155e-05
249.0, 0.00018840231625622463
250.0, 0.00015592164370392824
251.0, 0.000154724344888657
252.0, 0.0002830916398549644
253.0, 0.00041752819596205877
254.0, 0.00032104194518961293
255.0, 0.00046965266739902963
256.0, 0.000686110954406872
257.0, 0.0008103495455723872
258.0, 0.0011680676265531918
259.0, 0.0012110505888387666
260.0, 0.0011531511122917797
261.0, 0.0011720395863058244
262.0, 0.0013011908130212582
263.0, 0.0012615528348114342
264.0, 0.0016962123015754815
265.0, 0.0021014516640745656
266.0, 0.002172352976708361
267.0, 0.002637807947618329
268.0, 0.0029065832977493156
269.0, 0.003260401579644096
270.0, 0.0037225786022178943
271.0, 0.004158224295946188
272.0, 0.004732921374661318
273.0, 0.005081767599931618
274.0, 0.00623183277375591
275.0, 0.008053068973862867
276.0, 0.009409053258476663
277.0, 0.010646029619380357
278.0, 0.012747582038128922
279.0, 0.01536499020070561
280.0, 0.01818972586151422
281.0, 0.02128040289026578
282.0, 0.022901885169877574
283.0, 0.024850831587604996
284.0, 0.026979590351880384
285.0, 0.028569632411391536
286.0, 0.030291820646290758
287.0, 0.031418965244027715
288.0, 0.03270640544934496
289.0, 0.03465777538524147
290.0, 0.037375900185067666
291.0, 0.039241435405724584
292.0, 0.04175982276801479
293.0, 0.04455263793707438
294.0, 0.047328489944144986
295.0, 0.05118334573445926
296.0, 0.0555768864909568
297.0, 0.06010138873702814
298.0, 0.06479184427003308
299.0, 0.06898723052443713
300.0, 0.07019029541219028
301.0, 0.06740793584266955
302.0, 0.06171155588289029
303.0, 0.05392768633894635
304.0, 0.04460990293908936
305.0, 0.03564641684459496
306.0, 0.028131878922373996
307.0, 0.022322037335071324
308.0, 0.01796190621119032
309.0, 0.014569130662898938
310.0, 0.012109689572189624
311.0, 0.010382399068536515
312.0, 0.009009063579046914
313.0, 0.00785433659754207
314.0, 0.0070697649084707935
315.0, 0.006169109759786157
316.0, 0.00563878443981149
317.0, 0.005446256654005568
318.0, 0.005392124605929303
319.0, 0.005494687107423294
320.0, 0.005770133542913592
321.0, 0.005793870302562211
322.0, 0.005841392298601692
323.0, 0.006297767799098146
324.0, 0.00615275136033515
325.0, 0.006163790111109424
326.0, 0.006422915491537388
327.0, 0.006663305564035287
328.0, 0.006778208923742058
329.0, 0.007241180707645472
330.0, 0.008022150857761971
331.0, 0.009065719442737657
332.0, 0.010118036997690188
333.0, 0.011067238210215248
334.0, 0.012847237802503736
335.0, 0.014709079916459974
336.0, 0.017383936768713436
337.0, 0.02090886207694365
338.0, 0.024166612986988332
339.0, 0.026265248553261168
340.0, 0.026004730453203537
341.0, 0.02350289540905962
342.0, 0.01943438078225867
343.0, 0.014450792943121458
344.0, 0.010881272908782758
345.0, 0.00797031816338157
346.0, 0.005802997453164787
347.0, 0.004669506209076508
348.0, 0.00409593715116825
349.0, 0.0031954516110024407
350.0, 0.002404466090961634
351.0, 0.0018547892873740086
352.0, 0.001489012918884417
353.0, 0.0014233394217392002
354.0, 0.0011701814314131758
355.0, 0.0008289239177801796
356.0, 0.0007827325210283156
357.0, 0.0009216832170528911
358.0, 0.0006041014482504362
359.0, 0.0007095262977101843
360.0, 0.0005383856930300699
361.0, 0.00040209050873945325
362.0, 0.000510767980477911
363.0, 0.00021080002825569032
364.0, 0.0002068152722200171
365.0, 0.000286987052210142
366.0, 0.0003285403570992055
367.0, 0.0003717891710416756
368.0, 0.0004956369816137824
369.0, 0.00022303819863688027
370.0, 0.00018140479742057684
371.0, 0.00022673614002967238
372.0, 6.319468123391088e-06
373.0, 9.010796493224231e-05
374.0, 0.00014014535476827774
375.0, 5.7612110280570825e-05
376.0, 3.998444830243965e-05
377.0, 1.0611605964134844e-05
378.0, 7.338733301680899e-05
379.0, 7.732422826355279e-05
380.0, 7.851593842392365e-05
381.0, 0.00016060710150230648
382.0, 4.2901070388677615e-05
383.0, 2.543597061437955e-05
384.0, 0.00010077054450553223
385.0, 6.107213022733121e-05
386.0, 3.495256571822506e-05
387.0, 0.00013754253873644935
388.0, 2.808130017707912e-05
389.0, 5.4988192220173856e-05
390.0, 0.00015536079749979095
391.0, 0.00014579128655250277
392.0, 2.7405974813467573e-05
393.0, 6.772457227837278e-05
394.0, 3.5969463915394795e-05
395.0, 0.00013480545852812443
396.0, 0.0001116604947862146
397.0, 0.00010596468297652678
398.0, 9.508937812417131e-05
399.0, 6.593733419773038e-05
400.0, 5.454866317145046e-05
401.0, 0.00016194588663294738
402.0, 0.0002211762846553858
403.0, 4.9758490269057746e-05
404.0, 0.00011391007955832354
405.0, 5.650631993480445e-05
406.0, 7.242602825627003e-05
407.0, 7.277924564415817e-05
408.0, 8.024402095782109e-05
409.0, 0.0001365460258504352
410.0, 0.00021736646096384054
411.0, 0.00010353032343400715
412.0, 5.533174248632929e-05
413.0, 0.00017208150355907953
414.0, 0.0003131485480889305
415.0, 0.00017274063961623075
416.0, 0.0001482021915046339
417.0, 0.0002112360366970754
418.0, 5.927501765300442e-05
419.0, 7.305187634021856e-05
420.0, 7.27648986734297e-05
421.0, 0.00019945151128473648
422.0, 0.00022634425751998866
423.0, 6.646179210992774e-05
424.0, 0.0001763219734721763
425.0, 0.00022862678493490644
426.0, 0.0003442049383406644
427.0, 0.00035490910716283485
428.0, 0.0002256775142421881
429.0, 0.0002596902077775872
430.0, 0.00037479286643245116
431.0, 0.00034106694206106534
432.0, 0.00021091731154429777
433.0, 0.00020480797556094555
434.0, 0.0004225115234934005
435.0, 0.0005329277289192817
436.0, 0.00027477032252946264
437.0, 3.507730292003277e-05
438.0, 3.635239623603543e-05
439.0, 0.00017839297041320436
440.0, 0.0002779862860337747
441.0, 0.0002620470232323543
442.0, 0.0004111237993642394
443.0, 0.0004843133217112453
444.0, 0.00037860511303591473
445.0, 0.00041817175002580297
446.0, 0.00023509941062590568
447.0, 0.00036339640626273357
448.0, 0.0005426760321889745
449.0, 0.0005860663901222576
450.0, 0.0006414739694345032
451.0, 0.00041037938946496684
452.0, 0.0004657711167116752
453.0, 0.00039726863372671335
454.0, 0.00023129895717935496
455.0, 0.00033086836472549216
456.0, 0.0003962941184777422
457.0, 0.00042017672426801066
458.0, 0.00042844701403794885
459.0, 0.0003914443255305181
460.0, 0.00034010203194780655
461.0, 0.00039804755163745285
462.0, 0.00035079064559755916
463.0, 0.00027492289710821615
464.0, 0.00016329601265132755
465.0, 8.624805861481461e-05
466.0, 0.00016239417409092294
467.0, 0.00033100997779472393
468.0, 0.0002933686261318685
469.0, 0.0002448948109673219
470.0, 0.00032481526044407966
471.0, 0.00043612551330576924
472.0, 0.0002402889556274383
473.0, 0.00035262121338029744
474.0, 0.0006001420492231207
475.0, 0.0006493628041106561
476.0, 0.00046794862342450114
477.0, 0.00032230315341787196
478.0, 0.0002800216494953154
479.0, 0.00022496128594700314
480.0, 0.00029909301576459
481.0, 0.00024883999800263897
482.0, 4.678184411113819e-05
483.0, 0.0001419656676211254
484.0, 0.00023785726929286886
485.0, 0.0001661360708343758
486.0, 0.00020010649773402362
487.0, 0.00034362092354675523
488.0, 0.00026724122787607916
489.0, 0.00028246313167585603
490.0, 0.00018131158679556103
491.0, 0.00020728062027576598
492.0, 0.000364466021396485
493.0, 0.00042810572696873724
494.0, 0.0003505370103224179
495.0, 0.00024960182230931175
496.0, 0.00026729973615394886
497.0, 0.00026562437714932257
498.0, 0.00013844870611287027
499.0, 3.89899608169725e-05
500.0, 6.983663830540461e-05
501.0, 0.00031636682247332545
502.0, 0.00032803380118943666
503.0, 0.00017576793638039254
504.0, 0.00025561888091476165
505.0, 0.00019596515804439963
506.0, 0.0001276351392837557
507.0, 4.8188913660226096e-05
508.0, 0.00013342414971027883
509.0, 0.00038474581427948697
510.0, 0.00025567053459295605
511.0, 0.0002890787004098324
512.0, 0.00019908395120187943
513.0, 0.00011346227034551382
514.0, 0.0002676995626734413
515.0, 0.0004320914211892113
516.0, 0.00015443422458188768
517.0, 0.00025491959225606607
518.0, 0.0001931520073425801
519.0, 0.0002538674270516492
520.0, 0.0002975096693660778
521.0, 0.00010242478379948101
522.0, 2.207802055368342e-05
523.0, 1.2365928634336269e-05
524.0, 7.87382286588572e-05
525.0, 0.00013230188854659517
526.0, 0.0001476588014089375
527.0, 0.0001784749857561509
528.0, 0.00025978497936842814
529.0, 0.00020167460393819318
530.0, 0.00010059253538250755
531.0, 9.592116189766703e-05
532.0, 0.00018498842075811563
533.0, 0.00023856725182366988
534.0, 0.00023542545655571242
535.0, 0.0002118233570662641
536.0, 0.00021111932700450302
537.0, 0.00015475472696092608
538.0, 7.05535634096101e-05
539.0, 0.00017445355799731126
540.0, 0.0003679320160237741
541.0, 0.00027596879642941544
542.0, 0.0002821890843438184
543.0, 0.00038775668987113386
544.0, 0.00041126778088715175
545.0, 0.0004682116402998972
546.0, 0.00024263302019187329
547.0, 3.533838533380296e-05
548.0, 6.579748552113174e-05
549.0, 0.0003054481366375906
550.0, 0.0002093752246921321
551.0, 0.00025272466384040866
552.0, 7.827772256948737e-05
553.0, 0.0001736437433247604
554.0, 0.0002219703494087908
555.0, 0.00013774819887344284
556.0, 0.0001545935468305379
557.0, 7.085326226929311e-05
558.0, 0.0001443525533649584
559.0, 0.00022524347620446537
560.0, 0.0002193811080227602
561.0, 0.00016930504977233292
562.0, 0.00015180562705936846
563.0, 2.3764595240391026e-05
564.0, 7.63466729596885e-05
565.0, 0.0002626044788348042
566.0, 0.0003188709987709621
567.0, 0.00023799329457042774
568.0, 0.0002853379686704233
569.0, 0.0003499236977128035
570.0, 0.00047260374151405745
571.0, 0.000383296495466077
572.0, 0.0003022558909377311
573.0, 0.0003311466230356179
574.0, 0.00025458328775286885
575.0, 0.0003440074064215139
576.0, 0.00024922308159291496
577.0, 0.00011463378527780596
578.0, 8.014756648215772e-05
579.0, 8.286733358234361e-05
580.0, 1.539661637196575e-05
581.0, 0.00014962935938720405
582.0, 0.0002248401140364281
583.0, 0.0001378543387856824
584.0, 0.0002982951727163472
585.0, 0.0004601901089279133
586.0, 7.404845753677689e-05
587.0, 0.00020226703268476563
588.0, 9.585778617447967e-05
589.0, 0.00011785549028162274
590.0, 0.0002949930471686487
591.0, 0.0003875135183788602
592.0, 0.00024021805783488241
593.0, 0.000294881463484839
594.0, 0.0002483314659302026
595.0, 0.0002386340908528369
596.0, 0.0002699644516499889
597.0, 0.00030575969186951395
598.0, 0.00035294918618166294
599.0, 0.0004286101932783856
600.0, 0.0002564158036458705
601.0, 0.00028938160016565276
602.0, 0.00020438844185295286
603.0, 9.62871741918632e-05
604.0, 0.00027959309694587084
605.0, 0.0003553751764894074
606.0, 0.0002238540040831934
607.0, 0.0001777891846601384
608.0, 0.00011957774078713252
609.0, 4.037647313316804e-05
610.0, 5.495451691755406e-05
611.0, 0.00018853596323144283
612.0, 0.0002543818900633368
613.0, 0.0002833257673013269
614.0, 0.00030556030802070505
615.0, 0.00020457090178816194
616.0, 4.455837747977816e-05
617.0, 0.0001054076548687999
618.0, 5.108816253803247e-05
619.0, 0.00010476229211579254
620.0, 0.00021574432823094522
621.0, 0.0002492594647755886
622.0, 0.00013216463808232785
623.0, 4.200731248682008e-05
624.0, 3.168398180536702e-05
625.0, 1.2333387325113455e-05
626.0, 2.078332118504532e-05
627.0, 0.00010622274492963523
628.0, 5.930889386401115e-05
629.0, 0.00011349842653513839
630.0, 8.391275850990954e-05
631.0, 0.0001666137996509083
632.0, 0.00013717953345853206
633.0, 5.075458883219757e-05
634.0, 8.219461128537289e-05
635.0, 8.921019316829215e-05
636.0, 1.5306754085917264e-05
637.0, 0.00015161877151262436
638.0, 4.437819029894322e-05
639.0, 4.942629635966322e-05
640.0, 0.0001537978654342575
641.0, 0.0002999380058549392
642.0, 2.4898493944686284e-05
643.0, 2.1955443765369302e-05
644.0, 0.0001631989357610637
645.0, 4.940580174050857e-05
646.0, 9.418721156678049e-05
647.0, 7.699057777110512e-05
648.0, 0.0001996995868133964
649.0, 0.00019723156200958462
650.0, 7.412960250342514e-05
651.0, 0.00020195556348337728
652.0, 0.00015504860269441718
653.0, 0.00012006668939685626
654.0, 0.0002212413220342368
655.0, 0.0002612527188953608
656.0, 0.00011643496479584454
657.0, 3.097838552594522e-05
658.0, 0.0002208713746849882
659.0, 0.00012795433453017228
660.0, 4.4270215149784254e-05
661.0, 2.085670267027188e-05
662.0, 3.551468392220798e-05
663.0, 2.8989842038087348e-05
664.0, 0.00014270100603802052
665.0, 0.0003456096220089686
666.0, 0.0003065486497010365
667.0, 9.310207697167818e-05
668.0, 0.0001228626478113206
669.0, 0.0005073613453612022
670.0, 0.00037194982042887767
671.0, 0.0003181329865554453
672.0, 0.0005188834912861455
673.0, 0.0006214148118508778
674.0, 0.0005742644458134413
675.0, 0.00070609861124701
676.0, 0.0009278913883344229
677.0, 0.0008074601362203139
678.0, 0.0008283511765073212
679.0, 0.0008360571662996668
680.0, 0.0009086964187654091
681.0, 0.0011402330311455044
682.0, 0.001255797910064795
683.0, 0.0010198873055900942
684.0, 0.0012771669742151722
685.0, 0.0017130824664061588
686.0, 0.0017455803676308624
687.0, 0.00160499554739908
688.0, 0.001790459700087714
689.0, 0.002019929131437747
690.0, 0.0023478398180447227
691.0, 0.002219127505951599
692.0, 0.002501057886494808
693.0, 0.0027918979260405843
694.0, 0.002931404408474218
695.0, 0.003245952189710615
696.0, 0.0034453953511004495
697.0, 0.00372570851190318
698.0, 0.004065233385795569
699.0, 0.004406507328333596
700.0, 0.004732857873758105
701.0, 0.005306286340238083
702.0, 0.0061258684639622875
703.0, 0.00657135961562928
704.0, 0.007367281160458232
705.0, 0.008515122180969566
706.0, 0.009345631533134358
707.0, 0.010562430265980648
708.0, 0.012214851997862061
709.0, 0.013569089546707418
710.0, 0.015027699720954812
711.0, 0.01631108090007811
712.0, 0.018132764420624232
713.0, 0.01959597663539328
714.0, 0.021148956186057173
715.0, 0.023088756186120957
716.0, 0.02526929840388168
717.0, 0.028010496519009085
718.0, 0.030537426788220936
719.0, 0.03433391092188475
720.0, 0.038358559105544414
721.0, 0.0428050103481496
722.0, 0.04783269798791146
723.0, 0.05306766730702978
724.0, 0.057944779251062846
725.0, 0.059650645165279965
726.0, 0.057856568622355636
727.0, 0.053132275746013855
728.0, 0.0460827733952564
729.0, 0.03773996747837409
730.0, 0.02963198996263001
731.0, 0.023243029567015995
732.0, 0.017950094207393175
733.0, 0.014361195259578931
734.0, 0.011529318458615297
735.0, 0.009172000267606305
736.0, 0.007457485304999572
737.0, 0.006221960062019684
738.0, 0.005152255956204874
739.0, 0.004729628976855765
740.0, 0.0037538570601938197
741.0, 0.0033439136402453207
742.0, 0.0029769931783950234
743.0, 0.0024720061438468104
744.0, 0.00217332188058219
745.0, 0.0018040671477984349
746.0, 0.0014974969234491586
747.0, 0.001238780928335846
748.0, 0.001235667288505455
749.0, 0.0010712855116252877
750.0, 0.0009160211434813122
751.0, 0.0008519320776039235
752.0, 0.0006476554530949691
753.0, 0.000684892828345132
754.0, 0.0006944394493790049
755.0, 0.0007823133885040984
756.0, 0.0006872233636687283
757.0, 0.0005032254875272618
758.0, 0.00044909618516473555
759.0, 0.00046072526826610095
760.0, 0.00027601550779605586
761.0, 0.000250277591236755
762.0, 0.0003099036313472613
763.0, 0.00027644944990956914
764.0, 0.0002435805429502401
765.0, 8.853293721191913e-05
766.0, 5.205404826354053e-05
767.0, 0.00010461992910710955
768.0, 7.420694095070424e-05
769.0, 0.00013077592216157035
770.0, 7.090536481126013e-05
771.0, 0.00017744478731945935
772.0, 0.00029918976217707465
773.0, 0.0002075835487584863
774.0, 3.557943637356989e-05
775.0, 0.00028273687528727675
776.0, 0.0001094541013909582
777.0, 1.1251532685001592e-05
778.0, 7.322664929874348e-05
779.0, 0.00012381561432740114
780.0, 7.115878935474982e-05
781.0, 0.000232217193830604
782.0, 6.182193158030292e-05
783.0, 2.676185895699131e-05
784.0, 9.555656934672406e-06
785.0, 8.221875116647363e-05
786.0, 5.560466075975817e-05
787.0, 3.164742126994561e-05
788.0, 9.77733805283463e-05
789.0, 7.350047061025346e-05
790.0, 0.0002507374740520916
791.0, 5.5249632518648426e-05
792.0, 0.00012508422546482817
793.0, 0.00010562120329499324
794.0, 1.3639442124748629e-05
795.0, 5.7700483168561164e-05
796.0, 8.407586622065941e-05
797.0, 2.486212523569499e-05
798.0, 0.00014056444011847674
799.0, 9.65828350369983e-05
800.0, 0.0002470935719795619
801.0, 0.00013433309366123718
802.0, 5.227953415617698e-06
803.0, 9.125260203824284e-05
804.0, 0.0001582875555020109
805.0, 4.304088851167092e-05
806.0, 3.367848264829539e-05
807.0, 0.0002967669940754671
808.0, 0.00017917566579500244
809.0, 0.00011783075754844996
810.0, 7.106746626265604e-05
811.0, 0.00011679750120285904
812.0, 0.00027227648328894484
813.0, 0.00019304369718053184
814.0, 0.00013660776660261693
815.0, 0.0002669522309340117
816.0, 0.00020644535602086717
817.0, 0.00013599015866776572
818.0, 7.178392784177428e-05
819.0, 0.00036441418594074384
820.0, 0.00034541605871751905
821.0, 0.00037130008001175105
822.0, 0.0004612587063731928
823.0, 0.00020583865536675093
824.0, 0.0003426107429677344
825.0, 0.0004372342601401047
826.0, 0.0004006692676319347
827.0, 0.0002806639275231735
828.0, 0.00019348495600534873
829.0, 0.00023111551043614582
830.0, 0.0003326172655891624
831.0, 0.0002818318684224501
832.0, 0.000271524821632003
833.0, 0.00029933630141954675
834.0, 0.00027659320845595465
835.0, 0.0003528861687633747
836.0, 0.0002974292311840395
837.0, 7.381175522841239e-05
838.0, 0.00016963650549653127
839.0, 0.0002411707661842662
840.0, 0.00015679812817976632
841.0, 0.0001409987817586686
842.0, 0.0001656919289598478
843.0, 0.00018790164609973895
844.0, 0.0002170695519558497
845.0, 0.00020485361765002416
846.0, 0.00016360285752634453
847.0, 0.0002923246201619221
848.0, 0.00037258639575093094
849.0, 0.00038876914250709875
850.0, 0.0003553278679251737
851.0, 0.00030637411552240966
852.0, 0.0002467155892061364
853.0, 0.00030262263855910593
854.0, 0.0003166829784344899
855.0, 0.00013685245595958703
856.0, 0.0003655223036564083
857.0, 0.00038569171521589645
858.0, 0.00032052963205554436
859.0, 0.00047450318596406666
860.0, 0.00037720621772003476
861.0, 0.00022315813324925605
862.0, 0.000393392668871701
863.0, 0.0005750065519369949
864.0, 0.00027235358316611986
865.0, 0.00018739148463640354
866.0, 0.00039809845472646194
867.0, 0.0006538637999117363
868.0, 0.0008553613961795263
869.0, 0.001020861849765829
870.0, 0.0008930200617645848
871.0, 0.0005623680636818003
872.0, 0.0006492416062698269
873.0, 0.001131854124667599
874.0, 0.0013119456137856804
875.0, 0.0011982432999098056
876.0, 0.0012637664234966745
877.0, 0.0015257392512761164
878.0, 0.001744912819629307
879.0, 0.002211314394102748
880.0, 0.003468316575443938
881.0, 0.005180965872298554
882.0, 0.005820176302851239
883.0, 0.004719795773310887
884.0, 0.002726055644165395
885.0, 0.0015585100152858125
886.0, 0.0010442727587589185
887.0, 0.0008086639465998047
888.0, 0.000666020134774988
889.0, 0.0005445536801913635
890.0, 0.0005299976067711211
891.0, 0.000590500099768741
892.0, 0.0005623619806755083
893.0, 0.00043666349783033794
894.0, 0.0004439539900981391
895.0, 0.00038480729088570244
896.0, 0.0003762612167818404
897.0, 0.00035056727423857475
898.0, 0.00025755859695751767
899.0, 0.00030845972294844885
900.0, 0.00036441119247353383
901.0, 0.00039064123951632464
902.0, 0.0003392506497850353
903.0, 0.0003332484042926619
904.0, 0.00044409030273436504
905.0, 0.0005729028712448373
906.0, 0.0005119168960160807
907.0, 0.0003861740711734902
908.0, 0.00042120805244257563
909.0, 0.00036980922959110554
910.0, 0.00015578897013267392
911.0, 0.0002292804296762157
912.0, 2.9957395317800084e-06
913.0, 0.0001838505919966
914.0, 0.00035188614750218016
915.0, 0.00022029878801922714
916.0, 0.0002224284455890489
917.0, 0.00036763153451480253
918.0, 0.00022110059714990587
919.0, 0.00020629139844724324
920.0, 0.0001843117301875132
921.0, 0.0002569079711020944
922.0, 0.00021307361708815692
923.0, 0.00024304873587950392
924.0, 0.0002937805500963398
925.0, 0.0002580253277540217
926.0, 0.00025995439615096263
927.0, 0.0003767211305169748
928.0, 0.00041178122857302174
929.0, 0.00029204226431116216
930.0, 0.00034437652464260423
931.0, 0.0005268649509416914
932.0, 0.00048610459548975517
933.0, 0.0004068677574626691
934.0, 0.0004297137661713748
935.0, 0.00034894358426278805
936.0, 0.0002727400791794392
937.0, 0.0005391459013623865
938.0, 0.0006089577939399591
939.0, 0.00023383634439777702
940.0, 0.00043360804586488105
941.0, 0.00031192269194674796
942.0, 0.00024381142066882543
943.0, 0.000301039859288834
944.0, 0.0003563405417951957
945.0, 0.0002714754833656479
946.0, 0.00010095538038312522
947.0, 0.00017043882375744127
948.0, 0.0002984471591850338
949.0, 7.279014874166461e-05
950.0, 0.00031440568804406733
951.0, 0.0002770816528539674
952.0, 0.00035359355900750795
953.0, 0.0005268984525436089
954.0, 0.0005488174774653311
955.0, 0.00034995981778318855
956.0, 0.00027669637378732796
957.0, 0.00040515080774199645
958.0, 0.00024372184828233827
959.0, 0.0003451218577588269
960.0, 0.0002840177409781722
961.0, 0.0002401893795099839
962.0, 0.0002532067436654973
963.0, 0.0002649250024239017
964.0, 0.0001871539263723981
965.0, 8.39431607239009e-05
966.0, 8.818356781963752e-05
967.0, 0.00019813430659300468
968.0, 0.0002520522790438825
969.0, 0.00018469274753851853
970.0, 0.00012702503359048942
971.0, 0.0003034447254755767
972.0, 0.00031080248964185115
973.0, 9.575648773320671e-05
974.0, 5.7696461469481136e-05
975.0, 2.0454214776941763e-05
976.0, 2.3163408655254345e-05
977.0, 0.00011869927553087314
978.0, 1.0039165529752885e-05
979.0, 0.0001515600836248116
980.0, 0.00011248617062058096
981.0, 9.107342150041788e-05
982.0, 8.22658580908692e-05
983.0, 6.592635442025445e-05
984.0, 7.33817741820865e-05
985.0, 0.0002980587410052134
986.0, 0.00013391284918753892
987.0, 0.00013515331711417723
988.0, 4.964669387979023e-05
989.0, 0.00010297670394329093
990.0, 6.449573146315118e-05
991.0, 0.00011362497177682704
992.0, 3.8880973843985576e-05
993.0, 1.5979347392791993e-05
994.0, 4.209327922068539e-05
995.0, 2.9622295418880536e-05
996.0, 0.00015718830026754949
997.0, 0.00011420963080008922
998.0, 0.00018097830298873915
999.0, 8.864419481840021e-05
1000.0, 5.629591369773621e-05
1001.0, 0.00018650184576344145
1002.0, 0.00016309709343629577
1003.0, 0.00014106765631405446
1004.0, 0.00010547381136409112
1005.0, 7.67784734944478e-06
1006.0, 8.003759397309379e-05
1007.0, 8.775633196791583e-05
1008.0, 0.00020921863372103068
1009.0, 0.00015221089016969442
1010.0, 5.2870809847112236e-05
1011.0, 6.59675701724945e-05
1012.0, 0.00011913092495702039
1013.0, 0.0001222908978594979
1014.0, 9.732759962610334e-05
1015.0, 4.178462157091952e-05
1016.0, 0.00023041702525849374
1017.0, 0.0003646700898424924
1018.0, 0.00034002103248415347
1019.0, 0.00019171777354873914
1020.0, 0.0002303226068643616
1021.0, 0.0006088067391740567
1022.0, 0.0007770518018884251
1023.0, 0.00047320183896990903
1024.0, 0.00038817113165990236
1025.0, 0.0003802243090849067
1026.0, 0.0006483437684394295
1027.0, 0.0007436314725955221
1028.0, 0.000662667351208967
1029.0, 0.000536505317209078
1030.0, 0.0006925406180304671
1031.0, 0.0009327897421743111
1032.0, 0.0009553423531392022
1033.0, 0.0008965203644352061
1034.0, 0.0009922491222891206
1035.0, 0.0011400754429274447
1036.0, 0.0010944283790548146
1037.0, 0.0011403423974454157
1038.0, 0.0012726082477903069
1039.0, 0.0012688569902557342
1040.0, 0.0014179100309464566
1041.0, 0.0014979789353332187
1042.0, 0.001525419183094031
1043.0, 0.0016261206188936496
1044.0, 0.001748064444188684
1045.0, 0.0019108338804584213
1046.0, 0.0021663547824482643
1047.0, 0.0022877804828554085
1048.0, 0.0025344566169177084
1049.0, 0.002655873106541645
1050.0, 0.003023742102270651
1051.0, 0.0030323488912095673
1052.0, 0.0035237937983611544
1053.0, 0.004011172855416881
1054.0, 0.004450449856244652
1055.0, 0.005127908272268493
1056.0, 0.005800316734653775
1057.0, 0.006476320088001948
1058.0, 0.007456261552916324
1059.0, 0.008498504987887965
1060.0, 0.00943926308361525
1061.0, 0.010954986875499154
1062.0, 0.011982369392556704
1063.0, 0.01340930387946863
1064.0, 0.015087434892078427
1065.0, 0.017002050131181928
1066.0, 0.018696861649909594
1067.0, 0.020809688169761986
1068.0, 0.023031344766573536
1069.0, 0.02546227558590068
1070.0, 0.028491464205859553
1071.0, 0.03162668057497021
1072.0, 0.034895698474332146
1073.0, 0.03874669338223206
1074.0, 0.0415385849328893
1075.0, 0.045949354002336226
1076.0, 0.05080417147505701
1077.0, 0.05522207798565829
1078.0, 0.059187075406307
1079.0, 0.06420143472677896
1080.0, 0.07060563056388751
1081.0, 0.07880703107690426
1082.0, 0.08958882351548661
1083.0, 0.10522382763632192
1084.0, 0.12583783812623833
1085.0, 0.15028863470985765
1086.0, 0.17710196801312725
1087.0, 0.19881189376525193
1088.0, 0.2182288428137686
1089.0, 0.23930805540637345
1090.0, 0.26713875077983723
1091.0, 0.3023726505445488
1092.0, 0.3457904655996949
1093.0, 0.40107804717488726
1094.0, 0.47175136967729364
1095.0, 0.5660188326240416
1096.0, 0.6935631689287559
1097.0, 0.8428593982610169
1098.0, 0.9671247546379415
1099.0, 0.9845961551251293
1100.0, 0.8447120243055586
1101.0, 0.6245307757771962
1102.0, 0.4175920524458419
1103.0, 0.27570652107034505
1104.0, 0.18557209331630695
1105.0, 0.13057177388062816
1106.0, 0.09523287325138793
1107.0, 0.07165824186136696
1108.0, 0.056044868203409835
1109.0, 0.04500135610554597
1110.0, 0.036101663339193714
1111.0, 0.02900867584211016
1112.0, 0.024277642539616926
1113.0, 0.020721979600707627
1114.0, 0.017250928315796492
1115.0, 0.015329539549765481
1116.0, 0.01282371711757453
1117.0, 0.01121577224655259
1118.0, 0.00927732308532596
1119.0, 0.008051344373868551
1120.0, 0.00698234810348129
1121.0, 0.005950221333512038
1122.0, 0.005060489002584143
1123.0, 0.004593207065229677
1124.0, 0.003902074868278417
1125.0, 0.0035525593745242526
1126.0, 0.0033958987361309353
1127.0, 0.002902872177980589
1128.0, 0.002574042977936729
1129.0, 0.00241926464002477
1130.0, 0.0018806579605545907
1131.0, 0.0015556666969168559
1132.0, 0.00119314422077666
1133.0, 0.0011007741633047258
1134.0, 0.0011053614939881004
1135.0, 0.0007389404243538094
1136.0, 0.0009126726061279305
1137.0, 0.0009412586610610039
1138.0, 0.000688382035947111
1139.0, 0.0004103712393367182
1140.0, 0.00042426697637897774
1141.0, 0.0005214335059965122
1142.0, 0.0004490985443587706
1143.0, 0.00036658985224367164
1144.0, 0.0003660781493588046
1145.0, 0.0002330995784566525
1146.0, 3.16208622738694e-06
1147.0, 9.558508096394985e-05
1148.0, 0.00013737435913243413
1149.0, 0.00013337286130078483
1150.0, 4.788911023363082e-05
1151.0, 0.00029139114365401685
1152.0, 6.604771658543055e-05
1153.0, 5.135459156144054e-05
1154.0, 0.00011070060995929024
1155.0, 0.00042152206736078516
1156.0, 0.0001393910874091899
1157.0, 9.032600048539592e-05
1158.0, 0.00020748563621168794
1159.0, 0.00022637494502340585
1160.0, 0.00010721752991834866
1161.0, 3.63303784326749e-05
1162.0, 0.00013461080346835317
1163.0, 8.968364911247302e-05
1164.0, 9.52044410366881e-05
1165.0, 0.00022291448592845242
1166.0, 7.959559716348759e-05
1167.0, 0.00015136973383036742
1168.0, 0.0001374297257939966
1169.0, 2.2004901889547326e-05
1170.0, 3.69829649579155e-05
1171.0, 0.0002570982951734945
1172.0, 0.00011121331293919219
1173.0, 9.929308081182263e-05
1174.0, 0.00011763132832370646
1175.0, 3.4424127284939913e-05
1176.0, 1.9624074886645608e-05
1177.0, 7.541313273698817e-05
1178.0, 5.779770324968772e-05
1179.0, 8.393476005656813e-05
1180.0, 0.00022504564217674987
1181.0, 0.0002550239041343834
1182.0, 0.0003332815394672342
1183.0, 0.00025089590069018666
1184.0, 3.382146885505114e-05
1185.0, 0.0002683708704280938
1186.0, 0.0002759265373300022
1187.0, 0.0004159941961094185
1188.0, 0.00032202313123218934
1189.0, 0.0004073934293764634
1190.0, 0.0005130899350459727
1191.0, 0.0005233701283293714
1192.0, 0.0003825587041978917
1193.0, 0.000584590527093452
1194.0, 0.0006844358129093321
1195.0, 0.0005120003245935627
1196.0, 0.0008506045099329275
1197.0, 0.0012218814432113298
1198.0, 0.0007130859253030869
1199.0, 0.0006682961476338964
1200.0, 0.0007678615380834274
1201.0, 0.0005292272655239728
1202.0, 0.0007338106569163508
1203.0, 0.0007849578059768342
1204.0, 0.0007303733978664284
1205.0, 0.0007201295998336226
1206.0, 0.0008251876178579913
1207.0, 0.0009932625836058197
1208.0, 0.0008321014712690175
1209.0, 0.0009740948673924685
1210.0, 0.0008995919346508344
1211.0, 0.0011055874696826974
1212.0, 0.0010563720370446031
1213.0, 0.000843849487022995
1214.0, 0.0008543300077044179
1215.0, 0.0008169755449810272
1216.0, 0.0007853756449228975
1217.0, 0.0009526930973335431
1218.0, 0.0009966861455120708
1219.0, 0.0009375543654591099
1220.0, 0.0009589814752803333
1221.0, 0.001033992903809651
1222.0, 0.0012089100564431176
1223.0, 0.0011330901638230463
1224.0, 0.001160181001345048
1225.0, 0.0010547331452033424
1226.0, 0.001051276851431432
1227.0, 0.0012010879053767688
1228.0, 0.0013457693224489754
1229.0, 0.0012350871976814536
1230.0, 0.0010657722852195168
1231.0, 0.0014445277213488985
1232.0, 0.0015133927695610502
1233.0, 0.001152099789671292
1234.0, 0.0011960895358741602
1235.0, 0.0012270602278073564
1236.0, 0.0015305625699864479
1237.0, 0.0017369742803030022
1238.0, 0.001539139701325997
1239.0, 0.0014622929237807457
1240.0, 0.001509578043119903
1241.0, 0.001507135246504059
1242.0, 0.001596553977359307
1243.0, 0.0018689474130962214
1244.0, 0.0021475867328118897
1245.0, 0.0017602670988920506
1246.0, 0.0016357932955759155
1247.0, 0.0018101130515017043
1248.0, 0.0017782505455123919
1249.0, 0.001869797661613257
1250.0, 0.0018509669026963035
1251.0, 0.0016339837174568941
1252.0, 0.0015587812027107989
1253.0, 0.0019249135539909925
1254.0, 0.0018398165890218016
1255.0, 0.0015400943038283781
1256.0, 0.00146438061495343
1257.0, 0.0015528679145824771
1258.0, 0.0014067819404855505
1259.0, 0.0014533575020554401
1260.0, 0.001267049522170188
1261.0, 0.0012096130455267584
1262.0, 0.0012054785045258604
1263.0, 0.0011688673021896746
1264.0, 0.0011266109605496519
1265.0, 0.0009914522429765756
1266.0, 0.0008159555267944661
1267.0, 0.0007927075162890085
1268.0, 0.0008257244679648681
1269.0, 0.0006111498986626167
1270.0, 0.0005623516090213293
1271.0, 0.0004466874623515572
1272.0, 0.0003496258926907096
1273.0, 0.0004229947962262184
1274.0, 0.00024579530374666507
1275.0, 0.00014132296629853244
1276.0, 6.654896959742858e-05
1277.0, 7.983626178820243e-05
1278.0, 4.023539513101066e-05
1279.0, 0.00016389419570373334
1280.0, 3.007106174081055e-05
1281.0, 0.0003064321703381792
1282.0, 0.0002943315117818957
1283.0, 0.00034396549571181584
1284.0, 4.3454009633664933e-05
1285.0, 0.00032620953956621066
1286.0, 4.786429621656274e-05
1287, 0.0
1288, 0.0
1289, 0.0
1290, 0.0
1291, 0.0
1292, 0.0
1293, 0.0
1294, 0.0
1295, 0.0
1296, 0.0
1297, 0.0
1298, 0.0
1299, 0.0
1300, 0.0
1301, 0.0
1302, 0.0
1303, 0.0
1304, 0.0
1305, 0.0
1306, 0.0
1307, 0.0
1308, 0.0
1309, 0.0
1310, 0.0
1311, 0.0
1312, 0.0
1313, 0.0
1314, 0.0
1315, 0.0
1316, 0.0
1317, 0.0
1318, 0.0
1319, 0.0
1320, 0.0
1321, 0.0
1322, 0.0
1323, 0.0
1324, 0.0
1325, 0.0
1326, 0.0
1327, 0.0
1328, 0.0
1329, 0.0
1330, 0.0
1331, 0.0
1332, 0.0
1333, 0.0
1334, 0.0
1335, 0.0
1336, 0.0
1337, 0.0
1338, 0.0
1339, 0.0
1340, 0.0
1341, 0.0
1342, 0.0
1343, 0.0
1344, 0.0
1345, 0.0
1346, 0.0
1347, 0.0
1348, 0.0
1349, 0.0
1350, 0.0
1351, 0.0
1352, 0.0
1353, 0.0
1354, 0.0
1355, 0.0
1356, 0.0
1357, 0.0
1358, 0.0
1359, 0.0
1360, 0.0
1361, 0.0
1362, 0.0
1363, 0.0
1364, 0.0
1365, 0.0
1366, 0.0
1367, 0.0
1368, 0.0
1369, 0.0
1370, 0.0
1371, 0.0
1372, 0.0
1373, 0.0
1374, 0.0
1375, 0.0
1376, 0.0
1377, 0.0
1378, 0.0
1379, 0.0
1380, 0.0
1381, 0.0
1382, 0.0
1383, 0.0
1384, 0.0
1385, 0.0
1386, 0.0
1387, 0.0
1388, 0.0
1389, 0.0
1390, 0.0
1391, 0.0
1392, 0.0
1393, 0.0
1394, 0.0
1395, 0.0
1396, 0.0
1397, 0.0
1398, 0.0
1399, 0.0
1400, 0.0
1401, 0.0
1402, 0.0
1403, 0.0
1404, 0.0
1405, 0.0
1406, 0.0
1407, 0.0
1408, 0.0
1409, 0.0
1410, 0.0
1411, 0.0
1412, 0.0
1413, 0.0
1414, 0.0
1415, 0.0
1416, 0.0
1417, 0.0
1418, 0.0
1419, 0.0
1420, 0.0
1421, 0.0
1422, 0.0
1423, 0.0
1424, 0.0
1425, 0.0
1426, 0.0
1427, 0.0
1428, 0.0
1429, 0.0
1430, 0.0
1431, 0.0
1432, 0.0
1433, 0.0
1434, 0.0
1435, 0.0
1436, 0.0
1437, 0.0
1438, 0.0
1439, 0.0
1440, 0.0
1441, 0.0
1442, 0.0
1443, 0.0
1444, 0.0
1445, 0.0
1446, 0.0
1447, 0.0
1448, 0.0
1449, 0.0
1450, 0.0
1451, 0.0
1452, 0.0
1453, 0.0
1454, 0.0
1455, 0.0
1456, 0.0
1457, 0.0
1458, 0.0
1459, 0.0
1460, 0.0
1461, 0.0
1462, 0.0
1463, 0.0
1464, 0.0
1465, 0.0
1466, 0.0
1467, 0.0
1468, 0.0
1469, 0.0
1470, 0.0
1471, 0.0
1472, 0.0
1473, 0.0
1474, 0.0
1475, 0.0
1476, 0.0
1477, 0.0
1478, 0.0
1479, 0.0
1480, 0.0
1481, 0.0
1482, 0.0
1483, 0.0
1484, 0.0
1485, 0.0
1486, 0.0
1487, 0.0
1488, 0.0
1489, 0.0
1490, 0.0
1491, 0.0
1492, 0.0
1493, 0.0
1494, 0.0
1495, 0.0
1496, 0.0
1497, 0.0
1498, 0.0
1499, 0.0
1500, 0.0
1501, 0.0
1502, 0.0
1503, 0.0
1504, 0.0
1505, 0.0
1506, 0.0
1507, 0.0
1508, 0.0
1509, 0.0
1510, 0.0
1511, 0.0
1512, 0.0
1513, 0.0
1514, 0.0
1515, 0.0
1516, 0.0
1517, 0.0
1518, 0.0
1519, 0.0
1520, 0.0
1521, 0.0
1522, 0.0
1523, 0.0
1524, 0.0
1525, 0.0
1526, 0.0
1527, 0.0
1528, 0.0
1529, 0.0
1530, 0.0
1531, 0.0
1532, 0.0
1533, 0.0
1534, 0.0
1535, 0.0
1536, 0.0
1537, 0.0
1538, 0.0
1539, 0.0
1540, 0.0
1541, 0.0
1542, 0.0
1543, 0.0
1544, 0.0
1545, 0.0
1546, 0.0
1547, 0.0
1548, 0.0
1549, 0.0
1550, 0.0
1551, 0.0
1552, 0.0
1553, 0.0
1554, 0.0
1555, 0.0
1556, 0.0
1557, 0.0
1558, 0.0
1559, 0.0
1560, 0.0
1561, 0.0
1562, 0.0
1563, 0.0
1564, 0.0
1565, 0.0
1566, 0.0
1567, 0.0
1568, 0.0
1569, 0.0
1570, 0.0
1571, 0.0
1572, 0.0
1573, 0.0
1574, 0.0
1575, 0.0
1576, 0.0
1577, 0.0
1578, 0.0
1579, 0.0
1580, 0.0
1581, 0.0
1582, 0.0
1583, 0.0
1584, 0.0
1585, 0.0
1586, 0.0
1587, 0.0
1588, 0.0
1589, 0.0
1590, 0.0
1591, 0.0
1592, 0.0
1593, 0.0
1594, 0.0
1595, 0.0
1596, 0.0
1597, 0.0
1598, 0.0
1599, 0.0
