30, 0.0
31, 0.0
32, 0.0
33, 0.0
34, 0.0
35, 0.0
36, 0.0
37, 0.0
38, 0.0
39, 0.0
40, 0.0
41, 0.0
42, 0.0
43, 0.0
44, 0.0
45, 0.0
46, 0.0
47, 0.0
48, 0.0
49, 0.0
50, 0.0
51, 0.0
52, 0.0
53, 0.0
54, 0.0
55, 0.0
56, 0.0
57, 0.0
58, 0.0
59, 0.0
60, 0.0
61, 0.0
62, 0.0
63, 0.0
64, 0.0
65, 0.0
66, 0.0
67, 0.0
68, 0.0
69, 0.0
70, 0.0
71, 0.0
72, 0.0
73, 0.0
74, 0.0
75, 0.0
76, 0.0
77, 0.0
78, 0.0
79, 0.0
80, 0.0
81, 0.0
82, 0.0
83, 0.0
84, 0.0
85, 0.0
86, 0.0
87, 0.0
88, 0.0
89, 0.0
90, 0.0
91, 0.0
92, 0.0
93.0, 0.02773986178739752
94.0, 0.11281481230281672
95.0, 0.12886638608056541
96.0, 0.10727547236041036
97.0, 0.09204436263996178
98.0, 0.08262004316851225
99.0, 0.06185175751432891
100.0, 0.042221232390792736
101.0, 0.027655436595141185
102.0, 0.011941624752978497
103.0, 0.0015742951385374212
104.0, 0.0009536954371862494
105.0, 0.003201597749655731
106.0, 0.007882441803386563
107.0, 0.007818158599025618
108.0, 0.0007577395858015584
109.0, 0.004049574460918075
110.0, 0.00101073243349026
111.0, 0.003922204111733847
112.0, 0.013384761507968336
113.0, 0.018766582787790958
114.0, 0.022990461070309283
115.0, 0.025276605669627326
116.0, 0.023860723686664257
117.0, 0.023004724644160937
118.0, 0.017060779386747486
119.0, 0.012447346518188894
120.0, 0.01638108936808413
121.0, 0.014508409839676944
122.0, 0.01329875246073137
123.0, 0.012067758101356135
124.0, 0.009214874171230441
125.0, 0.006766567060160971
126.0, 0.0016242066888177296
127.0, 0.0034129993074833065
128.0, 0.0014526124078037867
129.0, 0.0020286462774930167
130.0, 0.002118620559167373
131.0, 0.0023930552833768617
132.0, 0.0034784953389711175
133.0, 0.005679414794912539
134.0, 0.00421180179452479
135.0, 0.0005987625672881782
136.0, 0.004058835620383521
137.0, 0.0089459965653998
138.0, 0.017927896404823083
139.0, 0.017508769504028448
140.0, 0.01626297722015086
141.0, 0.02525613308887345
142.0, 0.03324380948780814
143.0, 0.030184527511186617
144.0, 0.032699462051543476
145.0, 0.04442308361023716
146.0, 0.044342230253450736
147.0, 0.04769224574593716
148.0, 0.05317754619026395
149.0, 0.05636484439790595
150.0, 0.05221726027464933
151.0, 0.054401895677148496
152.0, 0.05899992600835215
153.0, 0.06236465193416368
154.0, 0.06379717275645548
155.0, 0.06978239023514016
156.0, 0.06687018352256081
157.0, 0.06268248831567674
158.0, 0.06471051401430299
159.0, 0.06360783687653826
160.0, 0.0595202887239898
161.0, 0.06269630627221344
162.0, 0.07021035805576202
163.0, 0.06945426159460924
164.0, 0.07181854092834114
165.0, 0.07677253773141805
166.0, 0.07973640014789032
167.0, 0.07795113304210678
168.0, 0.08120519288175529
169.0, 0.08254645517599996
170.0, 0.0833658595416513
171.0, 0.08736556309499274
172.0, 0.09334349005462995
173.0, 0.09325988937623045
174.0, 0.09855602369229821
175.0, 0.10857812354229221
176.0, 0.11173412003642613
177.0, 0.11330141010206951
178.0, 0.11905607231141153
179.0, 0.12530419365453466
180.0, 0.1277957328798653
181.0, 0.12826294762471427
182.0, 0.14064668389793775
183.0, 0.14894108568781309
184.0, 0.14751806808214168
185.0, 0.15530003286966568
186.0, 0.1586958642373554
187.0, 0.1573355632765296
188.0, 0.15559641543115235
189.0, 0.15831362299004262
190.0, 0.15538243790890546
191.0, 0.15597269557712326
192.0, 0.15627128931330073
193.0, 0.15171392777030854
194.0, 0.150856426225553
195.0, 0.1435529066647044
196.0, 0.13981824615008062
197.0, 0.14001012985772096
198.0, 0.13144035243871713
199.0, 0.12277874891880268
200.0, 0.11772067122090585
201.0, 0.11111033946893878
202.0, 0.09711550847125708
203.0, 0.09397730992422418
204.0, 0.08764458240662781
205.0, 0.08175671878611313
206.0, 0.08031145400546871
207.0, 0.0773265770651003
208.0, 0.068532311697341
209.0, 0.05628386759945814
210.0, 0.046081574756918806
211.0, 0.04159867506914434
212.0, 0.037619210250432245
213.0, 0.029829547481101903
214.0, 0.02728969376558329
215.0, 0.030204001716390767
216.0, 0.023477249084163265
217.0, 0.0175755114952956
218.0, 0.015582712675781379
219.0, 0.013694749559541202
220.0, 0.007668371551828315
221.0, 0.002916739026008851
222.0, 0.00044445621333214446
223.0, 0.0004544944377164084
224.0, 0.0016598755663073748
225.0, 0.0006520337342714969
226.0, 0.002190689913161505
227.0, 0.005999497729239796
228.0, 0.007670544741161118
229.0, 0.004477522795066284
230.0, 0.0018743629818921245
231.0, 0.004982136144429291
232.0, 0.011393896996875784
233.0, 0.011984088894545863
234.0, 0.0056393537691068136
235.0, 0.01552585445013039
236.0, 0.025461660767544612
237.0, 0.030745301743274892
238.0, 0.03835672520993066
239.0, 0.04989582601214057
240.0, 0.059009403302061274
241.0, 0.06880347046128023
242.0, 0.08173083601020116
243.0, 0.09426190793933441
244.0, 0.11247841948109626
245.0, 0.13276926404691589
246.0, 0.15106489957367986
247.0, 0.16514201399052916
248.0, 0.18421002276519582
249.0, 0.20442450233457554
250.0, 0.22799532971208392
251.0, 0.2547210006769299
252.0, 0.2788332236942794
253.0, 0.30436537218760773
254.0, 0.33111500842978214
255.0, 0.35614806064045396
256.0, 0.3795680495407836
257.0, 0.4069002759843498
258.0, 0.43434032208966783
259.0, 0.46290208958563145
260.0, 0.4879946064206951
261.0, 0.5050259954497501
262.0, 0.528273716578036
263.0, 0.5420559726727648
264.0, 0.5497117306554339
265.0, 0.5576339047494894
266.0, 0.5662395695754043
267.0, 0.5715914638798237
268.0, 0.5672355091955958
269.0, 0.5548841823867285
270.0, 0.5387098574329278
271.0, 0.5116338895321002
272.0, 0.48867262446673204
273.0, 0.4654220000386927
274.0, 0.43697028156487744
275.0, 0.40578070495074514
276.0, 0.37740747540634584
277.0, 0.34826105242992256
278.0, 0.32161680638595913
279.0, 0.2997866511477013
280.0, 0.276836133258966
281.0, 0.25167022951920354
282.0, 0.22863505386823554
283.0, 0.2083133640274253
284.0, 0.18880638141416323
285.0, 0.16968840293007964
286.0, 0.15570257439556864
287.0, 0.13892069888557604
288.0, 0.11989416133783563
289.0, 0.10863001622696078
290.0, 0.09825528724444962
291.0, 0.09143880520135428
292.0, 0.08364264737052861
293.0, 0.07157634168446833
294.0, 0.0599989583999791
295.0, 0.05772392556300863
296.0, 0.05666085595923131
297.0, 0.05170385446309213
298.0, 0.04450435822879341
299.0, 0.04179915571988872
300.0, 0.02787300094233769
301.0, 0.02426105213827318
302.0, 0.028675032186489056
303.0, 0.023211017739720737
304.0, 0.022735409802112565
305.0, 0.021546844881315183
306.0, 0.019341948975669945
307.0, 0.017403978586316583
308.0, 0.01535015944110352
309.0, 0.011681679336290673
310.0, 0.01067131276087107
311.0, 0.009951671829400042
312.0, 0.008011913517824513
313.0, 0.00860606617873899
314.0, 0.00758697911212131
315.0, 0.0025368057499067028
316.0, 0.0032892815988859038
317.0, 0.009814008598585002
318.0, 0.005145720521840965
319.0, 0.004574568465037485
320.0, 0.001760529468155058
321.0, 0.002178260925741384
322.0, 0.002022259948968012
323.0, 0.007355954657740797
324.0, 0.005819583016966811
325.0, 0.004521125124927545
326.0, 0.004659677102716709
327.0, 0.001223223617530975
328.0, 0.0019420157903150088
329.0, 0.0031837469114489843
330.0, 0.0027170320718558935
331.0, 0.002224998400090116
332.0, 0.004153059215370609
333.0, 0.011593660976943084
334.0, 0.010663556048957966
335.0, 0.009349020379219513
336.0, 0.012569137134004512
337.0, 0.01320137145886259
338.0, 0.01627553032930304
339.0, 0.020485857310977185
340.0, 0.020547520429317435
341.0, 0.01606179301827358
342.0, 0.01601881339491185
343.0, 0.01951302375871483
344.0, 0.01747101697905547
345.0, 0.012655933358325086
346.0, 0.01168648972627219
347.0, 0.014867614767444717
348.0, 0.016033955879116782
349.0, 0.011537516270873393
350.0, 0.007082634753447398
351.0, 0.006877459228732839
352.0, 0.002204122960299695
353.0, 0.0012007512100662174
354.0, 0.0008294908766529678
355.0, 0.0010447362793018521
356.0, 0.003194055341412128
357.0, 0.0036967872085133693
358.0, 0.0017453978525021976
359.0, 0.0028296791567673655
360.0, 0.0013183480615874235
361.0, 0.00042498457611769445
362.0, 0.004845195673475191
363.0, 0.003979886974835499
364.0, 0.0006014183501612883
365.0, 0.0005785505597246701
366.0, 0.0012175466894987815
367.0, 0.001242320807567953
368.0, 0.0005220304912651042
369.0, 0.004436913023184602
370.0, 0.00877214381135061
371.0, 0.01060321040426872
372.0, 0.017017993738496363
373.0, 0.015003338039395499
374.0, 0.014175278724605965
375.0, 0.018098721500111256
376.0, 0.022941310813948856
377.0, 0.023619408718000806
378.0, 0.028490926631956456
379.0, 0.02757160945664453
380.0, 0.028099414114265635
381.0, 0.04006641759280656
382.0, 0.03961675781186404
383.0, 0.04102337611568857
384.0, 0.04605889049230967
385.0, 0.051010171112054206
386.0, 0.054505625947392354
387.0, 0.062260182347738474
388.0, 0.06548818456177098
389.0, 0.06699042477576363
390.0, 0.06987193341002208
391.0, 0.07306694520061383
392.0, 0.07376261298575099
393.0, 0.07468614512261836
394.0, 0.07717870759612688
395.0, 0.07868923963964576
396.0, 0.07871821194477754
397.0, 0.08035126388304939
398.0, 0.07908706362362211
399.0, 0.07945057741841106
400.0, 0.07685465947237773
401.0, 0.07133750227947945
402.0, 0.07128721485064998
403.0, 0.0674895418988416
404.0, 0.0644965554632346
405.0, 0.06163859651798175
406.0, 0.05696615932165189
407.0, 0.050797954884246835
408.0, 0.047584575549290645
409.0, 0.040645251710362235
410.0, 0.038832865534498634
411.0, 0.03846891800614573
412.0, 0.029647484322646016
413.0, 0.03272520740996989
414.0, 0.037465374706155095
415.0, 0.03781521324502465
416.0, 0.03737979844994453
417.0, 0.04182546588911737
418.0, 0.03872112603245596
419.0, 0.04638059912238322
420.0, 0.054763917193910744
421.0, 0.06036878478574706
422.0, 0.06542512328833681
423.0, 0.07099590576366195
424.0, 0.08644443373361875
425.0, 0.09642976994410717
426.0, 0.10261938810810423
427.0, 0.1128332826476419
428.0, 0.1214390207774736
429.0, 0.1316769435279508
430.0, 0.1420702174103751
431.0, 0.1473053269202473
432.0, 0.14847392904970869
433.0, 0.1516318006976919
434.0, 0.1562978664252434
435.0, 0.15577414427821573
436.0, 0.15089013516815747
437.0, 0.1486546393805032
438.0, 0.15274470445663793
439.0, 0.15348354922176588
440.0, 0.15879772848454735
441.0, 0.15870143121081678
442.0, 0.15694029146222707
443.0, 0.1609881072991083
444.0, 0.1651920031869049
445.0, 0.16376477246872245
446.0, 0.16608840144365702
447.0, 0.16955897135498324
448.0, 0.17033372259884585
449.0, 0.17023989963040892
450.0, 0.1747895990195664
451.0, 0.17996464677777013
452.0, 0.1857080533594856
453.0, 0.1917916570731355
454.0, 0.19745081589008154
455.0, 0.204932008945125
456.0, 0.2108726260240195
457.0, 0.22043314024550434
458.0, 0.23134703442361398
459.0, 0.2393665248935222
460.0, 0.25171786792956496
461.0, 0.25688072960030667
462.0, 0.2613383731743791
463.0, 0.26887143830062366
464.0, 0.27649825626850527
465.0, 0.27763725837341924
466.0, 0.27577702369395185
467.0, 0.27787638466766373
468.0, 0.27799039680291376
469.0, 0.2727264633174953
470.0, 0.2630266697278256
471.0, 0.24776477768790398
472.0, 0.23601517412700948
473.0, 0.22696656476682212
474.0, 0.21597734853023268
475.0, 0.20070933762720394
476.0, 0.18408842052816682
477.0, 0.17016496293054173
478.0, 0.15140556370376596
479.0, 0.1352542862219338
480.0, 0.12195343760332751
481.0, 0.10677556246640753
482.0, 0.10031500397730524
483.0, 0.08797093204839154
484.0, 0.07979134291270033
485.0, 0.07395032050277299
486.0, 0.06414378942236293
487.0, 0.05289903291861437
488.0, 0.0484756907052498
489.0, 0.038290778023166994
490.0, 0.03253331950557749
491.0, 0.030201986272977252
492.0, 0.02164768794006918
493.0, 0.021000003540252124
494.0, 0.019471078950544604
495.0, 0.01918643246895922
496.0, 0.01809227407169922
497.0, 0.015504511132929595
498.0, 0.013839070745353925
499.0, 0.007013889235339849
500.0, 0.0036457118429146576
501.0, 0.004226158732593673
502.0, 0.004206023168532242
503.0, 0.0022491836690290085
504.0, 0.002960339907324906
505.0, 0.0031498409255442624
506.0, 0.0029009160413877473
507.0, 0.0015383318367252383
508.0, 0.00021138984997757515
509.0, 0.0004158942379655818
510.0, 0.0007214124784286774
511.0, 0.003902929566115948
512.0, 0.00011255749318335754
513.0, 0.004350704133473923
514.0, 0.0028827920968881185
515.0, 0.00411228765273472
516.0, 0.0017021713491856864
517.0, 0.0020509708069018423
518.0, 0.003976912800184395
519.0, 0.004097356448494751
520.0, 0.0017664788019156183
521.0, 0.0003886892103184959
522.0, 0.005206483763590741
523.0, 0.0031382286813021873
524.0, 0.00047909329734506495
525.0, 0.00013562669150947484
526.0, 0.000507035603915529
527.0, 0.0031535528050471496
528.0, 0.004222222211194223
529.0, 0.005435082172613896
530.0, 0.0028276665454087307
531.0, 0.0027853419982848526
532.0, 0.0014289592478119607
533.0, 0.0010971816157886883
534.0, 0.0024602423893826404
535.0, 0.0014897959522202644
536.0, 0.002327120335509796
537.0, 0.003957883913466095
538.0, 0.0037350733097293526
539.0, 0.0005970363749292886
540.0, 0.005316189655960528
541.0, 0.005757523716189694
542.0, 0.0013591297332245455
543.0, 0.004886841696815778
544.0, 0.005234447420920887
545.0, 0.002712256288326602
546.0, 0.004431305253879252
547.0, 0.004711253915258011
548.0, 0.00413645301121176
549.0, 0.004098263048846783
550.0, 0.006687168139735402
551.0, 0.006386279684391188
552.0, 0.002266143343518443
553.0, 0.006862556442367853
554.0, 0.002802792636840213
555.0, 0.0044129015306684765
556.0, 0.008151482611835298
557.0, 0.009015189795358617
558.0, 0.009207260845100337
559.0, 0.010436498233200463
560.0, 0.012259998338358615
561.0, 0.013397001207124977
562.0, 0.011040616299454915
563.0, 0.0155351987442513
564.0, 0.016777152569743627
565.0, 0.016183390903291413
566.0, 0.016449199529172263
567.0, 0.012558202897605009
568.0, 0.014875219751916698
569.0, 0.018923021257604592
570.0, 0.021684668256898753
571.0, 0.022650928543603444
572.0, 0.0238757554367657
573.0, 0.02609592068730575
574.0, 0.02928484639316088
575.0, 0.03394208246431888
576.0, 0.03692869915507677
577.0, 0.03783159006191902
578.0, 0.0398809881563347
579.0, 0.04734079382562046
580.0, 0.048951279535719774
581.0, 0.05329209288206301
582.0, 0.058531450180269465
583.0, 0.06243918906523909
584.0, 0.06573160888869825
585.0, 0.07032699067684389
586.0, 0.07387861603786618
587.0, 0.07786781033302259
588.0, 0.08157266947598885
589.0, 0.08249055214605802
590.0, 0.08035752370836968
591.0, 0.07908676354774193
592.0, 0.08360436717837678
593.0, 0.08221300542174372
594.0, 0.08195107418887158
595.0, 0.08080072898979893
596.0, 0.07747917156127941
597.0, 0.07557524456490344
598.0, 0.06917344692438376
599.0, 0.06883258649546736
600.0, 0.0657218775273995
601.0, 0.06047523185919295
602.0, 0.05713351611811572
603.0, 0.05488835462578467
604.0, 0.04726203504766844
605.0, 0.045638476877271836
606.0, 0.0468111548615861
607.0, 0.04380024087018205
608.0, 0.03823205913010318
609.0, 0.03766154951980972
610.0, 0.041637492559692825
611.0, 0.04519661288061512
612.0, 0.04602217392779829
613.0, 0.04567560924089131
614.0, 0.04446688092611342
615.0, 0.044321748516174105
616.0, 0.04977906958556336
617.0, 0.05682903606878975
618.0, 0.05362411207939521
619.0, 0.05462622807702124
620.0, 0.059315748331202324
621.0, 0.06135663490842108
622.0, 0.06184910597436418
623.0, 0.06183889051955805
624.0, 0.06586778839450057
625.0, 0.06643474803302502
626.0, 0.0677298666787095
627.0, 0.06960074900790887
628.0, 0.06768552855970474
629.0, 0.06769743828357316
630.0, 0.06605355424976966
631.0, 0.06292385159957908
632.0, 0.06135246024590643
633.0, 0.06213372672183427
634.0, 0.06308770435269313
635.0, 0.06135947347963669
636.0, 0.054949903683079435
637.0, 0.051803889356866355
638.0, 0.052904071831716915
639.0, 0.05398602149614858
640.0, 0.05233409416552332
641.0, 0.050484918963118464
642.0, 0.052338512980178754
643.0, 0.04864354450937177
644.0, 0.04482978312916403
645.0, 0.04477008123478894
646.0, 0.048802713445565374
647.0, 0.05191524708694078
648.0, 0.047713720976079434
649.0, 0.05020033514879682
650.0, 0.04554155283367175
651.0, 0.04428210040657696
652.0, 0.04383718874076409
653.0, 0.04174540839777466
654.0, 0.0440266166889519
655.0, 0.04365887262323189
656.0, 0.04328320691713832
657.0, 0.04655926925057494
658.0, 0.044517757761467124
659.0, 0.04213638893244458
660.0, 0.04459825721431888
661.0, 0.03893675690944802
662.0, 0.03592989587711084
663.0, 0.030362931375821384
664.0, 0.031154555340401967
665.0, 0.03188843394435307
666.0, 0.028879515462160884
667.0, 0.029664139013053523
668.0, 0.02509989424033052
669.0, 0.022800874672820253
670.0, 0.019167048368563193
671.0, 0.016813904160031493
672.0, 0.0181768145973413
673.0, 0.0198468562009028
674.0, 0.01760215921241463
675.0, 0.011735503446821637
676.0, 0.009436891089319716
677.0, 0.008510754277124324
678.0, 0.007181427181447276
679.0, 0.006592726706550865
680.0, 0.00717417087979178
681.0, 0.00463325656608668
682.0, 0.004871437403068831
683.0, 0.004139733896623316
684.0, 0.0027361292366671003
685.0, 0.0037951921760877158
686.0, 0.0037702853521686753
687.0, 0.0020433478126181243
688.0, 0.00542709514299067
689.0, 0.0016648775266284702
690.0, 0.0024245976582455203
691.0, 0.002359700810908857
692.0, 0.001046339251540864
693.0, 0.0005597374027702105
694.0, 0.0007424868278219755
695.0, 0.0016835803640719536
696.0, 0.0041245227949141825
697.0, 0.0022550677346527127
698.0, 0.0010148087904344075
699.0, 0.001439951803338031
700.0, 0.0010751017955941175
701.0, 0.00014767380642728532
702.0, 0.00010483850528241796
703.0, 0.0012485186040112508
704.0, 0.001331304202641182
705.0, 0.0010706366435022886
706.0, 0.0009706806241275765
707.0, 0.0039921702671485895
708.0, 0.002250340334278054
709.0, 0.00034516005976432804
710.0, 0.0008646744856933661
711.0, 0.0004999425425297435
712.0, 0.0015214313775478434
713.0, 0.0012611494933147198
714.0, 0.0006245494735917224
715.0, 0.0015604194211412737
716.0, 0.0007710067907457461
717.0, 0.0011026566405903633
718.0, 0.0009053086737592894
719.0, 0.002112723928312053
720.0, 0.003220993528218844
721.0, 0.0019416840094390359
722.0, 0.0010051329691652114
723.0, 0.0027535159194797426
724.0, 0.0051319575050648445
725.0, 0.005974280559614718
726.0, 0.00418159439556265
727.0, 0.002950280102722499
728.0, 0.003690731325835422
729.0, 0.003012437344265916
730.0, 0.0015784546490562339
731.0, 0.003921952320530476
732.0, 0.006483180543021585
733.0, 0.004669215722614861
734.0, 0.0024144440034528556
735.0, 0.003849047894106814
736.0, 0.004616392205566709
737.0, 0.007885735883851122
738.0, 0.0027335669747022466
739.0, 0.004423351508137392
740.0, 0.007193602716747867
741.0, 0.00505463856256498
742.0, 0.0017463765894997665
743.0, 0.0040845681203787905
744.0, 0.004666799821924469
745.0, 0.006131412562859509
746.0, 0.0056553124235799385
747.0, 0.002685520979340909
748.0, 0.0023475223289832797
749.0, 0.002841839519212408
750.0, 0.000938070326453323
751.0, 0.003039491408639255
752.0, 0.00035865250838957983
753.0, 0.005382791799257158
754.0, 0.003178486082985344
755.0, 0.0025793915219789127
756.0, 0.006884700384213929
757.0, 0.006277648076778193
758.0, 0.0003595657390783516
759.0, 0.0058176803693959726
760.0, 0.006319282216038
761.0, 0.0017761838132072099
762.0, 0.0009896869778671874
763.0, 0.0013753596249119074
764.0, 0.0017631024981561447
765.0, 0.004782568932541312
766.0, 0.0019891211719565817
767.0, 0.0013200002141751177
768.0, 0.0026069867773099733
769.0, 0.0004063333227941069
770.0, 0.002291259943468343
771.0, 0.0007784894106596619
772.0, 0.0002548333133410189
773.0, 0.0011376678247308754
774.0, 0.000451794380256124
775.0, 0.002066469717460693
776.0, 0.0028870485694443785
777.0, 0.004072374753308474
778.0, 0.003985457894685013
779.0, 0.002489792281764018
780.0, 0.0028610959068153773
781.0, 0.004989063213850558
782.0, 0.00042274067701890525
783.0, 0.002707257996424236
784.0, 0.0013767682991795743
785.0, 0.0007321516778764015
786.0, 0.0007246645898926796
787.0, 0.0030769050468682935
788.0, 0.0032645368747377776
789.0, 0.003975417607118382
790.0, 0.006273684961525017
791.0, 0.0059135875910529875
792.0, 0.006646025834918758
793.0, 0.0058472817758463
794.0, 0.004563643787774725
795.0, 0.006010466175269628
796.0, 0.00680405210377697
797.0, 0.006638548241697056
798.0, 0.004940555695313803
799.0, 0.00559381422496795
800.0, 0.006668524136758259
801.0, 0.005986850451389511
802.0, 0.005596539561779125
803.0, 0.007832897874298661
804.0, 0.008632499966209994
805.0, 0.00723788316851998
806.0, 0.00751720210811527
807.0, 0.007497115195151816
808.0, 0.006596501712739828
809.0, 0.005990988995357223
810.0, 0.0076481330556809985
811.0, 0.011955309763534832
812.0, 0.011915361662922778
813.0, 0.009694910392101979
814.0, 0.010902236804293962
815.0, 0.012104691979360907
816.0, 0.008991604102837124
817.0, 0.008821751407763305
818.0, 0.010309239874603113
819.0, 0.007274882629334031
820.0, 0.00830035902635128
821.0, 0.007482480240226692
822.0, 0.010993083441755694
823.0, 0.011566172768340379
824.0, 0.009124696945191057
825.0, 0.008373442021136334
826.0, 0.01107047121415994
827.0, 0.01399228759445525
828.0, 0.01225154441730829
829.0, 0.008724258513604697
830.0, 0.01078629004120762
831.0, 0.012240398881539341
832.0, 0.010310371607661179
833.0, 0.009235276909591458
834.0, 0.010545424688639343
835.0, 0.011047093763250942
836.0, 0.008905004754043674
837.0, 0.009995779420156167
838.0, 0.010729458893066934
839.0, 0.012111442709649539
840.0, 0.012670212540663058
841.0, 0.01572059199450883
842.0, 0.015648666190349277
843.0, 0.010350329856183428
844.0, 0.009885910392599156
845.0, 0.011845766489819309
846.0, 0.015464118570775167
847.0, 0.015339681523110025
848.0, 0.015551801577365326
849.0, 0.016836900367568068
850.0, 0.017630978014449628
851.0, 0.018092899834960468
852.0, 0.018233752433307045
853.0, 0.016473369068831758
854.0, 0.017652383838613072
855.0, 0.01626967504458343
856.0, 0.015242592860551346
857.0, 0.01750543610618683
858.0, 0.019375313573885816
859.0, 0.020159491507698652
860.0, 0.02106977307579386
861.0, 0.02028828253573811
862.0, 0.019223662683599
863.0, 0.019044578994295337
864.0, 0.017964202644607765
865.0, 0.01712618937088576
866.0, 0.01605678829132681
867.0, 0.013343669608739396
868.0, 0.012169649848590846
869.0, 0.013883108292757011
870.0, 0.013770535521641753
871.0, 0.014218272519482076
872.0, 0.013815507671685568
873.0, 0.015758507263798526
874.0, 0.012699490561589926
875.0, 0.013845941488061064
876.0, 0.01636703097197058
877.0, 0.016073405805353578
878.0, 0.0169028240951464
879.0, 0.012821276035215956
880.0, 0.016147506777133502
881.0, 0.014015726241694282
882.0, 0.011183775152937411
883.0, 0.012647353364849729
884.0, 0.014197044229905796
885.0, 0.013400844399720627
886.0, 0.013253304342334878
887.0, 0.014734721893353333
888.0, 0.016958393973770556
889.0, 0.013964028488730282
890.0, 0.013879756890881473
891.0, 0.010085496107015137
892.0, 0.010481594315034743
893.0, 0.011222925650433585
894.0, 0.011400762640552576
895.0, 0.01124463278456935
896.0, 0.008539157232697624
897.0, 0.01064104181657098
898.0, 0.010881293337104315
899.0, 0.008220455210805434
900.0, 0.010536089174565135
901.0, 0.010283481194654134
902.0, 0.007369820812119263
903.0, 0.004446473257258699
904.0, 0.0033739599114435683
905.0, 0.007217861554413853
906.0, 0.008484738881498954
907.0, 0.005157532489114664
908.0, 0.0041701628948582386
909.0, 0.0035370448691634227
910.0, 0.005202839009068794
911.0, 0.006250771914967217
912.0, 0.006020922976327278
913.0, 0.003719921084955717
914.0, 0.0009527036863293958
915.0, 0.0037126043921622298
916.0, 0.00016725583093555577
917.0, 0.0021483469405047077
918.0, 0.0056916400448498656
919.0, 0.003816471971971285
920.0, 0.0003198435923886451
921.0, 0.001263432099804905
922.0, 0.0043381802157862435
923.0, 0.002715660494606447
924.0, 0.003636415398745852
925.0, 0.0012244011479425735
926.0, 0.0011916259426678494
927.0, 0.00013103420173726156
928.0, 0.0028485707809764813
929.0, 0.0013078009990906035
930.0, 0.001886881203051003
931.0, 0.003298045611443776
932.0, 0.0005989964665817234
933.0, 0.0020118476351285723
934.0, 0.0002151968397850839
935.0, 0.0006967417916259881
936.0, 0.0013433495857228081
937.0, 0.001933574512745136
938.0, 0.0016161452293934433
939.0, 0.004231101184680913
940.0, 0.004741147745913303
941.0, 0.0018491851728188527
942.0, 0.0028624596987618395
943.0, 0.007253925039665975
944.0, 0.003876787745238868
945.0, 0.000692732782329374
946.0, 0.0038697025239022957
947.0, 0.0006756498610229617
948.0, 0.0036741133174403072
949.0, 0.004589067912104395
950.0, 0.00295110253540349
951.0, 0.0018029251259418515
952.0, 0.0005784926009394075
953.0, 0.00028384944996673474
954.0, 0.0014588000527881789
955.0, 0.004350447549846963
956.0, 0.0031106364661539023
957.0, 0.010451452469599066
958.0, 0.010966186847017681
959.0, 0.008594055904685729
960.0, 0.010879046976945724
961.0, 0.015266719451768596
962.0, 0.01633199090618757
963.0, 0.01837081190021578
964.0, 0.02589286334085906
965.0, 0.03365136036034846
966.0, 0.039869787361204695
967.0, 0.04535005566831812
968.0, 0.047502833243723334
969.0, 0.05567044421106038
970.0, 0.06433522737976759
971.0, 0.07155371483181813
972.0, 0.07892298181991107
973.0, 0.08740630756620169
974.0, 0.09728414315524268
975.0, 0.10603069899754383
976.0, 0.11783275158993797
977.0, 0.1282303451810072
978.0, 0.13974587650411696
979.0, 0.15339602027222635
980.0, 0.1680045831272176
981.0, 0.18130841073278814
982.0, 0.19516414675810795
983.0, 0.2091222967844531
984.0, 0.22236068200620898
985.0, 0.24227419900237013
986.0, 0.25425776175678994
987.0, 0.2657472227016525
988.0, 0.27604421876334656
989.0, 0.28495650408338985
990.0, 0.2952993821580592
991.0, 0.29957932256744535
992.0, 0.3028325650220708
993.0, 0.307056687495054
994.0, 0.3079622326450231
995.0, 0.3127874297074446
996.0, 0.31920269852502625
997.0, 0.32704537746985146
998.0, 0.3404119082972118
999.0, 0.3517075113928714
1000.0, 0.3711962457164566
1001.0, 0.38609039745914936
1002.0, 0.4002874170191825
1003.0, 0.4183701863649922
1004.0, 0.4344737053780661
1005.0, 0.4496291635312535
1006.0, 0.46687634193873034
1007.0, 0.47471076731418727
1008.0, 0.4795144108189153
1009.0, 0.4861463684161968
1010.0, 0.48600927161091034
1011.0, 0.482516151242612
1012.0, 0.483964244848547
1013.0, 0.48648536249738655
1014.0, 0.4822641040110424
1015.0, 0.4863666677796804
1016.0, 0.4997759252914687
1017.0, 0.5022128711849368
1018.0, 0.5122189560580264
1019.0, 0.5276691951123234
1020.0, 0.5465851613560716
1021.0, 0.5707375805111065
1022.0, 0.6009937919805693
1023.0, 0.6331007854168204
1024.0, 0.6707868100217387
1025.0, 0.7125802599963869
1026.0, 0.7596420699806048
1027.0, 0.8102546458183048
1028.0, 0.8573833416819703
1029.0, 0.9041095430147773
1030.0, 0.9494506022768995
1031.0, 0.9784044547969803
1032.0, 0.9976790612953452
1033.0, 0.996468402734833
1034.0, 0.978078142821507
1035.0, 0.9461241763113339
1036.0, 0.9032233577230288
1037.0, 0.8583831383661293
1038.0, 0.8111480620026624
1039.0, 0.7618611799675626
1040.0, 0.7174259517968992
1041.0, 0.6734655476218661
1042.0, 0.6353475818832758
1043.0, 0.5988688346433967
1044.0, 0.5696658990572914
1045.0, 0.5431588548025591
1046.0, 0.5231890026322602
1047.0, 0.5059581673009234
1048.0, 0.4879915297783428
1049.0, 0.4753085505635965
1050.0, 0.46390161556179066
1051.0, 0.45278885870312724
1052.0, 0.4399039984173835
1053.0, 0.41912363755423193
1054.0, 0.4087509808171882
1055.0, 0.39153511587765016
1056.0, 0.36977934852662425
1057.0, 0.35152030182353167
1058.0, 0.3261597688617333
1059.0, 0.30077977437662784
1060.0, 0.27513886812285404
1061.0, 0.2551258530052296
1062.0, 0.23543123342071337
1063.0, 0.2127963015097822
1064.0, 0.19166724080290226
1065.0, 0.17133624903645608
1066.0, 0.15182917912948923
1067.0, 0.13933661035896494
1068.0, 0.12437717772763682
1069.0, 0.10933114158272245
1070.0, 0.09859191433168152
1071.0, 0.08254209909422179
1072.0, 0.0772991848640845
1073.0, 0.06501411491086449
1074.0, 0.054871734399836634
1075.0, 0.05165271524049953
1076.0, 0.04327603274477449
1077.0, 0.03298595270258079
1078.0, 0.029728065289531782
1079.0, 0.025826068518938504
1080.0, 0.020391811634821178
1081.0, 0.0167008748287459
1082.0, 0.014758610804329594
1083.0, 0.011554321812479902
1084.0, 0.010401439748138284
1085.0, 0.008494884582953565
1086.0, 0.004400524308626389
1087.0, 0.0017695502454767237
1088.0, 0.0003085434972324369
1089.0, 0.0008990367497446842
1090.0, 0.00046498596950648335
1091.0, 0.0006418699933161964
1092.0, 0.004279113951424162
1093.0, 0.002481604589551944
1094.0, 0.001924449942678699
1095.0, 0.007670398682894418
1096.0, 0.0037787447587595197
1097.0, 0.0064951874324598365
1098.0, 0.008988240581305583
1099.0, 0.007598758431243527
1100.0, 0.005692290576140017
1101.0, 0.006202686182803799
1102.0, 0.007187288435050221
1103.0, 0.004864938721610615
1104.0, 0.0030294707149595684
1105.0, 0.005349937976012985
1106.0, 0.0050898280249484385
1107.0, 0.0017458371344586125
1108.0, 0.0041366711584696165
1109.0, 0.0017046139180841168
1110.0, 0.0010354467210278158
1111.0, 0.006385200175431292
1112.0, 0.007778649218766473
1113.0, 0.006939804310459043
1114.0, 0.005061756586409814
1115.0, 0.005643344710553502
1116.0, 0.007561196807330209
1117.0, 0.008225468146786976
1118.0, 0.006927183214810778
1119.0, 0.007108839069627864
1120.0, 0.010128994473041221
1121.0, 0.010474304565521807
1122.0, 0.015029776976398299
1123.0, 0.012339751107059893
1124.0, 0.012201367755549353
1125.0, 0.011735228813472302
1126.0, 0.013378033324871488
1127.0, 0.008461930466524561
1128.0, 0.012899850161601853
1129.0, 0.013405223571235301
1130.0, 0.014035001275216794
1131.0, 0.015359291434574136
1132.0, 0.012485513420914616
1133.0, 0.012089990916736525
1134.0, 0.014932536475452026
1135.0, 0.015072456064341723
1136.0, 0.01657978416861177
1137.0, 0.013761591017797904
1138.0, 0.016911783659154
1139.0, 0.02013679460924453
1140.0, 0.021575635040418078
1141.0, 0.02358003917996694
1142.0, 0.021080310281065582
1143.0, 0.020657812972852026
1144.0, 0.021921510008672637
1145.0, 0.024107943093685975
1146.0, 0.022360116151891516
1147.0, 0.023720761478901214
1148.0, 0.024166919310548193
1149.0, 0.025737557375633775
1150.0, 0.02491222304756717
1151.0, 0.024808545862853797
1152.0, 0.023912383567635892
1153.0, 0.024043358635386973
1154.0, 0.02195480930555117
1155.0, 0.021393200326724548
1156.0, 0.023140653681055175
1157.0, 0.02595030885120174
1158.0, 0.025764295697305296
1159.0, 0.021130041622958964
1160.0, 0.022411761707152453
1161.0, 0.017891372289106627
1162.0, 0.018024592009906998
1163.0, 0.01885485904685886
1164.0, 0.019524404506179132
1165.0, 0.02222161695095183
1166.0, 0.022449412344696204
1167.0, 0.02201878160691294
1168.0, 0.019719929550349305
1169.0, 0.019448736953586128
1170.0, 0.020730421588126078
1171.0, 0.021427168698211617
1172.0, 0.020327097481769245
1173.0, 0.018441266467475268
1174.0, 0.019831771528793233
1175.0, 0.02251103527436369
1176.0, 0.021587627596142245
1177.0, 0.02107105144872186
1178.0, 0.02114133128958813
1179.0, 0.023125663339392307
1180.0, 0.024454608534161926
1181.0, 0.02548522147705373
1182.0, 0.026733954207734775
1183.0, 0.02942042411193178
1184.0, 0.032287326688069794
1185.0, 0.030560794927458855
1186.0, 0.031117339545279663
1187.0, 0.035484435703892946
1188.0, 0.03853730883223559
1189.0, 0.040609998066600976
1190.0, 0.04489676422315604
1191.0, 0.0450455223432814
1192.0, 0.0512321553352929
1193.0, 0.05549847156387347
1194.0, 0.055100447064286996
1195.0, 0.06067398926215318
1196.0, 0.06600975647444574
1197.0, 0.07110815686224677
1198.0, 0.07496776803561765
1199.0, 0.07704633766393347
1200.0, 0.07952218198854197
1201.0, 0.08707380520460205
1202.0, 0.09272442565330935
1203.0, 0.09339751171107874
1204.0, 0.09769900354507417
1205.0, 0.10263069953476056
1206.0, 0.1057250931548582
1207.0, 0.10549921588044495
1208.0, 0.11248962702182151
1209.0, 0.11754166924832268
1210.0, 0.11461953013396806
1211.0, 0.11187895612991526
1212.0, 0.11256819123713453
1213.0, 0.11415668133800345
1214.0, 0.10930434128550161
1215.0, 0.10753795316777984
1216.0, 0.1068225394180937
1217.0, 0.10133132722129173
1218.0, 0.09782159364889392
1219.0, 0.09340338191364932
1220.0, 0.08510564324793045
1221.0, 0.07708363728686056
1222.0, 0.0739430585323797
1223.0, 0.0695474222001699
1224.0, 0.06233280543982501
1225.0, 0.05849299502810491
1226.0, 0.05697785451111223
1227.0, 0.05273930391079547
1228.0, 0.043712269020905976
1229.0, 0.03876535855031539
1230.0, 0.03650861647064576
1231.0, 0.0327787366673494
1232.0, 0.0296154124427169
1233.0, 0.025704802580500254
1234.0, 0.022788195320065072
1235.0, 0.022928655416704337
1236.0, 0.01783082137909116
1237.0, 0.019631943674950487
1238.0, 0.01644580570586137
1239.0, 0.01296009625602812
1240.0, 0.010213514549776422
1241.0, 0.011820043288908327
1242.0, 0.010450750740401738
1243.0, 0.008561602742870421
1244.0, 0.006813446800277026
1245.0, 0.0057597282864883985
1246.0, 0.006278954938426497
1247.0, 0.006695830967985036
1248.0, 0.006652482456080019
1249.0, 0.0031865484446366352
1250.0, 0.0005171560932735681
1251.0, 0.0013923913700920473
1252.0, 0.0008079436146756277
1253.0, 0.0005534774221786307
1254.0, 0.00015513858970280469
1255.0, 0.00045988093310460733
1256.0, 0.00011151183959433259
1257.0, 0.0006379095595626819
1258.0, 0.0005126537787245423
1259.0, 0.0027349423321376258
1260.0, 0.0008837786433493073
1261.0, 0.0022340508029461427
1262.0, 0.002242322983993435
1263.0, 0.00033085259316174105
1264.0, 0.0008416801562965864
1265.0, 0.0009190575797011338
1266.0, 0.00042695496892120727
1267.0, 0.00041945834225694847
1268.0, 0.0016464750304518655
1269.0, 0.0008161384426621999
1270.0, 0.002155006479183729
1271.0, 0.0030223953783776025
1272.0, 0.002863312680059067
1273.0, 0.006102490196778318
1274.0, 0.0062219984709350655
1275.0, 0.003648373732533735
1276.0, 0.004163606189605412
1277.0, 0.005335211352407182
1278.0, 0.004470068052427463
1279.0, 0.0032724733346211213
1280.0, 0.0002112733413600195
1281.0, 0.0005060220655729597
1282.0, 0.00011750812197851918
1283.0, 0.0007366390575616276
1284.0, 0.0013166019417257425
1285.0, 0.000876120906791861
1286, 0.0
1287, 0.0
1288, 0.0
1289, 0.0
1290, 0.0
1291, 0.0
1292, 0.0
1293, 0.0
1294, 0.0
1295, 0.0
1296, 0.0
1297, 0.0
1298, 0.0
1299, 0.0
1300, 0.0
1301, 0.0
1302, 0.0
1303, 0.0
1304, 0.0
1305, 0.0
1306, 0.0
1307, 0.0
1308, 0.0
1309, 0.0
1310, 0.0
1311, 0.0
1312, 0.0
1313, 0.0
1314, 0.0
1315, 0.0
1316, 0.0
1317, 0.0
1318, 0.0
1319, 0.0
1320, 0.0
1321, 0.0
1322, 0.0
1323, 0.0
1324, 0.0
1325, 0.0
1326, 0.0
1327, 0.0
1328, 0.0
1329, 0.0
1330, 0.0
1331, 0.0
1332, 0.0
1333, 0.0
1334, 0.0
1335, 0.0
1336, 0.0
1337, 0.0
1338, 0.0
1339, 0.0
1340, 0.0
1341, 0.0
1342, 0.0
1343, 0.0
1344, 0.0
1345, 0.0
1346, 0.0
1347, 0.0
1348, 0.0
1349, 0.0
1350, 0.0
1351, 0.0
1352, 0.0
1353, 0.0
1354, 0.0
1355, 0.0
1356, 0.0
1357, 0.0
1358, 0.0
1359, 0.0
1360, 0.0
1361, 0.0
1362, 0.0
1363, 0.0
1364, 0.0
1365, 0.0
1366, 0.0
1367, 0.0
1368, 0.0
1369, 0.0
1370, 0.0
1371, 0.0
1372, 0.0
1373, 0.0
1374, 0.0
1375, 0.0
1376, 0.0
1377, 0.0
1378, 0.0
1379, 0.0
1380, 0.0
1381, 0.0
1382, 0.0
1383, 0.0
1384, 0.0
1385, 0.0
1386, 0.0
1387, 0.0
1388, 0.0
1389, 0.0
1390, 0.0
1391, 0.0
1392, 0.0
1393, 0.0
1394, 0.0
1395, 0.0
1396, 0.0
1397, 0.0
1398, 0.0
1399, 0.0
1400, 0.0
1401, 0.0
1402, 0.0
1403, 0.0
1404, 0.0
1405, 0.0
1406, 0.0
1407, 0.0
1408, 0.0
1409, 0.0
1410, 0.0
1411, 0.0
1412, 0.0
1413, 0.0
1414, 0.0
1415, 0.0
1416, 0.0
1417, 0.0
1418, 0.0
1419, 0.0
1420, 0.0
1421, 0.0
1422, 0.0
1423, 0.0
1424, 0.0
1425, 0.0
1426, 0.0
1427, 0.0
1428, 0.0
1429, 0.0
1430, 0.0
1431, 0.0
1432, 0.0
1433, 0.0
1434, 0.0
1435, 0.0
1436, 0.0
1437, 0.0
1438, 0.0
1439, 0.0
1440, 0.0
1441, 0.0
1442, 0.0
1443, 0.0
1444, 0.0
1445, 0.0
1446, 0.0
1447, 0.0
1448, 0.0
1449, 0.0
1450, 0.0
1451, 0.0
1452, 0.0
1453, 0.0
1454, 0.0
1455, 0.0
1456, 0.0
1457, 0.0
1458, 0.0
1459, 0.0
1460, 0.0
1461, 0.0
1462, 0.0
1463, 0.0
1464, 0.0
1465, 0.0
1466, 0.0
1467, 0.0
1468, 0.0
1469, 0.0
1470, 0.0
1471, 0.0
1472, 0.0
1473, 0.0
1474, 0.0
1475, 0.0
1476, 0.0
1477, 0.0
1478, 0.0
1479, 0.0
1480, 0.0
1481, 0.0
1482, 0.0
1483, 0.0
1484, 0.0
1485, 0.0
1486, 0.0
1487, 0.0
1488, 0.0
1489, 0.0
1490, 0.0
1491, 0.0
1492, 0.0
1493, 0.0
1494, 0.0
1495, 0.0
1496, 0.0
1497, 0.0
1498, 0.0
1499, 0.0
1500, 0.0
1501, 0.0
1502, 0.0
1503, 0.0
1504, 0.0
1505, 0.0
1506, 0.0
1507, 0.0
1508, 0.0
1509, 0.0
1510, 0.0
1511, 0.0
1512, 0.0
1513, 0.0
1514, 0.0
1515, 0.0
1516, 0.0
1517, 0.0
1518, 0.0
1519, 0.0
1520, 0.0
1521, 0.0
1522, 0.0
1523, 0.0
1524, 0.0
1525, 0.0
1526, 0.0
1527, 0.0
1528, 0.0
1529, 0.0
1530, 0.0
1531, 0.0
1532, 0.0
1533, 0.0
1534, 0.0
1535, 0.0
1536, 0.0
1537, 0.0
1538, 0.0
1539, 0.0
1540, 0.0
1541, 0.0
1542, 0.0
1543, 0.0
1544, 0.0
1545, 0.0
1546, 0.0
1547, 0.0
1548, 0.0
1549, 0.0
1550, 0.0
1551, 0.0
1552, 0.0
1553, 0.0
1554, 0.0
1555, 0.0
1556, 0.0
1557, 0.0
1558, 0.0
1559, 0.0
1560, 0.0
1561, 0.0
1562, 0.0
1563, 0.0
1564, 0.0
1565, 0.0
1566, 0.0
1567, 0.0
1568, 0.0
1569, 0.0
1570, 0.0
1571, 0.0
1572, 0.0
1573, 0.0
1574, 0.0
1575, 0.0
1576, 0.0
1577, 0.0
1578, 0.0
1579, 0.0
1580, 0.0
1581, 0.0
1582, 0.0
1583, 0.0
1584, 0.0
1585, 0.0
1586, 0.0
1587, 0.0
1588, 0.0
1589, 0.0
1590, 0.0
1591, 0.0
1592, 0.0
1593, 0.0
1594, 0.0
1595, 0.0
1596, 0.0
1597, 0.0
1598, 0.0
1599, 0.0
